scenario,year,week,hour,branch,dual_value
NT,2025,11,0,88,0.0
NT,2025,11,1,88,0.0004652819992462387
NT,2025,11,2,88,0.00042342269302990615
NT,2025,11,3,88,0.00042342269302990615
NT,2025,11,4,88,0.00042342269302990615
NT,2025,11,5,88,0.0004652819992462387
NT,2025,11,6,88,0.0004683736126630454
NT,2025,11,7,88,0.0004683736126630454
NT,2025,11,8,88,0.0004652819992462387
NT,2025,11,9,88,0.0004584516858813341
NT,2025,11,10,88,0.0004590730459952722
NT,2025,11,11,88,0.0004596944320127094
NT,2025,11,12,88,0.0004603158439347253
NT,2025,11,13,88,0.0004609372817623972
NT,2025,11,14,88,0.0004609564974922632
NT,2025,11,15,88,0.0004609757140232005
NT,2025,11,16,88,0.00046407895758905616
NT,2025,11,17,88,0.0004652819992462387
NT,2025,11,18,88,0.0004652819992462387
NT,2025,11,19,88,0.0004683736126630454
NT,2025,11,20,88,0.0004683736126630454
NT,2025,11,21,88,0.0004681406649888036
NT,2025,11,22,88,0.0004683736126630454
NT,2025,11,23,88,0.000466807961027705
NT,2025,11,24,88,0.0004683736126630454
NT,2025,11,25,88,0.0004681406649888036
NT,2025,11,26,88,0.0004262429772020118
NT,2025,11,27,88,0.00042740957467633713
NT,2025,11,28,88,0.00042743288294686845
NT,2025,11,29,88,0.00042743288294686845
NT,2025,11,30,88,0.00043089292802594455
NT,2025,11,31,88,0.0004326668545789
NT,2025,11,32,88,0.00042743288294686845
NT,2025,11,33,88,0.0004282302805565015
NT,2025,11,34,88,0.0004282302805565015
NT,2025,11,35,88,0.0004282302805565015
NT,2025,11,36,88,0.00046966302155266383
NT,2025,11,37,88,0.00046966302155266383
NT,2025,11,38,88,0.00046966302155266383
NT,2025,11,39,88,0.00046966302155266383
NT,2025,11,40,88,0.00046966302155266383
NT,2025,11,41,88,0.00047349073706547253
NT,2025,11,42,88,0.0005038404762614625
NT,2025,11,43,88,0.0005038614805561232
NT,2025,11,44,88,0.0005038824857264215
NT,2025,11,45,88,0.0005039034917723918
NT,2025,11,46,88,0.00047349073706547253
NT,2025,11,47,88,0.00046966302155266383
NT,2025,11,48,88,0.00046838109497172094
NT,2025,11,49,88,0.0004652819992462387
NT,2025,11,50,88,0.0004652819992462387
NT,2025,11,51,88,0.0004652819992462387
NT,2025,11,52,88,0.0004652819992462387
NT,2025,11,53,88,0.0004652819992462387
NT,2025,11,54,88,0.0004683736126630454
NT,2025,11,55,88,0.0004681406649888036
NT,2025,11,56,88,0.0004683736126630454
NT,2025,11,57,88,0.0004652819992462387
NT,2025,11,58,88,0.0004640209223241662
NT,2025,11,59,88,0.0004615587454968088
NT,2025,11,60,88,0.00042227506946542804
NT,2025,11,61,88,0.0004222732396394371
NT,2025,11,62,88,0.00042227506946542804
NT,2025,11,63,88,0.00042229267343018396
NT,2025,11,64,88,0.0004640596116943064
NT,2025,11,65,88,0.000466807961027705
NT,2025,11,66,88,0.0004282302805564057
NT,2025,11,67,88,0.00042743288294686845
NT,2025,11,68,88,0.00042743288294686845
NT,2025,11,69,88,0.00042743288294686845
NT,2025,11,70,88,0.00042743288294686845
NT,2025,11,71,88,0.0004262429772020118
NT,2025,11,72,88,0.0004260040855635578
NT,2025,11,73,88,0.0004260040855635578
NT,2025,11,74,88,0.0004260040855635578
NT,2025,11,75,88,0.0004260040855635578
NT,2025,11,76,88,0.0004262429772020118
NT,2025,11,77,88,0.00042743288294686845
NT,2025,11,78,88,0.00030906152324611626
NT,2025,11,79,88,0.00025820661658701184
NT,2025,11,80,88,0.00030906152324611626
NT,2025,11,81,88,0.0004260040855635578
NT,2025,11,82,88,0.00042262728823282456
NT,2025,11,83,88,0.0004226449068810106
NT,2025,11,84,88,0.00042266252626369226
NT,2025,11,85,88,0.00042268014638089925
NT,2025,11,86,88,0.00042269776723265933
NT,2025,11,87,88,0.00042339073656444566
NT,2025,11,88,88,0.00042740957467633713
NT,2025,11,89,88,0.00036219230007714223
NT,2025,11,90,88,0.9461257414699864
NT,2025,11,91,88,0.9461651839220893
NT,2025,11,92,88,0.9462046280185186
NT,2025,11,93,88,0.9360116379057752
NT,2025,11,94,88,0.9462835211444879
NT,2025,11,95,88,0.9420208453036687
NT,2025,11,96,88,0.9053154561357138
NT,2025,11,97,88,0.8726601320138959
NT,2025,11,98,88,0.9155710058505961
NT,2025,11,99,88,0.8727328931098532
NT,2025,11,100,88,0.9163768965958633
NT,2025,11,101,88,1.337160829100771
NT,2025,11,102,88,1.3597084803620754
NT,2025,11,103,88,1.3597651644097424
NT,2025,11,104,88,1.3598218508204658
NT,2025,11,105,88,1.281491557746222
NT,2025,11,106,88,1.4559557899225333
NT,2025,11,107,88,1.4560164863648934
NT,2025,11,108,88,1.4560771853375913
NT,2025,11,109,88,1.4561378868407402
NT,2025,11,110,88,1.456198590874427
NT,2025,11,111,88,1.4562592974387656
NT,2025,11,112,88,1.7881126671747625
NT,2025,11,113,88,1.7881872107001733
NT,2025,11,114,88,1.78826175733322
NT,2025,11,115,88,0.0
NT,2025,11,116,88,0.0
NT,2025,11,117,88,0.0
NT,2025,11,118,88,0.0
NT,2025,11,119,88,8.721182071795201e-15
NT,2025,11,120,88,1.714603083186997
NT,2025,11,121,88,1.7727373036920242
NT,2025,11,122,88,1.7727373036920242
NT,2025,11,123,88,1.6091068752344515
NT,2025,11,124,88,1.3868159551919184
NT,2025,11,125,88,1.5040677177370239
NT,2025,11,126,88,0.00047842266069388263
NT,2025,11,127,88,0.00047844260536091654
NT,2025,11,128,88,0.000474108908892407
NT,2025,11,129,88,0.00047349073706547253
NT,2025,11,130,88,0.00047345126140777553
NT,2025,11,131,88,0.00047347099882521143
NT,2025,11,132,88,0.00047349073706547253
NT,2025,11,133,88,0.00047351047612859083
NT,2025,11,134,88,0.0004735302160145961
NT,2025,11,135,88,0.0004735499567235245
NT,2025,11,136,88,0.000474108908892407
NT,2025,11,137,88,1.7024971212262767
NT,2025,11,138,88,1.7025680955780456
NT,2025,11,139,88,1.7026390728886065
NT,2025,11,140,88,1.7027100531581247
NT,2025,11,141,88,1.7027810363866704
NT,2025,11,142,88,1.7028520225743915
NT,2025,11,143,88,1.7029230117214278
NT,2025,11,144,88,1.702994003827884
NT,2025,11,145,88,1.6890120333911696
NT,2025,11,146,88,1.5495249731951768
NT,2025,11,147,88,1.5483447901763685
NT,2025,11,148,88,1.5495249731951768
NT,2025,11,149,88,1.7027100561171609
NT,2025,11,150,88,1.7019290807870961
NT,2025,11,151,88,1.7034910314472516
NT,2025,11,152,88,1.7035620472335222
NT,2025,11,153,88,1.7036330659803292
NT,2025,11,154,88,1.703704087687794
NT,2025,11,155,88,0.00047349073706547253
NT,2025,11,156,88,0.00046966302155266383
NT,2025,11,157,88,0.0004681406649888036
NT,2025,11,158,88,0.0004683736126630454
NT,2025,11,159,88,0.0004683736126630454
NT,2025,11,160,88,0.00046966302155266383
NT,2025,11,161,88,0.0004703677815199358
NT,2025,11,162,88,0.00047349073706547253
NT,2025,11,163,88,0.00047349073706547253
NT,2025,11,164,88,0.00047349073706547253
NT,2025,11,165,88,0.0004703677815199358
NT,2025,11,166,88,0.00046966302155266383
NT,2025,11,167,88,0.00046966302155266383
NT,2025,21,0,88,0.0
NT,2025,21,1,88,3.0663356553475576
NT,2025,21,2,88,1.2796106180698226
NT,2025,21,3,88,0.0
NT,2025,21,4,88,0.0
NT,2025,21,5,88,0.0
NT,2025,21,6,88,0.0
NT,2025,21,7,88,0.0
NT,2025,21,8,88,-8.721182071795201e-15
NT,2025,21,9,88,1.3623953787392191
NT,2025,21,10,88,0.706648181185717
NT,2025,21,11,88,1.5661435428684292
NT,2025,21,12,88,1.5496601321407941
NT,2025,21,13,88,1.70712207908707
NT,2025,21,14,88,1.6847358532805103
NT,2025,21,15,88,1.6847358532805103
NT,2025,21,16,88,1.702710056117152
NT,2025,21,17,88,1.7025029828572944
NT,2025,21,18,88,1.7029171293770273
NT,2025,21,19,88,0.8825742029729703
NT,2025,21,20,88,1.7267463976726416
NT,2025,21,21,88,1.696929846513295
NT,2025,21,22,88,1.7338217293472316
NT,2025,21,23,88,1.6814627911505127
NT,2025,21,24,88,1.6966496307516434
NT,2025,21,25,88,1.6989060732192727
NT,2025,21,26,88,1.6943931882840493
NT,2025,21,27,88,1.6600390948520638
NT,2025,21,28,88,1.6798353568574533
NT,2025,21,29,88,0.6624726108821113
NT,2025,21,30,88,0.0
NT,2025,21,31,88,0.0
NT,2025,21,32,88,1.5969401296291434
NT,2025,21,33,88,1.4918156610202968
NT,2025,21,34,88,1.6177816083965908
NT,2025,21,35,88,1.7509464572650695
NT,2025,21,36,88,1.66084206934109
NT,2025,21,37,88,1.492064442106264
NT,2025,21,38,88,1.4921266438599534
NT,2025,21,39,88,1.4921888482067116
NT,2025,21,40,88,1.4922510551466786
NT,2025,21,41,88,1.4923132646799586
NT,2025,21,42,88,1.6743846793897506
NT,2025,21,43,88,1.6185520284821306
NT,2025,21,44,88,1.5889187313212845
NT,2025,21,45,88,1.5268849436879561
NT,2025,21,46,88,1.557901837504616
NT,2025,21,47,88,1.5331678276737788
NT,2025,21,48,88,1.5331678276737788
NT,2025,21,49,88,1.5331678276737788
NT,2025,21,50,88,1.3120154841623533
NT,2025,21,51,88,1.2971219178916313
NT,2025,21,52,88,1.2972352846637614
NT,2025,21,53,88,1.365984214768456
NT,2025,21,54,88,1.3660411604413463
NT,2025,21,55,88,1.3660981084882036
NT,2025,21,56,88,0.00025953102008325853
NT,2025,21,57,88,0.00042743288294686845
NT,2025,21,58,88,0.00042743288294686845
NT,2025,21,59,88,0.0004282302805565015
NT,2025,21,60,88,0.000427249245971624
NT,2025,21,61,88,0.00043310593246980453
NT,2025,21,62,88,0.0004282302805565015
NT,2025,21,63,88,0.0004282302805565015
NT,2025,21,64,88,0.0004282302805565015
NT,2025,21,65,88,0.0004282302805565015
NT,2025,21,66,88,0.0004282302805565015
NT,2025,21,67,88,0.00042743288294686845
NT,2025,21,68,88,0.0004282302805564057
NT,2025,21,69,88,0.0004282302805565015
NT,2025,21,70,88,0.00042762070972912955
NT,2025,21,71,88,0.00042744521144708856
NT,2025,21,72,88,0.00042746303094670174
NT,2025,21,73,88,0.00042748085118918673
NT,2025,21,74,88,0.00042749867217456693
NT,2025,21,75,88,0.00042751649390287863
NT,2025,21,76,88,0.00036662739222745447
NT,2025,21,77,88,0.0004636812556674976
NT,2025,21,78,88,0.0004637005857892018
NT,2025,21,79,88,0.0003911953815984597
NT,2025,21,80,88,0.00042743288294686845
NT,2025,21,81,88,0.0004282302805564057
NT,2025,21,82,88,0.0004282302805564057
NT,2025,21,83,88,0.0004282302805565015
NT,2025,21,84,88,0.0004282302805565015
NT,2025,21,85,88,0.0004282302805564057
NT,2025,21,86,88,0.0004282302805564057
NT,2025,21,87,88,0.0004280424616041117
NT,2025,21,88,88,0.00042743288294687056
NT,2025,21,89,88,0.0004274507019325323
NT,2025,21,90,88,0.00042746852166103606
NT,2025,21,91,88,0.00043089292802594455
NT,2025,21,92,88,0.00043089292802594455
NT,2025,21,93,88,0.0004275219853039294
NT,2025,21,94,88,0.000463667882036655
NT,2025,21,95,88,0.0004326668545789
NT,2025,21,96,88,0.00042757545563354
NT,2025,21,97,88,0.0004326668545789
NT,2025,21,98,88,0.0004637452051283991
NT,2025,21,99,88,0.00046376453791604897
NT,2025,21,100,88,0.0004637838715096481
NT,2025,21,101,88,0.00046380320590924326
NT,2025,21,102,88,0.00046382254111485157
NT,2025,21,103,88,0.0004638418771265113
NT,2025,21,104,88,0.00042743288294686845
NT,2025,21,105,88,0.0004282302805564057
NT,2025,21,106,88,0.0004282302805564057
NT,2025,21,107,88,0.0004282302805564057
NT,2025,21,108,88,0.00042740957467633713
NT,2025,21,109,88,0.00042742739269031524
NT,2025,21,110,88,0.00042701111348973625
NT,2025,21,111,88,0.0004270289148925091
NT,2025,21,112,88,0.0004270467170373937
NT,2025,21,113,88,0.0004274986721745712
NT,2025,21,114,88,0.0004326668545789
NT,2025,21,115,88,0.1322057355245805
NT,2025,21,116,88,0.13221124696789632
NT,2025,21,117,88,0.13221675864097548
NT,2025,21,118,88,0.13222227054382563
NT,2025,21,119,88,0.13222778267645985
NT,2025,21,120,88,0.13223329503888634
NT,2025,21,121,88,0.13223880763111376
NT,2025,21,122,88,0.132244320453152
NT,2025,21,123,88,0.13224983350501132
NT,2025,21,124,88,0.13225534678669998
NT,2025,21,125,88,0.13226086029822887
NT,2025,21,126,88,0.13226637403960723
NT,2025,21,127,88,0.11158492408847222
NT,2025,21,128,88,0.00042743288294686845
NT,2025,21,129,88,0.00042743288294686845
NT,2025,21,130,88,0.0004282302805565015
NT,2025,21,131,88,0.00042736161443205397
NT,2025,21,132,88,0.00042737943044664575
NT,2025,21,133,88,0.0004273972472039582
NT,2025,21,134,88,0.0004274150647040253
NT,2025,21,135,88,0.00042743288294687056
NT,2025,21,136,88,0.0004274507019325323
NT,2025,21,137,88,0.00042746852166103394
NT,2025,21,138,88,1.532784389234728
NT,2025,21,139,88,1.7023551813986695
NT,2025,21,140,88,1.7024261498331774
NT,2025,21,141,88,1.7024971212262678
NT,2025,21,142,88,1.7025680955780282
NT,2025,21,143,88,1.7026390728886065
NT,2025,21,144,88,1.7027100531581072
NT,2025,21,145,88,1.7027810363866616
NT,2025,21,146,88,1.7028520225743915
NT,2025,21,147,88,1.7029230117214278
NT,2025,21,148,88,1.702994003827884
NT,2025,21,149,88,1.703064998893873
NT,2025,21,150,88,1.7031359969195525
NT,2025,21,151,88,1.7032069979050004
NT,2025,21,152,88,0.00046966302155266383
NT,2025,21,153,88,0.00046838109497172094
NT,2025,21,154,88,0.0004681016353749203
NT,2025,21,155,88,0.0004681211497750995
NT,2025,21,156,88,0.0004681406649888036
NT,2025,21,157,88,0.00046816018101606874
NT,2025,21,158,88,0.0004681796978569227
NT,2025,21,159,88,0.00046843967556498456
NT,2025,21,160,88,0.00046845920405751444
NT,2025,21,161,88,0.00046966302155266383
NT,2025,21,162,88,0.0004703677815199358
NT,2025,21,163,88,0.0005081086003413031
NT,2025,21,164,88,0.0005081297825671556
NT,2025,21,165,88,0.0005081509656760619
NT,2025,21,166,88,0.0005081721496680559
NT,2025,21,167,88,0.0005081933345431782
NT,2025,42,0,88,0.0
NT,2025,42,1,88,3.0480673521423602
NT,2025,42,2,88,0.0
NT,2025,42,3,88,0.0
NT,2025,42,4,88,0.0
NT,2025,42,5,88,0.0
NT,2025,42,6,88,0.0
NT,2025,42,7,88,0.0
NT,2025,42,8,88,0.0
NT,2025,42,9,88,0.0
NT,2025,42,10,88,0.0
NT,2025,42,11,88,1.6381108407331513
NT,2025,42,12,88,0.0
NT,2025,42,13,88,1.5105984611833512
NT,2025,42,14,88,1.5106614355903318
NT,2025,42,15,88,1.362659452223938
NT,2025,42,16,88,0.0
NT,2025,42,17,88,0.0
NT,2025,42,18,88,0.0
NT,2025,42,19,88,0.0
NT,2025,42,20,88,0.37414597575399766
NT,2025,42,21,88,1.7099616260805355
NT,2025,42,22,88,1.7798366630422107
NT,2025,42,23,88,1.6371513233040922
NT,2025,42,24,88,1.6372195734952197
NT,2025,42,25,88,1.6847358532805103
NT,2025,42,26,88,1.6847358532805103
NT,2025,42,27,88,1.6847358532805103
NT,2025,42,28,88,1.6374926027133094
NT,2025,42,29,88,1.7509464572650695
NT,2025,42,30,88,1.7501860840286148
NT,2025,42,31,88,1.776086513462437
NT,2025,42,32,88,1.7151328791319267
NT,2025,42,33,88,1.6301468446668552
NT,2025,42,34,88,1.6236963771442998
NT,2025,42,35,88,1.4776813952888066
NT,2025,42,36,88,1.4777429974365301
NT,2025,42,37,88,1.4778046021523363
NT,2025,42,38,88,1.4778662094363475
NT,2025,42,39,88,1.4779278192886685
NT,2025,42,40,88,1.6241025551315817
NT,2025,42,41,88,1.6442226216774667
NT,2025,42,42,88,1.644291166659592
NT,2025,42,43,88,1.644359714499239
NT,2025,42,44,88,1.772922065462038
NT,2025,42,45,88,1.638653484942027
NT,2025,42,46,88,1.6440646076548868
NT,2025,42,47,88,1.6387901134175067
NT,2025,42,48,88,1.6388584319271475
NT,2025,42,49,88,1.638926753284865
NT,2025,42,50,88,1.6389950774907982
NT,2025,42,51,88,1.639063404545052
NT,2025,42,52,88,1.6391317344477574
NT,2025,42,53,88,1.773587368680216
NT,2025,42,54,88,1.7509464572650695
NT,2025,42,55,88,1.6451825115056922
NT,2025,42,56,88,1.6828827672886901
NT,2025,42,57,88,1.4919774558343442
NT,2025,42,58,88,1.5347179538714593
NT,2025,42,59,88,1.557901837504616
NT,2025,42,60,88,1.4921640579953717
NT,2025,42,61,88,1.492226263901861
NT,2025,42,62,88,0.6515433569453818
NT,2025,42,63,88,-8.721182071795201e-15
NT,2025,42,64,88,1.4036430074157067
NT,2025,42,65,88,1.663936702656228
NT,2025,42,66,88,0.0
NT,2025,42,67,88,0.0
NT,2025,42,68,88,0.0
NT,2025,42,69,88,0.0
NT,2025,42,70,88,0.0
NT,2025,42,71,88,1.3765023418102453
NT,2025,42,72,88,0.8539145811545408
NT,2025,42,73,88,0.8539145811545408
NT,2025,42,74,88,0.8539145811545408
NT,2025,42,75,88,0.0
NT,2025,42,76,88,0.0
NT,2025,42,77,88,0.0
NT,2025,42,78,88,0.0
NT,2025,42,79,88,0.0
NT,2025,42,80,88,0.0
NT,2025,42,81,88,0.0
NT,2025,42,82,88,0.0
NT,2025,42,83,88,0.0
NT,2025,42,84,88,0.03416259417149937
NT,2025,42,85,88,0.0
NT,2025,42,86,88,0.0
NT,2025,42,87,88,0.0
NT,2025,42,88,88,0.0
NT,2025,42,89,88,-8.721182071795201e-15
NT,2025,42,90,88,0.0
NT,2025,42,91,88,0.0
NT,2025,42,92,88,0.0
NT,2025,42,93,88,0.0
NT,2025,42,94,88,0.0
NT,2025,42,95,88,0.0
NT,2025,42,96,88,1.4383511315400987
NT,2025,42,97,88,1.557901837504616
NT,2025,42,98,88,1.557901837504616
NT,2025,42,99,88,1.557901837504616
NT,2025,42,100,88,0.1440375366429192
NT,2025,42,101,88,1.6775564595589805
NT,2025,42,102,88,1.6776263941748852
NT,2025,42,103,88,1.6776963317062636
NT,2025,42,104,88,1.7514256285224055
NT,2025,42,105,88,0.00046966302155266383
NT,2025,42,106,88,0.00046966302155266383
NT,2025,42,107,88,0.00046966302155266383
NT,2025,42,108,88,0.0004696434428770214
NT,2025,42,109,88,0.00046966302155266383
NT,2025,42,110,88,0.0004696826010445096
NT,2025,42,111,88,0.0004697021813525929
NT,2025,42,112,88,0.00046972176247694344
NT,2025,42,113,88,0.0005148706370948148
NT,2025,42,114,88,0.0005148921012190465
NT,2025,42,115,88,0.000514913566238083
NT,2025,42,116,88,0.0005149350321519583
NT,2025,42,117,88,0.0005149564989607129
NT,2025,42,118,88,0.00047441661439390166
NT,2025,42,119,88,0.00047443639205534723
NT,2025,42,120,88,0.000474108908892407
NT,2025,42,121,88,0.00046966302155266383
NT,2025,42,122,88,0.00046966302155266383
NT,2025,42,123,88,0.00046966302155266383
NT,2025,42,124,88,0.00047349073706547253
NT,2025,42,125,88,0.000474108908892407
NT,2025,42,126,88,0.0005092444450014203
NT,2025,42,127,88,0.000509265674578801
NT,2025,42,128,88,0.000474108908892407
NT,2025,42,129,88,0.00046966302155266383
NT,2025,42,130,88,0.00046966302155266383
NT,2025,42,131,88,0.00046966302155266383
NT,2025,42,132,88,0.00046966302155266383
NT,2025,42,133,88,0.0004696826010445117
NT,2025,42,134,88,0.000469702181352595
NT,2025,42,135,88,0.00046972176247694983
NT,2025,42,136,88,0.000474108908892407
NT,2025,42,137,88,1.7061260503134676
NT,2025,42,138,88,1.7061971759494365
NT,2025,42,139,88,1.706268304550494
NT,2025,42,140,88,1.7063394361168058
NT,2025,42,141,88,1.706410570648459
NT,2025,42,142,88,1.6891126629608513
NT,2025,42,143,88,1.6847358532805103
NT,2025,42,144,88,1.6847358532805103
NT,2025,42,145,88,1.6847358532805103
NT,2025,42,146,88,1.6847358532805103
NT,2025,42,147,88,1.6847358532805103
NT,2025,42,148,88,1.706908595410554
NT,2025,42,149,88,1.7069797536695348
NT,2025,42,150,88,1.7070509148949733
NT,2025,42,151,88,1.70712207908707
NT,2025,42,152,88,1.6917735523874124
NT,2025,42,153,88,0.00046966302155266383
NT,2025,42,154,88,0.00046966302155266383
NT,2025,42,155,88,0.00046966302155266383
NT,2025,42,156,88,0.0004696826010445096
NT,2025,42,157,88,0.000469702181352595
NT,2025,42,158,88,0.00046972176247694344
NT,2025,42,159,88,0.00046974134441760606
NT,2025,42,160,88,1.6372221966919138
NT,2025,42,161,88,1.6965081774556467
NT,2025,42,162,88,1.696578902138026
NT,2025,42,163,88,1.6966496297688187
NT,2025,42,164,88,1.6967203603481384
NT,2025,42,165,88,1.6967910938760549
NT,2025,42,166,88,1.6968618303527774
NT,2025,42,167,88,1.6605546356126468
NT,2025,52,0,88,0.0
NT,2025,52,1,88,3.360291800001221
NT,2025,52,2,88,1.7296570922537446
NT,2025,52,3,88,1.729729198860779
NT,2025,52,4,88,1.2841468216568164
NT,2025,52,5,88,1.729873421093004
NT,2025,52,6,88,1.8156011862910355
NT,2025,52,7,88,1.8762080328541928
NT,2025,52,8,88,1.87628624893296
NT,2025,52,9,88,0.000474108908892407
NT,2025,52,10,88,0.00046966302155266383
NT,2025,52,11,88,0.00046966302155266383
NT,2025,52,12,88,0.00046966302155266383
NT,2025,52,13,88,0.00046966302155266383
NT,2025,52,14,88,0.00046966302155266383
NT,2025,52,15,88,0.00046966302155266383
NT,2025,52,16,88,0.000474108908892407
NT,2025,52,17,88,0.000474108908892407
NT,2025,52,18,88,0.000474108908892407
NT,2025,52,19,88,0.000474108908892407
NT,2025,52,20,88,0.00046966302155266383
NT,2025,52,21,88,0.00046966302155266383
NT,2025,52,22,88,0.00046966302155266383
NT,2025,52,23,88,0.00046966302155266383
NT,2025,52,24,88,0.0004683736126630454
NT,2025,52,25,88,0.0004652819992462387
NT,2025,52,26,88,0.0004652819992462387
NT,2025,52,27,88,0.0004652819992462387
NT,2025,52,28,88,0.0004652819992462387
NT,2025,52,29,88,0.0004652819992462387
NT,2025,52,30,88,0.0004652819992462387
NT,2025,52,31,88,0.0004652819992462387
NT,2025,52,32,88,0.0004652819992462387
NT,2025,52,33,88,0.0004652819992462387
NT,2025,52,34,88,0.0004652819992462387
NT,2025,52,35,88,0.0004652819992462387
NT,2025,52,36,88,0.0004652819992462387
NT,2025,52,37,88,0.0004652819992462387
NT,2025,52,38,88,0.0004652819992462387
NT,2025,52,39,88,0.0004652819992462387
NT,2025,52,40,88,0.0004652819992462387
NT,2025,52,41,88,0.0004652819992462387
NT,2025,52,42,88,0.0004652819992462387
NT,2025,52,43,88,0.0004652819992462387
NT,2025,52,44,88,0.0004640209223241662
NT,2025,52,45,88,0.0004615587454968088
NT,2025,52,46,88,0.0004615587454968088
NT,2025,52,47,88,0.0004615587454968088
NT,2025,52,48,88,0.00042221063959074507
NT,2025,52,49,88,0.00042227506946542804
NT,2025,52,50,88,0.00042221063959074507
NT,2025,52,51,88,0.00042221063959074507
NT,2025,52,52,88,0.00042221063959074507
NT,2025,52,53,88,0.00042221063959074507
NT,2025,52,54,88,0.00042221063959074507
NT,2025,52,55,88,0.00042221063959074507
NT,2025,52,56,88,0.0004615587454968088
NT,2025,52,57,88,0.0004640209223241662
NT,2025,52,58,88,0.0004640209223241662
NT,2025,52,59,88,0.0004640209223241662
NT,2025,52,60,88,0.0004640209223241662
NT,2025,52,61,88,0.0004640209223241662
NT,2025,52,62,88,0.00042227506946542804
NT,2025,52,63,88,0.00042227506946542804
NT,2025,52,64,88,0.00042227506946542804
NT,2025,52,65,88,0.0004640209223241662
NT,2025,52,66,88,0.0004652819992462387
NT,2025,52,67,88,0.00042342269302990615
NT,2025,52,68,88,0.00042342269302990615
NT,2025,52,69,88,0.00042342269302990615
NT,2025,52,70,88,0.00042342269302990615
NT,2025,52,71,88,0.00042227506946542804
NT,2025,52,72,88,0.00042227506946542804
NT,2025,52,73,88,0.0004222732396394371
NT,2025,52,74,88,0.00042221063959074507
NT,2025,52,75,88,0.00042221063959074507
NT,2025,52,76,88,0.00042221063959074507
NT,2025,52,77,88,0.00042227506946542804
NT,2025,52,78,88,0.00042339073656444566
NT,2025,52,79,88,0.0004260040855635578
NT,2025,52,80,88,0.0004262429772020118
NT,2025,52,81,88,0.0004222732396394371
NT,2025,52,82,88,0.0004222732396394371
NT,2025,52,83,88,0.00042227506946542804
NT,2025,52,84,88,0.00042227506946542804
NT,2025,52,85,88,0.00042227506946542804
NT,2025,52,86,88,0.0004222732396394371
NT,2025,52,87,88,0.0004185468457838276
NT,2025,52,88,88,0.00042740957467633713
NT,2025,52,89,88,0.0004282302805565015
NT,2025,52,90,88,0.0004282302805565015
NT,2025,52,91,88,0.0004282302805565015
NT,2025,52,92,88,0.0004282302805565015
NT,2025,52,93,88,0.0004282302805565015
NT,2025,52,94,88,0.0004282302805564057
NT,2025,52,95,88,0.0004681406649888036
NT,2025,52,96,88,0.0004652819992462387
NT,2025,52,97,88,0.0004615587454968088
NT,2025,52,98,88,0.0004261766282073265
NT,2025,52,99,88,0.00042679664282630316
NT,2025,52,100,88,0.00042741668329268964
NT,2025,52,101,88,0.0004652819992462387
NT,2025,52,102,88,0.0004652819992462387
NT,2025,52,103,88,0.0004683736126630454
NT,2025,52,104,88,0.0004683736126630454
NT,2025,52,105,88,0.0004683736126630454
NT,2025,52,106,88,0.0004652819992462387
NT,2025,52,107,88,0.0004640209223241662
NT,2025,52,108,88,0.0004652819992462387
NT,2025,52,109,88,0.0004652819992462387
NT,2025,52,110,88,0.0004652819992462387
NT,2025,52,111,88,0.0004652819992462387
NT,2025,52,112,88,0.0004683736126630454
NT,2025,52,113,88,0.00046838109497172094
NT,2025,52,114,88,0.00046838109497172094
NT,2025,52,115,88,0.0004683736126630454
NT,2025,52,116,88,0.0004683736126630454
NT,2025,52,117,88,0.0004652819992462387
NT,2025,52,118,88,0.0004652819992462387
NT,2025,52,119,88,0.0004652819992462387
NT,2025,52,120,88,0.0004652819992462387
NT,2025,52,121,88,0.0004652819992462387
NT,2025,52,122,88,0.0004652819992462387
NT,2025,52,123,88,0.0004652819992462387
NT,2025,52,124,88,0.0004652819992462387
NT,2025,52,125,88,0.0004652819992462387
NT,2025,52,126,88,0.0004652819992462387
NT,2025,52,127,88,0.0004652819992462387
NT,2025,52,128,88,0.0004652819992462387
NT,2025,52,129,88,0.0004640209223241662
NT,2025,52,130,88,0.00046394429807453233
NT,2025,52,131,88,0.0004484573573289022
NT,2025,52,132,88,0.0004484760527909072
NT,2025,52,133,88,0.0004484947490322826
NT,2025,52,134,88,0.00044851344605308183
NT,2025,52,135,88,0.0004609564974922632
NT,2025,52,136,88,0.0004683736126630454
NT,2025,52,137,88,0.00046966302155266383
NT,2025,52,138,88,0.00046966302155266383
NT,2025,52,139,88,0.00047349073706547253
NT,2025,52,140,88,0.000474108908892407
NT,2025,52,141,88,0.000474108908892407
NT,2025,52,142,88,0.000474108908892407
NT,2025,52,143,88,0.00047349073706547253
NT,2025,52,144,88,0.00043089292802594455
NT,2025,52,145,88,0.00042743288294686845
NT,2025,52,146,88,0.00042743288294686845
NT,2025,52,147,88,0.00043089292802594455
NT,2025,52,148,88,0.00043089292802594455
NT,2025,52,149,88,0.0004326668545789
NT,2025,52,150,88,0.00045826382142193973
NT,2025,52,151,88,0.00045828292569956807
NT,2025,52,152,88,0.0004583020307736239
NT,2025,52,153,88,0.0004681406649888036
NT,2025,52,154,88,0.00046440796122161783
NT,2025,52,155,88,0.00044890626359249446
NT,2025,52,156,88,0.00044892497776866997
NT,2025,52,157,88,0.00044894369272500804
NT,2025,52,158,88,0.00046448540773189604
NT,2025,52,159,88,0.0004282302805565015
NT,2025,52,160,88,1.6845602794766756
NT,2025,52,161,88,1.7024978201613783
NT,2025,52,162,88,1.7025687945422758
NT,2025,52,163,88,1.7026397718819917
NT,2025,52,164,88,1.70271075218063
NT,2025,52,165,88,1.7027817354383306
NT,2025,52,166,88,1.7028527216551979
NT,2025,52,167,88,1.684314435161437
NT,2030,11,0,88,0.0
NT,2030,11,1,88,0.0004652819992462387
NT,2030,11,2,88,0.0004652819992462387
NT,2030,11,3,88,0.0004652819992462387
NT,2030,11,4,88,0.0004652819992462387
NT,2030,11,5,88,0.0004652819992462387
NT,2030,11,6,88,0.0004681406649888036
NT,2030,11,7,88,0.0004681406649888036
NT,2030,11,8,88,0.0004683736126630454
NT,2030,11,9,88,0.0004640209223241662
NT,2030,11,10,88,0.0004640209223241662
NT,2030,11,11,88,0.0004640209223241662
NT,2030,11,12,88,0.00046404026660601893
NT,2030,11,13,88,0.0004640596116943042
NT,2030,11,14,88,0.00046407895758905616
NT,2030,11,15,88,0.0004640983042903045
NT,2030,11,16,88,0.00046411765179808756
NT,2030,11,17,88,0.00046530139610035217
NT,2030,11,18,88,0.0004683736126630454
NT,2030,11,19,88,0.00046838109497172094
NT,2030,11,20,88,0.0004681406649888036
NT,2030,11,21,88,0.0004681406649888036
NT,2030,11,22,88,0.0004683736126630454
NT,2030,11,23,88,0.0004683736126630454
NT,2030,11,24,88,0.0004681406649888036
NT,2030,11,25,88,0.0004681406649888036
NT,2030,11,26,88,0.00042743288294686845
NT,2030,11,27,88,0.00042743288294686845
NT,2030,11,28,88,0.00042743288294686845
NT,2030,11,29,88,0.00042743288294686845
NT,2030,11,30,88,0.0004326668545789
NT,2030,11,31,88,0.0004594900967817392
NT,2030,11,32,88,0.00043089292802594455
NT,2030,11,33,88,0.00042743288294686845
NT,2030,11,34,88,0.00042805093059332145
NT,2030,11,35,88,0.00046966302155266383
NT,2030,11,36,88,0.00046966302155266383
NT,2030,11,37,88,0.00046966302155266383
NT,2030,11,38,88,0.00046966302155266383
NT,2030,11,39,88,0.00046966302155266383
NT,2030,11,40,88,0.0004703677815199358
NT,2030,11,41,88,0.000474108908892407
NT,2030,11,42,88,0.0005051465925410398
NT,2030,11,43,88,0.0005051676512855788
NT,2030,11,44,88,0.0005051887109080189
NT,2030,11,45,88,0.000505209771408407
NT,2030,11,46,88,0.0005052308327867707
NT,2030,11,47,88,0.0004703677815199358
NT,2030,11,48,88,0.00046966302155266383
NT,2030,11,49,88,0.0004683736126630454
NT,2030,11,50,88,0.0004652819992462387
NT,2030,11,51,88,0.0004652819992462387
NT,2030,11,52,88,0.0004652819992462387
NT,2030,11,53,88,0.0004683736126630454
NT,2030,11,54,88,0.0004683736126630454
NT,2030,11,55,88,0.0004681406649888036
NT,2030,11,56,88,0.0004681406649888036
NT,2030,11,57,88,0.0004652819992462387
NT,2030,11,58,88,0.0004640209223241662
NT,2030,11,59,88,0.0004640209223241662
NT,2030,11,60,88,0.0004615587454968088
NT,2030,11,61,88,0.00042229267343018185
NT,2030,11,62,88,0.0004603542243809717
NT,2030,11,63,88,0.0004597519261618889
NT,2030,11,64,88,0.00046534019223447727
NT,2030,11,65,88,0.0004681406649888036
NT,2030,11,66,88,0.00042743288294686845
NT,2030,11,67,88,0.0004062888982303291
NT,2030,11,68,88,0.0004062888982303291
NT,2030,11,69,88,0.00042743288294686845
NT,2030,11,70,88,0.00042743288294686845
NT,2030,11,71,88,0.00042743288294686845
NT,2030,11,72,88,0.00042740957467633713
NT,2030,11,73,88,0.0004262429772020118
NT,2030,11,74,88,0.0004262429772020118
NT,2030,11,75,88,0.00042740957467633713
NT,2030,11,76,88,0.00042740957467633924
NT,2030,11,77,88,0.00042743288294686845
NT,2030,11,78,88,0.00025820661658701184
NT,2030,11,79,88,0.00025953102008325853
NT,2030,11,80,88,0.00025820661658701184
NT,2030,11,81,88,0.00042740957467633924
NT,2030,11,82,88,0.00042339073656444566
NT,2030,11,83,88,0.00042268014638089925
NT,2030,11,84,88,0.00042269776723265716
NT,2030,11,85,88,0.00042271538881900433
NT,2030,11,86,88,0.00042273301113996423
NT,2030,11,87,88,0.00042353232554764023
NT,2030,11,88,88,0.00042743288294686845
NT,2030,11,89,88,0.00025820661658701184
NT,2030,11,90,88,0.9620059499861594
NT,2030,11,91,88,1.3590376828006137
NT,2030,11,92,88,0.96208616060272
NT,2030,11,93,88,0.9491079235596535
NT,2030,11,94,88,0.9621663779071191
NT,2030,11,95,88,0.9360494692121878
NT,2030,11,96,88,0.8950925424889957
NT,2030,11,97,88,1.2933845448085077
NT,2030,11,98,88,1.2691859263323226
NT,2030,11,99,88,1.253562178053633
NT,2030,11,100,88,1.2666124189755525
NT,2030,11,101,88,1.3596043499300359
NT,2030,11,102,88,1.6117314495121144
NT,2030,11,103,88,1.6117986399898006
NT,2030,11,104,88,1.6118658332685736
NT,2030,11,105,88,1.4863344315677276
NT,2030,11,106,88,1.4863963944465393
NT,2030,11,107,88,1.4864583599084777
NT,2030,11,108,88,1.4865203279536479
NT,2030,11,109,88,1.4865822985821804
NT,2030,11,110,88,0.9580081491949672
NT,2030,11,111,88,0.0
NT,2030,11,112,88,0.0
NT,2030,11,113,88,1.8000534689125356
NT,2030,11,114,88,1.8001285102306783
NT,2030,11,115,88,0.0
NT,2030,11,116,88,0.0
NT,2030,11,117,88,0.0
NT,2030,11,118,88,0.0
NT,2030,11,119,88,1.8005037637492534
NT,2030,11,120,88,1.6634027020342765
NT,2030,11,121,88,1.7727373036920242
NT,2030,11,122,88,1.7727373036920242
NT,2030,11,123,88,1.5697765118185225
NT,2030,11,124,88,1.5698419532626995
NT,2030,11,125,88,1.6966496307516434
NT,2030,11,126,88,1.7026390758475378
NT,2030,11,127,88,1.702710056117152
NT,2030,11,128,88,0.000474108908892407
NT,2030,11,129,88,0.000474108908892407
NT,2030,11,130,88,0.0004740496193347493
NT,2030,11,131,88,0.00047406938169676315
NT,2030,11,132,88,0.0004740891448826391
NT,2030,11,133,88,0.000474108908892407
NT,2030,11,134,88,0.0004741286737261073
NT,2030,11,135,88,0.000474148439383774
NT,2030,11,136,88,0.00047416820586543496
NT,2030,11,137,88,1.7153954130454085
NT,2030,11,138,88,1.7154669251061059
NT,2030,11,139,88,1.7155384401480085
NT,2030,11,140,88,1.7156099581712736
NT,2030,11,141,88,1.7156814791760229
NT,2030,11,142,88,1.7157530031623436
NT,2030,11,143,88,1.715824530130393
NT,2030,11,144,88,1.7158960600802844
NT,2030,11,145,88,1.672455322886298
NT,2030,11,146,88,1.7015975092884006
NT,2030,11,147,88,1.6966496307516434
NT,2030,11,148,88,1.5495249731951768
NT,2030,11,149,88,1.70712207908707
NT,2030,11,150,88,1.6982980331472688
NT,2030,11,151,88,1.7065997970732172
NT,2030,11,152,88,1.7164684070407068
NT,2030,11,153,88,1.7165399638327832
NT,2030,11,154,88,1.7166115236079398
NT,2030,11,155,88,1.6398354223892504
NT,2030,11,156,88,0.00047349073706547253
NT,2030,11,157,88,0.00046966302155266383
NT,2030,11,158,88,0.0004696434428770214
NT,2030,11,159,88,0.00046966302155266383
NT,2030,11,160,88,0.0004696826010445096
NT,2030,11,161,88,0.0004703677815199358
NT,2030,11,162,88,0.00047349073706547253
NT,2030,11,163,88,0.000509435543061905
NT,2030,11,164,88,0.0005094567806058514
NT,2030,11,165,88,0.00047349073706547253
NT,2030,11,166,88,0.0004703677815199358
NT,2030,11,167,88,0.00046966302155266383
NT,2030,21,0,88,0.0
NT,2030,21,1,88,3.0663356553475576
NT,2030,21,2,88,0.09266088619030335
NT,2030,21,3,88,0.0
NT,2030,21,4,88,0.0
NT,2030,21,5,88,0.0
NT,2030,21,6,88,0.0
NT,2030,21,7,88,0.0
NT,2030,21,8,88,0.0
NT,2030,21,9,88,0.0
NT,2030,21,10,88,0.0
NT,2030,21,11,88,1.4745994345989033
NT,2030,21,12,88,1.5483447901763685
NT,2030,21,13,88,1.557901837504616
NT,2030,21,14,88,1.6936991565354915
NT,2030,21,15,88,1.6847358532805103
NT,2030,21,16,88,1.702710056117152
NT,2030,21,17,88,1.6966496307516434
NT,2030,21,18,88,1.720466646806895
NT,2030,21,19,88,0.0
NT,2030,21,20,88,0.9833746783635645
NT,2030,21,21,88,1.6966496307516434
NT,2030,21,22,88,1.7296275123049445
NT,2030,21,23,88,1.675792599929377
NT,2030,21,24,88,1.702710056117152
NT,2030,21,25,88,1.702710056117152
NT,2030,21,26,88,1.690589205386135
NT,2030,21,27,88,1.6760720617380709
NT,2030,21,28,88,0.8395997164347908
NT,2030,21,29,88,0.0
NT,2030,21,30,88,0.0
NT,2030,21,31,88,0.0
NT,2030,21,32,88,0.6634133737632136
NT,2030,21,33,88,1.5095597629454809
NT,2030,21,34,88,1.6177816083965908
NT,2030,21,35,88,1.7674429622099534
NT,2030,21,36,88,1.6590013757927506
NT,2030,21,37,88,1.6590705368772283
NT,2030,21,38,88,1.5478241905940842
NT,2030,21,39,88,1.6592088676959476
NT,2030,21,40,88,1.5441951121304256
NT,2030,21,41,88,1.6615111339782604
NT,2030,21,42,88,1.5997859334349014
NT,2030,21,43,88,1.6378035706900833
NT,2030,21,44,88,1.5806730609959705
NT,2030,21,45,88,1.5264284425635009
NT,2030,21,46,88,1.5495249731951768
NT,2030,21,47,88,1.5495249731951768
NT,2030,21,48,88,1.5355725009320873
NT,2030,21,49,88,1.5422627605540258
NT,2030,21,50,88,1.3171691922319515
NT,2030,21,51,88,1.3120154841623533
NT,2030,21,52,88,1.3120154841623533
NT,2030,21,53,88,1.3822316398145666
NT,2030,21,54,88,1.3822892628163272
NT,2030,21,55,88,1.3823468882203025
NT,2030,21,56,88,0.6722404878585172
NT,2030,21,57,88,0.00030906152324611626
NT,2030,21,58,88,0.00042743288294686845
NT,2030,21,59,88,0.0004282302805564057
NT,2030,21,60,88,0.0004282302805565015
NT,2030,21,61,88,0.0004282302805564057
NT,2030,21,62,88,0.00042804246160410954
NT,2030,21,63,88,0.00042743288294686845
NT,2030,21,64,88,0.0004274507019325323
NT,2030,21,65,88,0.00042746852166103606
NT,2030,21,66,88,0.0004274863421324159
NT,2030,21,67,88,0.0004326668545789
NT,2030,21,68,88,0.00043089292802594455
NT,2030,21,69,88,0.0004275398080041248
NT,2030,21,70,88,0.00042755763144731985
NT,2030,21,71,88,0.00042757545563354
NT,2030,21,72,88,0.00042759328056282784
NT,2030,21,73,88,0.00042761110623520894
NT,2030,21,74,88,0.00043089292802594455
NT,2030,21,75,88,0.0004326668545789
NT,2030,21,76,88,0.00046380320590924543
NT,2030,21,77,88,0.00046382254111485157
NT,2030,21,78,88,0.0004638418771265134
NT,2030,21,79,88,0.00046386121394426073
NT,2030,21,80,88,0.00036662739222745447
NT,2030,21,81,88,0.00042743288294686845
NT,2030,21,82,88,0.0004282302805564057
NT,2030,21,83,88,0.0004282302805564057
NT,2030,21,84,88,0.0004282302805564057
NT,2030,21,85,88,0.0004282302805564057
NT,2030,21,86,88,0.00042762070972903376
NT,2030,21,87,88,0.00042701111348963835
NT,2030,21,88,88,0.0004270289148924133
NT,2030,21,89,88,0.00042704671703729785
NT,2030,21,90,88,0.0004279142563888053
NT,2030,21,91,88,0.0004326668545789
NT,2030,21,92,88,0.0004326668545789
NT,2030,21,93,88,0.0004326668545789
NT,2030,21,94,88,1.5326885476062135
NT,2030,21,95,88,1.5327524429131587
NT,2030,21,96,88,1.5328163408837883
NT,2030,21,97,88,1.532880241518216
NT,2030,21,98,88,1.5329441448165722
NT,2030,21,99,88,1.533008050778944
NT,2030,21,100,88,1.533071959405463
NT,2030,21,101,88,1.5331358706962244
NT,2030,21,102,88,1.5331997846513505
NT,2030,21,103,88,1.5332637012709112
NT,2030,21,104,88,0.08514592372349034
NT,2030,21,105,88,0.00042743288294686845
NT,2030,21,106,88,0.00042743288294686845
NT,2030,21,107,88,0.00042804246160410743
NT,2030,21,108,88,0.00042743288294686845
NT,2030,21,109,88,0.0004268232788772781
NT,2030,21,110,88,0.00042621364939428243
NT,2030,21,111,88,0.0004262314175520689
NT,2030,21,112,88,0.00042624918645057884
NT,2030,21,113,88,0.0004312624107428741
NT,2030,21,114,88,1.5329121878394538
NT,2030,21,115,88,1.6845251632523373
NT,2030,21,116,88,1.684595388382224
NT,2030,21,117,88,1.6846656164396983
NT,2030,21,118,88,1.6847358474248821
NT,2030,21,119,88,1.6848060813378538
NT,2030,21,120,88,1.684876318178762
NT,2030,21,121,88,1.5333595762000123
NT,2030,21,122,88,1.533423499481056
NT,2030,21,123,88,1.5334874254269528
NT,2030,21,124,88,1.533551354037816
NT,2030,21,125,88,1.5336152853137592
NT,2030,21,126,88,1.5336792192548958
NT,2030,21,127,88,1.293869893230598
NT,2030,21,128,88,0.00036219230007714223
NT,2030,21,129,88,0.00042743288294686845
NT,2030,21,130,88,0.00042743288294686845
NT,2030,21,131,88,0.0004282302805565015
NT,2030,21,132,88,0.00042740957467633924
NT,2030,21,133,88,0.0004274273926903174
NT,2030,21,134,88,0.00042701111348963835
NT,2030,21,135,88,0.00042640149183716336
NT,2030,21,136,88,0.00042704671703729785
NT,2030,21,137,88,0.00043123889364500714
NT,2030,21,138,88,1.532944141264548
NT,2030,21,139,88,1.702532606676213
NT,2030,21,140,88,1.7026035825073125
NT,2030,21,141,88,1.7026745612972911
NT,2030,21,142,88,1.7027455430462446
NT,2030,21,143,88,1.7028165277543037
NT,2030,21,144,88,1.7028875154216083
NT,2030,21,145,88,1.702710056117152
NT,2030,21,146,88,1.702710056117152
NT,2030,21,147,88,1.7031004961801979
NT,2030,21,148,88,1.703171495685696
NT,2030,21,149,88,1.7032424981510415
NT,2030,21,150,88,1.7033135035763647
NT,2030,21,151,88,1.7033845119617879
NT,2030,21,152,88,1.6821017313763498
NT,2030,21,153,88,0.00046966302155266383
NT,2030,21,154,88,0.0004671466825366102
NT,2030,21,155,88,0.0004696042879742064
NT,2030,21,156,88,0.00046962386501754843
NT,2030,21,157,88,0.0004696434428770172
NT,2030,21,158,88,0.00046966302155266383
NT,2030,21,159,88,0.0004696826010445117
NT,2030,21,160,88,0.000469702181352595
NT,2030,21,161,88,0.000474108908892407
NT,2030,21,162,88,0.000514870637094819
NT,2030,21,163,88,0.0005148921012190486
NT,2030,21,164,88,0.0005149135662380852
NT,2030,21,165,88,0.0005149350321519605
NT,2030,21,166,88,0.0005149564989607173
NT,2030,21,167,88,0.0005149779666643895
NT,2030,42,0,88,0.0
NT,2030,42,1,88,3.079053682720602
NT,2030,42,2,88,0.0
NT,2030,42,3,88,0.0
NT,2030,42,4,88,0.0
NT,2030,42,5,88,0.0
NT,2030,42,6,88,0.0
NT,2030,42,7,88,0.0
NT,2030,42,8,88,0.0
NT,2030,42,9,88,0.0
NT,2030,42,10,88,0.0
NT,2030,42,11,88,0.9970519228286607
NT,2030,42,12,88,0.0
NT,2030,42,13,88,0.8282229834834577
NT,2030,42,14,88,1.5246179636795927
NT,2030,42,15,88,0.0
NT,2030,42,16,88,0.0
NT,2030,42,17,88,0.0
NT,2030,42,18,88,0.0
NT,2030,42,19,88,0.0
NT,2030,42,20,88,0.0
NT,2030,42,21,88,1.3593326581027398
NT,2030,42,22,88,1.7727373036920242
NT,2030,42,23,88,1.6592734094952415
NT,2030,42,24,88,1.6593425819203693
NT,2030,42,25,88,1.67282207580936
NT,2030,42,26,88,1.6966496307516434
NT,2030,42,27,88,1.6847358532805103
NT,2030,42,28,88,1.6596193004589335
NT,2030,42,29,88,1.7455937385155216
NT,2030,42,30,88,1.756299176014626
NT,2030,42,31,88,1.8000859681093522
NT,2030,42,32,88,1.7014977037423717
NT,2030,42,33,88,1.645568051655826
NT,2030,42,34,88,1.6456366527267339
NT,2030,42,35,88,1.4976486363888248
NT,2030,42,36,88,1.4977110709385444
NT,2030,42,37,88,1.4977735080910486
NT,2030,42,38,88,1.497835947846442
NT,2030,42,39,88,1.4978983902048812
NT,2030,42,40,88,1.6460483192136626
NT,2030,42,41,88,1.624609614688479
NT,2030,42,42,88,1.624677342036055
NT,2030,42,43,88,1.6247450722070786
NT,2030,42,44,88,1.765106859634745
NT,2030,42,45,88,1.6607958691647358
NT,2030,42,46,88,1.6758386082580927
NT,2030,42,47,88,1.6511913316430626
NT,2030,42,48,88,1.6465973680599832
NT,2030,42,49,88,1.646666012041444
NT,2030,42,50,88,1.6467346588845604
NT,2030,42,51,88,1.6468033085894453
NT,2030,42,52,88,1.6612805810399736
NT,2030,42,53,88,1.7789724499778494
NT,2030,42,54,88,1.7633286035302236
NT,2030,42,55,88,1.625558054530764
NT,2030,42,56,88,1.5325738179945925
NT,2030,42,57,88,1.4990227978952695
NT,2030,42,58,88,1.5478269976373953
NT,2030,42,59,88,1.548862582715368
NT,2030,42,60,88,1.4992102812197652
NT,2030,42,61,88,0.39986457585172663
NT,2030,42,62,88,8.721182071795201e-15
NT,2030,42,63,88,0.0
NT,2030,42,64,88,0.0
NT,2030,42,65,88,0.30308170110721055
NT,2030,42,66,88,0.0
NT,2030,42,67,88,0.0
NT,2030,42,68,88,0.0
NT,2030,42,69,88,0.0
NT,2030,42,70,88,0.0
NT,2030,42,71,88,0.0
NT,2030,42,72,88,0.7243243789028894
NT,2030,42,73,88,0.7243243789028894
NT,2030,42,74,88,0.0
NT,2030,42,75,88,0.0
NT,2030,42,76,88,0.0
NT,2030,42,77,88,0.0
NT,2030,42,78,88,0.0
NT,2030,42,79,88,0.0
NT,2030,42,80,88,0.0
NT,2030,42,81,88,0.0
NT,2030,42,82,88,0.0
NT,2030,42,83,88,0.0
NT,2030,42,84,88,0.0
NT,2030,42,85,88,0.0
NT,2030,42,86,88,0.0
NT,2030,42,87,88,-8.721182071795201e-15
NT,2030,42,88,88,0.0
NT,2030,42,89,88,0.0
NT,2030,42,90,88,0.0
NT,2030,42,91,88,0.0
NT,2030,42,92,88,0.0
NT,2030,42,93,88,0.0
NT,2030,42,94,88,0.0
NT,2030,42,95,88,0.0
NT,2030,42,96,88,1.1251009676701558
NT,2030,42,97,88,1.479562075076004
NT,2030,42,98,88,1.4039438976920566
NT,2030,42,99,88,1.4751116965576017
NT,2030,42,100,88,1.2347007964860381
NT,2030,42,101,88,1.8596146985516846
NT,2030,42,102,88,1.859692222881177
NT,2030,42,103,88,1.8597697504425212
NT,2030,42,104,88,1.859847281235857
NT,2030,42,105,88,0.000474108908892407
NT,2030,42,106,88,0.00047339205409204014
NT,2030,42,107,88,0.0004734117890412218
NT,2030,42,108,88,0.0004734315248131223
NT,2030,42,109,88,0.00047345126140777553
NT,2030,42,110,88,0.00047347099882521143
NT,2030,42,111,88,0.00047349073706547253
NT,2030,42,112,88,0.000474108908892407
NT,2030,42,113,88,1.6964728168342744
NT,2030,42,114,88,1.6965435400425208
NT,2030,42,115,88,1.6966142661991286
NT,2030,42,116,88,1.6966849953041847
NT,2030,42,117,88,1.6967557273578115
NT,2030,42,118,88,0.0004823871649151563
NT,2030,42,119,88,0.0004824072748559618
NT,2030,42,120,88,0.0004773347701001322
NT,2030,42,121,88,0.00047735466941476877
NT,2030,42,122,88,0.00047737456955897586
NT,2030,42,123,88,0.0004773944705327875
NT,2030,42,124,88,0.00047741437233623997
NT,2030,42,125,88,0.0005177785435236386
NT,2030,42,126,88,0.0005178001288737852
NT,2030,42,127,88,0.0005178217151237891
NT,2030,42,128,88,0.0005133519433864803
NT,2030,42,129,88,0.000474108908892407
NT,2030,42,130,88,0.00047349073706547253
NT,2030,42,131,88,0.0004734117890412218
NT,2030,42,132,88,0.0004734315248131223
NT,2030,42,133,88,0.00047345126140777553
NT,2030,42,134,88,0.00047347099882521143
NT,2030,42,135,88,0.00047349073706547253
NT,2030,42,136,88,1.4670923718640376
NT,2030,42,137,88,1.7230849746225991
NT,2030,42,138,88,1.7231568072487016
NT,2030,42,139,88,1.7232286428693528
NT,2030,42,140,88,1.723300481484727
NT,2030,42,141,88,1.7233723230949467
NT,2030,42,142,88,1.6746934326815104
NT,2030,42,143,88,1.70712207908707
NT,2030,42,144,88,1.6847358532805103
NT,2030,42,145,88,1.6847358532805103
NT,2030,42,146,88,1.6847358532805103
NT,2030,42,147,88,1.6899263530758766
NT,2030,42,148,88,1.723875298232318
NT,2030,42,149,88,1.723947163805712
NT,2030,42,150,88,1.7240190323750764
NT,2030,42,151,88,1.7240909039405068
NT,2030,42,152,88,1.7092087686999222
NT,2030,42,153,88,0.000474108908892407
NT,2030,42,154,88,0.0004740496193347493
NT,2030,42,155,88,0.00047406938169676315
NT,2030,42,156,88,0.0004740891448826391
NT,2030,42,157,88,0.00047410890889241125
NT,2030,42,158,88,0.0004741286737261094
NT,2030,42,159,88,0.0004741484393837719
NT,2030,42,160,88,1.7069085944217637
NT,2030,42,161,88,1.7069797526807096
NT,2030,42,162,88,1.7070509139061307
NT,2030,42,163,88,1.7071220780981404
NT,2030,42,164,88,1.7071932452569043
NT,2030,42,165,88,1.7072644153824836
NT,2030,42,166,88,1.7073355884750352
NT,2030,42,167,88,1.6621361180859857
NT,2030,52,0,88,0.0
NT,2030,52,1,88,3.356271715320825
NT,2030,52,2,88,1.7336771769341146
NT,2030,52,3,88,1.7337494511319973
NT,2030,52,4,88,1.0297952938023676
NT,2030,52,5,88,0.873628169671375
NT,2030,52,6,88,1.8115805988172162
NT,2030,52,7,88,1.8805687325581208
NT,2030,52,8,88,1.8806471304273904
NT,2030,52,9,88,1.3624904555861812
NT,2030,52,10,88,0.000474108908892407
NT,2030,52,11,88,0.00046966302155266383
NT,2030,52,12,88,0.00046966302155266383
NT,2030,52,13,88,0.00046966302155266383
NT,2030,52,14,88,0.00046966302155266383
NT,2030,52,15,88,0.00046966302155266383
NT,2030,52,16,88,0.000474108908892407
NT,2030,52,17,88,0.000474108908892407
NT,2030,52,18,88,0.000474108908892407
NT,2030,52,19,88,0.000474108908892407
NT,2030,52,20,88,0.00046966302155266383
NT,2030,52,21,88,0.00046966302155266383
NT,2030,52,22,88,0.00046966302155266383
NT,2030,52,23,88,0.00046966302155266383
NT,2030,52,24,88,0.0004683736126630454
NT,2030,52,25,88,0.00046540246996704457
NT,2030,52,26,88,0.0004652819992462387
NT,2030,52,27,88,0.0004652819992462387
NT,2030,52,28,88,0.0004652819992462387
NT,2030,52,29,88,0.0004652819992462387
NT,2030,52,30,88,0.0004652819992462387
NT,2030,52,31,88,0.0004652819992462387
NT,2030,52,32,88,0.0004652819992462387
NT,2030,52,33,88,0.0004652819992462387
NT,2030,52,34,88,0.0004652819992462387
NT,2030,52,35,88,0.0004652819992462387
NT,2030,52,36,88,0.0004652819992462387
NT,2030,52,37,88,0.0004652819992462387
NT,2030,52,38,88,0.0004652819992462387
NT,2030,52,39,88,0.0004652819992462387
NT,2030,52,40,88,0.0004652819992462387
NT,2030,52,41,88,0.0004652819992462387
NT,2030,52,42,88,0.0004652819992462387
NT,2030,52,43,88,0.0004652819992462387
NT,2030,52,44,88,0.0004652819992462387
NT,2030,52,45,88,0.0004640209223241662
NT,2030,52,46,88,0.0004640209223241662
NT,2030,52,47,88,0.0004615587454968088
NT,2030,52,48,88,0.0004615587454968088
NT,2030,52,49,88,0.00042221063959074507
NT,2030,52,50,88,0.00042221063959074507
NT,2030,52,51,88,0.00042221063959074507
NT,2030,52,52,88,0.00042221063959074507
NT,2030,52,53,88,0.00042221063959074507
NT,2030,52,54,88,0.00042221063959074507
NT,2030,52,55,88,0.00042221063959074507
NT,2030,52,56,88,0.0004615587454968088
NT,2030,52,57,88,0.0004640209223241662
NT,2030,52,58,88,0.0004652819992462387
NT,2030,52,59,88,0.0004640209223241662
NT,2030,52,60,88,0.0004640209223241662
NT,2030,52,61,88,0.0004640209223241662
NT,2030,52,62,88,0.0004640209223241662
NT,2030,52,63,88,0.0004640209223241662
NT,2030,52,64,88,0.0004640209223241662
NT,2030,52,65,88,0.0004640209223241662
NT,2030,52,66,88,0.0004652819992462387
NT,2030,52,67,88,0.0004652819992462387
NT,2030,52,68,88,0.0004652819992462387
NT,2030,52,69,88,0.00042342269302990615
NT,2030,52,70,88,0.00042342269302990615
NT,2030,52,71,88,0.00042227506946542804
NT,2030,52,72,88,0.00042227506946542804
NT,2030,52,73,88,0.00042227506946542804
NT,2030,52,74,88,0.0004222732396394371
NT,2030,52,75,88,0.00042227506946542804
NT,2030,52,76,88,0.00042227506946542804
NT,2030,52,77,88,0.00042227506946542804
NT,2030,52,78,88,0.00042339073656444566
NT,2030,52,79,88,0.0004262429772020118
NT,2030,52,80,88,0.00042740957467633713
NT,2030,52,81,88,0.00042339073656444566
NT,2030,52,82,88,0.0004222732396394371
NT,2030,52,83,88,0.00042227506946542804
NT,2030,52,84,88,0.0004222732396394371
NT,2030,52,85,88,0.00042227506946542804
NT,2030,52,86,88,0.0004223084481502639
NT,2030,52,87,88,0.0004260040855635578
NT,2030,52,88,88,0.0004282302805565015
NT,2030,52,89,88,0.0004282302805565015
NT,2030,52,90,88,0.0004282302805565015
NT,2030,52,91,88,0.0004282302805565015
NT,2030,52,92,88,0.0004282302805565015
NT,2030,52,93,88,0.0004282302805565015
NT,2030,52,94,88,0.0004282302805564057
NT,2030,52,95,88,0.0004282302805564057
NT,2030,52,96,88,0.0004652819992462387
NT,2030,52,97,88,0.0004640209223241662
NT,2030,52,98,88,0.0004615587454968088
NT,2030,52,99,88,0.0004615587454968088
NT,2030,52,100,88,0.0004615587454968088
NT,2030,52,101,88,0.0004652819992462387
NT,2030,52,102,88,0.0004683736126630454
NT,2030,52,103,88,0.0004683736126630454
NT,2030,52,104,88,0.00046838109497172094
NT,2030,52,105,88,0.0004683736126630454
NT,2030,52,106,88,0.0004683736126630454
NT,2030,52,107,88,0.0004652819992462387
NT,2030,52,108,88,0.0004652819992462387
NT,2030,52,109,88,0.0004652819992462387
NT,2030,52,110,88,0.0004652819992462387
NT,2030,52,111,88,0.0004652819992462387
NT,2030,52,112,88,0.0004683736126630454
NT,2030,52,113,88,0.00046966302155266383
NT,2030,52,114,88,0.00046966302155266383
NT,2030,52,115,88,0.00046966302155266383
NT,2030,52,116,88,0.00046838109497172094
NT,2030,52,117,88,0.0004683736126630454
NT,2030,52,118,88,0.0004683736126630454
NT,2030,52,119,88,0.0004652819992462387
NT,2030,52,120,88,0.0004652819992462387
NT,2030,52,121,88,0.0004652819992462387
NT,2030,52,122,88,0.0004652819992462387
NT,2030,52,123,88,0.0004652819992462387
NT,2030,52,124,88,0.0004652819992462387
NT,2030,52,125,88,0.0004652819992462387
NT,2030,52,126,88,0.0004652819992462387
NT,2030,52,127,88,0.0004652819992462387
NT,2030,52,128,88,0.0004683736126630454
NT,2030,52,129,88,0.0004652819992462387
NT,2030,52,130,88,0.0004640209223241662
NT,2030,52,131,88,0.0004639822361796199
NT,2030,52,132,88,0.0004525947948301596
NT,2030,52,133,88,0.0004526136627752344
NT,2030,52,134,88,0.0004609564974922632
NT,2030,52,135,88,0.0004640596116943064
NT,2030,52,136,88,0.0004683736126630454
NT,2030,52,137,88,0.00046966302155266383
NT,2030,52,138,88,0.00047349073706547253
NT,2030,52,139,88,0.000474108908892407
NT,2030,52,140,88,0.0004326668545789
NT,2030,52,141,88,0.0004326668545789
NT,2030,52,142,88,0.0004631982644252606
NT,2030,52,143,88,0.0004326668545789
NT,2030,52,144,88,0.0004326668545789
NT,2030,52,145,88,0.00043089292802594455
NT,2030,52,146,88,0.00043089292802594455
NT,2030,52,147,88,0.00043089292802594455
NT,2030,52,148,88,0.0004326668545789
NT,2030,52,149,88,0.0004633334512375145
NT,2030,52,150,88,0.0004633527668598106
NT,2030,52,151,88,0.0004633720832873427
NT,2030,52,152,88,0.00046339140052014267
NT,2030,52,153,88,0.0004282302805565015
NT,2030,52,154,88,0.0004312777535501082
NT,2030,52,155,88,0.0004273383100478526
NT,2030,52,156,88,0.0004273561250909226
NT,2030,52,157,88,0.00042944934597941633
NT,2030,52,158,88,0.0004288398259729082
NT,2030,52,159,88,0.0004282302805565015
NT,2030,52,160,88,1.7127322419587134
NT,2030,52,161,88,1.7128036429960944
NT,2030,52,162,88,1.7128750470100933
NT,2030,52,163,88,1.712946454000806
NT,2030,52,164,88,1.7130178639683546
NT,2030,52,165,88,1.7130892769128703
NT,2030,52,166,88,1.7131606928344834
NT,2030,52,167,88,1.656311013726529
NT,2040,11,0,88,0.0
NT,2040,11,1,88,0.00015596841301679588
NT,2040,11,2,88,0.00015597491508770724
NT,2040,11,3,88,0.0001559814174296811
NT,2040,11,4,88,0.0001559879200427259
NT,2040,11,5,88,0.00015612453755434847
NT,2040,11,6,88,0.00015655434051755425
NT,2040,11,7,88,0.00015655434051755425
NT,2040,11,8,88,0.00015655434051755425
NT,2040,11,9,88,0.00015604688832960084
NT,2040,11,10,88,0.00015604688832960084
NT,2040,11,11,88,0.00015612453755434847
NT,2040,11,12,88,0.00015603995070703796
NT,2040,11,13,88,0.0001560464557602412
NT,2040,11,14,88,0.00015605296108462936
NT,2040,11,15,88,0.00015605946668021306
NT,2040,11,16,88,0.00015606597254700614
NT,2040,11,17,88,0.00015612453755434847
NT,2040,11,18,88,0.00015655434051755425
NT,2040,11,19,88,0.0001565543405175553
NT,2040,11,20,88,0.00015678926050664634
NT,2040,11,21,88,0.00015678926050664634
NT,2040,11,22,88,0.00015655434051755425
NT,2040,11,23,88,0.00014274342685216575
NT,2040,11,24,88,0.00014274342685216575
NT,2040,11,25,88,0.0001424776276489551
NT,2040,11,26,88,0.00012073579976280298
NT,2040,11,27,88,0.00012116748158432914
NT,2040,11,28,88,0.00012116748158432914
NT,2040,11,29,88,0.4054044517030957
NT,2040,11,30,88,0.531906251539061
NT,2040,11,31,88,0.5319284258505061
NT,2040,11,32,88,0.5319506010863639
NT,2040,11,33,88,0.5010660477104257
NT,2040,11,34,88,0.5828878225113772
NT,2040,11,35,88,0.5522522149000597
NT,2040,11,36,88,0.5675700187057195
NT,2040,11,37,88,0.5615786177601679
NT,2040,11,38,88,0.5391276390849635
NT,2040,11,39,88,0.5391501144443795
NT,2040,11,40,88,0.5391725907407559
NT,2040,11,41,88,0.584758262252304
NT,2040,11,42,88,0.5847826398786027
NT,2040,11,43,88,0.5848070185211698
NT,2040,11,44,88,0.584831398180051
NT,2040,11,45,88,0.584855778855275
NT,2040,11,46,88,0.5848801605468894
NT,2040,11,47,88,0.5571949682140933
NT,2040,11,48,88,0.00015783024568849228
NT,2040,11,49,88,0.00015655434051755425
NT,2040,11,50,88,0.00015655434051755425
NT,2040,11,51,88,0.00015612703165723994
NT,2040,11,52,88,0.00015612703165723994
NT,2040,11,53,88,0.00015612703165723994
NT,2040,11,54,88,0.0001565543405175553
NT,2040,11,55,88,0.00015678926050664634
NT,2040,11,56,88,0.00014274342685216575
NT,2040,11,57,88,0.00015604688832960084
NT,2040,11,58,88,0.00015612453755434847
NT,2040,11,59,88,0.0001561205232450977
NT,2040,11,60,88,0.00015604688832960084
NT,2040,11,61,88,0.00015584425265360483
NT,2040,11,62,88,0.000155641608530056
NT,2040,11,63,88,0.00015543895595860084
NT,2040,11,64,88,0.00015523629493888807
NT,2040,11,65,88,0.00014274342685216575
NT,2040,11,66,88,8.606887219567096e-05
NT,2040,11,67,88,8.65103400277532e-05
NT,2040,11,68,88,8.65103400277532e-05
NT,2040,11,69,88,8.612608484966403e-05
NT,2040,11,70,88,8.606887219567096e-05
NT,2040,11,71,88,0.00010302050774870541
NT,2040,11,72,88,0.00012073076669238181
NT,2040,11,73,88,0.00013542963274344302
NT,2040,11,74,88,0.00013542963274344302
NT,2040,11,75,88,0.00012073076669238181
NT,2040,11,76,88,0.00010302050774870541
NT,2040,11,77,88,8.60724602677652e-05
NT,2040,11,78,88,9.330687105586549e-05
NT,2040,11,79,88,9.580540183070792e-05
NT,2040,11,80,88,9.331465084314913e-05
NT,2040,11,81,88,8.606887219567096e-05
NT,2040,11,82,88,8.606887219567096e-05
NT,2040,11,83,88,8.689099829640464e-05
NT,2040,11,84,88,8.668547962319006e-05
NT,2040,11,85,88,8.647995238223384e-05
NT,2040,11,86,88,8.627441657318039e-05
NT,2040,11,87,88,8.606887219567096e-05
NT,2040,11,88,88,8.607604848944176e-05
NT,2040,11,89,88,0.22603977730823316
NT,2040,11,90,88,0.33747270650269984
NT,2040,11,91,88,0.33748677519409137
NT,2040,11,92,88,0.3375008444719781
NT,2040,11,93,88,0.33435258663431583
NT,2040,11,94,88,0.330836874549887
NT,2040,11,95,88,0.31209125854156183
NT,2040,11,96,88,0.30838909359841693
NT,2040,11,97,88,0.3084779269269696
NT,2040,11,98,88,0.30841480661956666
NT,2040,11,99,88,0.31129428001200277
NT,2040,11,100,88,0.31130725736711923
NT,2040,11,101,88,0.3084533801711817
NT,2040,11,102,88,0.35191354344781145
NT,2040,11,103,88,0.35192821415433434
NT,2040,11,104,88,0.0
NT,2040,11,105,88,0.0
NT,2040,11,106,88,0.0
NT,2040,11,107,88,0.41088690548386403
NT,2040,11,108,88,0.5111337815865068
NT,2040,11,109,88,0.0
NT,2040,11,110,88,0.0
NT,2040,11,111,88,0.0
NT,2040,11,112,88,0.0
NT,2040,11,113,88,0.0
NT,2040,11,114,88,0.0
NT,2040,11,115,88,0.0
NT,2040,11,116,88,0.0
NT,2040,11,117,88,0.0
NT,2040,11,118,88,0.0
NT,2040,11,119,88,0.0
NT,2040,11,120,88,0.0
NT,2040,11,121,88,0.54227108605803
NT,2040,11,122,88,0.5615786177601679
NT,2040,11,123,88,0.5655498769172189
NT,2040,11,124,88,0.5620590608054143
NT,2040,11,125,88,0.569040693029019
NT,2040,11,126,88,0.569040693029019
NT,2040,11,127,88,0.569040693029019
NT,2040,11,128,88,0.5777195626674048
NT,2040,11,129,88,0.5746610326967995
NT,2040,11,130,88,0.5812051402512872
NT,2040,11,131,88,0.54249719251821
NT,2040,11,132,88,0.5425198083488598
NT,2040,11,133,88,0.5425424251223261
NT,2040,11,134,88,0.542565042838648
NT,2040,11,135,88,0.5425876614978649
NT,2040,11,136,88,0.5426102811000225
NT,2040,11,137,88,0.5884866005899153
NT,2040,11,138,88,0.5885111336446172
NT,2040,11,139,88,0.588535667722063
NT,2040,11,140,88,0.5885602028222919
NT,2040,11,141,88,0.0064679015831198075
NT,2040,11,142,88,0.0
NT,2040,11,143,88,0.3023327353336909
NT,2040,11,144,88,0.5672319882905902
NT,2040,11,145,88,0.5603769494320453
NT,2040,11,146,88,0.519300612501535
NT,2040,11,147,88,0.569040693029019
NT,2040,11,148,88,0.519300612501535
NT,2040,11,149,88,0.5651380993234771
NT,2040,11,150,88,0.5663862517909265
NT,2040,11,151,88,0.5675700187057195
NT,2040,11,152,88,0.3569041402772611
NT,2040,11,153,88,0.5888792522181902
NT,2040,11,154,88,0.5889038016418989
NT,2040,11,155,88,0.5827114876154379
NT,2040,11,156,88,0.5629119222586773
NT,2040,11,157,88,0.5405107837969715
NT,2040,11,158,88,0.5405333168174509
NT,2040,11,159,88,0.5405558507772997
NT,2040,11,160,88,0.5405783856765485
NT,2040,11,161,88,0.5570625374173666
NT,2040,11,162,88,0.5863073547617498
NT,2040,11,163,88,0.5863317969672134
NT,2040,11,164,88,0.5836488190883572
NT,2040,11,165,88,0.5863806844350501
NT,2040,11,166,88,0.5864051296975148
NT,2040,11,167,88,0.00015783024568849228
NT,2040,21,0,88,0.0
NT,2040,21,1,88,0.5264417878383346
NT,2040,21,2,88,0.0
NT,2040,21,3,88,0.0
NT,2040,21,4,88,0.0
NT,2040,21,5,88,0.0
NT,2040,21,6,88,0.0
NT,2040,21,7,88,0.0
NT,2040,21,8,88,0.0
NT,2040,21,9,88,0.0
NT,2040,21,10,88,0.0
NT,2040,21,11,88,0.0
NT,2040,21,12,88,0.0
NT,2040,21,13,88,0.0
NT,2040,21,14,88,0.4798425990416119
NT,2040,21,15,88,0.3340563926570106
NT,2040,21,16,88,0.5512295455305993
NT,2040,21,17,88,0.30268503562395016
NT,2040,21,18,88,0.0
NT,2040,21,19,88,0.0
NT,2040,21,20,88,0.0
NT,2040,21,21,88,0.0
NT,2040,21,22,88,0.3481596354760609
NT,2040,21,23,88,0.5460538360117241
NT,2040,21,24,88,0.5453143256370485
NT,2040,21,25,88,0.5698265410984363
NT,2040,21,26,88,0.5185834557343986
NT,2040,21,27,88,0.1277072668134252
NT,2040,21,28,88,0.0
NT,2040,21,29,88,0.0
NT,2040,21,30,88,0.0
NT,2040,21,31,88,0.0
NT,2040,21,32,88,0.0
NT,2040,21,33,88,0.0
NT,2040,21,34,88,0.0
NT,2040,21,35,88,0.0
NT,2040,21,36,88,0.5110559425579233
NT,2040,21,37,88,0.5110559425579233
NT,2040,21,38,88,0.5110559425579233
NT,2040,21,39,88,0.562641879184928
NT,2040,21,40,88,0.5110346380542458
NT,2040,21,41,88,0.5165083240991918
NT,2040,21,42,88,0.5165298564959429
NT,2040,21,43,88,0.09450968646590914
NT,2040,21,44,88,0.4017673703005404
NT,2040,21,45,88,0.5159882620006156
NT,2040,21,46,88,0.5166159950598388
NT,2040,21,47,88,0.5156138650577519
NT,2040,21,48,88,0.5147912766513995
NT,2040,21,49,88,0.43846011425745696
NT,2040,21,50,88,0.4396526805638484
NT,2040,21,51,88,0.4350243088777233
NT,2040,21,52,88,0.43480597969758067
NT,2040,21,53,88,0.46779343621465064
NT,2040,21,54,88,0.46781293776650756
NT,2040,21,55,88,0.331172828297573
NT,2040,21,56,88,0.32115061607849116
NT,2040,21,57,88,0.4001032233305968
NT,2040,21,58,88,0.40011990298694555
NT,2040,21,59,88,0.4001365833386428
NT,2040,21,60,88,0.40015326438571486
NT,2040,21,61,88,0.40016994612819434
NT,2040,21,62,88,0.4001866285661074
NT,2040,21,63,88,0.40020331169948026
NT,2040,21,64,88,0.4002199955283521
NT,2040,21,65,88,0.4037383840846515
NT,2040,21,66,88,0.5190517160125413
NT,2040,21,67,88,0.5190733544391891
NT,2040,21,68,88,0.5190949937679126
NT,2040,21,69,88,0.5110559425579233
NT,2040,21,70,88,0.5161149300587932
NT,2040,21,71,88,0.5059969550570536
NT,2040,21,72,88,0.49347705828244903
NT,2040,21,73,88,0.5159423325457956
NT,2040,21,74,88,0.5162875275717907
NT,2040,21,75,88,0.5103046535128479
NT,2040,21,76,88,0.51926814087674
NT,2040,21,77,88,0.5192897883257909
NT,2040,21,78,88,0.5193114366772857
NT,2040,21,79,88,0.5193330859312681
NT,2040,21,80,88,0.519354736087775
NT,2040,21,81,88,0.41961231441863367
NT,2040,21,82,88,0.5148931956767065
NT,2040,21,83,88,0.4005371204590988
NT,2040,21,84,88,0.4005538182039117
NT,2040,21,85,88,0.4005705166448385
NT,2040,21,86,88,0.40058721578189005
NT,2040,21,87,88,0.40060391561509906
NT,2040,21,88,88,0.400620616144496
NT,2040,21,89,88,0.4006373173701202
NT,2040,21,90,88,0.5212964214774177
NT,2040,21,91,88,0.5213181534822076
NT,2040,21,92,88,0.5213398863929669
NT,2040,21,93,88,0.5134102002951451
NT,2040,21,94,88,0.5213833549325574
NT,2040,21,95,88,0.519300612501535
NT,2040,21,96,88,0.5110559425579233
NT,2040,21,97,88,0.5110559425579233
NT,2040,21,98,88,0.5135773401009793
NT,2040,21,99,88,0.5183126552776856
NT,2040,21,100,88,0.5215137822985865
NT,2040,21,101,88,0.5215355233647978
NT,2040,21,102,88,0.5215572653373602
NT,2040,21,103,88,0.5215790082163108
NT,2040,21,104,88,0.5216007520016864
NT,2040,21,105,88,0.42484600675473155
NT,2040,21,106,88,0.519300612501535
NT,2040,21,107,88,0.40226929441295245
NT,2040,21,108,88,0.40228606436930336
NT,2040,21,109,88,0.40230283502476605
NT,2040,21,110,88,0.40231960637936665
NT,2040,21,111,88,0.4023363784331379
NT,2040,21,112,88,0.4023531511861124
NT,2040,21,113,88,0.5164993408320177
NT,2040,21,114,88,0.5734048689770934
NT,2040,21,115,88,0.5734287732987885
NT,2040,21,116,88,0.5734526786170182
NT,2040,21,117,88,0.573476584931824
NT,2040,21,118,88,0.5735004922432471
NT,2040,21,119,88,0.521519112585656
NT,2040,21,120,88,0.515553405066535
NT,2040,21,121,88,0.5161149300587932
NT,2040,21,122,88,0.5161149300587932
NT,2040,21,123,88,0.5216076188001878
NT,2040,21,124,88,0.47935643828169916
NT,2040,21,125,88,0.5220575809457476
NT,2040,21,126,88,0.5220793446820439
NT,2040,21,127,88,0.522101109325633
NT,2040,21,128,88,0.44046427577399955
NT,2040,21,129,88,0.4007199693698878
NT,2040,21,130,88,0.4345998238089251
NT,2040,21,131,88,0.40075338080129813
NT,2040,21,132,88,0.40077008756165705
NT,2040,21,133,88,0.4007867950184917
NT,2040,21,134,88,0.4008035031718414
NT,2040,21,135,88,0.4008202120217235
NT,2040,21,136,88,0.40083692156817086
NT,2040,21,137,88,0.4943125171231414
NT,2040,21,138,88,0.577338567226955
NT,2040,21,139,88,0.577362635538169
NT,2040,21,140,88,0.5773867048527572
NT,2040,21,141,88,0.5774107751707545
NT,2040,21,142,88,0.5774348464922001
NT,2040,21,143,88,0.3069549913694224
NT,2040,21,144,88,0.569040693029019
NT,2040,21,145,88,0.569040693029019
NT,2040,21,146,88,0.569040693029019
NT,2040,21,147,88,0.5093380536711608
NT,2040,21,148,88,0.42409776478256644
NT,2040,21,149,88,0.5776033738425325
NT,2040,21,150,88,0.5776274531931082
NT,2040,21,151,88,0.5776515335475136
NT,2040,21,152,88,0.5776756149057861
NT,2040,21,153,88,0.5326864922562525
NT,2040,21,154,88,0.569040693029019
NT,2040,21,155,88,0.569040693029019
NT,2040,21,156,88,0.532753115548854
NT,2040,21,157,88,0.5327753251646885
NT,2040,21,158,88,0.5327975357064095
NT,2040,21,159,88,0.5328197471740541
NT,2040,21,160,88,0.5328419595676572
NT,2040,21,161,88,0.5328641728872601
NT,2040,21,162,88,0.5779164837106651
NT,2040,21,163,88,0.5779405761142841
NT,2040,21,164,88,0.5779646695222781
NT,2040,21,165,88,0.5779887639346883
NT,2040,21,166,88,0.5439768644684152
NT,2040,21,167,88,0.4220008327445148
NT,2040,42,0,88,0.0
NT,2040,42,1,88,0.0
NT,2040,42,2,88,0.0
NT,2040,42,3,88,0.0
NT,2040,42,4,88,0.0
NT,2040,42,5,88,0.0
NT,2040,42,6,88,0.0
NT,2040,42,7,88,0.0
NT,2040,42,8,88,0.0
NT,2040,42,9,88,0.0
NT,2040,42,10,88,0.0
NT,2040,42,11,88,0.0
NT,2040,42,12,88,0.0
NT,2040,42,13,88,0.0
NT,2040,42,14,88,0.0
NT,2040,42,15,88,0.0
NT,2040,42,16,88,0.0
NT,2040,42,17,88,0.0
NT,2040,42,18,88,0.0
NT,2040,42,19,88,0.0
NT,2040,42,20,88,0.0
NT,2040,42,21,88,0.0
NT,2040,42,22,88,0.0
NT,2040,42,23,88,0.5610287328452153
NT,2040,42,24,88,0.5615786177601679
NT,2040,42,25,88,0.5655498769172189
NT,2040,42,26,88,0.5655498769172189
NT,2040,42,27,88,0.5611222922179063
NT,2040,42,28,88,0.5611456844988431
NT,2040,42,29,88,0.5577880849124109
NT,2040,42,30,88,0.0
NT,2040,42,31,88,0.5538833064847735
NT,2040,42,32,88,0.0
NT,2040,42,33,88,0.0
NT,2040,42,34,88,0.13787228161751255
NT,2040,42,35,88,0.556638314426275
NT,2040,42,36,88,0.5566615197774323
NT,2040,42,37,88,0.5566847260959801
NT,2040,42,38,88,0.5567079333819598
NT,2040,42,39,88,0.5567311416354108
NT,2040,42,40,88,0.5567543508563833
NT,2040,42,41,88,0.5532730731025707
NT,2040,42,42,88,0.0
NT,2040,42,43,88,0.0
NT,2040,42,44,88,0.12870649185096264
NT,2040,42,45,88,0.5110239864684862
NT,2040,42,46,88,0.5110452902320733
NT,2040,42,47,88,0.5110665948837777
NT,2040,42,48,88,0.5616137349607728
NT,2040,42,49,88,0.5616371477291616
NT,2040,42,50,88,0.5103545846013864
NT,2040,42,51,88,0.510375860458691
NT,2040,42,52,88,0.510397137202955
NT,2040,42,53,88,0.58994789291768
NT,2040,42,54,88,0.0
NT,2040,42,55,88,0.5535960714533433
NT,2040,42,56,88,0.0
NT,2040,42,57,88,0.0
NT,2040,42,58,88,0.20192027308140395
NT,2040,42,59,88,0.2494404606734733
NT,2040,42,60,88,0.0
NT,2040,42,61,88,0.0
NT,2040,42,62,88,0.0
NT,2040,42,63,88,0.0
NT,2040,42,64,88,0.0
NT,2040,42,65,88,0.0
NT,2040,42,66,88,0.0
NT,2040,42,67,88,0.0
NT,2040,42,68,88,0.0
NT,2040,42,69,88,0.0
NT,2040,42,70,88,0.0
NT,2040,42,71,88,0.0
NT,2040,42,72,88,0.0
NT,2040,42,73,88,0.0
NT,2040,42,74,88,0.0
NT,2040,42,75,88,0.0
NT,2040,42,76,88,0.0
NT,2040,42,77,88,0.0
NT,2040,42,78,88,0.0
NT,2040,42,79,88,0.0
NT,2040,42,80,88,0.0
NT,2040,42,81,88,0.0
NT,2040,42,82,88,0.0
NT,2040,42,83,88,0.0
NT,2040,42,84,88,0.0
NT,2040,42,85,88,0.0
NT,2040,42,86,88,0.0
NT,2040,42,87,88,0.0
NT,2040,42,88,88,0.0
NT,2040,42,89,88,0.0
NT,2040,42,90,88,0.0
NT,2040,42,91,88,0.0
NT,2040,42,92,88,0.0
NT,2040,42,93,88,0.0
NT,2040,42,94,88,0.0
NT,2040,42,95,88,0.0
NT,2040,42,96,88,0.0
NT,2040,42,97,88,0.1386927404406232
NT,2040,42,98,88,0.13793624784064296
NT,2040,42,99,88,0.13717972370371712
NT,2040,42,100,88,0.0
NT,2040,42,101,88,0.0
NT,2040,42,102,88,0.5753680413928652
NT,2040,42,103,88,0.5753920275560493
NT,2040,42,104,88,0.5361277008230046
NT,2040,42,105,88,0.5361500511198478
NT,2040,42,106,88,0.536172402348436
NT,2040,42,107,88,0.5361947545088083
NT,2040,42,108,88,0.5362171076010084
NT,2040,42,109,88,0.5362394616250711
NT,2040,42,110,88,0.5362618165810445
NT,2040,42,111,88,0.5362841724689525
NT,2040,42,112,88,0.5756034671028712
NT,2040,42,113,88,0.5878554209559528
NT,2040,42,114,88,0.5878799276977908
NT,2040,42,115,88,0.5879044354612785
NT,2040,42,116,88,0.5879289442464525
NT,2040,42,117,88,0.5879534540533631
NT,2040,42,118,88,0.5421638978143638
NT,2040,42,119,88,0.5421864997504982
NT,2040,42,120,88,0.5675700187057195
NT,2040,42,121,88,0.567084769376384
NT,2040,42,122,88,0.5615786177601679
NT,2040,42,123,88,0.5391923919536105
NT,2040,42,124,88,0.5432159672418962
NT,2040,42,125,88,0.5819409258345287
NT,2040,42,126,88,0.5819651860106364
NT,2040,42,127,88,0.5819894471981046
NT,2040,42,128,88,0.5820137093969902
NT,2040,42,129,88,0.5431189224919666
NT,2040,42,130,88,0.5770138942343604
NT,2040,42,131,88,0.5320763060994862
NT,2040,42,132,88,0.5320984875002364
NT,2040,42,133,88,0.532120669825687
NT,2040,42,134,88,0.5321428530758859
NT,2040,42,135,88,0.532165037250866
NT,2040,42,136,88,0.5806873589074011
NT,2040,42,137,88,0.5822321147073116
NT,2040,42,138,88,0.582256387022607
NT,2040,42,139,88,0.5822806603497798
NT,2040,42,140,88,0.5823049346888647
NT,2040,42,141,88,0.582329210039912
NT,2040,42,142,88,0.5648475007177436
NT,2040,42,143,88,0.5655498769172189
NT,2040,42,144,88,0.5655498769172189
NT,2040,42,145,88,0.5655498769172189
NT,2040,42,146,88,0.5655498769172189
NT,2040,42,147,88,0.5655498769172189
NT,2040,42,148,88,0.5655498769172189
NT,2040,42,149,88,0.5825234492838128
NT,2040,42,150,88,0.5825477337443812
NT,2040,42,151,88,0.5825720192173262
NT,2040,42,152,88,0.5825963057026892
NT,2040,42,153,88,0.5588147731703831
NT,2040,42,154,88,0.5361941817865141
NT,2040,42,155,88,0.53621653485484
NT,2040,42,156,88,0.5362388888550264
NT,2040,42,157,88,0.5362612437871167
NT,2040,42,158,88,0.5362835996511484
NT,2040,42,159,88,0.5363059564471603
NT,2040,42,160,88,0.5827906340378843
NT,2040,42,161,88,0.5828149296369458
NT,2040,42,162,88,0.582839226248855
NT,2040,42,163,88,0.582863523873653
NT,2040,42,164,88,0.5828878225113772
NT,2040,42,165,88,0.5829121221620752
NT,2040,42,166,88,0.563098837249199
NT,2040,42,167,88,0.5506386713403802
NT,2040,52,0,88,0.0
NT,2040,52,1,88,1.0186761073423216
NT,2040,52,2,88,0.28576376716992724
NT,2040,52,3,88,0.2850134057232185
NT,2040,52,4,88,0.28426301299515583
NT,2040,52,5,88,0.28351258898442894
NT,2040,52,6,88,0.5782359964567028
NT,2040,52,7,88,0.6271243795891157
NT,2040,52,8,88,0.6271505233903395
NT,2040,52,9,88,0.5867477261742544
NT,2040,52,10,88,0.5213203418935812
NT,2040,52,11,88,0.521342074895575
NT,2040,52,12,88,0.5213638088035819
NT,2040,52,13,88,0.521385543617641
NT,2040,52,14,88,0.5214072793377853
NT,2040,52,15,88,0.5214290159640603
NT,2040,52,16,88,0.5655145133475135
NT,2040,52,17,88,0.565538088733045
NT,2040,52,18,88,0.5655616651013949
NT,2040,52,19,88,0.565585242452609
NT,2040,52,20,88,0.00015803630296413494
NT,2040,52,21,88,0.00015803630296413494
NT,2040,52,22,88,0.00015655434051755425
NT,2040,52,23,88,0.0001565543405175553
NT,2040,52,24,88,0.00015655434051755425
NT,2040,52,25,88,0.00015612703165723994
NT,2040,52,26,88,0.00015612453755434847
NT,2040,52,27,88,0.00015612453755434847
NT,2040,52,28,88,0.0001551341566556808
NT,2040,52,29,88,0.0001551341566556808
NT,2040,52,30,88,0.00015612453755434847
NT,2040,52,31,88,0.00015612453755434847
NT,2040,52,32,88,0.00015612453755434847
NT,2040,52,33,88,0.00015612453755434847
NT,2040,52,34,88,0.00018687456863195677
NT,2040,52,35,88,0.00018687133310570802
NT,2040,52,36,88,0.0001550939997487473
NT,2040,52,37,88,0.0001550939997487473
NT,2040,52,38,88,0.0001550939997487473
NT,2040,52,39,88,0.0001550939997487473
NT,2040,52,40,88,0.0001550939997487473
NT,2040,52,41,88,0.00017143864153789602
NT,2040,52,42,88,0.0001550939997487473
NT,2040,52,43,88,0.0001550939997487473
NT,2040,52,44,88,0.0001550939997487473
NT,2040,52,45,88,0.0001550939997487473
NT,2040,52,46,88,0.0001550939997487473
NT,2040,52,47,88,0.0001550939997487473
NT,2040,52,48,88,0.0001550939997487473
NT,2040,52,49,88,0.0001546736407747217
NT,2040,52,50,88,0.0001538529151656019
NT,2040,52,51,88,0.0001538529151656019
NT,2040,52,52,88,0.0001538529151656019
NT,2040,52,53,88,0.0001538529151656019
NT,2040,52,54,88,0.0001538529151656019
NT,2040,52,55,88,0.0001546736407747217
NT,2040,52,56,88,0.0001550939997487473
NT,2040,52,57,88,0.0001550939997487473
NT,2040,52,58,88,0.0001550939997487473
NT,2040,52,59,88,0.0001550939997487473
NT,2040,52,60,88,0.0001550939997487473
NT,2040,52,61,88,0.0001550939997487473
NT,2040,52,62,88,0.00015471300496826498
NT,2040,52,63,88,0.00015471945470324564
NT,2040,52,64,88,0.0001550939997487473
NT,2040,52,65,88,0.0001550939997487473
NT,2040,52,66,88,0.0001550939997487473
NT,2040,52,67,88,0.00015560265367589989
NT,2040,52,68,88,0.00015612453755434847
NT,2040,52,69,88,0.00015612453755434847
NT,2040,52,70,88,0.00015560265367589989
NT,2040,52,71,88,0.0001550939997487473
NT,2040,52,72,88,0.00014113024552148118
NT,2040,52,73,88,0.00014111847927385078
NT,2040,52,74,88,0.00015001007243962275
NT,2040,52,75,88,0.00014113024552148118
NT,2040,52,76,88,0.00014113612901318825
NT,2040,52,77,88,0.00014118016045258145
NT,2040,52,78,88,0.00014208099240067167
NT,2040,52,79,88,0.00014274342685216575
NT,2040,52,80,88,0.0001424776276489551
NT,2040,52,81,88,0.00014246985822544535
NT,2040,52,82,88,0.00014208099240067167
NT,2040,52,83,88,0.00013927712682106785
NT,2040,52,84,88,0.00013927712682106785
NT,2040,52,85,88,0.00013927712682106785
NT,2040,52,86,88,0.00014208099240067167
NT,2040,52,87,88,0.00014246985822544535
NT,2040,52,88,88,0.00014274342685216575
NT,2040,52,89,88,0.00014274342685216575
NT,2040,52,90,88,0.0001565543405175553
NT,2040,52,91,88,0.0001565543405175553
NT,2040,52,92,88,0.0001565543405175553
NT,2040,52,93,88,0.00015655434051755425
NT,2040,52,94,88,0.00015655434051755425
NT,2040,52,95,88,0.00014274342685216575
NT,2040,52,96,88,0.00014274342685216575
NT,2040,52,97,88,0.00015612453755434847
NT,2040,52,98,88,0.00015560265367589989
NT,2040,52,99,88,0.0001550939997487473
NT,2040,52,100,88,0.0001550939997487473
NT,2040,52,101,88,0.00015612453755434847
NT,2040,52,102,88,0.00015655434051755425
NT,2040,52,103,88,0.00015655434051755425
NT,2040,52,104,88,0.00015655434051755425
NT,2040,52,105,88,0.00015655434051755425
NT,2040,52,106,88,0.00015655434051755425
NT,2040,52,107,88,0.00015655434051755425
NT,2040,52,108,88,0.00015655434051755425
NT,2040,52,109,88,0.00015612453755434847
NT,2040,52,110,88,0.00015612703165723994
NT,2040,52,111,88,0.00015655434051755425
NT,2040,52,112,88,0.0001565543405175553
NT,2040,52,113,88,0.0001885820566320079
NT,2040,52,114,88,0.0001885820566320079
NT,2040,52,115,88,0.00015655434051755425
NT,2040,52,116,88,0.0001565543405175553
NT,2040,52,117,88,0.00015655434051755425
NT,2040,52,118,88,0.0001565543405175553
NT,2040,52,119,88,0.00015612453755434847
NT,2040,52,120,88,0.0001550939997487473
NT,2040,52,121,88,0.0001550939997487473
NT,2040,52,122,88,0.00015510046536678266
NT,2040,52,123,88,0.00015510693125436235
NT,2040,52,124,88,0.00015511339741149384
NT,2040,52,125,88,0.00015511986383818778
NT,2040,52,126,88,0.00015612453755434847
NT,2040,52,127,88,0.00015612703165723994
NT,2040,52,128,88,0.00015655434051755425
NT,2040,52,129,88,0.00015612453755434847
NT,2040,52,130,88,0.0001551522000155064
NT,2040,52,131,88,0.00015515866805981886
NT,2040,52,132,88,0.00015516513637377257
NT,2040,52,133,88,0.00015517160495737923
NT,2040,52,134,88,0.00015517807381065478
NT,2040,52,135,88,0.00015560265367589989
NT,2040,52,136,88,0.00015655434051755425
NT,2040,52,137,88,0.5487520376430762
NT,2040,52,138,88,0.5689576723408847
NT,2040,52,139,88,0.519246494330096
NT,2040,52,140,88,0.51926814087674
NT,2040,52,141,88,0.5192897883257909
NT,2040,52,142,88,0.5193114366772901
NT,2040,52,143,88,0.5193330859312703
NT,2040,52,144,88,0.5192681390718064
NT,2040,52,145,88,0.49179308069609173
NT,2040,52,146,88,0.4992487059784084
NT,2040,52,147,88,0.506557882730563
NT,2040,52,148,88,0.5189541811132716
NT,2040,52,149,88,0.5194630004094568
NT,2040,52,150,88,0.5194846559818854
NT,2040,52,151,88,0.5195063124571047
NT,2040,52,152,88,0.5195279698351407
NT,2040,52,153,88,0.5176734427794789
NT,2040,52,154,88,0.5264496097943735
NT,2040,52,155,88,0.47910730411210867
NT,2040,52,156,88,0.4791272773208239
NT,2040,52,157,88,0.4791472513621852
NT,2040,52,158,88,0.47916722623623415
NT,2040,52,159,88,0.4791872019430033
NT,2040,52,160,88,0.5881048629640271
NT,2040,52,161,88,0.5881293801047063
NT,2040,52,162,88,0.5881538982674599
NT,2040,52,163,88,0.588178417452334
NT,2040,52,164,88,0.5551897511361857
NT,2040,52,165,88,0.3120380148442701
NT,2040,52,166,88,0.5882519811401274
NT,2040,52,167,88,0.5392378011404209
GA,2040,11,0,88,0.0
GA,2040,11,1,88,0.0001550939997487473
GA,2040,11,2,88,0.0001550939997487473
GA,2040,11,3,88,0.0001550939997487473
GA,2040,11,4,88,0.0001550939997487473
GA,2040,11,5,88,0.00015612453755434847
GA,2040,11,6,88,0.0001565543405175553
GA,2040,11,7,88,0.00015655434051755425
GA,2040,11,8,88,0.00015612703165723994
GA,2040,11,9,88,0.00015604688832960084
GA,2040,11,10,88,0.00015560265367589989
GA,2040,11,11,88,0.00015508106932125008
GA,2040,11,12,88,0.0001550875344002393
GA,2040,11,13,88,0.0001550939997487473
GA,2040,11,14,88,0.00015510046536678266
GA,2040,11,15,88,0.00015510693125436235
GA,2040,11,16,88,0.00015511339741149384
GA,2040,11,17,88,0.00015511986383818778
GA,2040,11,18,88,0.00015612703165723994
GA,2040,11,19,88,0.00015655434051755425
GA,2040,11,20,88,0.0001565543405175553
GA,2040,11,21,88,0.00014274342685216575
GA,2040,11,22,88,0.00015604688832960084
GA,2040,11,23,88,0.00015604688832960084
GA,2040,11,24,88,0.00015604688832960084
GA,2040,11,25,88,0.00014274342685216575
GA,2040,11,26,88,0.0001424776276489551
GA,2040,11,27,88,0.0001424776276489551
GA,2040,11,28,88,0.0001424776276489551
GA,2040,11,29,88,0.00014363097600864855
GA,2040,11,30,88,0.0001559064740313606
GA,2040,11,31,88,0.0001713264338969918
GA,2040,11,32,88,0.00015591947327986454
GA,2040,11,33,88,0.0001579901927082064
GA,2040,11,34,88,0.00015803630296413494
GA,2040,11,35,88,0.00015800336569405692
GA,2040,11,36,88,0.00015800995259885312
GA,2040,11,37,88,0.00015801653977824941
GA,2040,11,38,88,0.00015802312723225438
GA,2040,11,39,88,0.0001580297149608797
GA,2040,11,40,88,0.00015803630296413494
GA,2040,11,41,88,0.635001052678048
GA,2040,11,42,88,0.6350275248450372
GA,2040,11,43,88,0.6350539981156005
GA,2040,11,44,88,0.6350804724898054
GA,2040,11,45,88,0.635106947967665
GA,2040,11,46,88,0.567664668600304
GA,2040,11,47,88,0.00015783024568849228
GA,2040,11,48,88,0.00015655434051755425
GA,2040,11,49,88,0.00015655434051755425
GA,2040,11,50,88,0.00015612453755434847
GA,2040,11,51,88,0.00015612453755434847
GA,2040,11,52,88,0.00015612453755434847
GA,2040,11,53,88,0.00015612453755434847
GA,2040,11,54,88,0.00015604688832960084
GA,2040,11,55,88,0.00014274342685213488
GA,2040,11,56,88,0.00014274342685216575
GA,2040,11,57,88,0.00015612453755434847
GA,2040,11,58,88,0.00015558968084113852
GA,2040,11,59,88,0.00015559616712331747
GA,2040,11,60,88,0.00015560265367589989
GA,2040,11,61,88,0.00015540069858471873
GA,2040,11,62,88,0.00015519873507435517
GA,2040,11,63,88,0.00015562211495617775
GA,2040,11,64,88,0.00015562860259048486
GA,2040,11,65,88,0.00015604688832960084
GA,2040,11,66,88,0.00013542963274344302
GA,2040,11,67,88,8.606887219567096e-05
GA,2040,11,68,88,8.606887219567096e-05
GA,2040,11,69,88,0.00010302050774870541
GA,2040,11,70,88,0.00013542963274344302
GA,2040,11,71,88,0.0001424776276489551
GA,2040,11,72,88,0.0001424776276489551
GA,2040,11,73,88,0.0001424776276489551
GA,2040,11,74,88,0.0001424776276489551
GA,2040,11,75,88,0.0001424776276489551
GA,2040,11,76,88,0.0001424776276489551
GA,2040,11,77,88,0.00010302050774870541
GA,2040,11,78,88,8.65103400277532e-05
GA,2040,11,79,88,9.200180601832271e-05
GA,2040,11,80,88,9.200564142483428e-05
GA,2040,11,81,88,8.606887219567096e-05
GA,2040,11,82,88,0.0001424776276489551
GA,2040,11,83,88,0.00013927712682106785
GA,2040,11,84,88,0.00013907449114507184
GA,2040,11,85,88,0.000138871847021523
GA,2040,11,86,88,0.00014209876252187283
GA,2040,11,87,88,0.00014246985822544535
GA,2040,11,88,88,0.0001424776276489551
GA,2040,11,89,88,8.65103400277532e-05
GA,2040,11,90,88,0.4607054670057491
GA,2040,11,91,88,0.4607246730716279
GA,2040,11,92,88,0.3261549237523717
GA,2040,11,93,88,0.3261685206236924
GA,2040,11,94,88,0.3261821180618507
GA,2040,11,95,88,0.30793625744379677
GA,2040,11,96,88,0.3051903352835284
GA,2040,11,97,88,0.30844636677326814
GA,2040,11,98,88,0.30294647322316076
GA,2040,11,99,88,0.4194037816753663
GA,2040,11,100,88,0.30297173244676734
GA,2040,11,101,88,0.3639660145719153
GA,2040,11,102,88,0.46093599264789825
GA,2040,11,103,88,0.46095520832402254
GA,2040,11,104,88,0.46097442480121137
GA,2040,11,105,88,0.42507393947595984
GA,2040,11,106,88,0.425091660121084
GA,2040,11,107,88,0.5039213044425203
GA,2040,11,108,88,0.5039423121067793
GA,2040,11,109,88,0.5039633206468109
GA,2040,11,110,88,0.0
GA,2040,11,111,88,0.0
GA,2040,11,112,88,0.0
GA,2040,11,113,88,0.4757156115999874
GA,2040,11,114,88,0.6071149278807456
GA,2040,11,115,88,0.0
GA,2040,11,116,88,0.0
GA,2040,11,117,88,0.0
GA,2040,11,118,88,0.0
GA,2040,11,119,88,0.0
GA,2040,11,120,88,0.572025538669201
GA,2040,11,121,88,0.5448470056970881
GA,2040,11,122,88,0.5909124345640066
GA,2040,11,123,88,0.5631802252110736
GA,2040,11,124,88,0.5327921738700605
GA,2040,11,125,88,0.5675700187057195
GA,2040,11,126,88,0.5675700187057195
GA,2040,11,127,88,0.5719057470563952
GA,2040,11,128,88,0.5746610326967995
GA,2040,11,129,88,0.5634203533612429
GA,2040,11,130,88,0.548430763163563
GA,2040,11,131,88,0.5273217526128444
GA,2040,11,132,88,0.5273437358039473
GA,2040,11,133,88,0.5273657199114894
GA,2040,11,134,88,0.5273877049355122
GA,2040,11,135,88,0.5274096908760636
GA,2040,11,136,88,0.5274316777331677
GA,2040,11,137,88,0.5781275334284495
GA,2040,11,138,88,0.5781516346303917
GA,2040,11,139,88,0.5781757368370771
GA,2040,11,140,88,0.578199840048541
GA,2040,11,141,88,0.5782239442648289
GA,2040,11,142,88,0.36952100249088365
GA,2040,11,143,88,0.5782721557120448
GA,2040,11,144,88,0.5770181563334504
GA,2040,11,145,88,0.5493269334426336
GA,2040,11,146,88,0.5204539869803617
GA,2040,11,147,88,0.5675700187057195
GA,2040,11,148,88,0.5675700187057195
GA,2040,11,149,88,0.5705113673523207
GA,2040,11,150,88,0.5646286700591183
GA,2040,11,151,88,0.5683532586206984
GA,2040,11,152,88,0.534383522397488
GA,2040,11,153,88,0.5785132732517976
GA,2040,11,154,88,0.5785373905346031
GA,2040,11,155,88,0.5724540791546304
GA,2040,11,156,88,0.557097887503865
GA,2040,11,157,88,0.5213638088035775
GA,2040,11,158,88,0.5213855436176367
GA,2040,11,159,88,0.5214072793377896
GA,2040,11,160,88,0.5214290159640603
GA,2040,11,161,88,0.5214507534964988
GA,2040,11,162,88,0.565538088733045
GA,2040,11,163,88,0.5655616651013949
GA,2040,11,164,88,0.5655852424526068
GA,2040,11,165,88,0.5656088207867198
GA,2040,11,166,88,0.00015803630296413494
GA,2040,11,167,88,0.0001565543405175553
GA,2040,21,0,88,0.0
GA,2040,21,1,88,0.8031654434687175
GA,2040,21,2,88,0.0
GA,2040,21,3,88,0.0
GA,2040,21,4,88,0.0
GA,2040,21,5,88,0.0
GA,2040,21,6,88,0.0
GA,2040,21,7,88,0.0
GA,2040,21,8,88,0.0
GA,2040,21,9,88,0.0
GA,2040,21,10,88,0.0
GA,2040,21,11,88,0.0
GA,2040,21,12,88,0.0
GA,2040,21,13,88,0.5063404781520995
GA,2040,21,14,88,0.5655498769172189
GA,2040,21,15,88,0.5709583493341102
GA,2040,21,16,88,0.5675700187057195
GA,2040,21,17,88,0.5669013572959909
GA,2040,21,18,88,0.0
GA,2040,21,19,88,0.0
GA,2040,21,20,88,0.0
GA,2040,21,21,88,0.3766162549383346
GA,2040,21,22,88,0.5725088891011982
GA,2040,21,23,88,0.5670431712801414
GA,2040,21,24,88,0.5675700187057195
GA,2040,21,25,88,0.5675700187057195
GA,2040,21,26,88,0.5168509816322643
GA,2040,21,27,88,0.5161149300587932
GA,2040,21,28,88,0.0
GA,2040,21,29,88,0.0
GA,2040,21,30,88,0.0
GA,2040,21,31,88,0.0
GA,2040,21,32,88,0.0
GA,2040,21,33,88,0.0
GA,2040,21,34,88,0.5461735418464803
GA,2040,21,35,88,0.5125833366155067
GA,2040,21,36,88,0.5108583327537862
GA,2040,21,37,88,0.5110559425579233
GA,2040,21,38,88,0.5110559425579233
GA,2040,21,39,88,0.5615786177601679
GA,2040,21,40,88,0.510943525511927
GA,2040,21,41,88,0.5109648259212297
GA,2040,21,42,88,0.5164377642092276
GA,2040,21,43,88,0.5392605361321918
GA,2040,21,44,88,0.5294409442504044
GA,2040,21,45,88,0.5161149300587932
GA,2040,21,46,88,0.5165238874154489
GA,2040,21,47,88,0.5162875275717907
GA,2040,21,48,88,0.5155333751891398
GA,2040,21,49,88,0.43733849472078146
GA,2040,21,50,88,0.4389649298397431
GA,2040,21,51,88,0.435712059601822
GA,2040,21,52,88,0.43733849472078146
GA,2040,21,53,88,0.46771003316116017
GA,2040,21,54,88,0.467729531236078
GA,2040,21,55,88,0.46774903012384056
GA,2040,21,56,88,0.32825565096142395
GA,2040,21,57,88,8.65103400277532e-05
GA,2040,21,58,88,8.65103400277532e-05
GA,2040,21,59,88,0.0001209348661318003
GA,2040,21,60,88,0.00012073076669238076
GA,2040,21,61,88,0.00012073579976280298
GA,2040,21,62,88,0.00012074083304304672
GA,2040,21,63,88,0.00012074586653311834
GA,2040,21,64,88,0.00012075090023302745
GA,2040,21,65,88,0.00013829636235604365
GA,2040,21,66,88,0.00014440152170425537
GA,2040,21,67,88,0.0001566103031727929
GA,2040,21,68,88,0.00015661683200306732
GA,2040,21,69,88,0.0001444195820548993
GA,2040,21,70,88,0.00014442560267372408
GA,2040,21,71,88,0.0001444316235435405
GA,2040,21,72,88,0.000144437644664356
GA,2040,21,73,88,0.39744439883578336
GA,2040,21,74,88,0.5109600805060749
GA,2040,21,75,88,0.5109813816055196
GA,2040,21,76,88,0.5110026835929814
GA,2040,21,77,88,0.511023986468484
GA,2040,21,78,88,0.5110452902320733
GA,2040,21,79,88,0.5110665948837755
GA,2040,21,80,88,0.42741564627524564
GA,2040,21,81,88,0.0001442222848596337
GA,2040,21,82,88,0.00014310136604599454
GA,2040,21,83,88,0.00012093486613180138
GA,2040,21,84,88,0.00012073076669238181
GA,2040,21,85,88,0.00012073579976280404
GA,2040,21,86,88,0.00012074083304304778
GA,2040,21,87,88,0.00012074586653311941
GA,2040,21,88,88,0.00012075090023302745
GA,2040,21,89,88,0.00014363097600864855
GA,2040,21,90,88,0.00014440152170425537
GA,2040,21,91,88,0.5190408972502354
GA,2040,21,92,88,0.5190625352258652
GA,2040,21,93,88,0.4949345592252223
GA,2040,21,94,88,0.5198678024170557
GA,2040,21,95,88,0.519127454565227
GA,2040,21,96,88,0.5071794513568697
GA,2040,21,97,88,0.5149324337589748
GA,2040,21,98,88,0.5110559425579233
GA,2040,21,99,88,0.5192140263148542
GA,2040,21,100,88,0.5199978506579791
GA,2040,21,101,88,0.5200195285274485
GA,2040,21,102,88,0.5200412073006306
GA,2040,21,103,88,0.519300612501535
GA,2040,21,104,88,0.5193222613042813
GA,2040,21,105,88,0.00012365514054103814
GA,2040,21,106,88,0.00012344859354629898
GA,2040,21,107,88,0.00012218366042288233
GA,2040,21,108,88,0.00012218875406209292
GA,2040,21,109,88,0.00012219384791365234
GA,2040,21,110,88,0.00012219894197756275
GA,2040,21,111,88,0.00012220403625383695
GA,2040,21,112,88,0.00012220913074248554
GA,2040,21,113,88,0.00014613927315988338
GA,2040,21,114,88,0.5694773041964546
GA,2040,21,115,88,0.569501044784325
GA,2040,21,116,88,0.5695247863619013
GA,2040,21,117,88,0.5695485289292358
GA,2040,21,118,88,0.5695722724863481
GA,2040,21,119,88,0.518352052867003
GA,2040,21,120,88,0.5143112762154073
GA,2040,21,121,88,0.5110559425579233
GA,2040,21,122,88,0.5184168833460729
GA,2040,21,123,88,0.5184384953075744
GA,2040,21,124,88,0.5184601081700436
GA,2040,21,125,88,0.5184817219335157
GA,2040,21,126,88,0.5185033365980342
GA,2040,21,127,88,0.43742905839836493
GA,2040,21,128,88,0.43123130993686626
GA,2040,21,129,88,0.00012073076669238181
GA,2040,21,130,88,0.00012134303948633073
GA,2040,21,131,88,0.00012113895706299879
GA,2040,21,132,88,0.0001209348661318003
GA,2040,21,133,88,0.00012073076669238076
GA,2040,21,134,88,0.00012073579976280298
GA,2040,21,135,88,0.00012074083304304672
GA,2040,21,136,88,0.00012074586653311941
GA,2040,21,137,88,0.0001443894827252525
GA,2040,21,138,88,0.5733627746521756
GA,2040,21,139,88,0.5733866772190293
GA,2040,21,140,88,0.5734105807823413
GA,2040,21,141,88,0.5734344853421596
GA,2040,21,142,88,0.5734583908985146
GA,2040,21,143,88,0.5734822974514544
GA,2040,21,144,88,0.5675700187057195
GA,2040,21,145,88,0.5675700187057195
GA,2040,21,146,88,0.5675700187057195
GA,2040,21,147,88,0.47503956667014197
GA,2040,21,148,88,0.5736018451663655
GA,2040,21,149,88,0.5736257576996858
GA,2040,21,150,88,0.5736496712298786
GA,2040,21,151,88,0.5736735857569877
GA,2040,21,152,88,0.567641417206222
GA,2040,21,153,88,0.5255567473493877
GA,2040,21,154,88,0.5175949230386603
GA,2040,21,155,88,0.5176165007339615
GA,2040,21,156,88,0.5176380793288111
GA,2040,21,157,88,0.517659658823229
GA,2040,21,158,88,0.5176812392172649
GA,2040,21,159,88,0.5177028205109521
GA,2040,21,160,88,0.5177244027043272
GA,2040,21,161,88,0.523269742740378
GA,2040,21,162,88,0.5675108688920731
GA,2040,21,163,88,0.5675345275024389
GA,2040,21,164,88,0.5675581870990941
GA,2040,21,165,88,0.5675818476820801
GA,2040,21,166,88,0.5676055092514383
GA,2040,21,167,88,0.5676291718072057
GA,2040,42,0,88,0.0
GA,2040,42,1,88,0.0
GA,2040,42,2,88,0.0
GA,2040,42,3,88,0.0
GA,2040,42,4,88,0.0
GA,2040,42,5,88,0.0
GA,2040,42,6,88,0.0
GA,2040,42,7,88,0.0
GA,2040,42,8,88,0.0
GA,2040,42,9,88,0.0
GA,2040,42,10,88,0.0
GA,2040,42,11,88,0.0
GA,2040,42,12,88,0.0
GA,2040,42,13,88,0.0
GA,2040,42,14,88,0.0
GA,2040,42,15,88,0.0
GA,2040,42,16,88,0.0
GA,2040,42,17,88,0.0
GA,2040,42,18,88,0.0
GA,2040,42,19,88,0.0
GA,2040,42,20,88,0.0
GA,2040,42,21,88,0.0
GA,2040,42,22,88,0.5344094171704901
GA,2040,42,23,88,0.5602918453796223
GA,2040,42,24,88,0.560315203040573
GA,2040,42,25,88,0.5615786177601679
GA,2040,42,26,88,0.5627719536542898
GA,2040,42,27,88,0.5603852818660461
GA,2040,42,28,88,0.5604086434222082
GA,2040,42,29,88,0.578633628726327
GA,2040,42,30,88,0.5954849393674811
GA,2040,42,31,88,0.6078404457893194
GA,2040,42,32,88,0.5123271965336635
GA,2040,42,33,88,0.5605254658124353
GA,2040,42,34,88,0.5586801416903868
GA,2040,42,35,88,0.5057155218728181
GA,2040,42,36,88,0.5057366043351019
GA,2040,42,37,88,0.5057576876762739
GA,2040,42,38,88,0.505778771896384
GA,2040,42,39,88,0.5057998569954563
GA,2040,42,40,88,0.5058209429735299
GA,2040,42,41,88,0.5485868174746369
GA,2040,42,42,88,0.5486096871718981
GA,2040,42,43,88,0.5486325578225719
GA,2040,42,44,88,0.5318063665434123
GA,2040,42,45,88,0.5103527781181848
GA,2040,42,46,88,0.5103740539001798
GA,2040,42,47,88,0.5059685694352504
GA,2040,42,48,88,0.5608760791196937
GA,2040,42,49,88,0.5615786177601679
GA,2040,42,50,88,0.5560578477284704
GA,2040,42,51,88,0.5060529467571006
GA,2040,42,52,88,0.5081059310005762
GA,2040,42,53,88,0.583337281622009
GA,2040,42,54,88,0.5461735418464803
GA,2040,42,55,88,0.5489070800102861
GA,2040,42,56,88,0.5110559425579233
GA,2040,42,57,88,0.17039719214532123
GA,2040,42,58,88,0.5162933651432169
GA,2040,42,59,88,0.5045026813109093
GA,2040,42,60,88,0.0
GA,2040,42,61,88,0.0
GA,2040,42,62,88,0.0
GA,2040,42,63,88,0.0
GA,2040,42,64,88,0.0
GA,2040,42,65,88,0.0
GA,2040,42,66,88,0.0
GA,2040,42,67,88,0.0
GA,2040,42,68,88,0.0
GA,2040,42,69,88,0.0
GA,2040,42,70,88,0.0
GA,2040,42,71,88,0.0
GA,2040,42,72,88,0.0
GA,2040,42,73,88,0.0
GA,2040,42,74,88,0.0
GA,2040,42,75,88,0.0
GA,2040,42,76,88,0.0
GA,2040,42,77,88,0.0
GA,2040,42,78,88,0.0
GA,2040,42,79,88,0.0
GA,2040,42,80,88,0.0
GA,2040,42,81,88,0.0
GA,2040,42,82,88,0.0
GA,2040,42,83,88,0.0
GA,2040,42,84,88,0.0
GA,2040,42,85,88,0.0
GA,2040,42,86,88,0.0
GA,2040,42,87,88,0.0
GA,2040,42,88,88,0.0
GA,2040,42,89,88,0.0
GA,2040,42,90,88,0.0
GA,2040,42,91,88,0.0
GA,2040,42,92,88,0.0
GA,2040,42,93,88,0.0
GA,2040,42,94,88,0.0
GA,2040,42,95,88,0.0
GA,2040,42,96,88,0.0
GA,2040,42,97,88,0.24294579435993485
GA,2040,42,98,88,0.24219364790118222
GA,2040,42,99,88,0.2414414700866579
GA,2040,42,100,88,0.24068926091506454
GA,2040,42,101,88,0.0
GA,2040,42,102,88,0.5830814514893546
GA,2040,42,103,88,0.5831057592121281
GA,2040,42,104,88,0.6272514552733831
GA,2040,42,105,88,0.4720730038984945
GA,2040,42,106,88,0.47622306204953796
GA,2040,42,107,88,0.4721123646391433
GA,2040,42,108,88,0.47213204624014204
GA,2040,42,109,88,0.4721517286616362
GA,2040,42,110,88,0.4721714119036583
GA,2040,42,111,88,0.4721910959662369
GA,2040,42,112,88,0.5717443551349508
GA,2040,42,113,88,0.5778683022511246
GA,2040,42,114,88,0.5778923926461377
GA,2040,42,115,88,0.5779164840454428
GA,2040,42,116,88,0.577940576449075
GA,2040,42,117,88,0.5779646698570843
GA,2040,42,118,88,0.5423410417644826
GA,2040,42,119,88,0.5639532195982293
GA,2040,42,120,88,0.5655498769172189
GA,2040,42,121,88,0.5273930126886716
GA,2040,42,122,88,0.5274149988504881
GA,2040,42,123,88,0.5274369859288748
GA,2040,42,124,88,0.5406034274232362
GA,2040,42,125,88,0.572054288919532
GA,2040,42,126,88,0.5720781369377335
GA,2040,42,127,88,0.5721019859501171
GA,2040,42,128,88,0.5721258359567285
GA,2040,42,129,88,0.5358200967423524
GA,2040,42,130,88,0.5230150192027335
GA,2040,42,131,88,0.5208889028245818
GA,2040,42,132,88,0.5209106178405744
GA,2040,42,133,88,0.5209323337618387
GA,2040,42,134,88,0.5209540505884009
GA,2040,42,135,88,0.5209757683202982
GA,2040,42,136,88,0.5607120575138068
GA,2040,42,137,88,0.5761784724484641
GA,2040,42,138,88,0.5762024923972023
GA,2040,42,139,88,0.5762265133473002
GA,2040,42,140,88,0.576250535298786
GA,2040,42,141,88,0.5762745582517143
GA,2040,42,142,88,0.5615786177601679
GA,2040,42,143,88,0.5655498769172189
GA,2040,42,144,88,0.5655498769172189
GA,2040,42,145,88,0.5655498769172189
GA,2040,42,146,88,0.5655498769172189
GA,2040,42,147,88,0.5615786177601679
GA,2040,42,148,88,0.5725674995068686
GA,2040,42,149,88,0.5764667779318315
GA,2040,42,150,88,0.5764908098995578
GA,2040,42,151,88,0.576514842869143
GA,2040,42,152,88,0.5765388768406242
GA,2040,42,153,88,0.5459306859678426
GA,2040,42,154,88,0.5270492482439229
GA,2040,42,155,88,0.5270712200747573
GA,2040,42,156,88,0.5270931928215622
GA,2040,42,157,88,0.5271151664843746
GA,2040,42,158,88,0.527137141063234
GA,2040,42,159,88,0.527159116558177
GA,2040,42,160,88,0.5767311846857176
GA,2040,42,161,88,0.5767552276761373
GA,2040,42,162,88,0.5767792716688758
GA,2040,42,163,88,0.5768033166639638
GA,2040,42,164,88,0.5768273626614535
GA,2040,42,165,88,0.5768514096613755
GA,2040,42,166,88,0.5768754576637778
GA,2040,42,167,88,0.5429227634265033
GA,2040,52,0,88,0.0
GA,2040,52,1,88,1.125743145795625
GA,2040,52,2,88,0.5779044375925538
GA,2040,52,3,88,0.40398095732180483
GA,2040,52,4,88,0.2915844544980607
GA,2040,52,5,88,0.29083433570638884
GA,2040,52,6,88,0.5956577373956184
GA,2040,52,7,88,0.6268693100436636
GA,2040,52,8,88,0.6268954432114532
GA,2040,52,9,88,0.6214841608096614
GA,2040,52,10,88,0.4209126772913391
GA,2040,52,11,88,0.00015803630296413494
GA,2040,52,12,88,0.0001580165397782505
GA,2040,52,13,88,0.00015802312723225438
GA,2040,52,14,88,0.0001580297149608797
GA,2040,52,15,88,0.00015803630296413494
GA,2040,52,16,88,0.0001713978705169779
GA,2040,52,17,88,0.00017140501581702178
GA,2040,52,18,88,0.00017141216141494108
GA,2040,52,19,88,0.00015803630296413494
GA,2040,52,20,88,0.00015803630296413494
GA,2040,52,21,88,0.00015655434051755425
GA,2040,52,22,88,0.00015655434051755425
GA,2040,52,23,88,0.00015655434051755425
GA,2040,52,24,88,0.00015612703165723994
GA,2040,52,25,88,0.00015612453755434847
GA,2040,52,26,88,0.0001551341566556808
GA,2040,52,27,88,0.0001551341566556808
GA,2040,52,28,88,0.0001550939997487473
GA,2040,52,29,88,0.0001550939997487473
GA,2040,52,30,88,0.0001550939997487473
GA,2040,52,31,88,0.0001551341566556808
GA,2040,52,32,88,0.00018687456863195677
GA,2040,52,33,88,0.0001551341566556808
GA,2040,52,34,88,0.0001550939997487473
GA,2040,52,35,88,0.0001550939997487473
GA,2040,52,36,88,0.0001550939997487473
GA,2040,52,37,88,0.0001550939997487473
GA,2040,52,38,88,0.0001550939997487473
GA,2040,52,39,88,0.0001550939997487473
GA,2040,52,40,88,0.0001550939997487473
GA,2040,52,41,88,0.0001550939997487473
GA,2040,52,42,88,0.0001550939997487473
GA,2040,52,43,88,0.0001550939997487473
GA,2040,52,44,88,0.0001550939997487473
GA,2040,52,45,88,0.0001550939997487473
GA,2040,52,46,88,0.0001550939997487473
GA,2040,52,47,88,0.0001550939997487473
GA,2040,52,48,88,0.0001546736407747217
GA,2040,52,49,88,0.0001538529151656019
GA,2040,52,50,88,0.00014073687986358098
GA,2040,52,51,88,0.00014075835648847635
GA,2040,52,52,88,0.00014075835648847635
GA,2040,52,53,88,0.00014073687986358098
GA,2040,52,54,88,0.0001538529151656019
GA,2040,52,55,88,0.0001538529151656019
GA,2040,52,56,88,0.0001546736407747217
GA,2040,52,57,88,0.0001546736407747217
GA,2040,52,58,88,0.0001550939997487473
GA,2040,52,59,88,0.0001550939997487473
GA,2040,52,60,88,0.0001550939997487473
GA,2040,52,61,88,0.0001546736407747217
GA,2040,52,62,88,0.0001546736407747217
GA,2040,52,63,88,0.0001546736407747217
GA,2040,52,64,88,0.0001546736407747217
GA,2040,52,65,88,0.0001550939997487473
GA,2040,52,66,88,0.0001550939997487473
GA,2040,52,67,88,0.0001550939997487473
GA,2040,52,68,88,0.0001550939997487473
GA,2040,52,69,88,0.0001550939997487473
GA,2040,52,70,88,0.0001550939997487473
GA,2040,52,71,88,0.00014114089767663503
GA,2040,52,72,88,0.00014075835648847635
GA,2040,52,73,88,0.00014075835648847635
GA,2040,52,74,88,0.00014073687986358098
GA,2040,52,75,88,0.00014075835648847635
GA,2040,52,76,88,0.000140764224476728
GA,2040,52,77,88,0.00014113024552148118
GA,2040,52,78,88,0.00014200136185451784
GA,2040,52,79,88,0.00014246985822544535
GA,2040,52,80,88,0.00014246985822544535
GA,2040,52,81,88,0.00014208099240067167
GA,2040,52,82,88,0.00013951561526127443
GA,2040,52,83,88,0.0001408053072446223
GA,2040,52,84,88,0.00014081117719017672
GA,2040,52,85,88,0.00014081704738043847
GA,2040,52,86,88,0.00013951561526127443
GA,2040,52,87,88,0.00014246985822544535
GA,2040,52,88,88,0.00014274342685213488
GA,2040,52,89,88,0.00014274342685213488
GA,2040,52,90,88,0.00014274342685216575
GA,2040,52,91,88,0.00014274342685216575
GA,2040,52,92,88,0.00014274342685216575
GA,2040,52,93,88,0.00014274342685216575
GA,2040,52,94,88,0.00014274342685216575
GA,2040,52,95,88,0.00014274342685216575
GA,2040,52,96,88,0.00015604688832960084
GA,2040,52,97,88,0.0001550939997487473
GA,2040,52,98,88,0.0001550939997487473
GA,2040,52,99,88,0.00015482846924396712
GA,2040,52,100,88,0.0001550939997487473
GA,2040,52,101,88,0.0001550939997487473
GA,2040,52,102,88,0.00015612453755434847
GA,2040,52,103,88,0.0001565543405175553
GA,2040,52,104,88,0.00015655434051755425
GA,2040,52,105,88,0.00015655434051755425
GA,2040,52,106,88,0.00015655434051755425
GA,2040,52,107,88,0.00015612453755434847
GA,2040,52,108,88,0.00015612453755434847
GA,2040,52,109,88,0.0001550939997487473
GA,2040,52,110,88,0.0001550939997487473
GA,2040,52,111,88,0.00015612453755434847
GA,2040,52,112,88,0.0001565543405175553
GA,2040,52,113,88,0.00015655434051755425
GA,2040,52,114,88,0.00015655434051755425
GA,2040,52,115,88,0.00015655434051755425
GA,2040,52,116,88,0.00015655434051755425
GA,2040,52,117,88,0.00015612703165723994
GA,2040,52,118,88,0.00015612453755434847
GA,2040,52,119,88,0.0001550939997487473
GA,2040,52,120,88,0.0001550939997487473
GA,2040,52,121,88,0.0001550939997487473
GA,2040,52,122,88,0.0001550939997487473
GA,2040,52,123,88,0.0001550939997487473
GA,2040,52,124,88,0.0001550939997487473
GA,2040,52,125,88,0.0001550939997487473
GA,2040,52,126,88,0.0001550939997487473
GA,2040,52,127,88,0.00015612453755434847
GA,2040,52,128,88,0.00015612703165723994
GA,2040,52,129,88,0.00015560265367589989
GA,2040,52,130,88,0.00015502868541994848
GA,2040,52,131,88,0.0001550351483151375
GA,2040,52,132,88,0.0001550416114797538
GA,2040,52,133,88,0.00014219560915626172
GA,2040,52,134,88,0.00015505453861731387
GA,2040,52,135,88,0.00015511986383818778
GA,2040,52,136,88,0.00015655434051755425
GA,2040,52,137,88,0.00015803630296413494
GA,2040,52,138,88,0.00015803630296413494
GA,2040,52,139,88,0.0001563116176465824
GA,2040,52,140,88,0.00015631813402514232
GA,2040,52,141,88,0.0001563246506753566
GA,2040,52,142,88,0.0001563311675972391
GA,2040,52,143,88,0.00015633768479080153
GA,2040,52,144,88,0.0001442222848596337
GA,2040,52,145,88,0.0001442222848596337
GA,2040,52,146,88,0.0001442222848596337
GA,2040,52,147,88,0.0001442222848596337
GA,2040,52,148,88,0.00015637027483421842
GA,2040,52,149,88,0.00015637679365810005
GA,2040,52,150,88,0.00015638331275374143
GA,2040,52,151,88,0.00015638983212115326
GA,2040,52,152,88,0.00015639635176034616
GA,2040,52,153,88,0.0001442222848596337
GA,2040,52,154,88,0.0001442222848596337
GA,2040,52,155,88,0.0001442222848596337
GA,2040,52,156,88,0.00014422829725345865
GA,2040,52,157,88,0.0001442343098979303
GA,2040,52,158,88,0.00014424032279306036
GA,2040,52,159,88,0.00015850643972177203
GA,2040,52,160,88,0.583843136038712
GA,2040,52,161,88,0.5838674755148886
GA,2040,52,162,88,0.583891816005729
GA,2040,52,163,88,0.583916157511292
GA,2040,52,164,88,0.5839405000316126
GA,2040,52,165,88,0.5839648435667254
GA,2040,52,166,88,0.5839891881166852
GA,2040,52,167,88,0.5391680474036485
DE,2040,11,0,88,0.00015423992137843717
DE,2040,11,1,88,0.00015602694141414355
DE,2040,11,2,88,0.00015603344592500894
DE,2040,11,3,88,0.00015603995070703796
DE,2040,11,4,88,0.0001560464557602412
DE,2040,11,5,88,0.00015604688832960084
DE,2040,11,6,88,0.00015655434051755425
DE,2040,11,7,88,0.00015655434051755425
DE,2040,11,8,88,0.00015655434051755425
DE,2040,11,9,88,0.00014274342685216575
DE,2040,11,10,88,0.00015604688832960084
DE,2040,11,11,88,0.00015604688832960084
DE,2040,11,12,88,0.00015609850594947754
DE,2040,11,13,88,0.00015610501344375476
DE,2040,11,14,88,0.00015611152120931804
DE,2040,11,15,88,0.00015611802924617906
DE,2040,11,16,88,0.00015612453755434847
DE,2040,11,17,88,0.0001561310461338401
DE,2040,11,18,88,0.00015655434051755425
DE,2040,11,19,88,0.0001565543405175553
DE,2040,11,20,88,0.00015783024568849228
DE,2040,11,21,88,0.00015783024568849228
DE,2040,11,22,88,0.00015678926050664634
DE,2040,11,23,88,0.00014420759708757254
DE,2040,11,24,88,0.00014441679914484803
DE,2040,11,25,88,0.00014253109352094402
DE,2040,11,26,88,0.00012116748158432914
DE,2040,11,27,88,0.00012116748158432914
DE,2040,11,28,88,0.00012220913074248554
DE,2040,11,29,88,0.41051864414139
DE,2040,11,30,88,0.536354983637321
DE,2040,11,31,88,0.5363773434092162
DE,2040,11,32,88,0.536399704113251
DE,2040,11,33,88,0.5022015208898257
DE,2040,11,34,88,0.5828878225113772
DE,2040,11,35,88,0.5522522149000597
DE,2040,11,36,88,0.569040693029019
DE,2040,11,37,88,0.5606168829685569
DE,2040,11,38,88,0.561085203008227
DE,2040,11,39,88,0.5436594324171798
DE,2040,11,40,88,0.5436820966997259
DE,2040,11,41,88,0.5896490354731144
DE,2040,11,42,88,0.589673616987845
DE,2040,11,43,88,0.5896981995273364
DE,2040,11,44,88,0.5897227830916342
DE,2040,11,45,88,0.5897473676807798
DE,2040,11,46,88,0.5897719532948258
DE,2040,11,47,88,0.589796539933796
DE,2040,11,48,88,0.00015783024568849228
DE,2040,11,49,88,0.0001565543405175553
DE,2040,11,50,88,0.00015655434051755425
DE,2040,11,51,88,0.00015655434051755425
DE,2040,11,52,88,0.00015612703165723994
DE,2040,11,53,88,0.0001565543405175553
DE,2040,11,54,88,0.00015655434051755425
DE,2040,11,55,88,0.00015783024568849228
DE,2040,11,56,88,0.00014274342685213488
DE,2040,11,57,88,0.00015604688832960084
DE,2040,11,58,88,0.00015612453755434847
DE,2040,11,59,88,0.00015612453755434847
DE,2040,11,60,88,0.0001559219051154238
DE,2040,11,61,88,0.0001557192642290815
DE,2040,11,62,88,0.00015551661489496597
DE,2040,11,63,88,0.0001553139571127291
DE,2040,11,64,88,0.00015511129088201635
DE,2040,11,65,88,0.00014274342685216575
DE,2040,11,66,88,8.606887219567096e-05
DE,2040,11,67,88,8.65103400277532e-05
DE,2040,11,68,88,9.266252929029042e-05
DE,2040,11,69,88,8.65103400277532e-05
DE,2040,11,70,88,8.606887219567096e-05
DE,2040,11,71,88,8.606887219567096e-05
DE,2040,11,72,88,0.00010302050774870541
DE,2040,11,73,88,0.00012073076669238181
DE,2040,11,74,88,0.00012073076669238181
DE,2040,11,75,88,0.00012052665874438668
DE,2040,11,76,88,0.00010302050774870541
DE,2040,11,77,88,8.65103400277532e-05
DE,2040,11,78,88,9.331465084314913e-05
DE,2040,11,79,88,9.535969594125716e-05
DE,2040,11,80,88,9.332243127909944e-05
DE,2040,11,81,88,8.606887219567096e-05
DE,2040,11,82,88,8.606887219567096e-05
DE,2040,11,83,88,8.647995238223384e-05
DE,2040,11,84,88,8.627441657318039e-05
DE,2040,11,85,88,8.606887219567096e-05
DE,2040,11,86,88,8.60724602677652e-05
DE,2040,11,87,88,8.607604848944176e-05
DE,2040,11,88,88,8.607963686070276e-05
DE,2040,11,89,88,0.29868526464023804
DE,2040,11,90,88,0.33477127539768553
DE,2040,11,91,88,0.334785231470772
DE,2040,11,92,88,0.3347991881256681
DE,2040,11,93,88,0.3348131453623979
DE,2040,11,94,88,0.33129259051033
DE,2040,11,95,88,0.3111749838530389
DE,2040,11,96,88,0.3087637870715114
DE,2040,11,97,88,0.30877665893447037
DE,2040,11,98,88,0.3087895313340437
DE,2040,11,99,88,0.3088024042702422
DE,2040,11,100,88,0.30881527774309
DE,2040,11,101,88,0.3088281517526131
DE,2040,11,102,88,0.23814616220982732
DE,2040,11,103,88,0.3524129826806158
DE,2040,11,104,88,0.0
DE,2040,11,105,88,0.0
DE,2040,11,106,88,0.0
DE,2040,11,107,88,0.16765985747052045
DE,2040,11,108,88,0.5118378500870573
DE,2040,11,109,88,0.0
DE,2040,11,110,88,0.0
DE,2040,11,111,88,0.0
DE,2040,11,112,88,0.0
DE,2040,11,113,88,0.0
DE,2040,11,114,88,0.0
DE,2040,11,115,88,0.0
DE,2040,11,116,88,0.0
DE,2040,11,117,88,0.0
DE,2040,11,118,88,0.0
DE,2040,11,119,88,0.0
DE,2040,11,120,88,0.0
DE,2040,11,121,88,0.5438575214114124
DE,2040,11,122,88,0.5438801939519716
DE,2040,11,123,88,0.5655498769172189
DE,2040,11,124,88,0.5591940067780404
DE,2040,11,125,88,0.5719057470563952
DE,2040,11,126,88,0.569040693029019
DE,2040,11,127,88,0.569040693029019
DE,2040,11,128,88,0.5776358551111342
DE,2040,11,129,88,0.5746610326967995
DE,2040,11,130,88,0.5795688538777954
DE,2040,11,131,88,0.5440842893549163
DE,2040,11,132,88,0.5441069713490668
DE,2040,11,133,88,0.5441296542887918
DE,2040,11,134,88,0.5441523381741328
DE,2040,11,135,88,0.5441750230051268
DE,2040,11,136,88,0.5441977087818153
DE,2040,11,137,88,0.5902082412456148
DE,2040,11,138,88,0.5902328460727279
DE,2040,11,139,88,0.5902574519255762
DE,2040,11,140,88,0.5902820588042014
DE,2040,11,141,88,0.0
DE,2040,11,142,88,0.0
DE,2040,11,143,88,0.14814285425764173
DE,2040,11,144,88,0.5655498769172189
DE,2040,11,145,88,0.5620590608054143
DE,2040,11,146,88,0.519300612501535
DE,2040,11,147,88,0.519300612501535
DE,2040,11,148,88,0.4798425990416119
DE,2040,11,149,88,0.4109363450779206
DE,2040,11,150,88,0.5675700187057195
DE,2040,11,151,88,0.569040693029019
DE,2040,11,152,88,0.5438852346576674
DE,2040,11,153,88,0.5906020415916401
DE,2040,11,154,88,0.5906266628356523
DE,2040,11,155,88,0.584416232951383
DE,2040,11,156,88,0.5587788335601962
DE,2040,11,157,88,0.5446743286174106
DE,2040,11,158,88,0.5446970352093411
DE,2040,11,159,88,0.5447197427478732
DE,2040,11,160,88,0.5447424512330459
DE,2040,11,161,88,0.552149759378958
DE,2040,11,162,88,0.5908236697424714
DE,2040,11,163,88,0.5908483002258043
DE,2040,11,164,88,0.5908729317359408
DE,2040,11,165,88,0.5908975642729246
DE,2040,11,166,88,0.5909221978368013
DE,2040,11,167,88,0.00015803630296413494
DE,2040,21,0,88,0.0
DE,2040,21,1,88,0.0
DE,2040,21,2,88,0.0
DE,2040,21,3,88,0.0
DE,2040,21,4,88,0.0
DE,2040,21,5,88,0.0
DE,2040,21,6,88,0.0
DE,2040,21,7,88,0.0
DE,2040,21,8,88,0.0
DE,2040,21,9,88,0.0
DE,2040,21,10,88,0.0
DE,2040,21,11,88,0.0
DE,2040,21,12,88,0.0
DE,2040,21,13,88,0.0
DE,2040,21,14,88,0.0
DE,2040,21,15,88,0.29195948262428256
DE,2040,21,16,88,0.26116254065255
DE,2040,21,17,88,0.0
DE,2040,21,18,88,0.0
DE,2040,21,19,88,0.0
DE,2040,21,20,88,0.0
DE,2040,21,21,88,0.0
DE,2040,21,22,88,0.43394051301263015
DE,2040,21,23,88,0.48281138239559984
DE,2040,21,24,88,0.4820692355453082
DE,2040,21,25,88,0.4813270577561151
DE,2040,21,26,88,0.48058484902673426
DE,2040,21,27,88,0.0
DE,2040,21,28,88,0.0
DE,2040,21,29,88,0.0
DE,2040,21,30,88,0.0
DE,2040,21,31,88,0.0
DE,2040,21,32,88,0.0
DE,2040,21,33,88,0.0
DE,2040,21,34,88,0.0
DE,2040,21,35,88,0.0
DE,2040,21,36,88,0.45079124843556845
DE,2040,21,37,88,0.5123084773847756
DE,2040,21,38,88,0.5123298346967085
DE,2040,21,39,88,0.5161149300587932
DE,2040,21,40,88,0.5153281413795942
DE,2040,21,41,88,0.5164975584244197
DE,2040,21,42,88,0.5165190903723679
DE,2040,21,43,88,0.0
DE,2040,21,44,88,0.07332174009394847
DE,2040,21,45,88,0.5161149300587932
DE,2040,21,46,88,0.5166052271408601
DE,2040,21,47,88,0.5160818925988999
DE,2040,21,48,88,0.5102102086382535
DE,2040,21,49,88,0.4390563974106505
DE,2040,21,50,88,0.4400379352581984
DE,2040,21,51,88,0.43292115149349775
DE,2040,21,52,88,0.435173044335766
DE,2040,21,53,88,0.17681004700963768
DE,2040,21,54,88,0.46780318705832635
DE,2040,21,55,88,0.331165925603471
DE,2040,21,56,88,0.3211575187725931
DE,2040,21,57,88,0.4042895097810175
DE,2040,21,58,88,0.4043063639568753
DE,2040,21,59,88,0.4043232188353616
DE,2040,21,60,88,0.40434007441649616
DE,2040,21,61,88,0.404356930700316
DE,2040,21,62,88,0.404373787686845
DE,2040,21,63,88,0.40439064537611163
DE,2040,21,64,88,0.40440750376814855
DE,2040,21,65,88,0.40796270528041173
DE,2040,21,66,88,0.5244825624519245
DE,2040,21,67,88,0.5245044272817759
DE,2040,21,68,88,0.5245262930231391
DE,2040,21,69,88,0.507703567094445
DE,2040,21,70,88,0.5161149300587932
DE,2040,21,71,88,0.5093493305205297
DE,2040,21,72,88,0.5009379675561837
DE,2040,21,73,88,0.5161149300587932
DE,2040,21,74,88,0.5161149300587932
DE,2040,21,75,88,0.49892041268383025
DE,2040,21,76,88,0.5247012517729472
DE,2040,21,77,88,0.5247231257196062
DE,2040,21,78,88,0.5247450005781608
DE,2040,21,79,88,0.5247668763486283
DE,2040,21,80,88,0.5247887530310719
DE,2040,21,81,88,0.41534438597072354
DE,2040,21,82,88,0.5202805314510336
DE,2040,21,83,88,0.40472794678214163
DE,2040,21,84,88,0.4047448192357285
DE,2040,21,85,88,0.4047616923927071
DE,2040,21,86,88,0.40477856625309255
DE,2040,21,87,88,0.40479544081693075
DE,2040,21,88,88,0.40481231608423696
DE,2040,21,89,88,0.4840798496748781
DE,2040,21,90,88,0.5250075700219434
DE,2040,21,91,88,0.5250294567385148
DE,2040,21,92,88,0.5250513443675071
DE,2040,21,93,88,0.5135498806355674
DE,2040,21,94,88,0.5250951223629094
DE,2040,21,95,88,0.513506102640165
DE,2040,21,96,88,0.5110559425579233
DE,2040,21,97,88,0.5184276193885795
DE,2040,21,98,88,0.5156716551033288
DE,2040,21,99,88,0.5110559425579233
DE,2040,21,100,88,0.525226478251201
DE,2040,21,101,88,0.5252483740936957
DE,2040,21,102,88,0.5252702708489974
DE,2040,21,103,88,0.525292168517143
DE,2040,21,104,88,0.5253140670981588
DE,2040,21,105,88,0.461475708220344
DE,2040,21,106,88,0.525357866999001
DE,2040,21,107,88,0.40513307986200503
DE,2040,21,108,88,0.40514996920493285
DE,2040,21,109,88,0.4051668592519587
DE,2040,21,110,88,0.40518375000309576
DE,2040,21,111,88,0.4052006414583854
DE,2040,21,112,88,0.4052175336178538
DE,2040,21,113,88,0.5135003386869557
DE,2040,21,114,88,0.5482271537489776
DE,2040,21,115,88,0.5482500084524468
DE,2040,21,116,88,0.5482728641086876
DE,2040,21,117,88,0.5766485127405434
DE,2040,21,118,88,0.5256207431060163
DE,2040,21,119,88,0.5193518467825485
DE,2040,21,120,88,0.5132232083610352
DE,2040,21,121,88,0.5190066517565511
DE,2040,21,122,88,0.5161149300587932
DE,2040,21,123,88,0.5224862949442791
DE,2040,21,124,88,0.519300612501535
DE,2040,21,125,88,0.5257741482419439
DE,2040,21,126,88,0.5257960669159177
DE,2040,21,127,88,0.44358148198166447
DE,2040,21,128,88,0.4435999741763054
DE,2040,21,129,88,0.40185500673019553
DE,2040,21,130,88,0.43583082569181353
DE,2040,21,131,88,0.4012541882351364
DE,2040,21,132,88,0.4012709158733511
DE,2040,21,133,88,0.40128764420890933
DE,2040,21,134,88,0.4013043732418525
DE,2040,21,135,88,0.40132110297220025
DE,2040,21,136,88,0.4013378333999766
DE,2040,21,137,88,0.5204797598749861
DE,2040,21,138,88,0.5780600469702657
DE,2040,21,139,88,0.5780841453588025
DE,2040,21,140,88,0.5781082447519628
DE,2040,21,141,88,0.5781323451497923
DE,2040,21,142,88,0.5781564465523238
DE,2040,21,143,88,0.3611490504246516
DE,2040,21,144,88,0.569040693029019
DE,2040,21,145,88,0.5093380536711608
DE,2040,21,146,88,0.5093380536711608
DE,2040,21,147,88,0.45034714441206086
DE,2040,21,148,88,0.3166581887143303
DE,2040,21,149,88,0.5271015910125542
DE,2040,21,150,88,0.5783492939470689
DE,2040,21,151,88,0.5783734043938457
DE,2040,21,152,88,0.5783975158457538
DE,2040,21,153,88,0.5333521718687249
DE,2040,21,154,88,0.569040693029019
DE,2040,21,155,88,0.5719057470563952
DE,2040,21,156,88,0.5366550046915678
DE,2040,21,157,88,0.5334411157885314
DE,2040,21,158,88,0.5334633540859878
DE,2040,21,159,88,0.5334855933105189
DE,2040,21,160,88,0.5335078334621728
DE,2040,21,161,88,0.5335300745409777
DE,2040,21,162,88,0.5786386856559178
DE,2040,21,163,88,0.5786628081669717
DE,2040,21,164,88,0.5786869316836519
DE,2040,21,165,88,0.5787110562060023
DE,2040,21,166,88,0.49827919915479896
DE,2040,21,167,88,0.3406854756886351
DE,2040,42,0,88,0.0
DE,2040,42,1,88,0.0
DE,2040,42,2,88,0.0
DE,2040,42,3,88,0.0
DE,2040,42,4,88,0.0
DE,2040,42,5,88,0.0
DE,2040,42,6,88,0.0
DE,2040,42,7,88,0.0
DE,2040,42,8,88,0.0
DE,2040,42,9,88,0.0
DE,2040,42,10,88,0.0
DE,2040,42,11,88,0.0
DE,2040,42,12,88,0.0
DE,2040,42,13,88,0.0
DE,2040,42,14,88,0.0
DE,2040,42,15,88,0.0
DE,2040,42,16,88,0.0
DE,2040,42,17,88,0.0
DE,2040,42,18,88,0.0
DE,2040,42,19,88,0.0
DE,2040,42,20,88,0.0
DE,2040,42,21,88,0.0
DE,2040,42,22,88,0.0
DE,2040,42,23,88,0.5109494304003326
DE,2040,42,24,88,0.5615786177601679
DE,2040,42,25,88,0.5655498769172189
DE,2040,42,26,88,0.5655498769172189
DE,2040,42,27,88,0.5615552074316956
DE,2040,42,28,88,0.5615786177601679
DE,2040,42,29,88,0.5276370808128927
DE,2040,42,30,88,0.0
DE,2040,42,31,88,0.20940783425561743
DE,2040,42,32,88,0.0
DE,2040,42,33,88,0.0
DE,2040,42,34,88,0.0
DE,2040,42,35,88,0.5568704117979406
DE,2040,42,36,88,0.5568936268248569
DE,2040,42,37,88,0.5569168428195737
DE,2040,42,38,88,0.5569400597821214
DE,2040,42,39,88,0.5569632777125503
DE,2040,42,40,88,0.5083000783396945
DE,2040,42,41,88,0.5545417631960657
DE,2040,42,42,88,0.0
DE,2040,42,43,88,0.0
DE,2040,42,44,88,0.0
DE,2040,42,45,88,0.5114182500032285
DE,2040,42,46,88,0.5114395702030236
DE,2040,42,47,88,0.511460891291627
DE,2040,42,48,88,0.5620470293308394
DE,2040,42,49,88,0.5620704601625709
DE,2040,42,50,88,0.5115248598906231
DE,2040,42,51,88,0.5115461845348133
DE,2040,42,52,88,0.5115675100679927
DE,2040,42,53,88,0.5923491000898979
DE,2040,42,54,88,0.0
DE,2040,42,55,88,0.3748827162068817
DE,2040,42,56,88,0.0
DE,2040,42,57,88,0.0
DE,2040,42,58,88,0.0
DE,2040,42,59,88,0.28463819371818316
DE,2040,42,60,88,0.0
DE,2040,42,61,88,0.0
DE,2040,42,62,88,0.0
DE,2040,42,63,88,0.0
DE,2040,42,64,88,0.0
DE,2040,42,65,88,0.0
DE,2040,42,66,88,0.0
DE,2040,42,67,88,0.0
DE,2040,42,68,88,0.0
DE,2040,42,69,88,0.0
DE,2040,42,70,88,0.0
DE,2040,42,71,88,0.0
DE,2040,42,72,88,0.0
DE,2040,42,73,88,0.0
DE,2040,42,74,88,0.0
DE,2040,42,75,88,0.0
DE,2040,42,76,88,0.0
DE,2040,42,77,88,0.0
DE,2040,42,78,88,0.0
DE,2040,42,79,88,0.0
DE,2040,42,80,88,0.0
DE,2040,42,81,88,0.0
DE,2040,42,82,88,0.0
DE,2040,42,83,88,0.0
DE,2040,42,84,88,0.0
DE,2040,42,85,88,0.0
DE,2040,42,86,88,0.0
DE,2040,42,87,88,0.0
DE,2040,42,88,88,0.0
DE,2040,42,89,88,0.0
DE,2040,42,90,88,0.0
DE,2040,42,91,88,0.0
DE,2040,42,92,88,0.0
DE,2040,42,93,88,0.0
DE,2040,42,94,88,0.0
DE,2040,42,95,88,0.0
DE,2040,42,96,88,0.0
DE,2040,42,97,88,0.24106536288771055
DE,2040,42,98,88,0.2403131380368163
DE,2040,42,99,88,0.06372264298522778
DE,2040,42,100,88,0.0
DE,2040,42,101,88,0.0
DE,2040,42,102,88,0.572122105573569
DE,2040,42,103,88,0.5721459564189357
DE,2040,42,104,88,0.5552957623425898
DE,2040,42,105,88,0.5373874160236379
DE,2040,42,106,88,0.5374098188359642
DE,2040,42,107,88,0.537432222582231
DE,2040,42,108,88,0.5374546272624774
DE,2040,42,109,88,0.5374770328767363
DE,2040,42,110,88,0.5374994394250447
DE,2040,42,111,88,0.5375218469074529
DE,2040,42,112,88,0.5786407828091867
DE,2040,42,113,88,0.5892121151591397
DE,2040,42,114,88,0.5892366784593677
DE,2040,42,115,88,0.5892612427835997
DE,2040,42,116,88,0.5892858081318795
DE,2040,42,117,88,0.5893103745042462
DE,2040,42,118,88,0.543415141897727
DE,2040,42,119,88,0.5434377959961999
DE,2040,42,120,88,0.5675700187057195
DE,2040,42,121,88,0.5675700187057195
DE,2040,42,122,88,0.5582599804790318
DE,2040,42,123,88,0.5452276226600541
DE,2040,42,124,88,0.5378132291988733
DE,2040,42,125,88,0.5832839701487158
DE,2040,42,126,88,0.583308286314167
DE,2040,42,127,88,0.5833326034933161
DE,2040,42,128,88,0.583356921686211
DE,2040,42,129,88,0.5434138076107125
DE,2040,42,130,88,0.5783455675975063
DE,2040,42,131,88,0.5333042693271863
DE,2040,42,132,88,0.5333265019197361
DE,2040,42,133,88,0.533348735439125
DE,2040,42,134,88,0.5333709698853925
DE,2040,42,135,88,0.5333932052585776
DE,2040,42,136,88,0.582071377815488
DE,2040,42,137,88,0.5835758310477135
DE,2040,42,138,88,0.5836001593803736
DE,2040,42,139,88,0.5836244887272395
DE,2040,42,140,88,0.5836488190883572
DE,2040,42,141,88,0.583673150463768
DE,2040,42,142,88,0.5615786177601679
DE,2040,42,143,88,0.5670744259628984
DE,2040,42,144,88,0.5655498769172189
DE,2040,42,145,88,0.5673273940410528
DE,2040,42,146,88,0.5673273940410528
DE,2040,42,147,88,0.5655498769172189
DE,2040,42,148,88,0.5660617128678691
DE,2040,42,149,88,0.3703737381175502
DE,2040,42,150,88,0.5838921784926572
DE,2040,42,151,88,0.5839165200133275
DE,2040,42,152,88,0.5839408625487574
DE,2040,42,153,88,0.556125715528307
DE,2040,42,154,88,0.538486252855422
DE,2040,42,155,88,0.538508701476483
DE,2040,42,156,88,0.5385311510333902
DE,2040,42,157,88,0.5385536015261827
DE,2040,42,158,88,0.538576052954902
DE,2040,42,159,88,0.538598505319585
DE,2040,42,160,88,0.5841356393685909
DE,2040,42,161,88,0.5841599910387526
DE,2040,42,162,88,0.5841843437240971
DE,2040,42,163,88,0.5842086974246634
DE,2040,42,164,88,0.2734564176949527
DE,2040,42,165,88,0.5842574078716384
DE,2040,42,166,88,0.5590631483594987
DE,2040,42,167,88,0.5586616258920171
DE,2040,52,0,88,0.0
DE,2040,52,1,88,0.8152417773967581
DE,2040,52,2,88,0.2857637671699294
DE,2040,52,3,88,0.2850134057232185
DE,2040,52,4,88,0.28426301299515366
DE,2040,52,5,88,0.2835125889844246
DE,2040,52,6,88,0.282762133689734
DE,2040,52,7,88,0.6271243795891157
DE,2040,52,8,88,0.6271505233903395
DE,2040,52,9,88,0.5834693708547192
DE,2040,52,10,88,0.5263277788041458
DE,2040,52,11,88,0.5263497205580849
DE,2040,52,12,88,0.5263716632267386
DE,2040,52,13,88,0.5263936068101503
DE,2040,52,14,88,0.5264155513083554
DE,2040,52,15,88,0.5264374967213884
DE,2040,52,16,88,0.5709464484170501
DE,2040,52,17,88,0.5709702502511723
DE,2040,52,18,88,0.5709940530775515
DE,2040,52,19,88,0.5710178568962332
DE,2040,52,20,88,0.5599702721493781
DE,2040,52,21,88,0.00015803630296413494
DE,2040,52,22,88,0.00015655434051755425
DE,2040,52,23,88,0.00015655434051755425
DE,2040,52,24,88,0.00015655434051755425
DE,2040,52,25,88,0.00015612703165723994
DE,2040,52,26,88,0.00015612453755434847
DE,2040,52,27,88,0.00015612453755434847
DE,2040,52,28,88,0.00015612453755434847
DE,2040,52,29,88,0.00015612453755434847
DE,2040,52,30,88,0.00015612453755434847
DE,2040,52,31,88,0.00015612453755434847
DE,2040,52,32,88,0.00015612453755434847
DE,2040,52,33,88,0.00015612453755434847
DE,2040,52,34,88,0.00015612453755434847
DE,2040,52,35,88,0.00018687456863195677
DE,2040,52,36,88,0.0001550939997487473
DE,2040,52,37,88,0.0001550939997487473
DE,2040,52,38,88,0.0001550939997487473
DE,2040,52,39,88,0.0001550939997487473
DE,2040,52,40,88,0.0001550939997487473
DE,2040,52,41,88,0.00015612453755434847
DE,2040,52,42,88,0.00015560265367589989
DE,2040,52,43,88,0.0001550939997487473
DE,2040,52,44,88,0.0001550939997487473
DE,2040,52,45,88,0.0001550939997487473
DE,2040,52,46,88,0.0001550939997487473
DE,2040,52,47,88,0.0001550939997487473
DE,2040,52,48,88,0.0001550939997487473
DE,2040,52,49,88,0.0001546736407747217
DE,2040,52,50,88,0.0001538529151656019
DE,2040,52,51,88,0.00015365216583075264
DE,2040,52,52,88,0.00015345140812698916
DE,2040,52,53,88,0.0001532506420539612
DE,2040,52,54,88,0.00015469943476343484
DE,2040,52,55,88,0.0001550939997487473
DE,2040,52,56,88,0.0001550939997487473
DE,2040,52,57,88,0.0001550939997487473
DE,2040,52,58,88,0.0001550939997487473
DE,2040,52,59,88,0.0001550939997487473
DE,2040,52,60,88,0.0001550939997487473
DE,2040,52,61,88,0.0001550939997487473
DE,2040,52,62,88,0.0001550939997487473
DE,2040,52,63,88,0.0001547574869665201
DE,2040,52,64,88,0.0001550939997487473
DE,2040,52,65,88,0.0001550939997487473
DE,2040,52,66,88,0.0001550939997487473
DE,2040,52,67,88,0.00015612453755434847
DE,2040,52,68,88,0.00015612453755434847
DE,2040,52,69,88,0.00015612453755434847
DE,2040,52,70,88,0.00015604688832960084
DE,2040,52,71,88,0.0001550939997487473
DE,2040,52,72,88,0.00014114089767663503
DE,2040,52,73,88,0.00014113024552148118
DE,2040,52,74,88,0.00014113024552148118
DE,2040,52,75,88,0.00014113612901318825
DE,2040,52,76,88,0.00014118016045258145
DE,2040,52,77,88,0.00014138734093961745
DE,2040,52,78,88,0.00014246985822544535
DE,2040,52,79,88,0.00014274342685216575
DE,2040,52,80,88,0.0001424776276489551
DE,2040,52,81,88,0.00014246985822544535
DE,2040,52,82,88,0.00014246985822544535
DE,2040,52,83,88,0.00013927712682106785
DE,2040,52,84,88,0.00013927712682106785
DE,2040,52,85,88,0.00013927712682106785
DE,2040,52,86,88,0.00014246985822544535
DE,2040,52,87,88,0.00014246985822544535
DE,2040,52,88,88,0.00014274342685213488
DE,2040,52,89,88,0.0001424776276489551
DE,2040,52,90,88,0.00015803630296413494
DE,2040,52,91,88,0.00015803630296413494
DE,2040,52,92,88,0.00015783024568849228
DE,2040,52,93,88,0.0001565543405175553
DE,2040,52,94,88,0.00015655434051755425
DE,2040,52,95,88,0.00015655434051755425
DE,2040,52,96,88,0.00014274342685213488
DE,2040,52,97,88,0.00015604688832960084
DE,2040,52,98,88,0.00015612453755434847
DE,2040,52,99,88,0.00015560265367589989
DE,2040,52,100,88,0.00015560265367589989
DE,2040,52,101,88,0.00015612453755434847
DE,2040,52,102,88,0.0001565543405175553
DE,2040,52,103,88,0.00015655434051755425
DE,2040,52,104,88,0.00015655434051755425
DE,2040,52,105,88,0.00015655434051755425
DE,2040,52,106,88,0.0001565543405175553
DE,2040,52,107,88,0.00015655434051755425
DE,2040,52,108,88,0.00015655434051755425
DE,2040,52,109,88,0.00015612703165723994
DE,2040,52,110,88,0.00015612703165723994
DE,2040,52,111,88,0.00015655434051755425
DE,2040,52,112,88,0.00015655434051755425
DE,2040,52,113,88,0.0001885820566320079
DE,2040,52,114,88,0.0001885820566320079
DE,2040,52,115,88,0.00015655434051755425
DE,2040,52,116,88,0.00015655434051755425
DE,2040,52,117,88,0.0001565543405175553
DE,2040,52,118,88,0.00015655434051755425
DE,2040,52,119,88,0.00015612453755434847
DE,2040,52,120,88,0.00015560265367589989
DE,2040,52,121,88,0.00015513212408057212
DE,2040,52,122,88,0.00015513859128794922
DE,2040,52,123,88,0.00015514505876493666
DE,2040,52,124,88,0.00015515152651154085
DE,2040,52,125,88,0.00015515799452777562
DE,2040,52,126,88,0.00015612453755434847
DE,2040,52,127,88,0.00015612703165723994
DE,2040,52,128,88,0.0001565543405175553
DE,2040,52,129,88,0.00015612703165723994
DE,2040,52,130,88,0.00015612453755434847
DE,2040,52,131,88,0.00015519680828804204
DE,2040,52,132,88,0.00015520327819200074
DE,2040,52,133,88,0.00015520974836567838
DE,2040,52,134,88,0.00015521621880908883
DE,2040,52,135,88,0.00015612453755434847
DE,2040,52,136,88,0.00015655434051755425
DE,2040,52,137,88,0.5690394606512801
DE,2040,52,138,88,0.5690631829861633
DE,2040,52,139,88,0.5193427862606538
DE,2040,52,140,88,0.519364436821551
DE,2040,52,141,88,0.5193860882850253
DE,2040,52,142,88,0.5194077406511113
DE,2040,52,143,88,0.5194293939198528
DE,2040,52,144,88,0.5189792271501639
DE,2040,52,145,88,0.5033722002878168
DE,2040,52,146,88,0.5073089005791576
DE,2040,52,147,88,0.506557882730563
DE,2040,52,148,88,0.5187615129360665
DE,2040,52,149,88,0.5195593324900954
DE,2040,52,150,88,0.5195809920784541
DE,2040,52,151,88,0.5196026525697689
DE,2040,52,152,88,0.5196243139640706
DE,2040,52,153,88,0.5186748709707787
DE,2040,52,154,88,0.5550774285818098
DE,2040,52,155,88,0.4791961524100973
DE,2040,52,156,88,0.4792161293227508
DE,2040,52,157,88,0.47923610706821407
DE,2040,52,158,88,0.4792560856465109
DE,2040,52,159,88,0.4792760650576872
DE,2040,52,160,88,0.5898160535625976
DE,2040,52,161,88,0.5898406420400408
DE,2040,52,162,88,0.5898652315425392
DE,2040,52,163,88,0.5898898220701405
DE,2040,52,164,88,0.2788198171487565
DE,2040,52,165,88,0.2905488405956242
DE,2040,52,166,88,0.5899635998039223
DE,2040,52,167,88,0.5365366539328851
GA,2050,11,0,88,0.0
GA,2050,11,1,88,0.00023329697470166202
GA,2050,11,2,88,0.00023330670047525733
GA,2050,11,3,88,0.00023331642665430456
GA,2050,11,4,88,0.00023332615323882184
GA,2050,11,5,88,0.0002341868063315227
GA,2050,11,6,88,0.00023483151077633192
GA,2050,11,7,88,0.00023483151077633192
GA,2050,11,8,88,0.00023483151077633192
GA,2050,11,9,88,0.0002340703324944018
GA,2050,11,10,88,0.0002340703324944018
GA,2050,11,11,88,0.0002341868063315227
GA,2050,11,12,88,0.0002334039805138525
GA,2050,11,13,88,0.0002334137107483484
GA,2050,11,14,88,0.00023342344138848042
GA,2050,11,15,88,0.0002334331724342677
GA,2050,11,16,88,0.00023344290388572621
GA,2050,11,17,88,0.0002341868063315227
GA,2050,11,18,88,0.00023483151077633192
GA,2050,11,19,88,0.00023483151077633192
GA,2050,11,20,88,0.0002351838907599679
GA,2050,11,21,88,0.0002351838907599679
GA,2050,11,22,88,0.00023483151077633192
GA,2050,11,23,88,0.00021411514027825076
GA,2050,11,24,88,0.00021411514027825076
GA,2050,11,25,88,0.00021371644147343422
GA,2050,11,26,88,0.00021371644147343422
GA,2050,11,27,88,0.00018109615003857111
GA,2050,11,28,88,0.00018175122237649104
GA,2050,11,29,88,0.00018331369611372723
GA,2050,11,30,88,0.7910678721332154
GA,2050,11,31,88,0.7922620969110707
GA,2050,11,32,88,0.7911338301886345
GA,2050,11,33,88,0.7572109599877384
GA,2050,11,34,88,0.8694173172485234
GA,2050,11,35,88,0.8272323135031288
GA,2050,11,36,88,0.8483248153758217
GA,2050,11,37,88,0.801774324388159
GA,2050,11,38,88,0.8018077490631466
GA,2050,11,39,88,0.8018411751315478
GA,2050,11,40,88,0.8018746025934327
GA,2050,11,41,88,0.8696710611950375
GA,2050,11,42,88,0.8697073163751735
GA,2050,11,43,88,0.8697435730667471
GA,2050,11,44,88,0.8697798312697844
GA,2050,11,45,88,0.8698160909843726
GA,2050,11,46,88,0.8698523522105728
GA,2050,11,47,88,0.8219862078736148
GA,2050,11,48,88,0.0002351838907599679
GA,2050,11,49,88,0.00023483151077633192
GA,2050,11,50,88,0.00023419054748586047
GA,2050,11,51,88,0.00023419054748586047
GA,2050,11,52,88,0.00023419054748586047
GA,2050,11,53,88,0.00023419054748586047
GA,2050,11,54,88,0.00023483151077633192
GA,2050,11,55,88,0.00023483151077633192
GA,2050,11,56,88,0.00021411514027825076
GA,2050,11,57,88,0.0002340703324944018
GA,2050,11,58,88,0.0002341868063315227
GA,2050,11,59,88,0.00023417102265640586
GA,2050,11,60,88,0.0002341807848676471
GA,2050,11,61,88,0.0002340703324944018
GA,2050,11,62,88,0.0002337663789804094
GA,2050,11,63,88,0.00023346241279508558
GA,2050,11,64,88,0.00023315843393790337
GA,2050,11,65,88,0.00021411514027825076
GA,2050,11,66,88,0.00015453076162305813
GA,2050,11,67,88,0.00012918912727449553
GA,2050,11,68,88,0.00012918912727449553
GA,2050,11,69,88,0.00012910330829350592
GA,2050,11,70,88,0.00012910330829350592
GA,2050,11,71,88,0.00015453076162305813
GA,2050,11,72,88,0.00020314444911516454
GA,2050,11,73,88,0.00021371644147343422
GA,2050,11,74,88,0.00020314444911516454
GA,2050,11,75,88,0.00018109615003857111
GA,2050,11,76,88,0.00018109615003857111
GA,2050,11,77,88,0.00012910330829350592
GA,2050,11,78,88,0.00013838219035420643
GA,2050,11,79,88,0.00019549422882733685
GA,2050,11,80,88,0.00013839372845416271
GA,2050,11,81,88,0.00012910330829350592
GA,2050,11,82,88,0.00012910330829350592
GA,2050,11,83,88,0.00021371644147343422
GA,2050,11,84,88,0.00021341163943863905
GA,2050,11,85,88,0.00021310682469714121
GA,2050,11,86,88,0.00021280199724840946
GA,2050,11,87,88,0.00021249715709191366
GA,2050,11,88,88,0.00012910869040164832
GA,2050,11,89,88,0.30715404603413915
GA,2050,11,90,88,0.6710609640184036
GA,2050,11,91,88,0.6710889394647824
GA,2050,11,92,88,0.6711169160774143
GA,2050,11,93,88,0.4985010375097679
GA,2050,11,94,88,0.49619008084360094
GA,2050,11,95,88,0.4711775629323212
GA,2050,11,96,88,0.4624477964707532
GA,2050,11,97,88,0.4626695501599
GA,2050,11,98,88,0.46248635467601373
GA,2050,11,99,88,0.619005435441323
GA,2050,11,100,88,0.6190312407769023
GA,2050,11,101,88,0.4625441980119725
GA,2050,11,102,88,0.6713967463581698
GA,2050,11,103,88,0.6714247358027696
GA,2050,11,104,88,0.4159464025934882
GA,2050,11,105,88,0.0
GA,2050,11,106,88,0.0
GA,2050,11,107,88,0.7665679353481122
GA,2050,11,108,88,0.7665998923256709
GA,2050,11,109,88,0.0
GA,2050,11,110,88,0.0
GA,2050,11,111,88,0.0
GA,2050,11,112,88,0.0
GA,2050,11,113,88,0.0
GA,2050,11,114,88,0.0
GA,2050,11,115,88,0.0
GA,2050,11,116,88,0.0
GA,2050,11,117,88,0.0
GA,2050,11,118,88,0.0
GA,2050,11,119,88,0.0
GA,2050,11,120,88,0.0
GA,2050,11,121,88,0.8107986729849533
GA,2050,11,122,88,0.8483248153758217
GA,2050,11,123,88,0.8483248153758217
GA,2050,11,124,88,0.843088591208126
GA,2050,11,125,88,0.853561039543535
GA,2050,11,126,88,0.851355028058576
GA,2050,11,127,88,0.855767051028481
GA,2050,11,128,88,0.8619915490452014
GA,2050,11,129,88,0.8564375240011641
GA,2050,11,130,88,0.8648826275851654
GA,2050,11,131,88,0.8111367452565197
GA,2050,11,132,88,0.8111705602356878
GA,2050,11,133,88,0.8112043766245434
GA,2050,11,134,88,0.8112381944231563
GA,2050,11,135,88,0.8112720136315744
GA,2050,11,136,88,0.8113058342498632
GA,2050,11,137,88,0.879899679505816
GA,2050,11,138,88,0.8799363611005098
GA,2050,11,139,88,0.879973044224406
GA,2050,11,140,88,0.8800097288775529
GA,2050,11,141,88,0.19709001375514312
GA,2050,11,142,88,0.027846248135522864
GA,2050,11,143,88,0.5314727827800982
GA,2050,11,144,88,0.8483248153758217
GA,2050,11,145,88,0.843088591208126
GA,2050,11,146,88,0.778950918752308
GA,2050,11,147,88,0.853561039543535
GA,2050,11,148,88,0.853561039543535
GA,2050,11,149,88,0.8578586205845916
GA,2050,11,150,88,0.8492634585024698
GA,2050,11,151,88,0.851355028058576
GA,2050,11,152,88,0.667438693054136
GA,2050,11,153,88,0.880486768560224
GA,2050,11,154,88,0.8805234746297117
GA,2050,11,155,88,0.871264784420252
GA,2050,11,156,88,0.8428596237055412
GA,2050,11,157,88,0.7991296737862067
GA,2050,11,158,88,0.7991629882099771
GA,2050,11,159,88,0.7991963040225782
GA,2050,11,160,88,0.7992296212240626
GA,2050,11,161,88,0.8522613320982257
GA,2050,11,162,88,0.8668385889692098
GA,2050,11,163,88,0.8668747260681643
GA,2050,11,164,88,0.8669108646736158
GA,2050,11,165,88,0.8669470047856296
GA,2050,11,166,88,0.8668747245616063
GA,2050,11,167,88,0.00023674536853273627
GA,2050,21,0,88,0.0
GA,2050,21,1,88,0.07902269121688409
GA,2050,21,2,88,0.0
GA,2050,21,3,88,0.0
GA,2050,21,4,88,0.0
GA,2050,21,5,88,0.0
GA,2050,21,6,88,0.0
GA,2050,21,7,88,0.0
GA,2050,21,8,88,0.0
GA,2050,21,9,88,0.0
GA,2050,21,10,88,0.0
GA,2050,21,11,88,0.0
GA,2050,21,12,88,0.0
GA,2050,21,13,88,0.0
GA,2050,21,14,88,0.7777070182814447
GA,2050,21,15,88,0.5742647659016449
GA,2050,21,16,88,0.851778344151057
GA,2050,21,17,88,0.6514754228055016
GA,2050,21,18,88,0.0
GA,2050,21,19,88,0.0
GA,2050,21,20,88,0.0
GA,2050,21,21,88,0.0
GA,2050,21,22,88,0.6349444956408735
GA,2050,21,23,88,0.8520269400719302
GA,2050,21,24,88,0.8520624596971965
GA,2050,21,25,88,0.8520979808032105
GA,2050,21,26,88,0.8521335033900463
GA,2050,21,27,88,0.4911596755569082
GA,2050,21,28,88,0.0
GA,2050,21,29,88,0.0
GA,2050,21,30,88,0.0
GA,2050,21,31,88,0.0
GA,2050,21,32,88,0.0
GA,2050,21,33,88,0.0
GA,2050,21,34,88,0.0
GA,2050,21,35,88,0.42038029684539746
GA,2050,21,36,88,0.7665839138368894
GA,2050,21,37,88,0.7665839138368894
GA,2050,21,38,88,0.7665839138368894
GA,2050,21,39,88,0.7665679353481122
GA,2050,21,40,88,0.7665998923256622
GA,2050,21,41,88,0.7736159774424721
GA,2050,21,42,88,0.7748432354418047
GA,2050,21,43,88,0.6033201455018327
GA,2050,21,44,88,0.7543197743237464
GA,2050,21,45,88,0.7696749600747889
GA,2050,21,46,88,0.7749724513674726
GA,2050,21,47,88,0.773372338808909
GA,2050,21,48,88,0.7724188830133567
GA,2050,21,49,88,0.6574936094463999
GA,2050,21,50,88,0.6596755827855428
GA,2050,21,51,88,0.6523399013768016
GA,2050,21,52,88,0.6560077420811766
GA,2050,21,53,88,0.5677581667335937
GA,2050,21,54,88,0.7017632876820555
GA,2050,21,55,88,0.4967903065841835
GA,2050,21,56,88,0.4925020753129084
GA,2050,21,57,88,0.3951312965354446
GA,2050,21,58,88,0.6011209115963045
GA,2050,21,59,88,0.00018331369611372832
GA,2050,21,60,88,0.00018332133816527027
GA,2050,21,61,88,0.00018332898053539834
GA,2050,21,62,88,0.0001833366232241242
GA,2050,21,63,88,0.00018334426623146065
GA,2050,21,64,88,0.00018335190955742154
GA,2050,21,65,88,0.00018496378119694525
GA,2050,21,66,88,0.7739794456116781
GA,2050,21,67,88,0.7740117115631096
GA,2050,21,68,88,0.77404397885967
GA,2050,21,69,88,0.7591238488141088
GA,2050,21,70,88,0.7741085174883346
GA,2050,21,71,88,0.7590593101854309
GA,2050,21,72,88,0.7362299888316662
GA,2050,21,73,88,0.7741071792868458
GA,2050,21,74,88,0.7742376108895401
GA,2050,21,75,88,0.7740426245134243
GA,2050,21,76,88,0.774302165662953
GA,2050,21,77,88,0.7743344450680636
GA,2050,21,78,88,0.774366725818857
GA,2050,21,79,88,0.7743990079153898
GA,2050,21,80,88,0.774431291357684
GA,2050,21,81,88,0.61499475794109
GA,2050,21,82,88,0.7677785042318359
GA,2050,21,83,88,0.00018362359410940704
GA,2050,21,84,88,0.00018331369611372723
GA,2050,21,85,88,0.00018332133816527027
GA,2050,21,86,88,0.00018332898053539834
GA,2050,21,87,88,0.0001833366232241242
GA,2050,21,88,88,0.00018334426623146065
GA,2050,21,89,88,0.00018335190955742154
GA,2050,21,90,88,0.7797646856055027
GA,2050,21,91,88,0.7797971927342388
GA,2050,21,92,88,0.7798297012181418
GA,2050,21,93,88,0.7741723950881843
GA,2050,21,94,88,0.7798947222516844
GA,2050,21,95,88,0.7799272348014373
GA,2050,21,96,88,0.7626952282114441
GA,2050,21,97,88,0.7704725994623303
GA,2050,21,98,88,0.7665839138368894
GA,2050,21,99,88,0.7795432491712788
GA,2050,21,100,88,0.780089817882269
GA,2050,21,101,88,0.7801223385652438
GA,2050,21,102,88,0.7801548606039526
GA,2050,21,103,88,0.7801873839984562
GA,2050,21,104,88,0.7802199087488028
GA,2050,21,105,88,0.7501774835245095
GA,2050,21,106,88,0.7735173942427667
GA,2050,21,107,88,0.6017217401908697
GA,2050,21,108,88,0.6017468249971294
GA,2050,21,109,88,0.6017719108491459
GA,2050,21,110,88,0.6017969977469413
GA,2050,21,111,88,0.6018220856905722
GA,2050,21,112,88,0.601847174680082
GA,2050,21,113,88,0.7674956334613653
GA,2050,21,114,88,0.8577094508252977
GA,2050,21,115,88,0.8577452073452405
GA,2050,21,116,88,0.8577809653558295
GA,2050,21,117,88,0.8578167248570954
GA,2050,21,118,88,0.8578524858491251
GA,2050,21,119,88,0.7807079427441892
GA,2050,21,120,88,0.7741723950881843
GA,2050,21,121,88,0.7741723950881843
GA,2050,21,122,88,0.7741723950881843
GA,2050,21,123,88,0.7808381366916632
GA,2050,21,124,88,0.7808706885708426
GA,2050,21,125,88,0.780903241807051
GA,2050,21,126,88,0.7809357964003495
GA,2050,21,127,88,0.6588270238149082
GA,2050,21,128,88,0.6588544892480986
GA,2050,21,129,88,0.5995971605427419
GA,2050,21,130,88,0.7575772673473132
GA,2050,21,131,88,0.5996471540567473
GA,2050,21,132,88,0.5996721523768714
GA,2050,21,133,88,0.5996971517391376
GA,2050,21,134,88,0.5997221521435807
GA,2050,21,135,88,0.5997471535902573
GA,2050,21,136,88,0.5997721560791938
GA,2050,21,137,88,0.7478747634671584
GA,2050,21,138,88,0.8638715113834528
GA,2050,21,139,88,0.8639075247897424
GA,2050,21,140,88,0.8639435396973704
GA,2050,21,141,88,0.8639795561063979
GA,2050,21,142,88,0.8640155740169033
GA,2050,21,143,88,0.5978433313997032
GA,2050,21,144,88,0.851355028058576
GA,2050,21,145,88,0.853561039543535
GA,2050,21,146,88,0.853561039543535
GA,2050,21,147,88,0.853561039543535
GA,2050,21,148,88,0.8642317130141647
GA,2050,21,149,88,0.8642677414366772
GA,2050,21,150,88,0.8643037713611517
GA,2050,21,151,88,0.8643398027876622
GA,2050,21,152,88,0.8643758357162612
GA,2050,21,153,88,0.7970586260488968
GA,2050,21,154,88,0.853561039543535
GA,2050,21,155,88,0.8144599930982647
GA,2050,21,156,88,0.7971583144600666
GA,2050,21,157,88,0.7971915467010684
GA,2050,21,158,88,0.7972247803274606
GA,2050,21,159,88,0.7972580153392997
GA,2050,21,160,88,0.7972912517366688
GA,2050,21,161,88,0.7973244895195981
GA,2050,21,162,88,0.8647362476310861
GA,2050,21,163,88,0.8647722970868266
GA,2050,21,164,88,0.8648083480454142
GA,2050,21,165,88,0.8648444005069057
GA,2050,21,166,88,0.8648804544713665
GA,2050,21,167,88,0.5010845889855093
GA,2050,42,0,88,0.0
GA,2050,42,1,88,0.0
GA,2050,42,2,88,0.0
GA,2050,42,3,88,0.0
GA,2050,42,4,88,0.0
GA,2050,42,5,88,0.0
GA,2050,42,6,88,0.0
GA,2050,42,7,88,0.0
GA,2050,42,8,88,0.0
GA,2050,42,9,88,0.0
GA,2050,42,10,88,0.0
GA,2050,42,11,88,0.0
GA,2050,42,12,88,0.0
GA,2050,42,13,88,0.0
GA,2050,42,14,88,0.0
GA,2050,42,15,88,0.0
GA,2050,42,16,88,0.0
GA,2050,42,17,88,0.0
GA,2050,42,18,88,0.0
GA,2050,42,19,88,0.0
GA,2050,42,20,88,0.0
GA,2050,42,21,88,0.0
GA,2050,42,22,88,0.0
GA,2050,42,23,88,0.7657854051242912
GA,2050,42,24,88,0.8415255582261336
GA,2050,42,25,88,0.8483248153758217
GA,2050,42,26,88,0.8468525813542994
GA,2050,42,27,88,0.8416308081326206
GA,2050,42,28,88,0.8416658943599604
GA,2050,42,29,88,0.884094874327251
GA,2050,42,30,88,0.0
GA,2050,42,31,88,0.8307730085100882
GA,2050,42,32,88,0.0
GA,2050,42,33,88,0.0
GA,2050,42,34,88,0.8020285428873605
GA,2050,42,35,88,0.8346094711687795
GA,2050,42,36,88,0.770165246160544
GA,2050,42,37,88,0.7701973531041746
GA,2050,42,38,88,0.7702294613862886
GA,2050,42,39,88,0.7702615710069382
GA,2050,42,40,88,0.7702936819661977
GA,2050,42,41,88,0.8311194093214054
GA,2050,42,42,88,0.12527591830646137
GA,2050,42,43,88,0.0
GA,2050,42,44,88,0.7599860841366964
GA,2050,42,45,88,0.7664880484548663
GA,2050,42,46,88,0.7665200021020672
GA,2050,42,47,88,0.7665519570813676
GA,2050,42,48,88,0.7665839133928198
GA,2050,42,49,88,0.8424030431088738
GA,2050,42,50,88,0.7666478300123936
GA,2050,42,51,88,0.7666797903206284
GA,2050,42,52,88,0.7667117519612462
GA,2050,42,53,88,0.8788773890754689
GA,2050,42,54,88,0.13062487308970333
GA,2050,42,55,88,0.8316046131232032
GA,2050,42,56,88,0.0
GA,2050,42,57,88,0.0
GA,2050,42,58,88,0.7174845802544633
GA,2050,42,59,88,0.4505497079153391
GA,2050,42,60,88,0.0
GA,2050,42,61,88,0.0
GA,2050,42,62,88,0.0
GA,2050,42,63,88,0.0
GA,2050,42,64,88,0.0
GA,2050,42,65,88,0.0
GA,2050,42,66,88,0.0
GA,2050,42,67,88,0.0
GA,2050,42,68,88,0.0
GA,2050,42,69,88,0.0
GA,2050,42,70,88,0.0
GA,2050,42,71,88,0.0
GA,2050,42,72,88,0.0
GA,2050,42,73,88,0.0
GA,2050,42,74,88,0.0
GA,2050,42,75,88,0.0
GA,2050,42,76,88,0.0
GA,2050,42,77,88,0.0
GA,2050,42,78,88,0.0
GA,2050,42,79,88,0.0
GA,2050,42,80,88,0.0
GA,2050,42,81,88,0.0
GA,2050,42,82,88,0.0
GA,2050,42,83,88,0.0
GA,2050,42,84,88,0.0
GA,2050,42,85,88,0.0
GA,2050,42,86,88,0.0
GA,2050,42,87,88,0.0
GA,2050,42,88,88,0.0
GA,2050,42,89,88,0.0
GA,2050,42,90,88,0.0
GA,2050,42,91,88,0.0
GA,2050,42,92,88,0.0
GA,2050,42,93,88,0.0
GA,2050,42,94,88,0.0
GA,2050,42,95,88,0.0
GA,2050,42,96,88,0.0
GA,2050,42,97,88,0.24312027139914527
GA,2050,42,98,88,0.24198699497604087
GA,2050,42,99,88,0.24085367130847485
GA,2050,42,100,88,0.0
GA,2050,42,101,88,0.0
GA,2050,42,102,88,0.8619397412997909
GA,2050,42,103,88,0.8619756741737129
GA,2050,42,104,88,0.8064150156891534
GA,2050,42,105,88,0.8009457271365902
GA,2050,42,106,88,0.8009791172687023
GA,2050,42,107,88,0.8010125087927805
GA,2050,42,108,88,0.8010459017089077
GA,2050,42,109,88,0.8010792960171229
GA,2050,42,110,88,0.8011126917174961
GA,2050,42,111,88,0.8011460888100883
GA,2050,42,112,88,0.8681923426227756
GA,2050,42,113,88,0.8781875271769914
GA,2050,42,114,88,0.8782241373948187
GA,2050,42,115,88,0.8782607491388791
GA,2050,42,116,88,0.8782973624092161
GA,2050,42,117,88,0.8783339772059082
GA,2050,42,118,88,0.8099297136224066
GA,2050,42,119,88,0.8155088052229499
GA,2050,42,120,88,0.851355028058576
GA,2050,42,121,88,0.8423679266402552
GA,2050,42,122,88,0.8423679266402552
GA,2050,42,123,88,0.8087885879304114
GA,2050,42,124,88,0.8219429560148604
GA,2050,42,125,88,0.8693519603691926
GA,2050,42,126,88,0.8693882022465302
GA,2050,42,127,88,0.869424445634743
GA,2050,42,128,88,0.8694606905338831
GA,2050,42,129,88,0.8140881370161149
GA,2050,42,130,88,0.8619915490452014
GA,2050,42,131,88,0.7948600265744361
GA,2050,42,132,88,0.7948931630035244
GA,2050,42,133,88,0.7949263008140132
GA,2050,42,134,88,0.7949594400059676
GA,2050,42,135,88,0.7949925805794446
GA,2050,42,136,88,0.869750704127945
GA,2050,42,137,88,0.8697869626282699
GA,2050,42,138,88,0.8698232226401589
GA,2050,42,139,88,0.8698594841636599
GA,2050,42,140,88,0.8698957471988512
GA,2050,42,141,88,0.8699320117457897
GA,2050,42,142,88,0.8432819080178906
GA,2050,42,143,88,0.8483248153758217
GA,2050,42,144,88,0.8483248153758217
GA,2050,42,145,88,0.8483248153758217
GA,2050,42,146,88,0.8483248153758217
GA,2050,42,147,88,0.8424823912551308
GA,2050,42,148,88,0.8541672394965302
GA,2050,42,149,88,0.8702221825517475
GA,2050,42,150,88,0.8702584607072404
GA,2050,42,151,88,0.870294740375117
GA,2050,42,152,88,0.8703310215554342
GA,2050,42,153,88,0.8540221208249582
GA,2050,42,154,88,0.7956225140407378
GA,2050,42,155,88,0.7956556822566903
GA,2050,42,156,88,0.7956888518553817
GA,2050,42,157,88,0.7957220228368517
GA,2050,42,158,88,0.7957551952011739
GA,2050,42,159,88,0.7957883689483966
GA,2050,42,160,88,0.870621325453398
GA,2050,42,161,88,0.8706576202485226
GA,2050,42,162,88,0.870693916556711
GA,2050,42,163,88,0.8707302143780378
GA,2050,42,164,88,0.8707665137125593
GA,2050,42,165,88,0.8708028145603455
GA,2050,42,166,88,0.8553439160435075
GA,2050,42,167,88,0.8188277155236211
GA,2050,52,0,88,0.0
GA,2050,52,1,88,1.7024559156146695
GA,2050,52,2,88,0.5895653259055607
GA,2050,52,3,88,0.4385018130296822
GA,2050,52,4,88,0.43737668174708233
GA,2050,52,5,88,0.4362515035595843
GA,2050,52,6,88,0.8686745700955831
GA,2050,52,7,88,0.9403039650655021
GA,2050,52,8,88,0.9403431648171764
GA,2050,52,9,88,0.9322262412144899
GA,2050,52,10,88,0.7865365495063611
GA,2050,52,11,88,0.7257593510544355
GA,2050,52,12,88,0.725789606788112
GA,2050,52,13,88,0.7258198637830938
GA,2050,52,14,88,0.7258501220394464
GA,2050,52,15,88,0.725880381557222
GA,2050,52,16,88,0.7872517220122044
GA,2050,52,17,88,0.7872845412633779
GA,2050,52,18,88,0.7873173618827347
GA,2050,52,19,88,0.7873501838703317
GA,2050,52,20,88,0.0002370544544462035
GA,2050,52,21,88,0.0002370544544462035
GA,2050,52,22,88,0.00023483151077633192
GA,2050,52,23,88,0.00023483151077633192
GA,2050,52,24,88,0.00023483151077633192
GA,2050,52,25,88,0.0002341868063315227
GA,2050,52,26,88,0.0002341868063315227
GA,2050,52,27,88,0.0002334039805138525
GA,2050,52,28,88,0.00023270123498352228
GA,2050,52,29,88,0.00023270123498352228
GA,2050,52,30,88,0.0002341868063315227
GA,2050,52,31,88,0.0002341868063315227
GA,2050,52,32,88,0.0002341868063315227
GA,2050,52,33,88,0.0002341868063315227
GA,2050,52,34,88,0.00028031185294793623
GA,2050,52,35,88,0.000257157962306844
GA,2050,52,36,88,0.00023264099962311936
GA,2050,52,37,88,0.00023264099962311936
GA,2050,52,38,88,0.00023264099962311936
GA,2050,52,39,88,0.00023264099962311936
GA,2050,52,40,88,0.00023264099962311936
GA,2050,52,41,88,0.00023264099962311936
GA,2050,52,42,88,0.00023264099962311936
GA,2050,52,43,88,0.00023264099962311936
GA,2050,52,44,88,0.00023264099962311936
GA,2050,52,45,88,0.00023264099962311936
GA,2050,52,46,88,0.00023264099962311936
GA,2050,52,47,88,0.00023264099962311936
GA,2050,52,48,88,0.00023264099962311936
GA,2050,52,49,88,0.0002320104611620831
GA,2050,52,50,88,0.0002307793727484044
GA,2050,52,51,88,0.0002307793727484044
GA,2050,52,52,88,0.0002307793727484044
GA,2050,52,53,88,0.0002307793727484044
GA,2050,52,54,88,0.0002307793727484044
GA,2050,52,55,88,0.0002320104611620831
GA,2050,52,56,88,0.00023264099962311936
GA,2050,52,57,88,0.00023264099962311936
GA,2050,52,58,88,0.00023264099962311936
GA,2050,52,59,88,0.00023264099962311936
GA,2050,52,60,88,0.00023264099962311936
GA,2050,52,61,88,0.00023264099962311936
GA,2050,52,62,88,0.00023204048606472667
GA,2050,52,63,88,0.00023205015945734284
GA,2050,52,64,88,0.00023264099962311936
GA,2050,52,65,88,0.00023264099962311936
GA,2050,52,66,88,0.00023264099962311936
GA,2050,52,67,88,0.0002334039805138525
GA,2050,52,68,88,0.0002341868063315227
GA,2050,52,69,88,0.0002334039805138525
GA,2050,52,70,88,0.0002334039805138525
GA,2050,52,71,88,0.00021171134651495308
GA,2050,52,72,88,0.00021169536828222283
GA,2050,52,73,88,0.0002116760465793657
GA,2050,52,74,88,0.00022586020054227632
GA,2050,52,75,88,0.00022586961628878348
GA,2050,52,76,88,0.00021170252097920991
GA,2050,52,77,88,0.00021171134651495308
GA,2050,52,78,88,0.0002131214886010059
GA,2050,52,79,88,0.00021411514027825076
GA,2050,52,80,88,0.00021371644147343422
GA,2050,52,81,88,0.00021370478733816856
GA,2050,52,82,88,0.00020891569023160177
GA,2050,52,83,88,0.00021176430745631014
GA,2050,52,84,88,0.00021177313556782973
GA,2050,52,85,88,0.00021178196404737852
GA,2050,52,86,88,0.00020891569023160177
GA,2050,52,87,88,0.00021370478733816856
GA,2050,52,88,88,0.00021411514027825076
GA,2050,52,89,88,0.00021411514027820284
GA,2050,52,90,88,0.00023483151077633192
GA,2050,52,91,88,0.00023483151077633192
GA,2050,52,92,88,0.00023483151077633192
GA,2050,52,93,88,0.00023483151077633192
GA,2050,52,94,88,0.00023483151077633192
GA,2050,52,95,88,0.00021411514027825076
GA,2050,52,96,88,0.0002340703324944018
GA,2050,52,97,88,0.0002341868063315227
GA,2050,52,98,88,0.00023264099962311936
GA,2050,52,99,88,0.00023264099962311936
GA,2050,52,100,88,0.00023264099962311936
GA,2050,52,101,88,0.0002341868063315227
GA,2050,52,102,88,0.00023419054748586047
GA,2050,52,103,88,0.00023483151077633192
GA,2050,52,104,88,0.00023483151077633192
GA,2050,52,105,88,0.00023483151077633192
GA,2050,52,106,88,0.00023483151077633192
GA,2050,52,107,88,0.00023483151077633192
GA,2050,52,108,88,0.00023419054748586047
GA,2050,52,109,88,0.0002341868063315227
GA,2050,52,110,88,0.0002341868063315227
GA,2050,52,111,88,0.00023419054748586047
GA,2050,52,112,88,0.00023483151077633192
GA,2050,52,113,88,0.0002828730849480108
GA,2050,52,114,88,0.00023483151077633192
GA,2050,52,115,88,0.00023483151077633192
GA,2050,52,116,88,0.00023483151077633192
GA,2050,52,117,88,0.00023483151077633192
GA,2050,52,118,88,0.00023483151077633192
GA,2050,52,119,88,0.0002341868063315227
GA,2050,52,120,88,0.00023264099962311936
GA,2050,52,121,88,0.00023264099962311936
GA,2050,52,122,88,0.00023264099962311936
GA,2050,52,123,88,0.00023264099962311936
GA,2050,52,124,88,0.00023264099962311936
GA,2050,52,125,88,0.00023265069805017608
GA,2050,52,126,88,0.00023266039688154243
GA,2050,52,127,88,0.00023419054748586047
GA,2050,52,128,88,0.00023483151077633192
GA,2050,52,129,88,0.0002341868063315227
GA,2050,52,130,88,0.00023269919625046805
GA,2050,52,131,88,0.00023270889710364542
GA,2050,52,132,88,0.0002327185983612378
GA,2050,52,133,88,0.00023272830002325906
GA,2050,52,134,88,0.00023273800208972829
GA,2050,52,135,88,0.00023274770456065832
GA,2050,52,136,88,0.00023483151077633192
GA,2050,52,137,88,0.0002370544544462035
GA,2050,52,138,88,0.8513917757211863
GA,2050,52,139,88,0.7770036618467993
GA,2050,52,140,88,0.7770360538729207
GA,2050,52,141,88,0.777068447249417
GA,2050,52,142,88,0.7771008419763272
GA,2050,52,143,88,0.7771332380537344
GA,2050,52,144,88,0.7690597940429946
GA,2050,52,145,88,0.7430417812744882
GA,2050,52,146,88,0.7438184700829742
GA,2050,52,147,88,0.7678943036831323
GA,2050,52,148,88,0.7772952386999799
GA,2050,52,149,88,0.7773276428814625
GA,2050,52,150,88,0.7773600484138258
GA,2050,52,151,88,0.7773924552971219
GA,2050,52,152,88,0.777424863531412
GA,2050,52,153,88,0.7645122131103949
GA,2050,52,154,88,0.787782448326
GA,2050,52,155,88,0.7169391296381029
GA,2050,52,156,88,0.7169690176710103
GA,2050,52,157,88,0.7169989069498955
GA,2050,52,158,88,0.7170287974748196
GA,2050,52,159,88,0.7170586892458437
GA,2050,52,160,88,0.8753090104852711
GA,2050,52,161,88,0.8753455007023977
GA,2050,52,162,88,0.8753819924407471
GA,2050,52,163,88,0.8754184857003714
GA,2050,52,164,88,0.875454980481345
GA,2050,52,165,88,0.8754914767837287
GA,2050,52,166,88,0.8755279746075795
GA,2050,52,167,88,0.8096636672392838
DE,2050,11,0,88,0.00023135988206765627
DE,2050,11,1,88,0.0002341868063315227
DE,2050,11,2,88,0.0002341868063315227
DE,2050,11,3,88,0.0002341868063315227
DE,2050,11,4,88,0.0002341868063315227
DE,2050,11,5,88,0.00023483151077633192
DE,2050,11,6,88,0.00023483151077633192
DE,2050,11,7,88,0.00023483151077633192
DE,2050,11,8,88,0.00023483151077633192
DE,2050,11,9,88,0.00023483151077633192
DE,2050,11,10,88,0.00021411514027825076
DE,2050,11,11,88,0.00021411514027825076
DE,2050,11,12,88,0.0002341868063315227
DE,2050,11,13,88,0.00023418680633152482
DE,2050,11,14,88,0.00023419656920076177
DE,2050,11,15,88,0.00023420633247699856
DE,2050,11,16,88,0.00023421609616024796
DE,2050,11,17,88,0.0002342258602505313
DE,2050,11,18,88,0.00023483151077633192
DE,2050,11,19,88,0.00023674536853273627
DE,2050,11,20,88,0.0002370544544462035
DE,2050,11,21,88,0.0002370544544462035
DE,2050,11,22,88,0.00023674536853273627
DE,2050,11,23,88,0.00023674536853273627
DE,2050,11,24,88,0.00023674536853273627
DE,2050,11,25,88,0.00021544646401297228
DE,2050,11,26,88,0.00021545544562764527
DE,2050,11,27,88,0.00018331369611372723
DE,2050,11,28,88,0.49954837945010944
DE,2050,11,29,88,0.6834355074733973
DE,2050,11,30,88,0.8188164445468018
DE,2050,11,31,88,0.8188505796802193
DE,2050,11,32,88,0.818884716236659
DE,2050,11,33,88,0.7551103349334021
DE,2050,11,34,88,0.7999298347089485
DE,2050,11,35,88,0.8452946026930719
DE,2050,11,36,88,0.851355028058576
DE,2050,11,37,88,0.853561039543535
DE,2050,11,38,88,0.8339979531598631
DE,2050,11,39,88,0.8299676465711362
DE,2050,11,40,88,0.8300022465801217
DE,2050,11,41,88,0.8940951910244789
DE,2050,11,42,88,0.9002143528725498
DE,2050,11,43,88,0.9002518813531392
DE,2050,11,44,88,0.9002894113982127
DE,2050,11,45,88,0.9003269430078445
DE,2050,11,46,88,0.9003644761821218
DE,2050,11,47,88,0.9004020109211013
DE,2050,11,48,88,0.5576361206751063
DE,2050,11,49,88,0.00023674536853273627
DE,2050,11,50,88,0.00023483151077633192
DE,2050,11,51,88,0.00023483151077633192
DE,2050,11,52,88,0.00023483151077633192
DE,2050,11,53,88,0.00023483151077633192
DE,2050,11,54,88,0.00023674536853273627
DE,2050,11,55,88,0.0002370544544462035
DE,2050,11,56,88,0.00023674536853273627
DE,2050,11,57,88,0.00021411514027825076
DE,2050,11,58,88,0.000215638876775052
DE,2050,11,59,88,0.00021533415488347746
DE,2050,11,60,88,0.00021502942028853994
DE,2050,11,61,88,0.00021472467298970816
DE,2050,11,62,88,0.00021441991298645516
DE,2050,11,63,88,0.00021411514027825076
DE,2050,11,64,88,0.00021381035486456478
DE,2050,11,65,88,0.00021372535096626614
DE,2050,11,66,88,0.00012976551004162927
DE,2050,11,67,88,0.00014067819647300972
DE,2050,11,68,88,0.0001406840611195209
DE,2050,11,69,88,0.00014068992601052008
DE,2050,11,70,88,0.00014069579114601684
DE,2050,11,71,88,0.00012973846485282847
DE,2050,11,72,88,0.0001297438734396177
DE,2050,11,73,88,0.00012974928225188549
DE,2050,11,74,88,0.00012975469128963712
DE,2050,11,75,88,0.00012976010055288221
DE,2050,11,76,88,0.00012976551004162927
DE,2050,11,77,88,0.00014129635067759917
DE,2050,11,78,88,0.00014130224109395887
DE,2050,11,79,88,0.00014130813175588074
DE,2050,11,80,88,0.00014131402266337543
DE,2050,11,81,88,0.00014131991381645357
DE,2050,11,82,88,0.00012918912727449553
DE,2050,11,83,88,0.00012918912727449553
DE,2050,11,84,88,0.00012919451296028998
DE,2050,11,85,88,0.00012919989887060694
DE,2050,11,86,88,0.0001292052850054539
DE,2050,11,87,88,0.00012921067136483936
DE,2050,11,88,88,0.00012976551004162927
DE,2050,11,89,88,0.5531220441650992
DE,2050,11,90,88,0.5590465279257822
DE,2050,11,91,88,0.5590698336714592
DE,2050,11,92,88,0.559093140388715
DE,2050,11,93,88,0.5591164480775977
DE,2050,11,94,88,0.48854297408250336
DE,2050,11,95,88,0.4661650641456617
DE,2050,11,96,88,0.46618449781332655
DE,2050,11,97,88,0.4662039322911499
DE,2050,11,98,88,0.46622336757914934
DE,2050,11,99,88,0.46624280367738147
DE,2050,11,100,88,0.4662622405858811
DE,2050,11,101,88,0.0
DE,2050,11,102,88,0.0
DE,2050,11,103,88,0.0
DE,2050,11,104,88,0.0
DE,2050,11,105,88,0.0
DE,2050,11,106,88,0.0
DE,2050,11,107,88,0.0
DE,2050,11,108,88,0.0
DE,2050,11,109,88,0.0
DE,2050,11,110,88,0.0
DE,2050,11,111,88,0.0
DE,2050,11,112,88,0.0
DE,2050,11,113,88,0.0
DE,2050,11,114,88,0.0
DE,2050,11,115,88,0.0
DE,2050,11,116,88,0.0
DE,2050,11,117,88,0.0
DE,2050,11,118,88,0.0
DE,2050,11,119,88,0.0
DE,2050,11,120,88,0.0
DE,2050,11,121,88,0.8236148553483087
DE,2050,11,122,88,0.8236491905197149
DE,2050,11,123,88,0.843843851967337
DE,2050,11,124,88,0.8237178651567063
DE,2050,11,125,88,0.8644933341477827
DE,2050,11,126,88,0.8594897639426288
DE,2050,11,127,88,0.8562274772265674
DE,2050,11,128,88,0.8591004705052286
DE,2050,11,129,88,0.8648826275851654
DE,2050,11,130,88,0.8829196555757465
DE,2050,11,131,88,0.82395827148146
DE,2050,11,132,88,0.8239926209693231
DE,2050,11,133,88,0.8240269718891609
DE,2050,11,134,88,0.8240613242410296
DE,2050,11,135,88,0.8240956780249994
DE,2050,11,136,88,0.8241300332411138
DE,2050,11,137,88,0.8938081319117472
DE,2050,11,138,88,0.8938453933273413
DE,2050,11,139,88,0.8938826562962912
DE,2050,11,140,88,0.0
DE,2050,11,141,88,0.0
DE,2050,11,142,88,0.0
DE,2050,11,143,88,0.0
DE,2050,11,144,88,0.7880131183722587
DE,2050,11,145,88,0.7933412418553459
DE,2050,11,146,88,0.778950918752308
DE,2050,11,147,88,0.8007369500523789
DE,2050,11,148,88,0.5010845889855093
DE,2050,11,149,88,0.44859202016686733
DE,2050,11,150,88,0.8532295188710296
DE,2050,11,151,88,0.853561039543535
DE,2050,11,152,88,0.4523372183194811
DE,2050,11,153,88,0.2943710912470086
DE,2050,11,154,88,0.8944417872788033
DE,2050,11,155,88,0.8782955164132165
DE,2050,11,156,88,0.8518001974935723
DE,2050,11,157,88,0.8248518237128705
DE,2050,11,158,88,0.824886210451488
DE,2050,11,159,88,0.8249205986236194
DE,2050,11,160,88,0.8249549882293431
DE,2050,11,161,88,0.8249893792687157
DE,2050,11,162,88,0.8867126811102785
DE,2050,11,163,88,0.894777433730016
DE,2050,11,164,88,0.8948147355542173
DE,2050,11,165,88,0.8948520389334925
DE,2050,11,166,88,0.894889343867868
DE,2050,11,167,88,0.6948496237747075
DE,2050,21,0,88,0.0
DE,2050,21,1,88,8.721182071795201e-15
DE,2050,21,2,88,0.0
DE,2050,21,3,88,0.0
DE,2050,21,4,88,0.0
DE,2050,21,5,88,0.0
DE,2050,21,6,88,0.0
DE,2050,21,7,88,0.0
DE,2050,21,8,88,0.0
DE,2050,21,9,88,0.0
DE,2050,21,10,88,0.0
DE,2050,21,11,88,0.0
DE,2050,21,12,88,0.0
DE,2050,21,13,88,0.0
DE,2050,21,14,88,0.0
DE,2050,21,15,88,0.0
DE,2050,21,16,88,0.0
DE,2050,21,17,88,0.0
DE,2050,21,18,88,0.0
DE,2050,21,19,88,0.0
DE,2050,21,20,88,0.0
DE,2050,21,21,88,0.0
DE,2050,21,22,88,0.0
DE,2050,21,23,88,0.42717327232588925
DE,2050,21,24,88,0.4260476687747535
DE,2050,21,25,88,0.4249220182990098
DE,2050,21,26,88,0.42379632089673946
DE,2050,21,27,88,0.0
DE,2050,21,28,88,0.0
DE,2050,21,29,88,0.0
DE,2050,21,30,88,0.0
DE,2050,21,31,88,0.0
DE,2050,21,32,88,0.0
DE,2050,21,33,88,0.0
DE,2050,21,34,88,0.0
DE,2050,21,35,88,0.0
DE,2050,21,36,88,0.0
DE,2050,21,37,88,0.7743828665306777
DE,2050,21,38,88,0.7744151493000759
DE,2050,21,39,88,0.7744474334152964
DE,2050,21,40,88,0.7744797188763828
DE,2050,21,41,88,0.7747947851927401
DE,2050,21,42,88,0.7748270851343683
DE,2050,21,43,88,0.0
DE,2050,21,44,88,0.0
DE,2050,21,45,88,0.21668355416814497
DE,2050,21,46,88,0.7846567421469556
DE,2050,21,47,88,0.774431291357684
DE,2050,21,48,88,0.6903822384795584
DE,2050,21,49,88,0.6600569028873009
DE,2050,21,50,88,0.6600569028873009
DE,2050,21,51,88,0.6560077420811766
DE,2050,21,52,88,0.6521631023247134
DE,2050,21,53,88,0.0
DE,2050,21,54,88,0.7073313205422948
DE,2050,21,55,88,0.49677995182360934
DE,2050,21,56,88,0.0
DE,2050,21,57,88,0.6233016327189632
DE,2050,21,58,88,0.6522835507384601
DE,2050,21,59,88,0.6233536026763936
DE,2050,21,60,88,0.6233795892800198
DE,2050,21,61,88,0.6234055769669868
DE,2050,21,62,88,0.6234315657373428
DE,2050,21,63,88,0.6234575555911268
DE,2050,21,64,88,0.6234835465283869
DE,2050,21,65,88,0.7391032841612037
DE,2050,21,66,88,0.8015925874074825
DE,2050,21,67,88,0.8016260045061437
DE,2050,21,68,88,0.8016594229979047
DE,2050,21,69,88,0.7594236032799553
DE,2050,21,70,88,0.7817608763394966
DE,2050,21,71,88,0.7665839138368894
DE,2050,21,72,88,0.7741723950881843
DE,2050,21,73,88,0.7665839138368894
DE,2050,21,74,88,0.7665839138368894
DE,2050,21,75,88,0.7394114621769285
DE,2050,21,76,88,0.7963224334671438
DE,2050,21,77,88,0.8019602521231138
DE,2050,21,78,88,0.8019936845491173
DE,2050,21,79,88,0.8020271183688791
DE,2050,21,80,88,0.6766204620782004
DE,2050,21,81,88,0.7110530461901748
DE,2050,21,82,88,0.7956720825497292
DE,2050,21,83,88,0.7388473896225499
DE,2050,21,84,88,0.7388781909753848
DE,2050,21,85,88,0.7389089936122828
DE,2050,21,86,88,0.7389397975332878
DE,2050,21,87,88,0.7389706027384563
DE,2050,21,88,88,0.7390014092278493
DE,2050,21,89,88,0.7390322170015106
DE,2050,21,90,88,0.8001678933800782
DE,2050,21,91,88,0.8015489255856515
DE,2050,21,92,88,0.8015823408641278
DE,2050,21,93,88,0.7467576634855896
DE,2050,21,94,88,0.801649175600223
DE,2050,21,95,88,0.7741723950881843
DE,2050,21,96,88,0.7741723950881843
DE,2050,21,97,88,0.7741723950881843
DE,2050,21,98,88,0.7665839138368894
DE,2050,21,99,88,0.7639866713445315
DE,2050,21,100,88,0.8018497132458172
DE,2050,21,101,88,0.5277314119063149
DE,2050,21,102,88,0.8019165702750198
DE,2050,21,103,88,0.8019500008799969
DE,2050,21,104,88,0.8019834328786452
DE,2050,21,105,88,0.7395253160849291
DE,2050,21,106,88,0.8020503010571944
DE,2050,21,107,88,0.7366602616474459
DE,2050,21,108,88,0.7366909718224546
DE,2050,21,109,88,0.7367216832777153
DE,2050,21,110,88,0.7367523960132978
DE,2050,21,111,88,0.7367831100292328
DE,2050,21,112,88,0.7368138253255943
DE,2050,21,113,88,0.7750824271230881
DE,2050,21,114,88,0.7991428742343692
DE,2050,21,115,88,0.7991761892084506
DE,2050,21,116,88,0.7992095055713758
DE,2050,21,117,88,0.8580616782758955
DE,2050,21,118,88,0.7992761424640109
DE,2050,21,119,88,0.7751029892417604
DE,2050,21,120,88,0.7741723950881843
DE,2050,21,121,88,0.7741723950881843
DE,2050,21,122,88,0.778950918752308
DE,2050,21,123,88,0.6885676731478868
DE,2050,21,124,88,0.6585845961159758
DE,2050,21,125,88,0.664333596034442
DE,2050,21,126,88,0.7995427456000146
DE,2050,21,127,88,0.6745245510892364
DE,2050,21,128,88,0.6630991737007095
DE,2050,21,129,88,0.6216201627729682
DE,2050,21,130,88,0.7956139142705891
DE,2050,21,131,88,0.7369250716204844
DE,2050,21,132,88,0.6216979090319592
DE,2050,21,133,88,0.6217238266123917
DE,2050,21,134,88,0.6217497452733088
DE,2050,21,135,88,0.621775665014715
DE,2050,21,136,88,0.7083686546730592
DE,2050,21,137,88,0.7585689501137718
DE,2050,21,138,88,0.8784613160207885
DE,2050,21,139,88,0.8784979376524323
DE,2050,21,140,88,0.8785345608107845
DE,2050,21,141,88,0.8747293701550393
DE,2050,21,142,88,0.07377667378741846
DE,2050,21,143,88,0.7197638985624146
DE,2050,21,144,88,0.7197638985624146
DE,2050,21,145,88,0.4531368125865792
DE,2050,21,146,88,0.4599030906547372
DE,2050,21,147,88,0.4302537644715675
DE,2050,21,148,88,0.4236608166829689
DE,2050,21,149,88,0.437939223936426
DE,2050,21,150,88,0.8773485786851623
DE,2050,21,151,88,0.8789375163327592
DE,2050,21,152,88,0.8459340365441022
DE,2050,21,153,88,0.8105200372487317
DE,2050,21,154,88,0.8564375240011641
DE,2050,21,155,88,0.8648826275851654
DE,2050,21,156,88,0.8669108646736158
DE,2050,21,157,88,0.8106552027791204
DE,2050,21,158,88,0.8106889976835621
DE,2050,21,159,88,0.8107227939968626
DE,2050,21,160,88,0.8107565917190747
DE,2050,21,161,88,0.8107903908502503
DE,2050,21,162,88,0.8793406566774604
DE,2050,21,163,88,0.8793773149674027
DE,2050,21,164,88,0.8794139747855577
DE,2050,21,165,88,0.8788525680485297
DE,2050,21,166,88,0.04639548306361027
DE,2050,21,167,88,0.8294829648092373
DE,2050,42,0,88,0.0
DE,2050,42,1,88,0.0
DE,2050,42,2,88,0.0
DE,2050,42,3,88,0.0
DE,2050,42,4,88,0.0
DE,2050,42,5,88,0.0
DE,2050,42,6,88,0.0
DE,2050,42,7,88,0.0
DE,2050,42,8,88,0.0
DE,2050,42,9,88,0.0
DE,2050,42,10,88,0.0
DE,2050,42,11,88,0.0
DE,2050,42,12,88,0.0
DE,2050,42,13,88,0.0
DE,2050,42,14,88,0.0
DE,2050,42,15,88,0.0
DE,2050,42,16,88,0.0
DE,2050,42,17,88,0.0
DE,2050,42,18,88,0.0
DE,2050,42,19,88,0.0
DE,2050,42,20,88,0.0
DE,2050,42,21,88,0.0
DE,2050,42,22,88,0.0
DE,2050,42,23,88,0.0
DE,2050,42,24,88,0.8483424976520924
DE,2050,42,25,88,0.8498736080558246
DE,2050,42,26,88,0.8499090379121584
DE,2050,42,27,88,0.8484486001556633
DE,2050,42,28,88,0.848483970605725
DE,2050,42,29,88,0.0
DE,2050,42,30,88,0.0
DE,2050,42,31,88,0.0
DE,2050,42,32,88,0.0
DE,2050,42,33,88,0.0
DE,2050,42,34,88,0.0
DE,2050,42,35,88,0.7676184865792118
DE,2050,42,36,88,0.7676504873525498
DE,2050,42,37,88,0.7676824894599582
DE,2050,42,38,88,0.7677144929014764
DE,2050,42,39,88,0.7677464976771566
DE,2050,42,40,88,0.7677785037870775
DE,2050,42,41,88,0.3970428549185458
DE,2050,42,42,88,0.0
DE,2050,42,43,88,0.0
DE,2050,42,44,88,0.0
DE,2050,42,45,88,0.5608773456525098
DE,2050,42,46,88,0.7713051723271466
DE,2050,42,47,88,0.7713373267924546
DE,2050,42,48,88,0.7741562584269471
DE,2050,42,49,88,0.7741885317494301
DE,2050,42,50,88,0.7714337982314017
DE,2050,42,51,88,0.7714659580589285
DE,2050,42,52,88,0.771498119227119
DE,2050,42,53,88,0.0
DE,2050,42,54,88,0.0
DE,2050,42,55,88,0.0
DE,2050,42,56,88,0.0
DE,2050,42,57,88,0.0
DE,2050,42,58,88,0.0
DE,2050,42,59,88,0.0
DE,2050,42,60,88,0.0
DE,2050,42,61,88,0.0
DE,2050,42,62,88,0.0
DE,2050,42,63,88,0.0
DE,2050,42,64,88,0.0
DE,2050,42,65,88,0.0
DE,2050,42,66,88,0.0
DE,2050,42,67,88,0.0
DE,2050,42,68,88,0.0
DE,2050,42,69,88,0.0
DE,2050,42,70,88,0.0
DE,2050,42,71,88,0.0
DE,2050,42,72,88,0.0
DE,2050,42,73,88,0.0
DE,2050,42,74,88,0.0
DE,2050,42,75,88,0.0
DE,2050,42,76,88,0.0
DE,2050,42,77,88,0.0
DE,2050,42,78,88,0.0
DE,2050,42,79,88,0.0
DE,2050,42,80,88,0.0
DE,2050,42,81,88,0.0
DE,2050,42,82,88,0.0
DE,2050,42,83,88,0.0
DE,2050,42,84,88,0.0
DE,2050,42,85,88,0.0
DE,2050,42,86,88,0.0
DE,2050,42,87,88,0.0
DE,2050,42,88,88,0.0
DE,2050,42,89,88,0.0
DE,2050,42,90,88,0.0
DE,2050,42,91,88,0.0
DE,2050,42,92,88,0.0
DE,2050,42,93,88,0.0
DE,2050,42,94,88,0.0
DE,2050,42,95,88,0.0
DE,2050,42,96,88,0.1877028924800794
DE,2050,42,97,88,0.3075644324498594
DE,2050,42,98,88,0.3064338425996121
DE,2050,42,99,88,0.0
DE,2050,42,100,88,0.0
DE,2050,42,101,88,0.0
DE,2050,42,102,88,0.0
DE,2050,42,103,88,0.8599322535194329
DE,2050,42,104,88,0.0
DE,2050,42,105,88,0.0
DE,2050,42,106,88,0.8310815968060661
DE,2050,42,107,88,0.8154158024091959
DE,2050,42,108,88,0.8154497957753379
DE,2050,42,109,88,0.815483790558611
DE,2050,42,110,88,0.8155177867590718
DE,2050,42,111,88,0.8155517843767683
DE,2050,42,112,88,0.8713892181325376
DE,2050,42,113,88,0.8862762802032561
DE,2050,42,114,88,0.8863132276281217
DE,2050,42,115,88,0.8863501765932702
DE,2050,42,116,88,0.8863871270987582
DE,2050,42,117,88,0.8864240791446468
DE,2050,42,118,88,0.8244933507016131
DE,2050,42,119,88,0.8245277224960667
DE,2050,42,120,88,0.8513051296220647
DE,2050,42,121,88,0.8462738407511345
DE,2050,42,122,88,0.8473954757542792
DE,2050,42,123,88,0.8159598663559628
DE,2050,42,124,88,0.8159938824032482
DE,2050,42,125,88,0.8849840902095553
DE,2050,42,126,88,0.8694128027295485
DE,2050,42,127,88,0.8850578788587009
DE,2050,42,128,88,0.8850947754903905
DE,2050,42,129,88,0.8161639839119768
DE,2050,42,130,88,0.8780827775180879
DE,2050,42,131,88,0.816232034443641
DE,2050,42,132,88,0.8162660618371755
DE,2050,42,133,88,0.8163000906492582
DE,2050,42,134,88,0.816334120879946
DE,2050,42,135,88,0.8163681525293038
DE,2050,42,136,88,0.8617946900499421
DE,2050,42,137,88,0.8854269144004943
DE,2050,42,138,88,0.8854638264166761
DE,2050,42,139,88,0.8855007399716581
DE,2050,42,140,88,0.10669895784735733
DE,2050,42,141,88,0.025135904539555578
DE,2050,42,142,88,0.8483248153758217
DE,2050,42,143,88,0.853561039543535
DE,2050,42,144,88,0.853561039543535
DE,2050,42,145,88,0.853561039543535
DE,2050,42,146,88,0.8542733364675139
DE,2050,42,147,88,0.8509910910615847
DE,2050,42,148,88,0.8509910910615847
DE,2050,42,149,88,0.12410956703423871
DE,2050,42,150,88,0.8859068906557663
DE,2050,42,151,88,0.8859438226813836
DE,2050,42,152,88,0.8859807562466339
DE,2050,42,153,88,0.8294706606581576
DE,2050,42,154,88,0.8170150234920863
DE,2050,42,155,88,0.8170490835271652
DE,2050,42,156,88,0.8170831449821615
DE,2050,42,157,88,0.8171172078571145
DE,2050,42,158,88,0.8171512721520939
DE,2050,42,159,88,0.8171853378671653
DE,2050,42,160,88,0.86831951207779
DE,2050,42,161,88,0.8863132276281217
DE,2050,42,162,88,0.8863501765932702
DE,2050,42,163,88,0.8863871270987539
DE,2050,42,164,88,0.0
DE,2050,42,165,88,0.37905261746356
DE,2050,42,166,88,0.8423679266402552
DE,2050,42,167,88,0.8423679266402552
DE,2050,52,0,88,0.0
DE,2050,52,1,88,1.332702696334315
DE,2050,52,2,88,0.2684934865722718
DE,2050,52,3,88,0.26736126791747106
DE,2050,52,4,88,0.26622900206231165
DE,2050,52,5,88,0.23243802341041794
DE,2050,52,6,88,0.0
DE,2050,52,7,88,0.9462665287006418
DE,2050,52,8,88,0.9463059770219475
DE,2050,52,9,88,0.0
DE,2050,52,10,88,0.38460609019366276
DE,2050,52,11,88,0.8170320535096279
DE,2050,52,12,88,0.817066114254659
DE,2050,52,13,88,0.8171001764196336
DE,2050,52,14,88,0.8171342400046042
DE,2050,52,15,88,0.8171683050096274
DE,2050,52,16,88,0.8862578072609297
DE,2050,52,17,88,0.8862947539156889
DE,2050,52,18,88,0.8863317021106872
DE,2050,52,19,88,0.8863686518460121
DE,2050,52,20,88,0.8864056031217026
DE,2050,52,21,88,0.0002370544544462035
DE,2050,52,22,88,0.0002370544544462035
DE,2050,52,23,88,0.00023483151077633192
DE,2050,52,24,88,0.00023483151077633192
DE,2050,52,25,88,0.00023483151077633192
DE,2050,52,26,88,0.00023419054748586047
DE,2050,52,27,88,0.0002341868063315227
DE,2050,52,28,88,0.0002341868063315227
DE,2050,52,29,88,0.0002341868063315227
DE,2050,52,30,88,0.0002341868063315227
DE,2050,52,31,88,0.00023419054748586047
DE,2050,52,32,88,0.00023419054748586047
DE,2050,52,33,88,0.00023419054748586047
DE,2050,52,34,88,0.00023419054748586047
DE,2050,52,35,88,0.0002341868063315227
DE,2050,52,36,88,0.0002341868063315227
DE,2050,52,37,88,0.0002341868063315227
DE,2050,52,38,88,0.0002341868063315227
DE,2050,52,39,88,0.000257157962306844
DE,2050,52,40,88,0.0002341868063315227
DE,2050,52,41,88,0.0002341868063315227
DE,2050,52,42,88,0.0002341868063315227
DE,2050,52,43,88,0.0002341868063315227
DE,2050,52,44,88,0.00023264099962311936
DE,2050,52,45,88,0.00023264099962311936
DE,2050,52,46,88,0.00023264099962311936
DE,2050,52,47,88,0.00023264099962311936
DE,2050,52,48,88,0.00023264099962311936
DE,2050,52,49,88,0.00023264099962311936
DE,2050,52,50,88,0.0002325149568560972
DE,2050,52,51,88,0.00023252465002863426
DE,2050,52,52,88,0.00023253434360526377
DE,2050,52,53,88,0.00023254403758600384
DE,2050,52,54,88,0.00023264099962311936
DE,2050,52,55,88,0.00023264099962311936
DE,2050,52,56,88,0.00023264099962311936
DE,2050,52,57,88,0.00023264099962311936
DE,2050,52,58,88,0.00023264099962311936
DE,2050,52,59,88,0.00023264099962311936
DE,2050,52,60,88,0.00023264099962311936
DE,2050,52,61,88,0.00023264099962311936
DE,2050,52,62,88,0.00023264099962311936
DE,2050,52,63,88,0.00023264099962311936
DE,2050,52,64,88,0.00023265069805017608
DE,2050,52,65,88,0.00023266039688154243
DE,2050,52,66,88,0.0002341868063315227
DE,2050,52,67,88,0.0002341868063315227
DE,2050,52,68,88,0.0002340703324944018
DE,2050,52,69,88,0.0002340703324944018
DE,2050,52,70,88,0.0002340703324944018
DE,2050,52,71,88,0.0002334039805138525
DE,2050,52,72,88,0.00023272830002325797
DE,2050,52,73,88,0.00023273800208972829
DE,2050,52,74,88,0.00023274770456066046
DE,2050,52,75,88,0.0002327574074360715
DE,2050,52,76,88,0.0002327671107159806
DE,2050,52,77,88,0.0002130020427817789
DE,2050,52,78,88,0.00021411514027825076
DE,2050,52,79,88,0.00021411514027825076
DE,2050,52,80,88,0.00015453076162305813
DE,2050,52,81,88,0.00021371644147343422
DE,2050,52,82,88,0.00021370478733816856
DE,2050,52,83,88,0.0002131214886010059
DE,2050,52,84,88,0.0002131214886010059
DE,2050,52,85,88,0.00021370478733816856
DE,2050,52,86,88,0.00021370478733816856
DE,2050,52,87,88,0.00021411514027825076
DE,2050,52,88,88,0.00021411514027820284
DE,2050,52,89,88,0.00021633342728945
DE,2050,52,90,88,0.00022743355151691206
DE,2050,52,91,88,0.00022744303285387739
DE,2050,52,92,88,0.0002370544544462035
DE,2050,52,93,88,0.0002370544544462035
DE,2050,52,94,88,0.00023483151077633192
DE,2050,52,95,88,0.00023483151077633192
DE,2050,52,96,88,0.00021411514027825076
DE,2050,52,97,88,0.0002340703324944018
DE,2050,52,98,88,0.0002340703324944018
DE,2050,52,99,88,0.0002341868063315227
DE,2050,52,100,88,0.0002341868063315227
DE,2050,52,101,88,0.0002340703324944018
DE,2050,52,102,88,0.00023483151077633192
DE,2050,52,103,88,0.00023483151077633192
DE,2050,52,104,88,0.00023483151077633192
DE,2050,52,105,88,0.00023483151077633192
DE,2050,52,106,88,0.00023483151077633192
DE,2050,52,107,88,0.00023483151077633192
DE,2050,52,108,88,0.00023483151077633192
DE,2050,52,109,88,0.00023483151077633192
DE,2050,52,110,88,0.00023483151077633192
DE,2050,52,111,88,0.00023483151077633192
DE,2050,52,112,88,0.0002828730849480108
DE,2050,52,113,88,0.00028329755444410235
DE,2050,52,114,88,0.00028329755444410235
DE,2050,52,115,88,0.00028329755444410235
DE,2050,52,116,88,0.0002828730849480129
DE,2050,52,117,88,0.00023483151077633192
DE,2050,52,118,88,0.00023483151077633192
DE,2050,52,119,88,0.00023483151077633192
DE,2050,52,120,88,0.0002341868063315227
DE,2050,52,121,88,0.0002341868063315227
DE,2050,52,122,88,0.0002334039805138525
DE,2050,52,123,88,0.00023322362145535784
DE,2050,52,124,88,0.0002332333441709769
DE,2050,52,125,88,0.00023324306729191803
DE,2050,52,126,88,0.00023419054748586047
DE,2050,52,127,88,0.00023483151077633192
DE,2050,52,128,88,0.00023483151077633192
DE,2050,52,129,88,0.00023483151077633192
DE,2050,52,130,88,0.00023419054748586047
DE,2050,52,131,88,0.00023330141453032624
DE,2050,52,132,88,0.00023331114048901033
DE,2050,52,133,88,0.00023332086685315487
DE,2050,52,134,88,0.0002334039805138525
DE,2050,52,135,88,0.0002341868063315227
DE,2050,52,136,88,0.0002351838907599679
DE,2050,52,137,88,0.8711916694138032
DE,2050,52,138,88,0.7950735919800841
DE,2050,52,139,88,0.7951067373123656
DE,2050,52,140,88,0.7951398840264442
DE,2050,52,141,88,0.7951730321223331
DE,2050,52,142,88,0.7952061816001108
DE,2050,52,143,88,0.7747624865975884
DE,2050,52,144,88,0.7665839138368894
DE,2050,52,145,88,0.7665839138368894
DE,2050,52,146,88,0.7741723950881843
DE,2050,52,147,88,0.773760733597612
DE,2050,52,148,88,0.7718090276366713
DE,2050,52,149,88,0.7747624865975884
DE,2050,52,150,88,0.7954714271773604
DE,2050,52,151,88,0.7955045890947531
DE,2050,52,152,88,0.7955377523946101
DE,2050,52,153,88,0.7458104147675696
DE,2050,52,154,88,0.8578586205845916
DE,2050,52,155,88,0.7336427872981204
DE,2050,52,156,88,0.7336733716795009
DE,2050,52,157,88,0.7337039573358876
DE,2050,52,158,88,0.7337345442673547
DE,2050,52,159,88,0.7337651324739329
DE,2050,52,160,88,0.8887479150767525
DE,2050,52,161,88,0.888784965540082
DE,2050,52,162,88,0.8888220175479851
DE,2050,52,163,88,0.8888590711005273
DE,2050,52,164,88,0.0
DE,2050,52,165,88,0.08882809553514599
DE,2050,52,166,88,0.8889702410266206
DE,2050,52,167,88,0.8076793897250316
NT,2025,11,0,89,0.0
NT,2025,11,1,89,0.0
NT,2025,11,2,89,0.0
NT,2025,11,3,89,0.0
NT,2025,11,4,89,0.0
NT,2025,11,5,89,0.0
NT,2025,11,6,89,0.0
NT,2025,11,7,89,0.0
NT,2025,11,8,89,0.0
NT,2025,11,9,89,0.0
NT,2025,11,10,89,0.0
NT,2025,11,11,89,0.0
NT,2025,11,12,89,0.0
NT,2025,11,13,89,0.0
NT,2025,11,14,89,0.0
NT,2025,11,15,89,0.0
NT,2025,11,16,89,0.0
NT,2025,11,17,89,0.0
NT,2025,11,18,89,0.0
NT,2025,11,19,89,0.0
NT,2025,11,20,89,0.0
NT,2025,11,21,89,0.0
NT,2025,11,22,89,0.0
NT,2025,11,23,89,0.0
NT,2025,11,24,89,0.0
NT,2025,11,25,89,0.0
NT,2025,11,26,89,0.0
NT,2025,11,27,89,0.0
NT,2025,11,28,89,0.0
NT,2025,11,29,89,0.0
NT,2025,11,30,89,0.0
NT,2025,11,31,89,0.0
NT,2025,11,32,89,0.0
NT,2025,11,33,89,0.0
NT,2025,11,34,89,0.0
NT,2025,11,35,89,0.0
NT,2025,11,36,89,0.0
NT,2025,11,37,89,0.0
NT,2025,11,38,89,0.0
NT,2025,11,39,89,0.0
NT,2025,11,40,89,0.0
NT,2025,11,41,89,0.0
NT,2025,11,42,89,0.0
NT,2025,11,43,89,0.0
NT,2025,11,44,89,0.0
NT,2025,11,45,89,0.0
NT,2025,11,46,89,0.0
NT,2025,11,47,89,0.0
NT,2025,11,48,89,0.0
NT,2025,11,49,89,0.0
NT,2025,11,50,89,0.0
NT,2025,11,51,89,0.0
NT,2025,11,52,89,0.0
NT,2025,11,53,89,0.0
NT,2025,11,54,89,0.0
NT,2025,11,55,89,0.0
NT,2025,11,56,89,0.0
NT,2025,11,57,89,0.0
NT,2025,11,58,89,0.0
NT,2025,11,59,89,0.0
NT,2025,11,60,89,0.0
NT,2025,11,61,89,0.0
NT,2025,11,62,89,0.0
NT,2025,11,63,89,0.0
NT,2025,11,64,89,0.0
NT,2025,11,65,89,0.0
NT,2025,11,66,89,0.0
NT,2025,11,67,89,0.0
NT,2025,11,68,89,0.0
NT,2025,11,69,89,0.0
NT,2025,11,70,89,0.0
NT,2025,11,71,89,0.0
NT,2025,11,72,89,0.0
NT,2025,11,73,89,0.0
NT,2025,11,74,89,0.0
NT,2025,11,75,89,0.0
NT,2025,11,76,89,0.0
NT,2025,11,77,89,0.0
NT,2025,11,78,89,0.0
NT,2025,11,79,89,0.0
NT,2025,11,80,89,0.0
NT,2025,11,81,89,0.0
NT,2025,11,82,89,0.0
NT,2025,11,83,89,0.0
NT,2025,11,84,89,0.0
NT,2025,11,85,89,0.0
NT,2025,11,86,89,0.0
NT,2025,11,87,89,0.0
NT,2025,11,88,89,0.0
NT,2025,11,89,89,0.0
NT,2025,11,90,89,0.0
NT,2025,11,91,89,0.0
NT,2025,11,92,89,0.0
NT,2025,11,93,89,0.0
NT,2025,11,94,89,0.0
NT,2025,11,95,89,0.0
NT,2025,11,96,89,0.0
NT,2025,11,97,89,0.0
NT,2025,11,98,89,0.0
NT,2025,11,99,89,0.0
NT,2025,11,100,89,0.0
NT,2025,11,101,89,0.0
NT,2025,11,102,89,0.0
NT,2025,11,103,89,0.0
NT,2025,11,104,89,0.0
NT,2025,11,105,89,0.0
NT,2025,11,106,89,0.0
NT,2025,11,107,89,0.0
NT,2025,11,108,89,0.0
NT,2025,11,109,89,0.0
NT,2025,11,110,89,0.0
NT,2025,11,111,89,0.0
NT,2025,11,112,89,0.0
NT,2025,11,113,89,0.0
NT,2025,11,114,89,0.0
NT,2025,11,115,89,0.0
NT,2025,11,116,89,0.0
NT,2025,11,117,89,0.0
NT,2025,11,118,89,0.0
NT,2025,11,119,89,0.0
NT,2025,11,120,89,0.0
NT,2025,11,121,89,0.0
NT,2025,11,122,89,0.0
NT,2025,11,123,89,0.0
NT,2025,11,124,89,0.0
NT,2025,11,125,89,0.0
NT,2025,11,126,89,0.0
NT,2025,11,127,89,0.0
NT,2025,11,128,89,0.0
NT,2025,11,129,89,0.0
NT,2025,11,130,89,0.0
NT,2025,11,131,89,0.0
NT,2025,11,132,89,0.0
NT,2025,11,133,89,0.0
NT,2025,11,134,89,0.0
NT,2025,11,135,89,0.0
NT,2025,11,136,89,0.0
NT,2025,11,137,89,0.0
NT,2025,11,138,89,0.0
NT,2025,11,139,89,0.0
NT,2025,11,140,89,0.0
NT,2025,11,141,89,0.0
NT,2025,11,142,89,0.0
NT,2025,11,143,89,0.0
NT,2025,11,144,89,0.0
NT,2025,11,145,89,0.0
NT,2025,11,146,89,0.0
NT,2025,11,147,89,0.0
NT,2025,11,148,89,0.0
NT,2025,11,149,89,0.0
NT,2025,11,150,89,0.0
NT,2025,11,151,89,0.0
NT,2025,11,152,89,0.0
NT,2025,11,153,89,0.0
NT,2025,11,154,89,0.0
NT,2025,11,155,89,0.0
NT,2025,11,156,89,0.0
NT,2025,11,157,89,0.0
NT,2025,11,158,89,0.0
NT,2025,11,159,89,0.0
NT,2025,11,160,89,0.0
NT,2025,11,161,89,0.0
NT,2025,11,162,89,0.0
NT,2025,11,163,89,0.0
NT,2025,11,164,89,0.0
NT,2025,11,165,89,0.0
NT,2025,11,166,89,0.0
NT,2025,11,167,89,0.0
NT,2025,21,0,89,0.0
NT,2025,21,1,89,0.0
NT,2025,21,2,89,0.0
NT,2025,21,3,89,0.0
NT,2025,21,4,89,0.0
NT,2025,21,5,89,0.0
NT,2025,21,6,89,0.0
NT,2025,21,7,89,0.0
NT,2025,21,8,89,0.0
NT,2025,21,9,89,0.0
NT,2025,21,10,89,0.0
NT,2025,21,11,89,0.0
NT,2025,21,12,89,0.0
NT,2025,21,13,89,0.0
NT,2025,21,14,89,0.0
NT,2025,21,15,89,0.0
NT,2025,21,16,89,0.0
NT,2025,21,17,89,0.0
NT,2025,21,18,89,0.0
NT,2025,21,19,89,0.0
NT,2025,21,20,89,0.0
NT,2025,21,21,89,0.0
NT,2025,21,22,89,0.0
NT,2025,21,23,89,0.0
NT,2025,21,24,89,0.0
NT,2025,21,25,89,0.0
NT,2025,21,26,89,0.0
NT,2025,21,27,89,0.0
NT,2025,21,28,89,0.0
NT,2025,21,29,89,0.0
NT,2025,21,30,89,0.0
NT,2025,21,31,89,0.0
NT,2025,21,32,89,0.0
NT,2025,21,33,89,0.0
NT,2025,21,34,89,0.0
NT,2025,21,35,89,0.0
NT,2025,21,36,89,0.0
NT,2025,21,37,89,0.0
NT,2025,21,38,89,0.0
NT,2025,21,39,89,0.0
NT,2025,21,40,89,0.0
NT,2025,21,41,89,0.0
NT,2025,21,42,89,0.0
NT,2025,21,43,89,0.0
NT,2025,21,44,89,0.0
NT,2025,21,45,89,0.0
NT,2025,21,46,89,0.0
NT,2025,21,47,89,0.0
NT,2025,21,48,89,0.0
NT,2025,21,49,89,0.0
NT,2025,21,50,89,0.0
NT,2025,21,51,89,0.0
NT,2025,21,52,89,0.0
NT,2025,21,53,89,0.0
NT,2025,21,54,89,0.0
NT,2025,21,55,89,0.0
NT,2025,21,56,89,0.0
NT,2025,21,57,89,0.0
NT,2025,21,58,89,0.0
NT,2025,21,59,89,0.0
NT,2025,21,60,89,0.0
NT,2025,21,61,89,0.0
NT,2025,21,62,89,0.0
NT,2025,21,63,89,0.0
NT,2025,21,64,89,0.0
NT,2025,21,65,89,0.0
NT,2025,21,66,89,0.0
NT,2025,21,67,89,0.0
NT,2025,21,68,89,0.0
NT,2025,21,69,89,0.0
NT,2025,21,70,89,0.0
NT,2025,21,71,89,0.0
NT,2025,21,72,89,0.0
NT,2025,21,73,89,0.0
NT,2025,21,74,89,0.0
NT,2025,21,75,89,0.0
NT,2025,21,76,89,0.0
NT,2025,21,77,89,0.0
NT,2025,21,78,89,0.0
NT,2025,21,79,89,0.0
NT,2025,21,80,89,0.0
NT,2025,21,81,89,0.0
NT,2025,21,82,89,0.0
NT,2025,21,83,89,0.0
NT,2025,21,84,89,0.0
NT,2025,21,85,89,0.0
NT,2025,21,86,89,0.0
NT,2025,21,87,89,0.0
NT,2025,21,88,89,0.0
NT,2025,21,89,89,0.0
NT,2025,21,90,89,0.0
NT,2025,21,91,89,0.0
NT,2025,21,92,89,0.0
NT,2025,21,93,89,0.0
NT,2025,21,94,89,0.0
NT,2025,21,95,89,0.0
NT,2025,21,96,89,0.0
NT,2025,21,97,89,0.0
NT,2025,21,98,89,0.0
NT,2025,21,99,89,0.0
NT,2025,21,100,89,0.0
NT,2025,21,101,89,0.0
NT,2025,21,102,89,0.0
NT,2025,21,103,89,0.0
NT,2025,21,104,89,0.0
NT,2025,21,105,89,0.0
NT,2025,21,106,89,0.0
NT,2025,21,107,89,0.0
NT,2025,21,108,89,0.0
NT,2025,21,109,89,0.0
NT,2025,21,110,89,0.0
NT,2025,21,111,89,0.0
NT,2025,21,112,89,0.0
NT,2025,21,113,89,0.0
NT,2025,21,114,89,0.0
NT,2025,21,115,89,0.0
NT,2025,21,116,89,0.0
NT,2025,21,117,89,0.0
NT,2025,21,118,89,0.0
NT,2025,21,119,89,0.0
NT,2025,21,120,89,0.0
NT,2025,21,121,89,0.0
NT,2025,21,122,89,0.0
NT,2025,21,123,89,0.0
NT,2025,21,124,89,0.0
NT,2025,21,125,89,0.0
NT,2025,21,126,89,0.0
NT,2025,21,127,89,0.0
NT,2025,21,128,89,0.0
NT,2025,21,129,89,0.0
NT,2025,21,130,89,0.0
NT,2025,21,131,89,0.0
NT,2025,21,132,89,0.0
NT,2025,21,133,89,0.0
NT,2025,21,134,89,0.0
NT,2025,21,135,89,0.0
NT,2025,21,136,89,0.0
NT,2025,21,137,89,0.0
NT,2025,21,138,89,0.0
NT,2025,21,139,89,0.0
NT,2025,21,140,89,0.0
NT,2025,21,141,89,0.0
NT,2025,21,142,89,0.0
NT,2025,21,143,89,0.0
NT,2025,21,144,89,0.0
NT,2025,21,145,89,0.0
NT,2025,21,146,89,0.0
NT,2025,21,147,89,0.0
NT,2025,21,148,89,0.0
NT,2025,21,149,89,0.0
NT,2025,21,150,89,0.0
NT,2025,21,151,89,0.0
NT,2025,21,152,89,0.0
NT,2025,21,153,89,0.0
NT,2025,21,154,89,0.0
NT,2025,21,155,89,0.0
NT,2025,21,156,89,0.0
NT,2025,21,157,89,0.0
NT,2025,21,158,89,0.0
NT,2025,21,159,89,0.0
NT,2025,21,160,89,0.0
NT,2025,21,161,89,0.0
NT,2025,21,162,89,0.0
NT,2025,21,163,89,0.0
NT,2025,21,164,89,0.0
NT,2025,21,165,89,0.0
NT,2025,21,166,89,0.0
NT,2025,21,167,89,0.0
NT,2025,42,0,89,0.0
NT,2025,42,1,89,0.0
NT,2025,42,2,89,0.0
NT,2025,42,3,89,0.0
NT,2025,42,4,89,0.0
NT,2025,42,5,89,0.0
NT,2025,42,6,89,0.0
NT,2025,42,7,89,0.0
NT,2025,42,8,89,0.0
NT,2025,42,9,89,0.0
NT,2025,42,10,89,0.0
NT,2025,42,11,89,0.0
NT,2025,42,12,89,0.0
NT,2025,42,13,89,0.0
NT,2025,42,14,89,0.0
NT,2025,42,15,89,0.0
NT,2025,42,16,89,0.0
NT,2025,42,17,89,0.0
NT,2025,42,18,89,0.0
NT,2025,42,19,89,0.0
NT,2025,42,20,89,0.0
NT,2025,42,21,89,0.0
NT,2025,42,22,89,0.0
NT,2025,42,23,89,0.0
NT,2025,42,24,89,0.0
NT,2025,42,25,89,0.0
NT,2025,42,26,89,0.0
NT,2025,42,27,89,0.0
NT,2025,42,28,89,0.0
NT,2025,42,29,89,0.0
NT,2025,42,30,89,0.0
NT,2025,42,31,89,0.0
NT,2025,42,32,89,0.0
NT,2025,42,33,89,0.0
NT,2025,42,34,89,0.0
NT,2025,42,35,89,0.0
NT,2025,42,36,89,0.0
NT,2025,42,37,89,0.0
NT,2025,42,38,89,0.0
NT,2025,42,39,89,0.0
NT,2025,42,40,89,0.0
NT,2025,42,41,89,0.0
NT,2025,42,42,89,0.0
NT,2025,42,43,89,0.0
NT,2025,42,44,89,0.0
NT,2025,42,45,89,0.0
NT,2025,42,46,89,0.0
NT,2025,42,47,89,0.0
NT,2025,42,48,89,0.0
NT,2025,42,49,89,0.0
NT,2025,42,50,89,0.0
NT,2025,42,51,89,0.0
NT,2025,42,52,89,0.0
NT,2025,42,53,89,0.0
NT,2025,42,54,89,0.0
NT,2025,42,55,89,0.0
NT,2025,42,56,89,0.0
NT,2025,42,57,89,0.0
NT,2025,42,58,89,0.0
NT,2025,42,59,89,0.0
NT,2025,42,60,89,0.0
NT,2025,42,61,89,0.0
NT,2025,42,62,89,0.0
NT,2025,42,63,89,0.0
NT,2025,42,64,89,0.0
NT,2025,42,65,89,0.0
NT,2025,42,66,89,0.0
NT,2025,42,67,89,0.0
NT,2025,42,68,89,0.0
NT,2025,42,69,89,0.0
NT,2025,42,70,89,0.0
NT,2025,42,71,89,0.0
NT,2025,42,72,89,0.0
NT,2025,42,73,89,0.0
NT,2025,42,74,89,0.0
NT,2025,42,75,89,0.0
NT,2025,42,76,89,0.0
NT,2025,42,77,89,0.0
NT,2025,42,78,89,0.0
NT,2025,42,79,89,0.0
NT,2025,42,80,89,0.0
NT,2025,42,81,89,0.0
NT,2025,42,82,89,0.0
NT,2025,42,83,89,0.0
NT,2025,42,84,89,0.0
NT,2025,42,85,89,0.0
NT,2025,42,86,89,0.0
NT,2025,42,87,89,0.0
NT,2025,42,88,89,0.0
NT,2025,42,89,89,0.0
NT,2025,42,90,89,0.0
NT,2025,42,91,89,0.0
NT,2025,42,92,89,0.0
NT,2025,42,93,89,0.0
NT,2025,42,94,89,0.0
NT,2025,42,95,89,0.0
NT,2025,42,96,89,0.0
NT,2025,42,97,89,0.0
NT,2025,42,98,89,0.0
NT,2025,42,99,89,0.0
NT,2025,42,100,89,0.0
NT,2025,42,101,89,0.0
NT,2025,42,102,89,0.0
NT,2025,42,103,89,0.0
NT,2025,42,104,89,0.0
NT,2025,42,105,89,0.0
NT,2025,42,106,89,0.0
NT,2025,42,107,89,0.0
NT,2025,42,108,89,0.0
NT,2025,42,109,89,0.0
NT,2025,42,110,89,0.0
NT,2025,42,111,89,0.0
NT,2025,42,112,89,0.0
NT,2025,42,113,89,0.0
NT,2025,42,114,89,0.0
NT,2025,42,115,89,0.0
NT,2025,42,116,89,0.0
NT,2025,42,117,89,0.0
NT,2025,42,118,89,0.0
NT,2025,42,119,89,0.0
NT,2025,42,120,89,0.0
NT,2025,42,121,89,0.0
NT,2025,42,122,89,0.0
NT,2025,42,123,89,0.0
NT,2025,42,124,89,0.0
NT,2025,42,125,89,0.0
NT,2025,42,126,89,0.0
NT,2025,42,127,89,0.0
NT,2025,42,128,89,0.0
NT,2025,42,129,89,0.0
NT,2025,42,130,89,0.0
NT,2025,42,131,89,0.0
NT,2025,42,132,89,0.0
NT,2025,42,133,89,0.0
NT,2025,42,134,89,0.0
NT,2025,42,135,89,0.0
NT,2025,42,136,89,0.0
NT,2025,42,137,89,0.0
NT,2025,42,138,89,0.0
NT,2025,42,139,89,0.0
NT,2025,42,140,89,0.0
NT,2025,42,141,89,0.0
NT,2025,42,142,89,0.0
NT,2025,42,143,89,0.0
NT,2025,42,144,89,0.0
NT,2025,42,145,89,0.0
NT,2025,42,146,89,0.0
NT,2025,42,147,89,0.0
NT,2025,42,148,89,0.0
NT,2025,42,149,89,0.0
NT,2025,42,150,89,0.0
NT,2025,42,151,89,0.0
NT,2025,42,152,89,0.0
NT,2025,42,153,89,0.0
NT,2025,42,154,89,0.0
NT,2025,42,155,89,0.0
NT,2025,42,156,89,0.0
NT,2025,42,157,89,0.0
NT,2025,42,158,89,0.0
NT,2025,42,159,89,0.0
NT,2025,42,160,89,0.0
NT,2025,42,161,89,0.0
NT,2025,42,162,89,0.0
NT,2025,42,163,89,0.0
NT,2025,42,164,89,0.0
NT,2025,42,165,89,0.0
NT,2025,42,166,89,0.0
NT,2025,42,167,89,0.0
NT,2025,52,0,89,0.0
NT,2025,52,1,89,0.0
NT,2025,52,2,89,0.0
NT,2025,52,3,89,0.0
NT,2025,52,4,89,0.0
NT,2025,52,5,89,0.0
NT,2025,52,6,89,0.0
NT,2025,52,7,89,0.0
NT,2025,52,8,89,0.0
NT,2025,52,9,89,0.0
NT,2025,52,10,89,0.0
NT,2025,52,11,89,0.0
NT,2025,52,12,89,0.0
NT,2025,52,13,89,0.0
NT,2025,52,14,89,0.0
NT,2025,52,15,89,0.0
NT,2025,52,16,89,0.0
NT,2025,52,17,89,0.0
NT,2025,52,18,89,0.0
NT,2025,52,19,89,0.0
NT,2025,52,20,89,0.0
NT,2025,52,21,89,0.0
NT,2025,52,22,89,0.0
NT,2025,52,23,89,0.0
NT,2025,52,24,89,0.0
NT,2025,52,25,89,0.0
NT,2025,52,26,89,0.0
NT,2025,52,27,89,0.0
NT,2025,52,28,89,0.0
NT,2025,52,29,89,0.0
NT,2025,52,30,89,0.0
NT,2025,52,31,89,0.0
NT,2025,52,32,89,0.0
NT,2025,52,33,89,0.0
NT,2025,52,34,89,0.0
NT,2025,52,35,89,0.0
NT,2025,52,36,89,0.0
NT,2025,52,37,89,0.0
NT,2025,52,38,89,0.0
NT,2025,52,39,89,0.0
NT,2025,52,40,89,0.0
NT,2025,52,41,89,0.0
NT,2025,52,42,89,0.0
NT,2025,52,43,89,0.0
NT,2025,52,44,89,0.0
NT,2025,52,45,89,0.0
NT,2025,52,46,89,0.0
NT,2025,52,47,89,0.0
NT,2025,52,48,89,0.0
NT,2025,52,49,89,0.0
NT,2025,52,50,89,0.0
NT,2025,52,51,89,0.0
NT,2025,52,52,89,0.0
NT,2025,52,53,89,0.0
NT,2025,52,54,89,0.0
NT,2025,52,55,89,0.0
NT,2025,52,56,89,0.0
NT,2025,52,57,89,0.0
NT,2025,52,58,89,0.0
NT,2025,52,59,89,0.0
NT,2025,52,60,89,0.0
NT,2025,52,61,89,0.0
NT,2025,52,62,89,0.0
NT,2025,52,63,89,0.0
NT,2025,52,64,89,0.0
NT,2025,52,65,89,0.0
NT,2025,52,66,89,0.0
NT,2025,52,67,89,0.0
NT,2025,52,68,89,0.0
NT,2025,52,69,89,0.0
NT,2025,52,70,89,0.0
NT,2025,52,71,89,0.0
NT,2025,52,72,89,0.0
NT,2025,52,73,89,0.0
NT,2025,52,74,89,0.0
NT,2025,52,75,89,0.0
NT,2025,52,76,89,0.0
NT,2025,52,77,89,0.0
NT,2025,52,78,89,0.0
NT,2025,52,79,89,0.0
NT,2025,52,80,89,0.0
NT,2025,52,81,89,0.0
NT,2025,52,82,89,0.0
NT,2025,52,83,89,0.0
NT,2025,52,84,89,0.0
NT,2025,52,85,89,0.0
NT,2025,52,86,89,0.0
NT,2025,52,87,89,0.0
NT,2025,52,88,89,0.0
NT,2025,52,89,89,0.0
NT,2025,52,90,89,0.0
NT,2025,52,91,89,0.0
NT,2025,52,92,89,0.0
NT,2025,52,93,89,0.0
NT,2025,52,94,89,0.0
NT,2025,52,95,89,0.0
NT,2025,52,96,89,0.0
NT,2025,52,97,89,0.0
NT,2025,52,98,89,0.0
NT,2025,52,99,89,0.0
NT,2025,52,100,89,0.0
NT,2025,52,101,89,0.0
NT,2025,52,102,89,0.0
NT,2025,52,103,89,0.0
NT,2025,52,104,89,0.0
NT,2025,52,105,89,0.0
NT,2025,52,106,89,0.0
NT,2025,52,107,89,0.0
NT,2025,52,108,89,0.0
NT,2025,52,109,89,0.0
NT,2025,52,110,89,0.0
NT,2025,52,111,89,0.0
NT,2025,52,112,89,0.0
NT,2025,52,113,89,0.0
NT,2025,52,114,89,0.0
NT,2025,52,115,89,0.0
NT,2025,52,116,89,0.0
NT,2025,52,117,89,0.0
NT,2025,52,118,89,0.0
NT,2025,52,119,89,0.0
NT,2025,52,120,89,0.0
NT,2025,52,121,89,0.0
NT,2025,52,122,89,0.0
NT,2025,52,123,89,0.0
NT,2025,52,124,89,0.0
NT,2025,52,125,89,0.0
NT,2025,52,126,89,0.0
NT,2025,52,127,89,0.0
NT,2025,52,128,89,0.0
NT,2025,52,129,89,0.0
NT,2025,52,130,89,0.0
NT,2025,52,131,89,0.0
NT,2025,52,132,89,0.0
NT,2025,52,133,89,0.0
NT,2025,52,134,89,0.0
NT,2025,52,135,89,0.0
NT,2025,52,136,89,0.0
NT,2025,52,137,89,0.0
NT,2025,52,138,89,0.0
NT,2025,52,139,89,0.0
NT,2025,52,140,89,0.0
NT,2025,52,141,89,0.0
NT,2025,52,142,89,0.0
NT,2025,52,143,89,0.0
NT,2025,52,144,89,0.0
NT,2025,52,145,89,0.0
NT,2025,52,146,89,0.0
NT,2025,52,147,89,0.0
NT,2025,52,148,89,0.0
NT,2025,52,149,89,0.0
NT,2025,52,150,89,0.0
NT,2025,52,151,89,0.0
NT,2025,52,152,89,0.0
NT,2025,52,153,89,0.0
NT,2025,52,154,89,0.0
NT,2025,52,155,89,0.0
NT,2025,52,156,89,0.0
NT,2025,52,157,89,0.0
NT,2025,52,158,89,0.0
NT,2025,52,159,89,0.0
NT,2025,52,160,89,0.0
NT,2025,52,161,89,0.0
NT,2025,52,162,89,0.0
NT,2025,52,163,89,0.0
NT,2025,52,164,89,0.0
NT,2025,52,165,89,0.0
NT,2025,52,166,89,0.0
NT,2025,52,167,89,0.0
NT,2030,11,0,89,0.0
NT,2030,11,1,89,0.0
NT,2030,11,2,89,0.0
NT,2030,11,3,89,0.0
NT,2030,11,4,89,0.0
NT,2030,11,5,89,0.0
NT,2030,11,6,89,0.0
NT,2030,11,7,89,0.0
NT,2030,11,8,89,0.0
NT,2030,11,9,89,0.0
NT,2030,11,10,89,0.0
NT,2030,11,11,89,0.0
NT,2030,11,12,89,0.0
NT,2030,11,13,89,0.0
NT,2030,11,14,89,0.0
NT,2030,11,15,89,0.0
NT,2030,11,16,89,0.0
NT,2030,11,17,89,0.0
NT,2030,11,18,89,0.0
NT,2030,11,19,89,0.0
NT,2030,11,20,89,0.0
NT,2030,11,21,89,0.0
NT,2030,11,22,89,0.0
NT,2030,11,23,89,0.0
NT,2030,11,24,89,0.0
NT,2030,11,25,89,0.0
NT,2030,11,26,89,0.0
NT,2030,11,27,89,0.0
NT,2030,11,28,89,0.0
NT,2030,11,29,89,0.0
NT,2030,11,30,89,0.0
NT,2030,11,31,89,0.0
NT,2030,11,32,89,0.0
NT,2030,11,33,89,0.0
NT,2030,11,34,89,0.0
NT,2030,11,35,89,0.0
NT,2030,11,36,89,0.0
NT,2030,11,37,89,0.0
NT,2030,11,38,89,0.0
NT,2030,11,39,89,0.0
NT,2030,11,40,89,0.0
NT,2030,11,41,89,0.0
NT,2030,11,42,89,0.0
NT,2030,11,43,89,0.0
NT,2030,11,44,89,0.0
NT,2030,11,45,89,0.0
NT,2030,11,46,89,0.0
NT,2030,11,47,89,0.0
NT,2030,11,48,89,0.0
NT,2030,11,49,89,0.0
NT,2030,11,50,89,0.0
NT,2030,11,51,89,0.0
NT,2030,11,52,89,0.0
NT,2030,11,53,89,0.0
NT,2030,11,54,89,0.0
NT,2030,11,55,89,0.0
NT,2030,11,56,89,0.0
NT,2030,11,57,89,0.0
NT,2030,11,58,89,0.0
NT,2030,11,59,89,0.0
NT,2030,11,60,89,0.0
NT,2030,11,61,89,0.0
NT,2030,11,62,89,0.0
NT,2030,11,63,89,0.0
NT,2030,11,64,89,0.0
NT,2030,11,65,89,0.0
NT,2030,11,66,89,0.0
NT,2030,11,67,89,0.0
NT,2030,11,68,89,0.0
NT,2030,11,69,89,0.0
NT,2030,11,70,89,0.0
NT,2030,11,71,89,0.0
NT,2030,11,72,89,0.0
NT,2030,11,73,89,0.0
NT,2030,11,74,89,0.0
NT,2030,11,75,89,0.0
NT,2030,11,76,89,0.0
NT,2030,11,77,89,0.0
NT,2030,11,78,89,0.0
NT,2030,11,79,89,0.0
NT,2030,11,80,89,0.0
NT,2030,11,81,89,0.0
NT,2030,11,82,89,0.0
NT,2030,11,83,89,0.0
NT,2030,11,84,89,0.0
NT,2030,11,85,89,0.0
NT,2030,11,86,89,0.0
NT,2030,11,87,89,0.0
NT,2030,11,88,89,0.0
NT,2030,11,89,89,0.0
NT,2030,11,90,89,0.0
NT,2030,11,91,89,0.0
NT,2030,11,92,89,0.0
NT,2030,11,93,89,0.0
NT,2030,11,94,89,0.0
NT,2030,11,95,89,0.0
NT,2030,11,96,89,0.0
NT,2030,11,97,89,0.0
NT,2030,11,98,89,0.0
NT,2030,11,99,89,0.0
NT,2030,11,100,89,0.0
NT,2030,11,101,89,0.0
NT,2030,11,102,89,0.0
NT,2030,11,103,89,0.0
NT,2030,11,104,89,0.0
NT,2030,11,105,89,0.0
NT,2030,11,106,89,0.0
NT,2030,11,107,89,0.0
NT,2030,11,108,89,0.0
NT,2030,11,109,89,0.0
NT,2030,11,110,89,0.0
NT,2030,11,111,89,0.0
NT,2030,11,112,89,0.0
NT,2030,11,113,89,0.0
NT,2030,11,114,89,0.0
NT,2030,11,115,89,0.0
NT,2030,11,116,89,0.0
NT,2030,11,117,89,0.0
NT,2030,11,118,89,0.0
NT,2030,11,119,89,0.0
NT,2030,11,120,89,0.0
NT,2030,11,121,89,0.0
NT,2030,11,122,89,0.0
NT,2030,11,123,89,0.0
NT,2030,11,124,89,0.0
NT,2030,11,125,89,0.0
NT,2030,11,126,89,0.0
NT,2030,11,127,89,0.0
NT,2030,11,128,89,0.0
NT,2030,11,129,89,0.0
NT,2030,11,130,89,0.0
NT,2030,11,131,89,0.0
NT,2030,11,132,89,0.0
NT,2030,11,133,89,0.0
NT,2030,11,134,89,0.0
NT,2030,11,135,89,0.0
NT,2030,11,136,89,0.0
NT,2030,11,137,89,0.0
NT,2030,11,138,89,0.0
NT,2030,11,139,89,0.0
NT,2030,11,140,89,0.0
NT,2030,11,141,89,0.0
NT,2030,11,142,89,0.0
NT,2030,11,143,89,0.0
NT,2030,11,144,89,0.0
NT,2030,11,145,89,0.0
NT,2030,11,146,89,0.0
NT,2030,11,147,89,0.0
NT,2030,11,148,89,0.0
NT,2030,11,149,89,0.0
NT,2030,11,150,89,0.0
NT,2030,11,151,89,0.0
NT,2030,11,152,89,0.0
NT,2030,11,153,89,0.0
NT,2030,11,154,89,0.0
NT,2030,11,155,89,0.0
NT,2030,11,156,89,0.0
NT,2030,11,157,89,0.0
NT,2030,11,158,89,0.0
NT,2030,11,159,89,0.0
NT,2030,11,160,89,0.0
NT,2030,11,161,89,0.0
NT,2030,11,162,89,0.0
NT,2030,11,163,89,0.0
NT,2030,11,164,89,0.0
NT,2030,11,165,89,0.0
NT,2030,11,166,89,0.0
NT,2030,11,167,89,0.0
NT,2030,21,0,89,0.0
NT,2030,21,1,89,0.0
NT,2030,21,2,89,0.0
NT,2030,21,3,89,0.0
NT,2030,21,4,89,0.0
NT,2030,21,5,89,0.0
NT,2030,21,6,89,0.0
NT,2030,21,7,89,0.0
NT,2030,21,8,89,0.0
NT,2030,21,9,89,0.0
NT,2030,21,10,89,0.0
NT,2030,21,11,89,0.0
NT,2030,21,12,89,0.0
NT,2030,21,13,89,0.0
NT,2030,21,14,89,0.0
NT,2030,21,15,89,0.0
NT,2030,21,16,89,0.0
NT,2030,21,17,89,0.0
NT,2030,21,18,89,0.0
NT,2030,21,19,89,0.0
NT,2030,21,20,89,0.0
NT,2030,21,21,89,0.0
NT,2030,21,22,89,0.0
NT,2030,21,23,89,0.0
NT,2030,21,24,89,0.0
NT,2030,21,25,89,0.0
NT,2030,21,26,89,0.0
NT,2030,21,27,89,0.0
NT,2030,21,28,89,0.0
NT,2030,21,29,89,0.0
NT,2030,21,30,89,0.0
NT,2030,21,31,89,0.0
NT,2030,21,32,89,0.0
NT,2030,21,33,89,0.0
NT,2030,21,34,89,0.0
NT,2030,21,35,89,0.0
NT,2030,21,36,89,0.0
NT,2030,21,37,89,0.0
NT,2030,21,38,89,0.0
NT,2030,21,39,89,0.0
NT,2030,21,40,89,0.0
NT,2030,21,41,89,0.0
NT,2030,21,42,89,0.0
NT,2030,21,43,89,0.0
NT,2030,21,44,89,0.0
NT,2030,21,45,89,0.0
NT,2030,21,46,89,0.0
NT,2030,21,47,89,0.0
NT,2030,21,48,89,0.0
NT,2030,21,49,89,0.0
NT,2030,21,50,89,0.0
NT,2030,21,51,89,0.0
NT,2030,21,52,89,0.0
NT,2030,21,53,89,0.0
NT,2030,21,54,89,0.0
NT,2030,21,55,89,0.0
NT,2030,21,56,89,0.0
NT,2030,21,57,89,0.0
NT,2030,21,58,89,0.0
NT,2030,21,59,89,0.0
NT,2030,21,60,89,0.0
NT,2030,21,61,89,0.0
NT,2030,21,62,89,0.0
NT,2030,21,63,89,0.0
NT,2030,21,64,89,0.0
NT,2030,21,65,89,0.0
NT,2030,21,66,89,0.0
NT,2030,21,67,89,0.0
NT,2030,21,68,89,0.0
NT,2030,21,69,89,0.0
NT,2030,21,70,89,0.0
NT,2030,21,71,89,0.0
NT,2030,21,72,89,0.0
NT,2030,21,73,89,0.0
NT,2030,21,74,89,0.0
NT,2030,21,75,89,0.0
NT,2030,21,76,89,0.0
NT,2030,21,77,89,0.0
NT,2030,21,78,89,0.0
NT,2030,21,79,89,0.0
NT,2030,21,80,89,0.0
NT,2030,21,81,89,0.0
NT,2030,21,82,89,0.0
NT,2030,21,83,89,0.0
NT,2030,21,84,89,0.0
NT,2030,21,85,89,0.0
NT,2030,21,86,89,0.0
NT,2030,21,87,89,0.0
NT,2030,21,88,89,0.0
NT,2030,21,89,89,0.0
NT,2030,21,90,89,0.0
NT,2030,21,91,89,0.0
NT,2030,21,92,89,0.0
NT,2030,21,93,89,0.0
NT,2030,21,94,89,0.0
NT,2030,21,95,89,0.0
NT,2030,21,96,89,0.0
NT,2030,21,97,89,0.0
NT,2030,21,98,89,0.0
NT,2030,21,99,89,0.0
NT,2030,21,100,89,0.0
NT,2030,21,101,89,0.0
NT,2030,21,102,89,0.0
NT,2030,21,103,89,0.0
NT,2030,21,104,89,0.0
NT,2030,21,105,89,0.0
NT,2030,21,106,89,0.0
NT,2030,21,107,89,0.0
NT,2030,21,108,89,0.0
NT,2030,21,109,89,0.0
NT,2030,21,110,89,0.0
NT,2030,21,111,89,0.0
NT,2030,21,112,89,0.0
NT,2030,21,113,89,0.0
NT,2030,21,114,89,0.0
NT,2030,21,115,89,0.0
NT,2030,21,116,89,0.0
NT,2030,21,117,89,0.0
NT,2030,21,118,89,0.0
NT,2030,21,119,89,0.0
NT,2030,21,120,89,0.0
NT,2030,21,121,89,0.0
NT,2030,21,122,89,0.0
NT,2030,21,123,89,0.0
NT,2030,21,124,89,0.0
NT,2030,21,125,89,0.0
NT,2030,21,126,89,0.0
NT,2030,21,127,89,0.0
NT,2030,21,128,89,0.0
NT,2030,21,129,89,0.0
NT,2030,21,130,89,0.0
NT,2030,21,131,89,0.0
NT,2030,21,132,89,0.0
NT,2030,21,133,89,0.0
NT,2030,21,134,89,0.0
NT,2030,21,135,89,0.0
NT,2030,21,136,89,0.0
NT,2030,21,137,89,0.0
NT,2030,21,138,89,0.0
NT,2030,21,139,89,0.0
NT,2030,21,140,89,0.0
NT,2030,21,141,89,0.0
NT,2030,21,142,89,0.0
NT,2030,21,143,89,0.0
NT,2030,21,144,89,0.0
NT,2030,21,145,89,0.0
NT,2030,21,146,89,0.0
NT,2030,21,147,89,0.0
NT,2030,21,148,89,0.0
NT,2030,21,149,89,0.0
NT,2030,21,150,89,0.0
NT,2030,21,151,89,0.0
NT,2030,21,152,89,0.0
NT,2030,21,153,89,0.0
NT,2030,21,154,89,0.0
NT,2030,21,155,89,0.0
NT,2030,21,156,89,0.0
NT,2030,21,157,89,0.0
NT,2030,21,158,89,0.0
NT,2030,21,159,89,0.0
NT,2030,21,160,89,0.0
NT,2030,21,161,89,0.0
NT,2030,21,162,89,0.0
NT,2030,21,163,89,0.0
NT,2030,21,164,89,0.0
NT,2030,21,165,89,0.0
NT,2030,21,166,89,0.0
NT,2030,21,167,89,0.0
NT,2030,42,0,89,0.0
NT,2030,42,1,89,0.0
NT,2030,42,2,89,0.0
NT,2030,42,3,89,0.0
NT,2030,42,4,89,0.0
NT,2030,42,5,89,0.0
NT,2030,42,6,89,0.0
NT,2030,42,7,89,0.0
NT,2030,42,8,89,0.0
NT,2030,42,9,89,0.0
NT,2030,42,10,89,0.0
NT,2030,42,11,89,0.0
NT,2030,42,12,89,0.0
NT,2030,42,13,89,0.0
NT,2030,42,14,89,0.0
NT,2030,42,15,89,0.0
NT,2030,42,16,89,0.0
NT,2030,42,17,89,0.0
NT,2030,42,18,89,0.0
NT,2030,42,19,89,0.0
NT,2030,42,20,89,0.0
NT,2030,42,21,89,0.0
NT,2030,42,22,89,0.0
NT,2030,42,23,89,0.0
NT,2030,42,24,89,0.0
NT,2030,42,25,89,0.0
NT,2030,42,26,89,0.0
NT,2030,42,27,89,0.0
NT,2030,42,28,89,0.0
NT,2030,42,29,89,0.0
NT,2030,42,30,89,0.0
NT,2030,42,31,89,0.0
NT,2030,42,32,89,0.0
NT,2030,42,33,89,0.0
NT,2030,42,34,89,0.0
NT,2030,42,35,89,0.0
NT,2030,42,36,89,0.0
NT,2030,42,37,89,0.0
NT,2030,42,38,89,0.0
NT,2030,42,39,89,0.0
NT,2030,42,40,89,0.0
NT,2030,42,41,89,0.0
NT,2030,42,42,89,0.0
NT,2030,42,43,89,0.0
NT,2030,42,44,89,0.0
NT,2030,42,45,89,0.0
NT,2030,42,46,89,0.0
NT,2030,42,47,89,0.0
NT,2030,42,48,89,0.0
NT,2030,42,49,89,0.0
NT,2030,42,50,89,0.0
NT,2030,42,51,89,0.0
NT,2030,42,52,89,0.0
NT,2030,42,53,89,0.0
NT,2030,42,54,89,0.0
NT,2030,42,55,89,0.0
NT,2030,42,56,89,0.0
NT,2030,42,57,89,0.0
NT,2030,42,58,89,0.0
NT,2030,42,59,89,0.0
NT,2030,42,60,89,0.0
NT,2030,42,61,89,0.0
NT,2030,42,62,89,0.0
NT,2030,42,63,89,0.0
NT,2030,42,64,89,0.0
NT,2030,42,65,89,0.0
NT,2030,42,66,89,0.0
NT,2030,42,67,89,0.0
NT,2030,42,68,89,0.0
NT,2030,42,69,89,0.0
NT,2030,42,70,89,0.0
NT,2030,42,71,89,0.0
NT,2030,42,72,89,0.0
NT,2030,42,73,89,0.0
NT,2030,42,74,89,0.0
NT,2030,42,75,89,0.0
NT,2030,42,76,89,0.0
NT,2030,42,77,89,0.0
NT,2030,42,78,89,0.0
NT,2030,42,79,89,0.0
NT,2030,42,80,89,0.0
NT,2030,42,81,89,0.0
NT,2030,42,82,89,0.0
NT,2030,42,83,89,0.0
NT,2030,42,84,89,0.0
NT,2030,42,85,89,0.0
NT,2030,42,86,89,0.0
NT,2030,42,87,89,0.0
NT,2030,42,88,89,0.0
NT,2030,42,89,89,0.0
NT,2030,42,90,89,0.0
NT,2030,42,91,89,0.0
NT,2030,42,92,89,0.0
NT,2030,42,93,89,0.0
NT,2030,42,94,89,0.0
NT,2030,42,95,89,0.0
NT,2030,42,96,89,0.0
NT,2030,42,97,89,0.0
NT,2030,42,98,89,0.0
NT,2030,42,99,89,0.0
NT,2030,42,100,89,0.0
NT,2030,42,101,89,0.0
NT,2030,42,102,89,0.0
NT,2030,42,103,89,0.0
NT,2030,42,104,89,0.0
NT,2030,42,105,89,0.0
NT,2030,42,106,89,0.0
NT,2030,42,107,89,0.0
NT,2030,42,108,89,0.0
NT,2030,42,109,89,0.0
NT,2030,42,110,89,0.0
NT,2030,42,111,89,0.0
NT,2030,42,112,89,0.0
NT,2030,42,113,89,0.0
NT,2030,42,114,89,0.0
NT,2030,42,115,89,0.0
NT,2030,42,116,89,0.0
NT,2030,42,117,89,0.0
NT,2030,42,118,89,0.0
NT,2030,42,119,89,0.0
NT,2030,42,120,89,0.0
NT,2030,42,121,89,0.0
NT,2030,42,122,89,0.0
NT,2030,42,123,89,0.0
NT,2030,42,124,89,0.0
NT,2030,42,125,89,0.0
NT,2030,42,126,89,0.0
NT,2030,42,127,89,0.0
NT,2030,42,128,89,0.0
NT,2030,42,129,89,0.0
NT,2030,42,130,89,0.0
NT,2030,42,131,89,0.0
NT,2030,42,132,89,0.0
NT,2030,42,133,89,0.0
NT,2030,42,134,89,0.0
NT,2030,42,135,89,0.0
NT,2030,42,136,89,0.0
NT,2030,42,137,89,0.0
NT,2030,42,138,89,0.0
NT,2030,42,139,89,0.0
NT,2030,42,140,89,0.0
NT,2030,42,141,89,0.0
NT,2030,42,142,89,0.0
NT,2030,42,143,89,0.0
NT,2030,42,144,89,0.0
NT,2030,42,145,89,0.0
NT,2030,42,146,89,0.0
NT,2030,42,147,89,0.0
NT,2030,42,148,89,0.0
NT,2030,42,149,89,0.0
NT,2030,42,150,89,0.0
NT,2030,42,151,89,0.0
NT,2030,42,152,89,0.0
NT,2030,42,153,89,0.0
NT,2030,42,154,89,0.0
NT,2030,42,155,89,0.0
NT,2030,42,156,89,0.0
NT,2030,42,157,89,0.0
NT,2030,42,158,89,0.0
NT,2030,42,159,89,0.0
NT,2030,42,160,89,0.0
NT,2030,42,161,89,0.0
NT,2030,42,162,89,0.0
NT,2030,42,163,89,0.0
NT,2030,42,164,89,0.0
NT,2030,42,165,89,0.0
NT,2030,42,166,89,0.0
NT,2030,42,167,89,0.0
NT,2030,52,0,89,0.0
NT,2030,52,1,89,0.0
NT,2030,52,2,89,0.0
NT,2030,52,3,89,0.0
NT,2030,52,4,89,0.0
NT,2030,52,5,89,0.0
NT,2030,52,6,89,0.0
NT,2030,52,7,89,0.0
NT,2030,52,8,89,0.0
NT,2030,52,9,89,0.0
NT,2030,52,10,89,0.0
NT,2030,52,11,89,0.0
NT,2030,52,12,89,0.0
NT,2030,52,13,89,0.0
NT,2030,52,14,89,0.0
NT,2030,52,15,89,0.0
NT,2030,52,16,89,0.0
NT,2030,52,17,89,0.0
NT,2030,52,18,89,0.0
NT,2030,52,19,89,0.0
NT,2030,52,20,89,0.0
NT,2030,52,21,89,0.0
NT,2030,52,22,89,0.0
NT,2030,52,23,89,0.0
NT,2030,52,24,89,0.0
NT,2030,52,25,89,0.0
NT,2030,52,26,89,0.0
NT,2030,52,27,89,0.0
NT,2030,52,28,89,0.0
NT,2030,52,29,89,0.0
NT,2030,52,30,89,0.0
NT,2030,52,31,89,0.0
NT,2030,52,32,89,0.0
NT,2030,52,33,89,0.0
NT,2030,52,34,89,0.0
NT,2030,52,35,89,0.0
NT,2030,52,36,89,0.0
NT,2030,52,37,89,0.0
NT,2030,52,38,89,0.0
NT,2030,52,39,89,0.0
NT,2030,52,40,89,0.0
NT,2030,52,41,89,0.0
NT,2030,52,42,89,0.0
NT,2030,52,43,89,0.0
NT,2030,52,44,89,0.0
NT,2030,52,45,89,0.0
NT,2030,52,46,89,0.0
NT,2030,52,47,89,0.0
NT,2030,52,48,89,0.0
NT,2030,52,49,89,0.0
NT,2030,52,50,89,0.0
NT,2030,52,51,89,0.0
NT,2030,52,52,89,0.0
NT,2030,52,53,89,0.0
NT,2030,52,54,89,0.0
NT,2030,52,55,89,0.0
NT,2030,52,56,89,0.0
NT,2030,52,57,89,0.0
NT,2030,52,58,89,0.0
NT,2030,52,59,89,0.0
NT,2030,52,60,89,0.0
NT,2030,52,61,89,0.0
NT,2030,52,62,89,0.0
NT,2030,52,63,89,0.0
NT,2030,52,64,89,0.0
NT,2030,52,65,89,0.0
NT,2030,52,66,89,0.0
NT,2030,52,67,89,0.0
NT,2030,52,68,89,0.0
NT,2030,52,69,89,0.0
NT,2030,52,70,89,0.0
NT,2030,52,71,89,0.0
NT,2030,52,72,89,0.0
NT,2030,52,73,89,0.0
NT,2030,52,74,89,0.0
NT,2030,52,75,89,0.0
NT,2030,52,76,89,0.0
NT,2030,52,77,89,0.0
NT,2030,52,78,89,0.0
NT,2030,52,79,89,0.0
NT,2030,52,80,89,0.0
NT,2030,52,81,89,0.0
NT,2030,52,82,89,0.0
NT,2030,52,83,89,0.0
NT,2030,52,84,89,0.0
NT,2030,52,85,89,0.0
NT,2030,52,86,89,0.0
NT,2030,52,87,89,0.0
NT,2030,52,88,89,0.0
NT,2030,52,89,89,0.0
NT,2030,52,90,89,0.0
NT,2030,52,91,89,0.0
NT,2030,52,92,89,0.0
NT,2030,52,93,89,0.0
NT,2030,52,94,89,0.0
NT,2030,52,95,89,0.0
NT,2030,52,96,89,0.0
NT,2030,52,97,89,0.0
NT,2030,52,98,89,0.0
NT,2030,52,99,89,0.0
NT,2030,52,100,89,0.0
NT,2030,52,101,89,0.0
NT,2030,52,102,89,0.0
NT,2030,52,103,89,0.0
NT,2030,52,104,89,0.0
NT,2030,52,105,89,0.0
NT,2030,52,106,89,0.0
NT,2030,52,107,89,0.0
NT,2030,52,108,89,0.0
NT,2030,52,109,89,0.0
NT,2030,52,110,89,0.0
NT,2030,52,111,89,0.0
NT,2030,52,112,89,0.0
NT,2030,52,113,89,0.0
NT,2030,52,114,89,0.0
NT,2030,52,115,89,0.0
NT,2030,52,116,89,0.0
NT,2030,52,117,89,0.0
NT,2030,52,118,89,0.0
NT,2030,52,119,89,0.0
NT,2030,52,120,89,0.0
NT,2030,52,121,89,0.0
NT,2030,52,122,89,0.0
NT,2030,52,123,89,0.0
NT,2030,52,124,89,0.0
NT,2030,52,125,89,0.0
NT,2030,52,126,89,0.0
NT,2030,52,127,89,0.0
NT,2030,52,128,89,0.0
NT,2030,52,129,89,0.0
NT,2030,52,130,89,0.0
NT,2030,52,131,89,0.0
NT,2030,52,132,89,0.0
NT,2030,52,133,89,0.0
NT,2030,52,134,89,0.0
NT,2030,52,135,89,0.0
NT,2030,52,136,89,0.0
NT,2030,52,137,89,0.0
NT,2030,52,138,89,0.0
NT,2030,52,139,89,0.0
NT,2030,52,140,89,0.0
NT,2030,52,141,89,0.0
NT,2030,52,142,89,0.0
NT,2030,52,143,89,0.0
NT,2030,52,144,89,0.0
NT,2030,52,145,89,0.0
NT,2030,52,146,89,0.0
NT,2030,52,147,89,0.0
NT,2030,52,148,89,0.0
NT,2030,52,149,89,0.0
NT,2030,52,150,89,0.0
NT,2030,52,151,89,0.0
NT,2030,52,152,89,0.0
NT,2030,52,153,89,0.0
NT,2030,52,154,89,0.0
NT,2030,52,155,89,0.0
NT,2030,52,156,89,0.0
NT,2030,52,157,89,0.0
NT,2030,52,158,89,0.0
NT,2030,52,159,89,0.0
NT,2030,52,160,89,0.0
NT,2030,52,161,89,0.0
NT,2030,52,162,89,0.0
NT,2030,52,163,89,0.0
NT,2030,52,164,89,0.0
NT,2030,52,165,89,0.0
NT,2030,52,166,89,0.0
NT,2030,52,167,89,0.0
NT,2040,11,0,89,0.0
NT,2040,11,1,89,0.0
NT,2040,11,2,89,0.0
NT,2040,11,3,89,0.0
NT,2040,11,4,89,0.0
NT,2040,11,5,89,0.0
NT,2040,11,6,89,0.0
NT,2040,11,7,89,0.0
NT,2040,11,8,89,0.0
NT,2040,11,9,89,0.0
NT,2040,11,10,89,0.0
NT,2040,11,11,89,0.0
NT,2040,11,12,89,0.0
NT,2040,11,13,89,0.0
NT,2040,11,14,89,0.0
NT,2040,11,15,89,0.0
NT,2040,11,16,89,0.0
NT,2040,11,17,89,0.0
NT,2040,11,18,89,0.0
NT,2040,11,19,89,0.0
NT,2040,11,20,89,0.0
NT,2040,11,21,89,0.0
NT,2040,11,22,89,0.0
NT,2040,11,23,89,0.0
NT,2040,11,24,89,0.0
NT,2040,11,25,89,0.0
NT,2040,11,26,89,0.0
NT,2040,11,27,89,0.0
NT,2040,11,28,89,0.0
NT,2040,11,29,89,0.0
NT,2040,11,30,89,0.0
NT,2040,11,31,89,0.0
NT,2040,11,32,89,0.0
NT,2040,11,33,89,0.0
NT,2040,11,34,89,0.0
NT,2040,11,35,89,0.0
NT,2040,11,36,89,0.0
NT,2040,11,37,89,0.0
NT,2040,11,38,89,0.0
NT,2040,11,39,89,0.0
NT,2040,11,40,89,0.0
NT,2040,11,41,89,0.0
NT,2040,11,42,89,0.0
NT,2040,11,43,89,0.0
NT,2040,11,44,89,0.0
NT,2040,11,45,89,0.0
NT,2040,11,46,89,0.0
NT,2040,11,47,89,0.0
NT,2040,11,48,89,0.0
NT,2040,11,49,89,0.0
NT,2040,11,50,89,0.0
NT,2040,11,51,89,0.0
NT,2040,11,52,89,0.0
NT,2040,11,53,89,0.0
NT,2040,11,54,89,0.0
NT,2040,11,55,89,0.0
NT,2040,11,56,89,0.0
NT,2040,11,57,89,0.0
NT,2040,11,58,89,0.0
NT,2040,11,59,89,0.0
NT,2040,11,60,89,0.0
NT,2040,11,61,89,0.0
NT,2040,11,62,89,0.0
NT,2040,11,63,89,0.0
NT,2040,11,64,89,0.0
NT,2040,11,65,89,0.0
NT,2040,11,66,89,0.0
NT,2040,11,67,89,0.0
NT,2040,11,68,89,0.0
NT,2040,11,69,89,0.0
NT,2040,11,70,89,0.0
NT,2040,11,71,89,0.0
NT,2040,11,72,89,0.0
NT,2040,11,73,89,0.0
NT,2040,11,74,89,0.0
NT,2040,11,75,89,0.0
NT,2040,11,76,89,0.0
NT,2040,11,77,89,0.0
NT,2040,11,78,89,0.0
NT,2040,11,79,89,0.0
NT,2040,11,80,89,0.0
NT,2040,11,81,89,0.0
NT,2040,11,82,89,0.0
NT,2040,11,83,89,0.0
NT,2040,11,84,89,0.0
NT,2040,11,85,89,0.0
NT,2040,11,86,89,0.0
NT,2040,11,87,89,0.0
NT,2040,11,88,89,0.0
NT,2040,11,89,89,0.0
NT,2040,11,90,89,0.0
NT,2040,11,91,89,0.0
NT,2040,11,92,89,0.0
NT,2040,11,93,89,0.0
NT,2040,11,94,89,0.0
NT,2040,11,95,89,0.0
NT,2040,11,96,89,0.0
NT,2040,11,97,89,0.0
NT,2040,11,98,89,0.0
NT,2040,11,99,89,0.0
NT,2040,11,100,89,0.0
NT,2040,11,101,89,0.0
NT,2040,11,102,89,0.0
NT,2040,11,103,89,0.0
NT,2040,11,104,89,0.0
NT,2040,11,105,89,0.0
NT,2040,11,106,89,0.0
NT,2040,11,107,89,0.0
NT,2040,11,108,89,0.0
NT,2040,11,109,89,0.0
NT,2040,11,110,89,0.0
NT,2040,11,111,89,0.0
NT,2040,11,112,89,0.0
NT,2040,11,113,89,0.0
NT,2040,11,114,89,0.0
NT,2040,11,115,89,0.0
NT,2040,11,116,89,0.0
NT,2040,11,117,89,0.0
NT,2040,11,118,89,0.0
NT,2040,11,119,89,0.0
NT,2040,11,120,89,0.0
NT,2040,11,121,89,0.0
NT,2040,11,122,89,0.0
NT,2040,11,123,89,0.0
NT,2040,11,124,89,0.0
NT,2040,11,125,89,0.0
NT,2040,11,126,89,0.0
NT,2040,11,127,89,0.0
NT,2040,11,128,89,0.0
NT,2040,11,129,89,0.0
NT,2040,11,130,89,0.0
NT,2040,11,131,89,0.0
NT,2040,11,132,89,0.0
NT,2040,11,133,89,0.0
NT,2040,11,134,89,0.0
NT,2040,11,135,89,0.0
NT,2040,11,136,89,0.0
NT,2040,11,137,89,0.0
NT,2040,11,138,89,0.0
NT,2040,11,139,89,0.0
NT,2040,11,140,89,0.0
NT,2040,11,141,89,0.0
NT,2040,11,142,89,0.0
NT,2040,11,143,89,0.0
NT,2040,11,144,89,0.0
NT,2040,11,145,89,0.0
NT,2040,11,146,89,0.0
NT,2040,11,147,89,0.0
NT,2040,11,148,89,0.0
NT,2040,11,149,89,0.0
NT,2040,11,150,89,0.0
NT,2040,11,151,89,0.0
NT,2040,11,152,89,0.0
NT,2040,11,153,89,0.0
NT,2040,11,154,89,0.0
NT,2040,11,155,89,0.0
NT,2040,11,156,89,0.0
NT,2040,11,157,89,0.0
NT,2040,11,158,89,0.0
NT,2040,11,159,89,0.0
NT,2040,11,160,89,0.0
NT,2040,11,161,89,0.0
NT,2040,11,162,89,0.0
NT,2040,11,163,89,0.0
NT,2040,11,164,89,0.0
NT,2040,11,165,89,0.0
NT,2040,11,166,89,0.0
NT,2040,11,167,89,0.0
NT,2040,21,0,89,0.0
NT,2040,21,1,89,0.0
NT,2040,21,2,89,0.0
NT,2040,21,3,89,0.0
NT,2040,21,4,89,0.0
NT,2040,21,5,89,0.0
NT,2040,21,6,89,0.0
NT,2040,21,7,89,0.0
NT,2040,21,8,89,0.0
NT,2040,21,9,89,0.0
NT,2040,21,10,89,0.0
NT,2040,21,11,89,0.0
NT,2040,21,12,89,0.0
NT,2040,21,13,89,0.0
NT,2040,21,14,89,0.0
NT,2040,21,15,89,0.0
NT,2040,21,16,89,0.0
NT,2040,21,17,89,0.0
NT,2040,21,18,89,0.0
NT,2040,21,19,89,0.0
NT,2040,21,20,89,0.0
NT,2040,21,21,89,0.0
NT,2040,21,22,89,0.0
NT,2040,21,23,89,0.0
NT,2040,21,24,89,0.0
NT,2040,21,25,89,0.0
NT,2040,21,26,89,0.0
NT,2040,21,27,89,0.0
NT,2040,21,28,89,0.0
NT,2040,21,29,89,0.0
NT,2040,21,30,89,0.0
NT,2040,21,31,89,0.0
NT,2040,21,32,89,0.0
NT,2040,21,33,89,0.0
NT,2040,21,34,89,0.0
NT,2040,21,35,89,0.0
NT,2040,21,36,89,0.0
NT,2040,21,37,89,0.0
NT,2040,21,38,89,0.0
NT,2040,21,39,89,0.0
NT,2040,21,40,89,0.0
NT,2040,21,41,89,0.0
NT,2040,21,42,89,0.0
NT,2040,21,43,89,0.0
NT,2040,21,44,89,0.0
NT,2040,21,45,89,0.0
NT,2040,21,46,89,0.0
NT,2040,21,47,89,0.0
NT,2040,21,48,89,0.0
NT,2040,21,49,89,0.0
NT,2040,21,50,89,0.0
NT,2040,21,51,89,0.0
NT,2040,21,52,89,0.0
NT,2040,21,53,89,0.0
NT,2040,21,54,89,0.0
NT,2040,21,55,89,0.0
NT,2040,21,56,89,0.0
NT,2040,21,57,89,0.0
NT,2040,21,58,89,0.0
NT,2040,21,59,89,0.0
NT,2040,21,60,89,0.0
NT,2040,21,61,89,0.0
NT,2040,21,62,89,0.0
NT,2040,21,63,89,0.0
NT,2040,21,64,89,0.0
NT,2040,21,65,89,0.0
NT,2040,21,66,89,0.0
NT,2040,21,67,89,0.0
NT,2040,21,68,89,0.0
NT,2040,21,69,89,0.0
NT,2040,21,70,89,0.0
NT,2040,21,71,89,0.0
NT,2040,21,72,89,0.0
NT,2040,21,73,89,0.0
NT,2040,21,74,89,0.0
NT,2040,21,75,89,0.0
NT,2040,21,76,89,0.0
NT,2040,21,77,89,0.0
NT,2040,21,78,89,0.0
NT,2040,21,79,89,0.0
NT,2040,21,80,89,0.0
NT,2040,21,81,89,0.0
NT,2040,21,82,89,0.0
NT,2040,21,83,89,0.0
NT,2040,21,84,89,0.0
NT,2040,21,85,89,0.0
NT,2040,21,86,89,0.0
NT,2040,21,87,89,0.0
NT,2040,21,88,89,0.0
NT,2040,21,89,89,0.0
NT,2040,21,90,89,0.0
NT,2040,21,91,89,0.0
NT,2040,21,92,89,0.0
NT,2040,21,93,89,0.0
NT,2040,21,94,89,0.0
NT,2040,21,95,89,0.0
NT,2040,21,96,89,0.0
NT,2040,21,97,89,0.0
NT,2040,21,98,89,0.0
NT,2040,21,99,89,0.0
NT,2040,21,100,89,0.0
NT,2040,21,101,89,0.0
NT,2040,21,102,89,0.0
NT,2040,21,103,89,0.0
NT,2040,21,104,89,0.0
NT,2040,21,105,89,0.0
NT,2040,21,106,89,0.0
NT,2040,21,107,89,0.0
NT,2040,21,108,89,0.0
NT,2040,21,109,89,0.0
NT,2040,21,110,89,0.0
NT,2040,21,111,89,0.0
NT,2040,21,112,89,0.0
NT,2040,21,113,89,0.0
NT,2040,21,114,89,0.0
NT,2040,21,115,89,0.0
NT,2040,21,116,89,0.0
NT,2040,21,117,89,0.0
NT,2040,21,118,89,0.0
NT,2040,21,119,89,0.0
NT,2040,21,120,89,0.0
NT,2040,21,121,89,0.0
NT,2040,21,122,89,0.0
NT,2040,21,123,89,0.0
NT,2040,21,124,89,0.0
NT,2040,21,125,89,0.0
NT,2040,21,126,89,0.0
NT,2040,21,127,89,0.0
NT,2040,21,128,89,0.0
NT,2040,21,129,89,0.0
NT,2040,21,130,89,0.0
NT,2040,21,131,89,0.0
NT,2040,21,132,89,0.0
NT,2040,21,133,89,0.0
NT,2040,21,134,89,0.0
NT,2040,21,135,89,0.0
NT,2040,21,136,89,0.0
NT,2040,21,137,89,0.0
NT,2040,21,138,89,0.0
NT,2040,21,139,89,0.0
NT,2040,21,140,89,0.0
NT,2040,21,141,89,0.0
NT,2040,21,142,89,0.0
NT,2040,21,143,89,0.0
NT,2040,21,144,89,0.0
NT,2040,21,145,89,0.0
NT,2040,21,146,89,0.0
NT,2040,21,147,89,0.0
NT,2040,21,148,89,0.0
NT,2040,21,149,89,0.0
NT,2040,21,150,89,0.0
NT,2040,21,151,89,0.0
NT,2040,21,152,89,0.0
NT,2040,21,153,89,0.0
NT,2040,21,154,89,0.0
NT,2040,21,155,89,0.0
NT,2040,21,156,89,0.0
NT,2040,21,157,89,0.0
NT,2040,21,158,89,0.0
NT,2040,21,159,89,0.0
NT,2040,21,160,89,0.0
NT,2040,21,161,89,0.0
NT,2040,21,162,89,0.0
NT,2040,21,163,89,0.0
NT,2040,21,164,89,0.0
NT,2040,21,165,89,0.0
NT,2040,21,166,89,0.0
NT,2040,21,167,89,0.0
NT,2040,42,0,89,0.0
NT,2040,42,1,89,0.0
NT,2040,42,2,89,0.0
NT,2040,42,3,89,0.0
NT,2040,42,4,89,0.0
NT,2040,42,5,89,0.0
NT,2040,42,6,89,0.0
NT,2040,42,7,89,0.0
NT,2040,42,8,89,0.0
NT,2040,42,9,89,0.0
NT,2040,42,10,89,0.0
NT,2040,42,11,89,0.0
NT,2040,42,12,89,0.0
NT,2040,42,13,89,0.0
NT,2040,42,14,89,0.0
NT,2040,42,15,89,0.0
NT,2040,42,16,89,0.0
NT,2040,42,17,89,0.0
NT,2040,42,18,89,0.0
NT,2040,42,19,89,0.0
NT,2040,42,20,89,0.0
NT,2040,42,21,89,0.0
NT,2040,42,22,89,0.0
NT,2040,42,23,89,0.0
NT,2040,42,24,89,0.0
NT,2040,42,25,89,0.0
NT,2040,42,26,89,0.0
NT,2040,42,27,89,0.0
NT,2040,42,28,89,0.0
NT,2040,42,29,89,0.0
NT,2040,42,30,89,0.0
NT,2040,42,31,89,0.0
NT,2040,42,32,89,0.0
NT,2040,42,33,89,0.0
NT,2040,42,34,89,0.0
NT,2040,42,35,89,0.0
NT,2040,42,36,89,0.0
NT,2040,42,37,89,0.0
NT,2040,42,38,89,0.0
NT,2040,42,39,89,0.0
NT,2040,42,40,89,0.0
NT,2040,42,41,89,0.0
NT,2040,42,42,89,0.0
NT,2040,42,43,89,0.0
NT,2040,42,44,89,0.0
NT,2040,42,45,89,0.0
NT,2040,42,46,89,0.0
NT,2040,42,47,89,0.0
NT,2040,42,48,89,0.0
NT,2040,42,49,89,0.0
NT,2040,42,50,89,0.0
NT,2040,42,51,89,0.0
NT,2040,42,52,89,0.0
NT,2040,42,53,89,0.0
NT,2040,42,54,89,0.0
NT,2040,42,55,89,0.0
NT,2040,42,56,89,0.0
NT,2040,42,57,89,0.0
NT,2040,42,58,89,0.0
NT,2040,42,59,89,0.0
NT,2040,42,60,89,0.0
NT,2040,42,61,89,0.0
NT,2040,42,62,89,0.0
NT,2040,42,63,89,0.0
NT,2040,42,64,89,0.0
NT,2040,42,65,89,0.0
NT,2040,42,66,89,0.0
NT,2040,42,67,89,0.0
NT,2040,42,68,89,0.0
NT,2040,42,69,89,0.0
NT,2040,42,70,89,0.0
NT,2040,42,71,89,0.0
NT,2040,42,72,89,0.0
NT,2040,42,73,89,0.0
NT,2040,42,74,89,0.0
NT,2040,42,75,89,0.0
NT,2040,42,76,89,0.0
NT,2040,42,77,89,0.0
NT,2040,42,78,89,0.0
NT,2040,42,79,89,0.0
NT,2040,42,80,89,0.0
NT,2040,42,81,89,0.0
NT,2040,42,82,89,0.0
NT,2040,42,83,89,0.0
NT,2040,42,84,89,0.0
NT,2040,42,85,89,0.0
NT,2040,42,86,89,0.0
NT,2040,42,87,89,0.0
NT,2040,42,88,89,0.0
NT,2040,42,89,89,0.0
NT,2040,42,90,89,0.0
NT,2040,42,91,89,0.0
NT,2040,42,92,89,0.0
NT,2040,42,93,89,0.0
NT,2040,42,94,89,0.0
NT,2040,42,95,89,0.0
NT,2040,42,96,89,0.0
NT,2040,42,97,89,0.0
NT,2040,42,98,89,0.0
NT,2040,42,99,89,0.0
NT,2040,42,100,89,0.0
NT,2040,42,101,89,0.0
NT,2040,42,102,89,0.0
NT,2040,42,103,89,0.0
NT,2040,42,104,89,0.0
NT,2040,42,105,89,0.0
NT,2040,42,106,89,0.0
NT,2040,42,107,89,0.0
NT,2040,42,108,89,0.0
NT,2040,42,109,89,0.0
NT,2040,42,110,89,0.0
NT,2040,42,111,89,0.0
NT,2040,42,112,89,0.0
NT,2040,42,113,89,0.0
NT,2040,42,114,89,0.0
NT,2040,42,115,89,0.0
NT,2040,42,116,89,0.0
NT,2040,42,117,89,0.0
NT,2040,42,118,89,0.0
NT,2040,42,119,89,0.0
NT,2040,42,120,89,0.0
NT,2040,42,121,89,0.0
NT,2040,42,122,89,0.0
NT,2040,42,123,89,0.0
NT,2040,42,124,89,0.0
NT,2040,42,125,89,0.0
NT,2040,42,126,89,0.0
NT,2040,42,127,89,0.0
NT,2040,42,128,89,0.0
NT,2040,42,129,89,0.0
NT,2040,42,130,89,0.0
NT,2040,42,131,89,0.0
NT,2040,42,132,89,0.0
NT,2040,42,133,89,0.0
NT,2040,42,134,89,0.0
NT,2040,42,135,89,0.0
NT,2040,42,136,89,0.0
NT,2040,42,137,89,0.0
NT,2040,42,138,89,0.0
NT,2040,42,139,89,0.0
NT,2040,42,140,89,0.0
NT,2040,42,141,89,0.0
NT,2040,42,142,89,0.0
NT,2040,42,143,89,0.0
NT,2040,42,144,89,0.0
NT,2040,42,145,89,0.0
NT,2040,42,146,89,0.0
NT,2040,42,147,89,0.0
NT,2040,42,148,89,0.0
NT,2040,42,149,89,0.0
NT,2040,42,150,89,0.0
NT,2040,42,151,89,0.0
NT,2040,42,152,89,0.0
NT,2040,42,153,89,0.0
NT,2040,42,154,89,0.0
NT,2040,42,155,89,0.0
NT,2040,42,156,89,0.0
NT,2040,42,157,89,0.0
NT,2040,42,158,89,0.0
NT,2040,42,159,89,0.0
NT,2040,42,160,89,0.0
NT,2040,42,161,89,0.0
NT,2040,42,162,89,0.0
NT,2040,42,163,89,0.0
NT,2040,42,164,89,0.0
NT,2040,42,165,89,0.0
NT,2040,42,166,89,0.0
NT,2040,42,167,89,0.0
NT,2040,52,0,89,0.0
NT,2040,52,1,89,0.0
NT,2040,52,2,89,0.0
NT,2040,52,3,89,0.0
NT,2040,52,4,89,0.0
NT,2040,52,5,89,0.0
NT,2040,52,6,89,0.0
NT,2040,52,7,89,0.0
NT,2040,52,8,89,0.0
NT,2040,52,9,89,0.0
NT,2040,52,10,89,0.0
NT,2040,52,11,89,0.0
NT,2040,52,12,89,0.0
NT,2040,52,13,89,0.0
NT,2040,52,14,89,0.0
NT,2040,52,15,89,0.0
NT,2040,52,16,89,0.0
NT,2040,52,17,89,0.0
NT,2040,52,18,89,0.0
NT,2040,52,19,89,0.0
NT,2040,52,20,89,0.0
NT,2040,52,21,89,0.0
NT,2040,52,22,89,0.0
NT,2040,52,23,89,0.0
NT,2040,52,24,89,0.0
NT,2040,52,25,89,0.0
NT,2040,52,26,89,0.0
NT,2040,52,27,89,0.0
NT,2040,52,28,89,0.0
NT,2040,52,29,89,0.0
NT,2040,52,30,89,0.0
NT,2040,52,31,89,0.0
NT,2040,52,32,89,0.0
NT,2040,52,33,89,0.0
NT,2040,52,34,89,0.0
NT,2040,52,35,89,0.0
NT,2040,52,36,89,0.0
NT,2040,52,37,89,0.0
NT,2040,52,38,89,0.0
NT,2040,52,39,89,0.0
NT,2040,52,40,89,0.0
NT,2040,52,41,89,0.0
NT,2040,52,42,89,0.0
NT,2040,52,43,89,0.0
NT,2040,52,44,89,0.0
NT,2040,52,45,89,0.0
NT,2040,52,46,89,0.0
NT,2040,52,47,89,0.0
NT,2040,52,48,89,0.0
NT,2040,52,49,89,0.0
NT,2040,52,50,89,0.0
NT,2040,52,51,89,0.0
NT,2040,52,52,89,0.0
NT,2040,52,53,89,0.0
NT,2040,52,54,89,0.0
NT,2040,52,55,89,0.0
NT,2040,52,56,89,0.0
NT,2040,52,57,89,0.0
NT,2040,52,58,89,0.0
NT,2040,52,59,89,0.0
NT,2040,52,60,89,0.0
NT,2040,52,61,89,0.0
NT,2040,52,62,89,0.0
NT,2040,52,63,89,0.0
NT,2040,52,64,89,0.0
NT,2040,52,65,89,0.0
NT,2040,52,66,89,0.0
NT,2040,52,67,89,0.0
NT,2040,52,68,89,0.0
NT,2040,52,69,89,0.0
NT,2040,52,70,89,0.0
NT,2040,52,71,89,0.0
NT,2040,52,72,89,0.0
NT,2040,52,73,89,0.0
NT,2040,52,74,89,0.0
NT,2040,52,75,89,0.0
NT,2040,52,76,89,0.0
NT,2040,52,77,89,0.0
NT,2040,52,78,89,0.0
NT,2040,52,79,89,0.0
NT,2040,52,80,89,0.0
NT,2040,52,81,89,0.0
NT,2040,52,82,89,0.0
NT,2040,52,83,89,0.0
NT,2040,52,84,89,0.0
NT,2040,52,85,89,0.0
NT,2040,52,86,89,0.0
NT,2040,52,87,89,0.0
NT,2040,52,88,89,0.0
NT,2040,52,89,89,0.0
NT,2040,52,90,89,0.0
NT,2040,52,91,89,0.0
NT,2040,52,92,89,0.0
NT,2040,52,93,89,0.0
NT,2040,52,94,89,0.0
NT,2040,52,95,89,0.0
NT,2040,52,96,89,0.0
NT,2040,52,97,89,0.0
NT,2040,52,98,89,0.0
NT,2040,52,99,89,0.0
NT,2040,52,100,89,0.0
NT,2040,52,101,89,0.0
NT,2040,52,102,89,0.0
NT,2040,52,103,89,0.0
NT,2040,52,104,89,0.0
NT,2040,52,105,89,0.0
NT,2040,52,106,89,0.0
NT,2040,52,107,89,0.0
NT,2040,52,108,89,0.0
NT,2040,52,109,89,0.0
NT,2040,52,110,89,0.0
NT,2040,52,111,89,0.0
NT,2040,52,112,89,0.0
NT,2040,52,113,89,0.0
NT,2040,52,114,89,0.0
NT,2040,52,115,89,0.0
NT,2040,52,116,89,0.0
NT,2040,52,117,89,0.0
NT,2040,52,118,89,0.0
NT,2040,52,119,89,0.0
NT,2040,52,120,89,0.0
NT,2040,52,121,89,0.0
NT,2040,52,122,89,0.0
NT,2040,52,123,89,0.0
NT,2040,52,124,89,0.0
NT,2040,52,125,89,0.0
NT,2040,52,126,89,0.0
NT,2040,52,127,89,0.0
NT,2040,52,128,89,0.0
NT,2040,52,129,89,0.0
NT,2040,52,130,89,0.0
NT,2040,52,131,89,0.0
NT,2040,52,132,89,0.0
NT,2040,52,133,89,0.0
NT,2040,52,134,89,0.0
NT,2040,52,135,89,0.0
NT,2040,52,136,89,0.0
NT,2040,52,137,89,0.0
NT,2040,52,138,89,0.0
NT,2040,52,139,89,0.0
NT,2040,52,140,89,0.0
NT,2040,52,141,89,0.0
NT,2040,52,142,89,0.0
NT,2040,52,143,89,0.0
NT,2040,52,144,89,0.0
NT,2040,52,145,89,0.0
NT,2040,52,146,89,0.0
NT,2040,52,147,89,0.0
NT,2040,52,148,89,0.0
NT,2040,52,149,89,0.0
NT,2040,52,150,89,0.0
NT,2040,52,151,89,0.0
NT,2040,52,152,89,0.0
NT,2040,52,153,89,0.0
NT,2040,52,154,89,0.0
NT,2040,52,155,89,0.0
NT,2040,52,156,89,0.0
NT,2040,52,157,89,0.0
NT,2040,52,158,89,0.0
NT,2040,52,159,89,0.0
NT,2040,52,160,89,0.0
NT,2040,52,161,89,0.0
NT,2040,52,162,89,0.0
NT,2040,52,163,89,0.0
NT,2040,52,164,89,0.0
NT,2040,52,165,89,0.0
NT,2040,52,166,89,0.0
NT,2040,52,167,89,0.0
GA,2040,11,0,89,0.0
GA,2040,11,1,89,0.0
GA,2040,11,2,89,0.0
GA,2040,11,3,89,0.0
GA,2040,11,4,89,0.0
GA,2040,11,5,89,0.0
GA,2040,11,6,89,0.0
GA,2040,11,7,89,0.0
GA,2040,11,8,89,0.0
GA,2040,11,9,89,0.0
GA,2040,11,10,89,0.0
GA,2040,11,11,89,0.0
GA,2040,11,12,89,0.0
GA,2040,11,13,89,0.0
GA,2040,11,14,89,0.0
GA,2040,11,15,89,0.0
GA,2040,11,16,89,0.0
GA,2040,11,17,89,0.0
GA,2040,11,18,89,0.0
GA,2040,11,19,89,0.0
GA,2040,11,20,89,0.0
GA,2040,11,21,89,0.0
GA,2040,11,22,89,0.0
GA,2040,11,23,89,0.0
GA,2040,11,24,89,0.0
GA,2040,11,25,89,0.0
GA,2040,11,26,89,0.0
GA,2040,11,27,89,0.0
GA,2040,11,28,89,0.0
GA,2040,11,29,89,0.0
GA,2040,11,30,89,0.0
GA,2040,11,31,89,0.0
GA,2040,11,32,89,0.0
GA,2040,11,33,89,0.0
GA,2040,11,34,89,0.0
GA,2040,11,35,89,0.0
GA,2040,11,36,89,0.0
GA,2040,11,37,89,0.0
GA,2040,11,38,89,0.0
GA,2040,11,39,89,0.0
GA,2040,11,40,89,0.0
GA,2040,11,41,89,0.0
GA,2040,11,42,89,0.0
GA,2040,11,43,89,0.0
GA,2040,11,44,89,0.0
GA,2040,11,45,89,0.0
GA,2040,11,46,89,0.0
GA,2040,11,47,89,0.0
GA,2040,11,48,89,0.0
GA,2040,11,49,89,0.0
GA,2040,11,50,89,0.0
GA,2040,11,51,89,0.0
GA,2040,11,52,89,0.0
GA,2040,11,53,89,0.0
GA,2040,11,54,89,0.0
GA,2040,11,55,89,0.0
GA,2040,11,56,89,0.0
GA,2040,11,57,89,0.0
GA,2040,11,58,89,0.0
GA,2040,11,59,89,0.0
GA,2040,11,60,89,0.0
GA,2040,11,61,89,0.0
GA,2040,11,62,89,0.0
GA,2040,11,63,89,0.0
GA,2040,11,64,89,0.0
GA,2040,11,65,89,0.0
GA,2040,11,66,89,0.0
GA,2040,11,67,89,0.0
GA,2040,11,68,89,0.0
GA,2040,11,69,89,0.0
GA,2040,11,70,89,0.0
GA,2040,11,71,89,0.0
GA,2040,11,72,89,0.0
GA,2040,11,73,89,0.0
GA,2040,11,74,89,0.0
GA,2040,11,75,89,0.0
GA,2040,11,76,89,0.0
GA,2040,11,77,89,0.0
GA,2040,11,78,89,0.0
GA,2040,11,79,89,0.0
GA,2040,11,80,89,0.0
GA,2040,11,81,89,0.0
GA,2040,11,82,89,0.0
GA,2040,11,83,89,0.0
GA,2040,11,84,89,0.0
GA,2040,11,85,89,0.0
GA,2040,11,86,89,0.0
GA,2040,11,87,89,0.0
GA,2040,11,88,89,0.0
GA,2040,11,89,89,0.0
GA,2040,11,90,89,0.0
GA,2040,11,91,89,0.0
GA,2040,11,92,89,0.0
GA,2040,11,93,89,0.0
GA,2040,11,94,89,0.0
GA,2040,11,95,89,0.0
GA,2040,11,96,89,0.0
GA,2040,11,97,89,0.0
GA,2040,11,98,89,0.0
GA,2040,11,99,89,0.0
GA,2040,11,100,89,0.0
GA,2040,11,101,89,0.0
GA,2040,11,102,89,0.0
GA,2040,11,103,89,0.0
GA,2040,11,104,89,0.0
GA,2040,11,105,89,0.0
GA,2040,11,106,89,0.0
GA,2040,11,107,89,0.0
GA,2040,11,108,89,0.0
GA,2040,11,109,89,0.0
GA,2040,11,110,89,0.0
GA,2040,11,111,89,0.0
GA,2040,11,112,89,0.0
GA,2040,11,113,89,0.0
GA,2040,11,114,89,0.0
GA,2040,11,115,89,0.0
GA,2040,11,116,89,0.0
GA,2040,11,117,89,0.0
GA,2040,11,118,89,0.0
GA,2040,11,119,89,0.0
GA,2040,11,120,89,0.0
GA,2040,11,121,89,0.0
GA,2040,11,122,89,0.0
GA,2040,11,123,89,0.0
GA,2040,11,124,89,0.0
GA,2040,11,125,89,0.0
GA,2040,11,126,89,0.0
GA,2040,11,127,89,0.0
GA,2040,11,128,89,0.0
GA,2040,11,129,89,0.0
GA,2040,11,130,89,0.0
GA,2040,11,131,89,0.0
GA,2040,11,132,89,0.0
GA,2040,11,133,89,0.0
GA,2040,11,134,89,0.0
GA,2040,11,135,89,0.0
GA,2040,11,136,89,0.0
GA,2040,11,137,89,0.0
GA,2040,11,138,89,0.0
GA,2040,11,139,89,0.0
GA,2040,11,140,89,0.0
GA,2040,11,141,89,0.0
GA,2040,11,142,89,0.0
GA,2040,11,143,89,0.0
GA,2040,11,144,89,0.0
GA,2040,11,145,89,0.0
GA,2040,11,146,89,0.0
GA,2040,11,147,89,0.0
GA,2040,11,148,89,0.0
GA,2040,11,149,89,0.0
GA,2040,11,150,89,0.0
GA,2040,11,151,89,0.0
GA,2040,11,152,89,0.0
GA,2040,11,153,89,0.0
GA,2040,11,154,89,0.0
GA,2040,11,155,89,0.0
GA,2040,11,156,89,0.0
GA,2040,11,157,89,0.0
GA,2040,11,158,89,0.0
GA,2040,11,159,89,0.0
GA,2040,11,160,89,0.0
GA,2040,11,161,89,0.0
GA,2040,11,162,89,0.0
GA,2040,11,163,89,0.0
GA,2040,11,164,89,0.0
GA,2040,11,165,89,0.0
GA,2040,11,166,89,0.0
GA,2040,11,167,89,0.0
GA,2040,21,0,89,0.0
GA,2040,21,1,89,0.0
GA,2040,21,2,89,0.0
GA,2040,21,3,89,0.0
GA,2040,21,4,89,0.0
GA,2040,21,5,89,0.0
GA,2040,21,6,89,0.0
GA,2040,21,7,89,0.0
GA,2040,21,8,89,0.0
GA,2040,21,9,89,0.0
GA,2040,21,10,89,0.0
GA,2040,21,11,89,0.0
GA,2040,21,12,89,0.0
GA,2040,21,13,89,0.0
GA,2040,21,14,89,0.0
GA,2040,21,15,89,0.0
GA,2040,21,16,89,0.0
GA,2040,21,17,89,0.0
GA,2040,21,18,89,0.0
GA,2040,21,19,89,0.0
GA,2040,21,20,89,0.0
GA,2040,21,21,89,0.0
GA,2040,21,22,89,0.0
GA,2040,21,23,89,0.0
GA,2040,21,24,89,0.0
GA,2040,21,25,89,0.0
GA,2040,21,26,89,0.0
GA,2040,21,27,89,0.0
GA,2040,21,28,89,0.0
GA,2040,21,29,89,0.0
GA,2040,21,30,89,0.0
GA,2040,21,31,89,0.0
GA,2040,21,32,89,0.0
GA,2040,21,33,89,0.0
GA,2040,21,34,89,0.0
GA,2040,21,35,89,0.0
GA,2040,21,36,89,0.0
GA,2040,21,37,89,0.0
GA,2040,21,38,89,0.0
GA,2040,21,39,89,0.0
GA,2040,21,40,89,0.0
GA,2040,21,41,89,0.0
GA,2040,21,42,89,0.0
GA,2040,21,43,89,0.0
GA,2040,21,44,89,0.0
GA,2040,21,45,89,0.0
GA,2040,21,46,89,0.0
GA,2040,21,47,89,0.0
GA,2040,21,48,89,0.0
GA,2040,21,49,89,0.0
GA,2040,21,50,89,0.0
GA,2040,21,51,89,0.0
GA,2040,21,52,89,0.0
GA,2040,21,53,89,0.0
GA,2040,21,54,89,0.0
GA,2040,21,55,89,0.0
GA,2040,21,56,89,0.0
GA,2040,21,57,89,0.0
GA,2040,21,58,89,0.0
GA,2040,21,59,89,0.0
GA,2040,21,60,89,0.0
GA,2040,21,61,89,0.0
GA,2040,21,62,89,0.0
GA,2040,21,63,89,0.0
GA,2040,21,64,89,0.0
GA,2040,21,65,89,0.0
GA,2040,21,66,89,0.0
GA,2040,21,67,89,0.0
GA,2040,21,68,89,0.0
GA,2040,21,69,89,0.0
GA,2040,21,70,89,0.0
GA,2040,21,71,89,0.0
GA,2040,21,72,89,0.0
GA,2040,21,73,89,0.0
GA,2040,21,74,89,0.0
GA,2040,21,75,89,0.0
GA,2040,21,76,89,0.0
GA,2040,21,77,89,0.0
GA,2040,21,78,89,0.0
GA,2040,21,79,89,0.0
GA,2040,21,80,89,0.0
GA,2040,21,81,89,0.0
GA,2040,21,82,89,0.0
GA,2040,21,83,89,0.0
GA,2040,21,84,89,0.0
GA,2040,21,85,89,0.0
GA,2040,21,86,89,0.0
GA,2040,21,87,89,0.0
GA,2040,21,88,89,0.0
GA,2040,21,89,89,0.0
GA,2040,21,90,89,0.0
GA,2040,21,91,89,0.0
GA,2040,21,92,89,0.0
GA,2040,21,93,89,0.0
GA,2040,21,94,89,0.0
GA,2040,21,95,89,0.0
GA,2040,21,96,89,0.0
GA,2040,21,97,89,0.0
GA,2040,21,98,89,0.0
GA,2040,21,99,89,0.0
GA,2040,21,100,89,0.0
GA,2040,21,101,89,0.0
GA,2040,21,102,89,0.0
GA,2040,21,103,89,0.0
GA,2040,21,104,89,0.0
GA,2040,21,105,89,0.0
GA,2040,21,106,89,0.0
GA,2040,21,107,89,0.0
GA,2040,21,108,89,0.0
GA,2040,21,109,89,0.0
GA,2040,21,110,89,0.0
GA,2040,21,111,89,0.0
GA,2040,21,112,89,0.0
GA,2040,21,113,89,0.0
GA,2040,21,114,89,0.0
GA,2040,21,115,89,0.0
GA,2040,21,116,89,0.0
GA,2040,21,117,89,0.0
GA,2040,21,118,89,0.0
GA,2040,21,119,89,0.0
GA,2040,21,120,89,0.0
GA,2040,21,121,89,0.0
GA,2040,21,122,89,0.0
GA,2040,21,123,89,0.0
GA,2040,21,124,89,0.0
GA,2040,21,125,89,0.0
GA,2040,21,126,89,0.0
GA,2040,21,127,89,0.0
GA,2040,21,128,89,0.0
GA,2040,21,129,89,0.0
GA,2040,21,130,89,0.0
GA,2040,21,131,89,0.0
GA,2040,21,132,89,0.0
GA,2040,21,133,89,0.0
GA,2040,21,134,89,0.0
GA,2040,21,135,89,0.0
GA,2040,21,136,89,0.0
GA,2040,21,137,89,0.0
GA,2040,21,138,89,0.0
GA,2040,21,139,89,0.0
GA,2040,21,140,89,0.0
GA,2040,21,141,89,0.0
GA,2040,21,142,89,0.0
GA,2040,21,143,89,0.0
GA,2040,21,144,89,0.0
GA,2040,21,145,89,0.0
GA,2040,21,146,89,0.0
GA,2040,21,147,89,0.0
GA,2040,21,148,89,0.0
GA,2040,21,149,89,0.0
GA,2040,21,150,89,0.0
GA,2040,21,151,89,0.0
GA,2040,21,152,89,0.0
GA,2040,21,153,89,0.0
GA,2040,21,154,89,0.0
GA,2040,21,155,89,0.0
GA,2040,21,156,89,0.0
GA,2040,21,157,89,0.0
GA,2040,21,158,89,0.0
GA,2040,21,159,89,0.0
GA,2040,21,160,89,0.0
GA,2040,21,161,89,0.0
GA,2040,21,162,89,0.0
GA,2040,21,163,89,0.0
GA,2040,21,164,89,0.0
GA,2040,21,165,89,0.0
GA,2040,21,166,89,0.0
GA,2040,21,167,89,0.0
GA,2040,42,0,89,0.0
GA,2040,42,1,89,0.0
GA,2040,42,2,89,0.0
GA,2040,42,3,89,0.0
GA,2040,42,4,89,0.0
GA,2040,42,5,89,0.0
GA,2040,42,6,89,0.0
GA,2040,42,7,89,0.0
GA,2040,42,8,89,0.0
GA,2040,42,9,89,0.0
GA,2040,42,10,89,0.0
GA,2040,42,11,89,0.0
GA,2040,42,12,89,0.0
GA,2040,42,13,89,0.0
GA,2040,42,14,89,0.0
GA,2040,42,15,89,0.0
GA,2040,42,16,89,0.0
GA,2040,42,17,89,0.0
GA,2040,42,18,89,0.0
GA,2040,42,19,89,0.0
GA,2040,42,20,89,0.0
GA,2040,42,21,89,0.0
GA,2040,42,22,89,0.0
GA,2040,42,23,89,0.0
GA,2040,42,24,89,0.0
GA,2040,42,25,89,0.0
GA,2040,42,26,89,0.0
GA,2040,42,27,89,0.0
GA,2040,42,28,89,0.0
GA,2040,42,29,89,0.0
GA,2040,42,30,89,0.0
GA,2040,42,31,89,0.0
GA,2040,42,32,89,0.0
GA,2040,42,33,89,0.0
GA,2040,42,34,89,0.0
GA,2040,42,35,89,0.0
GA,2040,42,36,89,0.0
GA,2040,42,37,89,0.0
GA,2040,42,38,89,0.0
GA,2040,42,39,89,0.0
GA,2040,42,40,89,0.0
GA,2040,42,41,89,0.0
GA,2040,42,42,89,0.0
GA,2040,42,43,89,0.0
GA,2040,42,44,89,0.0
GA,2040,42,45,89,0.0
GA,2040,42,46,89,0.0
GA,2040,42,47,89,0.0
GA,2040,42,48,89,0.0
GA,2040,42,49,89,0.0
GA,2040,42,50,89,0.0
GA,2040,42,51,89,0.0
GA,2040,42,52,89,0.0
GA,2040,42,53,89,0.0
GA,2040,42,54,89,0.0
GA,2040,42,55,89,0.0
GA,2040,42,56,89,0.0
GA,2040,42,57,89,0.0
GA,2040,42,58,89,0.0
GA,2040,42,59,89,0.0
GA,2040,42,60,89,0.0
GA,2040,42,61,89,0.0
GA,2040,42,62,89,0.0
GA,2040,42,63,89,0.0
GA,2040,42,64,89,0.0
GA,2040,42,65,89,0.0
GA,2040,42,66,89,0.0
GA,2040,42,67,89,0.0
GA,2040,42,68,89,0.0
GA,2040,42,69,89,0.0
GA,2040,42,70,89,0.0
GA,2040,42,71,89,0.0
GA,2040,42,72,89,0.0
GA,2040,42,73,89,0.0
GA,2040,42,74,89,0.0
GA,2040,42,75,89,0.0
GA,2040,42,76,89,0.0
GA,2040,42,77,89,0.0
GA,2040,42,78,89,0.0
GA,2040,42,79,89,0.0
GA,2040,42,80,89,0.0
GA,2040,42,81,89,0.0
GA,2040,42,82,89,0.0
GA,2040,42,83,89,0.0
GA,2040,42,84,89,0.0
GA,2040,42,85,89,0.0
GA,2040,42,86,89,0.0
GA,2040,42,87,89,0.0
GA,2040,42,88,89,0.0
GA,2040,42,89,89,0.0
GA,2040,42,90,89,0.0
GA,2040,42,91,89,0.0
GA,2040,42,92,89,0.0
GA,2040,42,93,89,0.0
GA,2040,42,94,89,0.0
GA,2040,42,95,89,0.0
GA,2040,42,96,89,0.0
GA,2040,42,97,89,0.0
GA,2040,42,98,89,0.0
GA,2040,42,99,89,0.0
GA,2040,42,100,89,0.0
GA,2040,42,101,89,0.0
GA,2040,42,102,89,0.0
GA,2040,42,103,89,0.0
GA,2040,42,104,89,0.0
GA,2040,42,105,89,0.0
GA,2040,42,106,89,0.0
GA,2040,42,107,89,0.0
GA,2040,42,108,89,0.0
GA,2040,42,109,89,0.0
GA,2040,42,110,89,0.0
GA,2040,42,111,89,0.0
GA,2040,42,112,89,0.0
GA,2040,42,113,89,0.0
GA,2040,42,114,89,0.0
GA,2040,42,115,89,0.0
GA,2040,42,116,89,0.0
GA,2040,42,117,89,0.0
GA,2040,42,118,89,0.0
GA,2040,42,119,89,0.0
GA,2040,42,120,89,0.0
GA,2040,42,121,89,0.0
GA,2040,42,122,89,0.0
GA,2040,42,123,89,0.0
GA,2040,42,124,89,0.0
GA,2040,42,125,89,0.0
GA,2040,42,126,89,0.0
GA,2040,42,127,89,0.0
GA,2040,42,128,89,0.0
GA,2040,42,129,89,0.0
GA,2040,42,130,89,0.0
GA,2040,42,131,89,0.0
GA,2040,42,132,89,0.0
GA,2040,42,133,89,0.0
GA,2040,42,134,89,0.0
GA,2040,42,135,89,0.0
GA,2040,42,136,89,0.0
GA,2040,42,137,89,0.0
GA,2040,42,138,89,0.0
GA,2040,42,139,89,0.0
GA,2040,42,140,89,0.0
GA,2040,42,141,89,0.0
GA,2040,42,142,89,0.0
GA,2040,42,143,89,0.0
GA,2040,42,144,89,0.0
GA,2040,42,145,89,0.0
GA,2040,42,146,89,0.0
GA,2040,42,147,89,0.0
GA,2040,42,148,89,0.0
GA,2040,42,149,89,0.0
GA,2040,42,150,89,0.0
GA,2040,42,151,89,0.0
GA,2040,42,152,89,0.0
GA,2040,42,153,89,0.0
GA,2040,42,154,89,0.0
GA,2040,42,155,89,0.0
GA,2040,42,156,89,0.0
GA,2040,42,157,89,0.0
GA,2040,42,158,89,0.0
GA,2040,42,159,89,0.0
GA,2040,42,160,89,0.0
GA,2040,42,161,89,0.0
GA,2040,42,162,89,0.0
GA,2040,42,163,89,0.0
GA,2040,42,164,89,0.0
GA,2040,42,165,89,0.0
GA,2040,42,166,89,0.0
GA,2040,42,167,89,0.0
GA,2040,52,0,89,0.0
GA,2040,52,1,89,0.0
GA,2040,52,2,89,0.0
GA,2040,52,3,89,0.0
GA,2040,52,4,89,0.0
GA,2040,52,5,89,0.0
GA,2040,52,6,89,0.0
GA,2040,52,7,89,0.0
GA,2040,52,8,89,0.0
GA,2040,52,9,89,0.0
GA,2040,52,10,89,0.0
GA,2040,52,11,89,0.0
GA,2040,52,12,89,0.0
GA,2040,52,13,89,0.0
GA,2040,52,14,89,0.0
GA,2040,52,15,89,0.0
GA,2040,52,16,89,0.0
GA,2040,52,17,89,0.0
GA,2040,52,18,89,0.0
GA,2040,52,19,89,0.0
GA,2040,52,20,89,0.0
GA,2040,52,21,89,0.0
GA,2040,52,22,89,0.0
GA,2040,52,23,89,0.0
GA,2040,52,24,89,0.0
GA,2040,52,25,89,0.0
GA,2040,52,26,89,0.0
GA,2040,52,27,89,0.0
GA,2040,52,28,89,0.0
GA,2040,52,29,89,0.0
GA,2040,52,30,89,0.0
GA,2040,52,31,89,0.0
GA,2040,52,32,89,0.0
GA,2040,52,33,89,0.0
GA,2040,52,34,89,0.0
GA,2040,52,35,89,0.0
GA,2040,52,36,89,0.0
GA,2040,52,37,89,0.0
GA,2040,52,38,89,0.0
GA,2040,52,39,89,0.0
GA,2040,52,40,89,0.0
GA,2040,52,41,89,0.0
GA,2040,52,42,89,0.0
GA,2040,52,43,89,0.0
GA,2040,52,44,89,0.0
GA,2040,52,45,89,0.0
GA,2040,52,46,89,0.0
GA,2040,52,47,89,0.0
GA,2040,52,48,89,0.0
GA,2040,52,49,89,0.0
GA,2040,52,50,89,0.0
GA,2040,52,51,89,0.0
GA,2040,52,52,89,0.0
GA,2040,52,53,89,0.0
GA,2040,52,54,89,0.0
GA,2040,52,55,89,0.0
GA,2040,52,56,89,0.0
GA,2040,52,57,89,0.0
GA,2040,52,58,89,0.0
GA,2040,52,59,89,0.0
GA,2040,52,60,89,0.0
GA,2040,52,61,89,0.0
GA,2040,52,62,89,0.0
GA,2040,52,63,89,0.0
GA,2040,52,64,89,0.0
GA,2040,52,65,89,0.0
GA,2040,52,66,89,0.0
GA,2040,52,67,89,0.0
GA,2040,52,68,89,0.0
GA,2040,52,69,89,0.0
GA,2040,52,70,89,0.0
GA,2040,52,71,89,0.0
GA,2040,52,72,89,0.0
GA,2040,52,73,89,0.0
GA,2040,52,74,89,0.0
GA,2040,52,75,89,0.0
GA,2040,52,76,89,0.0
GA,2040,52,77,89,0.0
GA,2040,52,78,89,0.0
GA,2040,52,79,89,0.0
GA,2040,52,80,89,0.0
GA,2040,52,81,89,0.0
GA,2040,52,82,89,0.0
GA,2040,52,83,89,0.0
GA,2040,52,84,89,0.0
GA,2040,52,85,89,0.0
GA,2040,52,86,89,0.0
GA,2040,52,87,89,0.0
GA,2040,52,88,89,0.0
GA,2040,52,89,89,0.0
GA,2040,52,90,89,0.0
GA,2040,52,91,89,0.0
GA,2040,52,92,89,0.0
GA,2040,52,93,89,0.0
GA,2040,52,94,89,0.0
GA,2040,52,95,89,0.0
GA,2040,52,96,89,0.0
GA,2040,52,97,89,0.0
GA,2040,52,98,89,0.0
GA,2040,52,99,89,0.0
GA,2040,52,100,89,0.0
GA,2040,52,101,89,0.0
GA,2040,52,102,89,0.0
GA,2040,52,103,89,0.0
GA,2040,52,104,89,0.0
GA,2040,52,105,89,0.0
GA,2040,52,106,89,0.0
GA,2040,52,107,89,0.0
GA,2040,52,108,89,0.0
GA,2040,52,109,89,0.0
GA,2040,52,110,89,0.0
GA,2040,52,111,89,0.0
GA,2040,52,112,89,0.0
GA,2040,52,113,89,0.0
GA,2040,52,114,89,0.0
GA,2040,52,115,89,0.0
GA,2040,52,116,89,0.0
GA,2040,52,117,89,0.0
GA,2040,52,118,89,0.0
GA,2040,52,119,89,0.0
GA,2040,52,120,89,0.0
GA,2040,52,121,89,0.0
GA,2040,52,122,89,0.0
GA,2040,52,123,89,0.0
GA,2040,52,124,89,0.0
GA,2040,52,125,89,0.0
GA,2040,52,126,89,0.0
GA,2040,52,127,89,0.0
GA,2040,52,128,89,0.0
GA,2040,52,129,89,0.0
GA,2040,52,130,89,0.0
GA,2040,52,131,89,0.0
GA,2040,52,132,89,0.0
GA,2040,52,133,89,0.0
GA,2040,52,134,89,0.0
GA,2040,52,135,89,0.0
GA,2040,52,136,89,0.0
GA,2040,52,137,89,0.0
GA,2040,52,138,89,0.0
GA,2040,52,139,89,0.0
GA,2040,52,140,89,0.0
GA,2040,52,141,89,0.0
GA,2040,52,142,89,0.0
GA,2040,52,143,89,0.0
GA,2040,52,144,89,0.0
GA,2040,52,145,89,0.0
GA,2040,52,146,89,0.0
GA,2040,52,147,89,0.0
GA,2040,52,148,89,0.0
GA,2040,52,149,89,0.0
GA,2040,52,150,89,0.0
GA,2040,52,151,89,0.0
GA,2040,52,152,89,0.0
GA,2040,52,153,89,0.0
GA,2040,52,154,89,0.0
GA,2040,52,155,89,0.0
GA,2040,52,156,89,0.0
GA,2040,52,157,89,0.0
GA,2040,52,158,89,0.0
GA,2040,52,159,89,0.0
GA,2040,52,160,89,0.0
GA,2040,52,161,89,0.0
GA,2040,52,162,89,0.0
GA,2040,52,163,89,0.0
GA,2040,52,164,89,0.0
GA,2040,52,165,89,0.0
GA,2040,52,166,89,0.0
GA,2040,52,167,89,0.0
DE,2040,11,0,89,0.0
DE,2040,11,1,89,0.0
DE,2040,11,2,89,0.0
DE,2040,11,3,89,0.0
DE,2040,11,4,89,0.0
DE,2040,11,5,89,0.0
DE,2040,11,6,89,0.0
DE,2040,11,7,89,0.0
DE,2040,11,8,89,0.0
DE,2040,11,9,89,0.0
DE,2040,11,10,89,0.0
DE,2040,11,11,89,0.0
DE,2040,11,12,89,0.0
DE,2040,11,13,89,0.0
DE,2040,11,14,89,0.0
DE,2040,11,15,89,0.0
DE,2040,11,16,89,0.0
DE,2040,11,17,89,0.0
DE,2040,11,18,89,0.0
DE,2040,11,19,89,0.0
DE,2040,11,20,89,0.0
DE,2040,11,21,89,0.0
DE,2040,11,22,89,0.0
DE,2040,11,23,89,0.0
DE,2040,11,24,89,0.0
DE,2040,11,25,89,0.0
DE,2040,11,26,89,0.0
DE,2040,11,27,89,0.0
DE,2040,11,28,89,0.0
DE,2040,11,29,89,0.0
DE,2040,11,30,89,0.0
DE,2040,11,31,89,0.0
DE,2040,11,32,89,0.0
DE,2040,11,33,89,0.0
DE,2040,11,34,89,0.0
DE,2040,11,35,89,0.0
DE,2040,11,36,89,0.0
DE,2040,11,37,89,0.0
DE,2040,11,38,89,0.0
DE,2040,11,39,89,0.0
DE,2040,11,40,89,0.0
DE,2040,11,41,89,0.0
DE,2040,11,42,89,0.0
DE,2040,11,43,89,0.0
DE,2040,11,44,89,0.0
DE,2040,11,45,89,0.0
DE,2040,11,46,89,0.0
DE,2040,11,47,89,0.0
DE,2040,11,48,89,0.0
DE,2040,11,49,89,0.0
DE,2040,11,50,89,0.0
DE,2040,11,51,89,0.0
DE,2040,11,52,89,0.0
DE,2040,11,53,89,0.0
DE,2040,11,54,89,0.0
DE,2040,11,55,89,0.0
DE,2040,11,56,89,0.0
DE,2040,11,57,89,0.0
DE,2040,11,58,89,0.0
DE,2040,11,59,89,0.0
DE,2040,11,60,89,0.0
DE,2040,11,61,89,0.0
DE,2040,11,62,89,0.0
DE,2040,11,63,89,0.0
DE,2040,11,64,89,0.0
DE,2040,11,65,89,0.0
DE,2040,11,66,89,0.0
DE,2040,11,67,89,0.0
DE,2040,11,68,89,0.0
DE,2040,11,69,89,0.0
DE,2040,11,70,89,0.0
DE,2040,11,71,89,0.0
DE,2040,11,72,89,0.0
DE,2040,11,73,89,0.0
DE,2040,11,74,89,0.0
DE,2040,11,75,89,0.0
DE,2040,11,76,89,0.0
DE,2040,11,77,89,0.0
DE,2040,11,78,89,0.0
DE,2040,11,79,89,0.0
DE,2040,11,80,89,0.0
DE,2040,11,81,89,0.0
DE,2040,11,82,89,0.0
DE,2040,11,83,89,0.0
DE,2040,11,84,89,0.0
DE,2040,11,85,89,0.0
DE,2040,11,86,89,0.0
DE,2040,11,87,89,0.0
DE,2040,11,88,89,0.0
DE,2040,11,89,89,0.0
DE,2040,11,90,89,0.0
DE,2040,11,91,89,0.0
DE,2040,11,92,89,0.0
DE,2040,11,93,89,0.0
DE,2040,11,94,89,0.0
DE,2040,11,95,89,0.0
DE,2040,11,96,89,0.0
DE,2040,11,97,89,0.0
DE,2040,11,98,89,0.0
DE,2040,11,99,89,0.0
DE,2040,11,100,89,0.0
DE,2040,11,101,89,0.0
DE,2040,11,102,89,0.0
DE,2040,11,103,89,0.0
DE,2040,11,104,89,0.0
DE,2040,11,105,89,0.0
DE,2040,11,106,89,0.0
DE,2040,11,107,89,0.0
DE,2040,11,108,89,0.0
DE,2040,11,109,89,0.0
DE,2040,11,110,89,0.0
DE,2040,11,111,89,0.0
DE,2040,11,112,89,0.0
DE,2040,11,113,89,0.0
DE,2040,11,114,89,0.0
DE,2040,11,115,89,0.0
DE,2040,11,116,89,0.0
DE,2040,11,117,89,0.0
DE,2040,11,118,89,0.0
DE,2040,11,119,89,0.0
DE,2040,11,120,89,0.0
DE,2040,11,121,89,0.0
DE,2040,11,122,89,0.0
DE,2040,11,123,89,0.0
DE,2040,11,124,89,0.0
DE,2040,11,125,89,0.0
DE,2040,11,126,89,0.0
DE,2040,11,127,89,0.0
DE,2040,11,128,89,0.0
DE,2040,11,129,89,0.0
DE,2040,11,130,89,0.0
DE,2040,11,131,89,0.0
DE,2040,11,132,89,0.0
DE,2040,11,133,89,0.0
DE,2040,11,134,89,0.0
DE,2040,11,135,89,0.0
DE,2040,11,136,89,0.0
DE,2040,11,137,89,0.0
DE,2040,11,138,89,0.0
DE,2040,11,139,89,0.0
DE,2040,11,140,89,0.0
DE,2040,11,141,89,0.0
DE,2040,11,142,89,0.0
DE,2040,11,143,89,0.0
DE,2040,11,144,89,0.0
DE,2040,11,145,89,0.0
DE,2040,11,146,89,0.0
DE,2040,11,147,89,0.0
DE,2040,11,148,89,0.0
DE,2040,11,149,89,0.0
DE,2040,11,150,89,0.0
DE,2040,11,151,89,0.0
DE,2040,11,152,89,0.0
DE,2040,11,153,89,0.0
DE,2040,11,154,89,0.0
DE,2040,11,155,89,0.0
DE,2040,11,156,89,0.0
DE,2040,11,157,89,0.0
DE,2040,11,158,89,0.0
DE,2040,11,159,89,0.0
DE,2040,11,160,89,0.0
DE,2040,11,161,89,0.0
DE,2040,11,162,89,0.0
DE,2040,11,163,89,0.0
DE,2040,11,164,89,0.0
DE,2040,11,165,89,0.0
DE,2040,11,166,89,0.0
DE,2040,11,167,89,0.0
DE,2040,21,0,89,0.0
DE,2040,21,1,89,0.0
DE,2040,21,2,89,0.0
DE,2040,21,3,89,0.0
DE,2040,21,4,89,0.0
DE,2040,21,5,89,0.0
DE,2040,21,6,89,0.0
DE,2040,21,7,89,0.0
DE,2040,21,8,89,0.0
DE,2040,21,9,89,0.0
DE,2040,21,10,89,0.0
DE,2040,21,11,89,0.0
DE,2040,21,12,89,0.0
DE,2040,21,13,89,0.0
DE,2040,21,14,89,0.0
DE,2040,21,15,89,0.0
DE,2040,21,16,89,0.0
DE,2040,21,17,89,0.0
DE,2040,21,18,89,0.0
DE,2040,21,19,89,0.0
DE,2040,21,20,89,0.0
DE,2040,21,21,89,0.0
DE,2040,21,22,89,0.0
DE,2040,21,23,89,0.0
DE,2040,21,24,89,0.0
DE,2040,21,25,89,0.0
DE,2040,21,26,89,0.0
DE,2040,21,27,89,0.0
DE,2040,21,28,89,0.0
DE,2040,21,29,89,0.0
DE,2040,21,30,89,0.0
DE,2040,21,31,89,0.0
DE,2040,21,32,89,0.0
DE,2040,21,33,89,0.0
DE,2040,21,34,89,0.0
DE,2040,21,35,89,0.0
DE,2040,21,36,89,0.0
DE,2040,21,37,89,0.0
DE,2040,21,38,89,0.0
DE,2040,21,39,89,0.0
DE,2040,21,40,89,0.0
DE,2040,21,41,89,0.0
DE,2040,21,42,89,0.0
DE,2040,21,43,89,0.0
DE,2040,21,44,89,0.0
DE,2040,21,45,89,0.0
DE,2040,21,46,89,0.0
DE,2040,21,47,89,0.0
DE,2040,21,48,89,0.0
DE,2040,21,49,89,0.0
DE,2040,21,50,89,0.0
DE,2040,21,51,89,0.0
DE,2040,21,52,89,0.0
DE,2040,21,53,89,0.0
DE,2040,21,54,89,0.0
DE,2040,21,55,89,0.0
DE,2040,21,56,89,0.0
DE,2040,21,57,89,0.0
DE,2040,21,58,89,0.0
DE,2040,21,59,89,0.0
DE,2040,21,60,89,0.0
DE,2040,21,61,89,0.0
DE,2040,21,62,89,0.0
DE,2040,21,63,89,0.0
DE,2040,21,64,89,0.0
DE,2040,21,65,89,0.0
DE,2040,21,66,89,0.0
DE,2040,21,67,89,0.0
DE,2040,21,68,89,0.0
DE,2040,21,69,89,0.0
DE,2040,21,70,89,0.0
DE,2040,21,71,89,0.0
DE,2040,21,72,89,0.0
DE,2040,21,73,89,0.0
DE,2040,21,74,89,0.0
DE,2040,21,75,89,0.0
DE,2040,21,76,89,0.0
DE,2040,21,77,89,0.0
DE,2040,21,78,89,0.0
DE,2040,21,79,89,0.0
DE,2040,21,80,89,0.0
DE,2040,21,81,89,0.0
DE,2040,21,82,89,0.0
DE,2040,21,83,89,0.0
DE,2040,21,84,89,0.0
DE,2040,21,85,89,0.0
DE,2040,21,86,89,0.0
DE,2040,21,87,89,0.0
DE,2040,21,88,89,0.0
DE,2040,21,89,89,0.0
DE,2040,21,90,89,0.0
DE,2040,21,91,89,0.0
DE,2040,21,92,89,0.0
DE,2040,21,93,89,0.0
DE,2040,21,94,89,0.0
DE,2040,21,95,89,0.0
DE,2040,21,96,89,0.0
DE,2040,21,97,89,0.0
DE,2040,21,98,89,0.0
DE,2040,21,99,89,0.0
DE,2040,21,100,89,0.0
DE,2040,21,101,89,0.0
DE,2040,21,102,89,0.0
DE,2040,21,103,89,0.0
DE,2040,21,104,89,0.0
DE,2040,21,105,89,0.0
DE,2040,21,106,89,0.0
DE,2040,21,107,89,0.0
DE,2040,21,108,89,0.0
DE,2040,21,109,89,0.0
DE,2040,21,110,89,0.0
DE,2040,21,111,89,0.0
DE,2040,21,112,89,0.0
DE,2040,21,113,89,0.0
DE,2040,21,114,89,0.0
DE,2040,21,115,89,0.0
DE,2040,21,116,89,0.0
DE,2040,21,117,89,0.0
DE,2040,21,118,89,0.0
DE,2040,21,119,89,0.0
DE,2040,21,120,89,0.0
DE,2040,21,121,89,0.0
DE,2040,21,122,89,0.0
DE,2040,21,123,89,0.0
DE,2040,21,124,89,0.0
DE,2040,21,125,89,0.0
DE,2040,21,126,89,0.0
DE,2040,21,127,89,0.0
DE,2040,21,128,89,0.0
DE,2040,21,129,89,0.0
DE,2040,21,130,89,0.0
DE,2040,21,131,89,0.0
DE,2040,21,132,89,0.0
DE,2040,21,133,89,0.0
DE,2040,21,134,89,0.0
DE,2040,21,135,89,0.0
DE,2040,21,136,89,0.0
DE,2040,21,137,89,0.0
DE,2040,21,138,89,0.0
DE,2040,21,139,89,0.0
DE,2040,21,140,89,0.0
DE,2040,21,141,89,0.0
DE,2040,21,142,89,0.0
DE,2040,21,143,89,0.0
DE,2040,21,144,89,0.0
DE,2040,21,145,89,0.0
DE,2040,21,146,89,0.0
DE,2040,21,147,89,0.0
DE,2040,21,148,89,0.0
DE,2040,21,149,89,0.0
DE,2040,21,150,89,0.0
DE,2040,21,151,89,0.0
DE,2040,21,152,89,0.0
DE,2040,21,153,89,0.0
DE,2040,21,154,89,0.0
DE,2040,21,155,89,0.0
DE,2040,21,156,89,0.0
DE,2040,21,157,89,0.0
DE,2040,21,158,89,0.0
DE,2040,21,159,89,0.0
DE,2040,21,160,89,0.0
DE,2040,21,161,89,0.0
DE,2040,21,162,89,0.0
DE,2040,21,163,89,0.0
DE,2040,21,164,89,0.0
DE,2040,21,165,89,0.0
DE,2040,21,166,89,0.0
DE,2040,21,167,89,0.0
DE,2040,42,0,89,0.0
DE,2040,42,1,89,0.0
DE,2040,42,2,89,0.0
DE,2040,42,3,89,0.0
DE,2040,42,4,89,0.0
DE,2040,42,5,89,0.0
DE,2040,42,6,89,0.0
DE,2040,42,7,89,0.0
DE,2040,42,8,89,0.0
DE,2040,42,9,89,0.0
DE,2040,42,10,89,0.0
DE,2040,42,11,89,0.0
DE,2040,42,12,89,0.0
DE,2040,42,13,89,0.0
DE,2040,42,14,89,0.0
DE,2040,42,15,89,0.0
DE,2040,42,16,89,0.0
DE,2040,42,17,89,0.0
DE,2040,42,18,89,0.0
DE,2040,42,19,89,0.0
DE,2040,42,20,89,0.0
DE,2040,42,21,89,0.0
DE,2040,42,22,89,0.0
DE,2040,42,23,89,0.0
DE,2040,42,24,89,0.0
DE,2040,42,25,89,0.0
DE,2040,42,26,89,0.0
DE,2040,42,27,89,0.0
DE,2040,42,28,89,0.0
DE,2040,42,29,89,0.0
DE,2040,42,30,89,0.0
DE,2040,42,31,89,0.0
DE,2040,42,32,89,0.0
DE,2040,42,33,89,0.0
DE,2040,42,34,89,0.0
DE,2040,42,35,89,0.0
DE,2040,42,36,89,0.0
DE,2040,42,37,89,0.0
DE,2040,42,38,89,0.0
DE,2040,42,39,89,0.0
DE,2040,42,40,89,0.0
DE,2040,42,41,89,0.0
DE,2040,42,42,89,0.0
DE,2040,42,43,89,0.0
DE,2040,42,44,89,0.0
DE,2040,42,45,89,0.0
DE,2040,42,46,89,0.0
DE,2040,42,47,89,0.0
DE,2040,42,48,89,0.0
DE,2040,42,49,89,0.0
DE,2040,42,50,89,0.0
DE,2040,42,51,89,0.0
DE,2040,42,52,89,0.0
DE,2040,42,53,89,0.0
DE,2040,42,54,89,0.0
DE,2040,42,55,89,0.0
DE,2040,42,56,89,0.0
DE,2040,42,57,89,0.0
DE,2040,42,58,89,0.0
DE,2040,42,59,89,0.0
DE,2040,42,60,89,0.0
DE,2040,42,61,89,0.0
DE,2040,42,62,89,0.0
DE,2040,42,63,89,0.0
DE,2040,42,64,89,0.0
DE,2040,42,65,89,0.0
DE,2040,42,66,89,0.0
DE,2040,42,67,89,0.0
DE,2040,42,68,89,0.0
DE,2040,42,69,89,0.0
DE,2040,42,70,89,0.0
DE,2040,42,71,89,0.0
DE,2040,42,72,89,0.0
DE,2040,42,73,89,0.0
DE,2040,42,74,89,0.0
DE,2040,42,75,89,0.0
DE,2040,42,76,89,0.0
DE,2040,42,77,89,0.0
DE,2040,42,78,89,0.0
DE,2040,42,79,89,0.0
DE,2040,42,80,89,0.0
DE,2040,42,81,89,0.0
DE,2040,42,82,89,0.0
DE,2040,42,83,89,0.0
DE,2040,42,84,89,0.0
DE,2040,42,85,89,0.0
DE,2040,42,86,89,0.0
DE,2040,42,87,89,0.0
DE,2040,42,88,89,0.0
DE,2040,42,89,89,0.0
DE,2040,42,90,89,0.0
DE,2040,42,91,89,0.0
DE,2040,42,92,89,0.0
DE,2040,42,93,89,0.0
DE,2040,42,94,89,0.0
DE,2040,42,95,89,0.0
DE,2040,42,96,89,0.0
DE,2040,42,97,89,0.0
DE,2040,42,98,89,0.0
DE,2040,42,99,89,0.0
DE,2040,42,100,89,0.0
DE,2040,42,101,89,0.0
DE,2040,42,102,89,0.0
DE,2040,42,103,89,0.0
DE,2040,42,104,89,0.0
DE,2040,42,105,89,0.0
DE,2040,42,106,89,0.0
DE,2040,42,107,89,0.0
DE,2040,42,108,89,0.0
DE,2040,42,109,89,0.0
DE,2040,42,110,89,0.0
DE,2040,42,111,89,0.0
DE,2040,42,112,89,0.0
DE,2040,42,113,89,0.0
DE,2040,42,114,89,0.0
DE,2040,42,115,89,0.0
DE,2040,42,116,89,0.0
DE,2040,42,117,89,0.0
DE,2040,42,118,89,0.0
DE,2040,42,119,89,0.0
DE,2040,42,120,89,0.0
DE,2040,42,121,89,0.0
DE,2040,42,122,89,0.0
DE,2040,42,123,89,0.0
DE,2040,42,124,89,0.0
DE,2040,42,125,89,0.0
DE,2040,42,126,89,0.0
DE,2040,42,127,89,0.0
DE,2040,42,128,89,0.0
DE,2040,42,129,89,0.0
DE,2040,42,130,89,0.0
DE,2040,42,131,89,0.0
DE,2040,42,132,89,0.0
DE,2040,42,133,89,0.0
DE,2040,42,134,89,0.0
DE,2040,42,135,89,0.0
DE,2040,42,136,89,0.0
DE,2040,42,137,89,0.0
DE,2040,42,138,89,0.0
DE,2040,42,139,89,0.0
DE,2040,42,140,89,0.0
DE,2040,42,141,89,0.0
DE,2040,42,142,89,0.0
DE,2040,42,143,89,0.0
DE,2040,42,144,89,0.0
DE,2040,42,145,89,0.0
DE,2040,42,146,89,0.0
DE,2040,42,147,89,0.0
DE,2040,42,148,89,0.0
DE,2040,42,149,89,0.0
DE,2040,42,150,89,0.0
DE,2040,42,151,89,0.0
DE,2040,42,152,89,0.0
DE,2040,42,153,89,0.0
DE,2040,42,154,89,0.0
DE,2040,42,155,89,0.0
DE,2040,42,156,89,0.0
DE,2040,42,157,89,0.0
DE,2040,42,158,89,0.0
DE,2040,42,159,89,0.0
DE,2040,42,160,89,0.0
DE,2040,42,161,89,0.0
DE,2040,42,162,89,0.0
DE,2040,42,163,89,0.0
DE,2040,42,164,89,0.0
DE,2040,42,165,89,0.0
DE,2040,42,166,89,0.0
DE,2040,42,167,89,0.0
DE,2040,52,0,89,0.0
DE,2040,52,1,89,0.0
DE,2040,52,2,89,0.0
DE,2040,52,3,89,0.0
DE,2040,52,4,89,0.0
DE,2040,52,5,89,0.0
DE,2040,52,6,89,0.0
DE,2040,52,7,89,0.0
DE,2040,52,8,89,0.0
DE,2040,52,9,89,0.0
DE,2040,52,10,89,0.0
DE,2040,52,11,89,0.0
DE,2040,52,12,89,0.0
DE,2040,52,13,89,0.0
DE,2040,52,14,89,0.0
DE,2040,52,15,89,0.0
DE,2040,52,16,89,0.0
DE,2040,52,17,89,0.0
DE,2040,52,18,89,0.0
DE,2040,52,19,89,0.0
DE,2040,52,20,89,0.0
DE,2040,52,21,89,0.0
DE,2040,52,22,89,0.0
DE,2040,52,23,89,0.0
DE,2040,52,24,89,0.0
DE,2040,52,25,89,0.0
DE,2040,52,26,89,0.0
DE,2040,52,27,89,0.0
DE,2040,52,28,89,0.0
DE,2040,52,29,89,0.0
DE,2040,52,30,89,0.0
DE,2040,52,31,89,0.0
DE,2040,52,32,89,0.0
DE,2040,52,33,89,0.0
DE,2040,52,34,89,0.0
DE,2040,52,35,89,0.0
DE,2040,52,36,89,0.0
DE,2040,52,37,89,0.0
DE,2040,52,38,89,0.0
DE,2040,52,39,89,0.0
DE,2040,52,40,89,0.0
DE,2040,52,41,89,0.0
DE,2040,52,42,89,0.0
DE,2040,52,43,89,0.0
DE,2040,52,44,89,0.0
DE,2040,52,45,89,0.0
DE,2040,52,46,89,0.0
DE,2040,52,47,89,0.0
DE,2040,52,48,89,0.0
DE,2040,52,49,89,0.0
DE,2040,52,50,89,0.0
DE,2040,52,51,89,0.0
DE,2040,52,52,89,0.0
DE,2040,52,53,89,0.0
DE,2040,52,54,89,0.0
DE,2040,52,55,89,0.0
DE,2040,52,56,89,0.0
DE,2040,52,57,89,0.0
DE,2040,52,58,89,0.0
DE,2040,52,59,89,0.0
DE,2040,52,60,89,0.0
DE,2040,52,61,89,0.0
DE,2040,52,62,89,0.0
DE,2040,52,63,89,0.0
DE,2040,52,64,89,0.0
DE,2040,52,65,89,0.0
DE,2040,52,66,89,0.0
DE,2040,52,67,89,0.0
DE,2040,52,68,89,0.0
DE,2040,52,69,89,0.0
DE,2040,52,70,89,0.0
DE,2040,52,71,89,0.0
DE,2040,52,72,89,0.0
DE,2040,52,73,89,0.0
DE,2040,52,74,89,0.0
DE,2040,52,75,89,0.0
DE,2040,52,76,89,0.0
DE,2040,52,77,89,0.0
DE,2040,52,78,89,0.0
DE,2040,52,79,89,0.0
DE,2040,52,80,89,0.0
DE,2040,52,81,89,0.0
DE,2040,52,82,89,0.0
DE,2040,52,83,89,0.0
DE,2040,52,84,89,0.0
DE,2040,52,85,89,0.0
DE,2040,52,86,89,0.0
DE,2040,52,87,89,0.0
DE,2040,52,88,89,0.0
DE,2040,52,89,89,0.0
DE,2040,52,90,89,0.0
DE,2040,52,91,89,0.0
DE,2040,52,92,89,0.0
DE,2040,52,93,89,0.0
DE,2040,52,94,89,0.0
DE,2040,52,95,89,0.0
DE,2040,52,96,89,0.0
DE,2040,52,97,89,0.0
DE,2040,52,98,89,0.0
DE,2040,52,99,89,0.0
DE,2040,52,100,89,0.0
DE,2040,52,101,89,0.0
DE,2040,52,102,89,0.0
DE,2040,52,103,89,0.0
DE,2040,52,104,89,0.0
DE,2040,52,105,89,0.0
DE,2040,52,106,89,0.0
DE,2040,52,107,89,0.0
DE,2040,52,108,89,0.0
DE,2040,52,109,89,0.0
DE,2040,52,110,89,0.0
DE,2040,52,111,89,0.0
DE,2040,52,112,89,0.0
DE,2040,52,113,89,0.0
DE,2040,52,114,89,0.0
DE,2040,52,115,89,0.0
DE,2040,52,116,89,0.0
DE,2040,52,117,89,0.0
DE,2040,52,118,89,0.0
DE,2040,52,119,89,0.0
DE,2040,52,120,89,0.0
DE,2040,52,121,89,0.0
DE,2040,52,122,89,0.0
DE,2040,52,123,89,0.0
DE,2040,52,124,89,0.0
DE,2040,52,125,89,0.0
DE,2040,52,126,89,0.0
DE,2040,52,127,89,0.0
DE,2040,52,128,89,0.0
DE,2040,52,129,89,0.0
DE,2040,52,130,89,0.0
DE,2040,52,131,89,0.0
DE,2040,52,132,89,0.0
DE,2040,52,133,89,0.0
DE,2040,52,134,89,0.0
DE,2040,52,135,89,0.0
DE,2040,52,136,89,0.0
DE,2040,52,137,89,0.0
DE,2040,52,138,89,0.0
DE,2040,52,139,89,0.0
DE,2040,52,140,89,0.0
DE,2040,52,141,89,0.0
DE,2040,52,142,89,0.0
DE,2040,52,143,89,0.0
DE,2040,52,144,89,0.0
DE,2040,52,145,89,0.0
DE,2040,52,146,89,0.0
DE,2040,52,147,89,0.0
DE,2040,52,148,89,0.0
DE,2040,52,149,89,0.0
DE,2040,52,150,89,0.0
DE,2040,52,151,89,0.0
DE,2040,52,152,89,0.0
DE,2040,52,153,89,0.0
DE,2040,52,154,89,0.0
DE,2040,52,155,89,0.0
DE,2040,52,156,89,0.0
DE,2040,52,157,89,0.0
DE,2040,52,158,89,0.0
DE,2040,52,159,89,0.0
DE,2040,52,160,89,0.0
DE,2040,52,161,89,0.0
DE,2040,52,162,89,0.0
DE,2040,52,163,89,0.0
DE,2040,52,164,89,0.0
DE,2040,52,165,89,0.0
DE,2040,52,166,89,0.0
DE,2040,52,167,89,0.0
GA,2050,11,0,89,0.0
GA,2050,11,1,89,0.0
GA,2050,11,2,89,0.0
GA,2050,11,3,89,0.0
GA,2050,11,4,89,0.0
GA,2050,11,5,89,0.0
GA,2050,11,6,89,0.0
GA,2050,11,7,89,0.0
GA,2050,11,8,89,0.0
GA,2050,11,9,89,0.0
GA,2050,11,10,89,0.0
GA,2050,11,11,89,0.0
GA,2050,11,12,89,0.0
GA,2050,11,13,89,0.0
GA,2050,11,14,89,0.0
GA,2050,11,15,89,0.0
GA,2050,11,16,89,0.0
GA,2050,11,17,89,0.0
GA,2050,11,18,89,0.0
GA,2050,11,19,89,0.0
GA,2050,11,20,89,0.0
GA,2050,11,21,89,0.0
GA,2050,11,22,89,0.0
GA,2050,11,23,89,0.0
GA,2050,11,24,89,0.0
GA,2050,11,25,89,0.0
GA,2050,11,26,89,0.0
GA,2050,11,27,89,0.0
GA,2050,11,28,89,0.0
GA,2050,11,29,89,0.0
GA,2050,11,30,89,0.0
GA,2050,11,31,89,0.0
GA,2050,11,32,89,0.0
GA,2050,11,33,89,0.0
GA,2050,11,34,89,0.0
GA,2050,11,35,89,0.0
GA,2050,11,36,89,0.0
GA,2050,11,37,89,0.0
GA,2050,11,38,89,0.0
GA,2050,11,39,89,0.0
GA,2050,11,40,89,0.0
GA,2050,11,41,89,0.0
GA,2050,11,42,89,0.0
GA,2050,11,43,89,0.0
GA,2050,11,44,89,0.0
GA,2050,11,45,89,0.0
GA,2050,11,46,89,0.0
GA,2050,11,47,89,0.0
GA,2050,11,48,89,0.0
GA,2050,11,49,89,0.0
GA,2050,11,50,89,0.0
GA,2050,11,51,89,0.0
GA,2050,11,52,89,0.0
GA,2050,11,53,89,0.0
GA,2050,11,54,89,0.0
GA,2050,11,55,89,0.0
GA,2050,11,56,89,0.0
GA,2050,11,57,89,0.0
GA,2050,11,58,89,0.0
GA,2050,11,59,89,0.0
GA,2050,11,60,89,0.0
GA,2050,11,61,89,0.0
GA,2050,11,62,89,0.0
GA,2050,11,63,89,0.0
GA,2050,11,64,89,0.0
GA,2050,11,65,89,0.0
GA,2050,11,66,89,0.0
GA,2050,11,67,89,0.0
GA,2050,11,68,89,0.0
GA,2050,11,69,89,0.0
GA,2050,11,70,89,0.0
GA,2050,11,71,89,0.0
GA,2050,11,72,89,0.0
GA,2050,11,73,89,0.0
GA,2050,11,74,89,0.0
GA,2050,11,75,89,0.0
GA,2050,11,76,89,0.0
GA,2050,11,77,89,0.0
GA,2050,11,78,89,0.0
GA,2050,11,79,89,0.0
GA,2050,11,80,89,0.0
GA,2050,11,81,89,0.0
GA,2050,11,82,89,0.0
GA,2050,11,83,89,0.0
GA,2050,11,84,89,0.0
GA,2050,11,85,89,0.0
GA,2050,11,86,89,0.0
GA,2050,11,87,89,0.0
GA,2050,11,88,89,0.0
GA,2050,11,89,89,0.0
GA,2050,11,90,89,0.0
GA,2050,11,91,89,0.0
GA,2050,11,92,89,0.0
GA,2050,11,93,89,0.0
GA,2050,11,94,89,0.0
GA,2050,11,95,89,0.0
GA,2050,11,96,89,0.0
GA,2050,11,97,89,0.0
GA,2050,11,98,89,0.0
GA,2050,11,99,89,0.0
GA,2050,11,100,89,0.0
GA,2050,11,101,89,0.0
GA,2050,11,102,89,0.0
GA,2050,11,103,89,0.0
GA,2050,11,104,89,0.0
GA,2050,11,105,89,0.0
GA,2050,11,106,89,0.0
GA,2050,11,107,89,0.0
GA,2050,11,108,89,0.0
GA,2050,11,109,89,0.0
GA,2050,11,110,89,0.0
GA,2050,11,111,89,0.0
GA,2050,11,112,89,0.0
GA,2050,11,113,89,0.0
GA,2050,11,114,89,0.0
GA,2050,11,115,89,0.0
GA,2050,11,116,89,0.0
GA,2050,11,117,89,0.0
GA,2050,11,118,89,0.0
GA,2050,11,119,89,0.0
GA,2050,11,120,89,0.0
GA,2050,11,121,89,0.0
GA,2050,11,122,89,0.0
GA,2050,11,123,89,0.0
GA,2050,11,124,89,0.0
GA,2050,11,125,89,0.0
GA,2050,11,126,89,0.0
GA,2050,11,127,89,0.0
GA,2050,11,128,89,0.0
GA,2050,11,129,89,0.0
GA,2050,11,130,89,0.0
GA,2050,11,131,89,0.0
GA,2050,11,132,89,0.0
GA,2050,11,133,89,0.0
GA,2050,11,134,89,0.0
GA,2050,11,135,89,0.0
GA,2050,11,136,89,0.0
GA,2050,11,137,89,0.0
GA,2050,11,138,89,0.0
GA,2050,11,139,89,0.0
GA,2050,11,140,89,0.0
GA,2050,11,141,89,0.0
GA,2050,11,142,89,0.0
GA,2050,11,143,89,0.0
GA,2050,11,144,89,0.0
GA,2050,11,145,89,0.0
GA,2050,11,146,89,0.0
GA,2050,11,147,89,0.0
GA,2050,11,148,89,0.0
GA,2050,11,149,89,0.0
GA,2050,11,150,89,0.0
GA,2050,11,151,89,0.0
GA,2050,11,152,89,0.0
GA,2050,11,153,89,0.0
GA,2050,11,154,89,0.0
GA,2050,11,155,89,0.0
GA,2050,11,156,89,0.0
GA,2050,11,157,89,0.0
GA,2050,11,158,89,0.0
GA,2050,11,159,89,0.0
GA,2050,11,160,89,0.0
GA,2050,11,161,89,0.0
GA,2050,11,162,89,0.0
GA,2050,11,163,89,0.0
GA,2050,11,164,89,0.0
GA,2050,11,165,89,0.0
GA,2050,11,166,89,0.0
GA,2050,11,167,89,0.0
GA,2050,21,0,89,0.0
GA,2050,21,1,89,0.0
GA,2050,21,2,89,0.0
GA,2050,21,3,89,0.0
GA,2050,21,4,89,0.0
GA,2050,21,5,89,0.0
GA,2050,21,6,89,0.0
GA,2050,21,7,89,0.0
GA,2050,21,8,89,0.0
GA,2050,21,9,89,0.0
GA,2050,21,10,89,0.0
GA,2050,21,11,89,0.0
GA,2050,21,12,89,0.0
GA,2050,21,13,89,0.0
GA,2050,21,14,89,0.0
GA,2050,21,15,89,0.0
GA,2050,21,16,89,0.0
GA,2050,21,17,89,0.0
GA,2050,21,18,89,0.0
GA,2050,21,19,89,0.0
GA,2050,21,20,89,0.0
GA,2050,21,21,89,0.0
GA,2050,21,22,89,0.0
GA,2050,21,23,89,0.0
GA,2050,21,24,89,0.0
GA,2050,21,25,89,0.0
GA,2050,21,26,89,0.0
GA,2050,21,27,89,0.0
GA,2050,21,28,89,0.0
GA,2050,21,29,89,0.0
GA,2050,21,30,89,0.0
GA,2050,21,31,89,0.0
GA,2050,21,32,89,0.0
GA,2050,21,33,89,0.0
GA,2050,21,34,89,0.0
GA,2050,21,35,89,0.0
GA,2050,21,36,89,0.0
GA,2050,21,37,89,0.0
GA,2050,21,38,89,0.0
GA,2050,21,39,89,0.0
GA,2050,21,40,89,0.0
GA,2050,21,41,89,0.0
GA,2050,21,42,89,0.0
GA,2050,21,43,89,0.0
GA,2050,21,44,89,0.0
GA,2050,21,45,89,0.0
GA,2050,21,46,89,0.0
GA,2050,21,47,89,0.0
GA,2050,21,48,89,0.0
GA,2050,21,49,89,0.0
GA,2050,21,50,89,0.0
GA,2050,21,51,89,0.0
GA,2050,21,52,89,0.0
GA,2050,21,53,89,0.0
GA,2050,21,54,89,0.0
GA,2050,21,55,89,0.0
GA,2050,21,56,89,0.0
GA,2050,21,57,89,0.0
GA,2050,21,58,89,0.0
GA,2050,21,59,89,0.0
GA,2050,21,60,89,0.0
GA,2050,21,61,89,0.0
GA,2050,21,62,89,0.0
GA,2050,21,63,89,0.0
GA,2050,21,64,89,0.0
GA,2050,21,65,89,0.0
GA,2050,21,66,89,0.0
GA,2050,21,67,89,0.0
GA,2050,21,68,89,0.0
GA,2050,21,69,89,0.0
GA,2050,21,70,89,0.0
GA,2050,21,71,89,0.0
GA,2050,21,72,89,0.0
GA,2050,21,73,89,0.0
GA,2050,21,74,89,0.0
GA,2050,21,75,89,0.0
GA,2050,21,76,89,0.0
GA,2050,21,77,89,0.0
GA,2050,21,78,89,0.0
GA,2050,21,79,89,0.0
GA,2050,21,80,89,0.0
GA,2050,21,81,89,0.0
GA,2050,21,82,89,0.0
GA,2050,21,83,89,0.0
GA,2050,21,84,89,0.0
GA,2050,21,85,89,0.0
GA,2050,21,86,89,0.0
GA,2050,21,87,89,0.0
GA,2050,21,88,89,0.0
GA,2050,21,89,89,0.0
GA,2050,21,90,89,0.0
GA,2050,21,91,89,0.0
GA,2050,21,92,89,0.0
GA,2050,21,93,89,0.0
GA,2050,21,94,89,0.0
GA,2050,21,95,89,0.0
GA,2050,21,96,89,0.0
GA,2050,21,97,89,0.0
GA,2050,21,98,89,0.0
GA,2050,21,99,89,0.0
GA,2050,21,100,89,0.0
GA,2050,21,101,89,0.0
GA,2050,21,102,89,0.0
GA,2050,21,103,89,0.0
GA,2050,21,104,89,0.0
GA,2050,21,105,89,0.0
GA,2050,21,106,89,0.0
GA,2050,21,107,89,0.0
GA,2050,21,108,89,0.0
GA,2050,21,109,89,0.0
GA,2050,21,110,89,0.0
GA,2050,21,111,89,0.0
GA,2050,21,112,89,0.0
GA,2050,21,113,89,0.0
GA,2050,21,114,89,0.0
GA,2050,21,115,89,0.0
GA,2050,21,116,89,0.0
GA,2050,21,117,89,0.0
GA,2050,21,118,89,0.0
GA,2050,21,119,89,0.0
GA,2050,21,120,89,0.0
GA,2050,21,121,89,0.0
GA,2050,21,122,89,0.0
GA,2050,21,123,89,0.0
GA,2050,21,124,89,0.0
GA,2050,21,125,89,0.0
GA,2050,21,126,89,0.0
GA,2050,21,127,89,0.0
GA,2050,21,128,89,0.0
GA,2050,21,129,89,0.0
GA,2050,21,130,89,0.0
GA,2050,21,131,89,0.0
GA,2050,21,132,89,0.0
GA,2050,21,133,89,0.0
GA,2050,21,134,89,0.0
GA,2050,21,135,89,0.0
GA,2050,21,136,89,0.0
GA,2050,21,137,89,0.0
GA,2050,21,138,89,0.0
GA,2050,21,139,89,0.0
GA,2050,21,140,89,0.0
GA,2050,21,141,89,0.0
GA,2050,21,142,89,0.0
GA,2050,21,143,89,0.0
GA,2050,21,144,89,0.0
GA,2050,21,145,89,0.0
GA,2050,21,146,89,0.0
GA,2050,21,147,89,0.0
GA,2050,21,148,89,0.0
GA,2050,21,149,89,0.0
GA,2050,21,150,89,0.0
GA,2050,21,151,89,0.0
GA,2050,21,152,89,0.0
GA,2050,21,153,89,0.0
GA,2050,21,154,89,0.0
GA,2050,21,155,89,0.0
GA,2050,21,156,89,0.0
GA,2050,21,157,89,0.0
GA,2050,21,158,89,0.0
GA,2050,21,159,89,0.0
GA,2050,21,160,89,0.0
GA,2050,21,161,89,0.0
GA,2050,21,162,89,0.0
GA,2050,21,163,89,0.0
GA,2050,21,164,89,0.0
GA,2050,21,165,89,0.0
GA,2050,21,166,89,0.0
GA,2050,21,167,89,0.0
GA,2050,42,0,89,0.0
GA,2050,42,1,89,0.0
GA,2050,42,2,89,0.0
GA,2050,42,3,89,0.0
GA,2050,42,4,89,0.0
GA,2050,42,5,89,0.0
GA,2050,42,6,89,0.0
GA,2050,42,7,89,0.0
GA,2050,42,8,89,0.0
GA,2050,42,9,89,0.0
GA,2050,42,10,89,0.0
GA,2050,42,11,89,0.0
GA,2050,42,12,89,0.0
GA,2050,42,13,89,0.0
GA,2050,42,14,89,0.0
GA,2050,42,15,89,0.0
GA,2050,42,16,89,0.0
GA,2050,42,17,89,0.0
GA,2050,42,18,89,0.0
GA,2050,42,19,89,0.0
GA,2050,42,20,89,0.0
GA,2050,42,21,89,0.0
GA,2050,42,22,89,0.0
GA,2050,42,23,89,0.0
GA,2050,42,24,89,0.0
GA,2050,42,25,89,0.0
GA,2050,42,26,89,0.0
GA,2050,42,27,89,0.0
GA,2050,42,28,89,0.0
GA,2050,42,29,89,0.0
GA,2050,42,30,89,0.0
GA,2050,42,31,89,0.0
GA,2050,42,32,89,0.0
GA,2050,42,33,89,0.0
GA,2050,42,34,89,0.0
GA,2050,42,35,89,0.0
GA,2050,42,36,89,0.0
GA,2050,42,37,89,0.0
GA,2050,42,38,89,0.0
GA,2050,42,39,89,0.0
GA,2050,42,40,89,0.0
GA,2050,42,41,89,0.0
GA,2050,42,42,89,0.0
GA,2050,42,43,89,0.0
GA,2050,42,44,89,0.0
GA,2050,42,45,89,0.0
GA,2050,42,46,89,0.0
GA,2050,42,47,89,0.0
GA,2050,42,48,89,0.0
GA,2050,42,49,89,0.0
GA,2050,42,50,89,0.0
GA,2050,42,51,89,0.0
GA,2050,42,52,89,0.0
GA,2050,42,53,89,0.0
GA,2050,42,54,89,0.0
GA,2050,42,55,89,0.0
GA,2050,42,56,89,0.0
GA,2050,42,57,89,0.0
GA,2050,42,58,89,0.0
GA,2050,42,59,89,0.0
GA,2050,42,60,89,0.0
GA,2050,42,61,89,0.0
GA,2050,42,62,89,0.0
GA,2050,42,63,89,0.0
GA,2050,42,64,89,0.0
GA,2050,42,65,89,0.0
GA,2050,42,66,89,0.0
GA,2050,42,67,89,0.0
GA,2050,42,68,89,0.0
GA,2050,42,69,89,0.0
GA,2050,42,70,89,0.0
GA,2050,42,71,89,0.0
GA,2050,42,72,89,0.0
GA,2050,42,73,89,0.0
GA,2050,42,74,89,0.0
GA,2050,42,75,89,0.0
GA,2050,42,76,89,0.0
GA,2050,42,77,89,0.0
GA,2050,42,78,89,0.0
GA,2050,42,79,89,0.0
GA,2050,42,80,89,0.0
GA,2050,42,81,89,0.0
GA,2050,42,82,89,0.0
GA,2050,42,83,89,0.0
GA,2050,42,84,89,0.0
GA,2050,42,85,89,0.0
GA,2050,42,86,89,0.0
GA,2050,42,87,89,0.0
GA,2050,42,88,89,0.0
GA,2050,42,89,89,0.0
GA,2050,42,90,89,0.0
GA,2050,42,91,89,0.0
GA,2050,42,92,89,0.0
GA,2050,42,93,89,0.0
GA,2050,42,94,89,0.0
GA,2050,42,95,89,0.0
GA,2050,42,96,89,0.0
GA,2050,42,97,89,0.0
GA,2050,42,98,89,0.0
GA,2050,42,99,89,0.0
GA,2050,42,100,89,0.0
GA,2050,42,101,89,0.0
GA,2050,42,102,89,0.0
GA,2050,42,103,89,0.0
GA,2050,42,104,89,0.0
GA,2050,42,105,89,0.0
GA,2050,42,106,89,0.0
GA,2050,42,107,89,0.0
GA,2050,42,108,89,0.0
GA,2050,42,109,89,0.0
GA,2050,42,110,89,0.0
GA,2050,42,111,89,0.0
GA,2050,42,112,89,0.0
GA,2050,42,113,89,0.0
GA,2050,42,114,89,0.0
GA,2050,42,115,89,0.0
GA,2050,42,116,89,0.0
GA,2050,42,117,89,0.0
GA,2050,42,118,89,0.0
GA,2050,42,119,89,0.0
GA,2050,42,120,89,0.0
GA,2050,42,121,89,0.0
GA,2050,42,122,89,0.0
GA,2050,42,123,89,0.0
GA,2050,42,124,89,0.0
GA,2050,42,125,89,0.0
GA,2050,42,126,89,0.0
GA,2050,42,127,89,0.0
GA,2050,42,128,89,0.0
GA,2050,42,129,89,0.0
GA,2050,42,130,89,0.0
GA,2050,42,131,89,0.0
GA,2050,42,132,89,0.0
GA,2050,42,133,89,0.0
GA,2050,42,134,89,0.0
GA,2050,42,135,89,0.0
GA,2050,42,136,89,0.0
GA,2050,42,137,89,0.0
GA,2050,42,138,89,0.0
GA,2050,42,139,89,0.0
GA,2050,42,140,89,0.0
GA,2050,42,141,89,0.0
GA,2050,42,142,89,0.0
GA,2050,42,143,89,0.0
GA,2050,42,144,89,0.0
GA,2050,42,145,89,0.0
GA,2050,42,146,89,0.0
GA,2050,42,147,89,0.0
GA,2050,42,148,89,0.0
GA,2050,42,149,89,0.0
GA,2050,42,150,89,0.0
GA,2050,42,151,89,0.0
GA,2050,42,152,89,0.0
GA,2050,42,153,89,0.0
GA,2050,42,154,89,0.0
GA,2050,42,155,89,0.0
GA,2050,42,156,89,0.0
GA,2050,42,157,89,0.0
GA,2050,42,158,89,0.0
GA,2050,42,159,89,0.0
GA,2050,42,160,89,0.0
GA,2050,42,161,89,0.0
GA,2050,42,162,89,0.0
GA,2050,42,163,89,0.0
GA,2050,42,164,89,0.0
GA,2050,42,165,89,0.0
GA,2050,42,166,89,0.0
GA,2050,42,167,89,0.0
GA,2050,52,0,89,0.0
GA,2050,52,1,89,0.0
GA,2050,52,2,89,0.0
GA,2050,52,3,89,0.0
GA,2050,52,4,89,0.0
GA,2050,52,5,89,0.0
GA,2050,52,6,89,0.0
GA,2050,52,7,89,0.0
GA,2050,52,8,89,0.0
GA,2050,52,9,89,0.0
GA,2050,52,10,89,0.0
GA,2050,52,11,89,0.0
GA,2050,52,12,89,0.0
GA,2050,52,13,89,0.0
GA,2050,52,14,89,0.0
GA,2050,52,15,89,0.0
GA,2050,52,16,89,0.0
GA,2050,52,17,89,0.0
GA,2050,52,18,89,0.0
GA,2050,52,19,89,0.0
GA,2050,52,20,89,0.0
GA,2050,52,21,89,0.0
GA,2050,52,22,89,0.0
GA,2050,52,23,89,0.0
GA,2050,52,24,89,0.0
GA,2050,52,25,89,0.0
GA,2050,52,26,89,0.0
GA,2050,52,27,89,0.0
GA,2050,52,28,89,0.0
GA,2050,52,29,89,0.0
GA,2050,52,30,89,0.0
GA,2050,52,31,89,0.0
GA,2050,52,32,89,0.0
GA,2050,52,33,89,0.0
GA,2050,52,34,89,0.0
GA,2050,52,35,89,0.0
GA,2050,52,36,89,0.0
GA,2050,52,37,89,0.0
GA,2050,52,38,89,0.0
GA,2050,52,39,89,0.0
GA,2050,52,40,89,0.0
GA,2050,52,41,89,0.0
GA,2050,52,42,89,0.0
GA,2050,52,43,89,0.0
GA,2050,52,44,89,0.0
GA,2050,52,45,89,0.0
GA,2050,52,46,89,0.0
GA,2050,52,47,89,0.0
GA,2050,52,48,89,0.0
GA,2050,52,49,89,0.0
GA,2050,52,50,89,0.0
GA,2050,52,51,89,0.0
GA,2050,52,52,89,0.0
GA,2050,52,53,89,0.0
GA,2050,52,54,89,0.0
GA,2050,52,55,89,0.0
GA,2050,52,56,89,0.0
GA,2050,52,57,89,0.0
GA,2050,52,58,89,0.0
GA,2050,52,59,89,0.0
GA,2050,52,60,89,0.0
GA,2050,52,61,89,0.0
GA,2050,52,62,89,0.0
GA,2050,52,63,89,0.0
GA,2050,52,64,89,0.0
GA,2050,52,65,89,0.0
GA,2050,52,66,89,0.0
GA,2050,52,67,89,0.0
GA,2050,52,68,89,0.0
GA,2050,52,69,89,0.0
GA,2050,52,70,89,0.0
GA,2050,52,71,89,0.0
GA,2050,52,72,89,0.0
GA,2050,52,73,89,0.0
GA,2050,52,74,89,0.0
GA,2050,52,75,89,0.0
GA,2050,52,76,89,0.0
GA,2050,52,77,89,0.0
GA,2050,52,78,89,0.0
GA,2050,52,79,89,0.0
GA,2050,52,80,89,0.0
GA,2050,52,81,89,0.0
GA,2050,52,82,89,0.0
GA,2050,52,83,89,0.0
GA,2050,52,84,89,0.0
GA,2050,52,85,89,0.0
GA,2050,52,86,89,0.0
GA,2050,52,87,89,0.0
GA,2050,52,88,89,0.0
GA,2050,52,89,89,0.0
GA,2050,52,90,89,0.0
GA,2050,52,91,89,0.0
GA,2050,52,92,89,0.0
GA,2050,52,93,89,0.0
GA,2050,52,94,89,0.0
GA,2050,52,95,89,0.0
GA,2050,52,96,89,0.0
GA,2050,52,97,89,0.0
GA,2050,52,98,89,0.0
GA,2050,52,99,89,0.0
GA,2050,52,100,89,0.0
GA,2050,52,101,89,0.0
GA,2050,52,102,89,0.0
GA,2050,52,103,89,0.0
GA,2050,52,104,89,0.0
GA,2050,52,105,89,0.0
GA,2050,52,106,89,0.0
GA,2050,52,107,89,0.0
GA,2050,52,108,89,0.0
GA,2050,52,109,89,0.0
GA,2050,52,110,89,0.0
GA,2050,52,111,89,0.0
GA,2050,52,112,89,0.0
GA,2050,52,113,89,0.0
GA,2050,52,114,89,0.0
GA,2050,52,115,89,0.0
GA,2050,52,116,89,0.0
GA,2050,52,117,89,0.0
GA,2050,52,118,89,0.0
GA,2050,52,119,89,0.0
GA,2050,52,120,89,0.0
GA,2050,52,121,89,0.0
GA,2050,52,122,89,0.0
GA,2050,52,123,89,0.0
GA,2050,52,124,89,0.0
GA,2050,52,125,89,0.0
GA,2050,52,126,89,0.0
GA,2050,52,127,89,0.0
GA,2050,52,128,89,0.0
GA,2050,52,129,89,0.0
GA,2050,52,130,89,0.0
GA,2050,52,131,89,0.0
GA,2050,52,132,89,0.0
GA,2050,52,133,89,0.0
GA,2050,52,134,89,0.0
GA,2050,52,135,89,0.0
GA,2050,52,136,89,0.0
GA,2050,52,137,89,0.0
GA,2050,52,138,89,0.0
GA,2050,52,139,89,0.0
GA,2050,52,140,89,0.0
GA,2050,52,141,89,0.0
GA,2050,52,142,89,0.0
GA,2050,52,143,89,0.0
GA,2050,52,144,89,0.0
GA,2050,52,145,89,0.0
GA,2050,52,146,89,0.0
GA,2050,52,147,89,0.0
GA,2050,52,148,89,0.0
GA,2050,52,149,89,0.0
GA,2050,52,150,89,0.0
GA,2050,52,151,89,0.0
GA,2050,52,152,89,0.0
GA,2050,52,153,89,0.0
GA,2050,52,154,89,0.0
GA,2050,52,155,89,0.0
GA,2050,52,156,89,0.0
GA,2050,52,157,89,0.0
GA,2050,52,158,89,0.0
GA,2050,52,159,89,0.0
GA,2050,52,160,89,0.0
GA,2050,52,161,89,0.0
GA,2050,52,162,89,0.0
GA,2050,52,163,89,0.0
GA,2050,52,164,89,0.0
GA,2050,52,165,89,0.0
GA,2050,52,166,89,0.0
GA,2050,52,167,89,0.0
DE,2050,11,0,89,0.0
DE,2050,11,1,89,0.0
DE,2050,11,2,89,0.0
DE,2050,11,3,89,0.0
DE,2050,11,4,89,0.0
DE,2050,11,5,89,0.0
DE,2050,11,6,89,0.0
DE,2050,11,7,89,0.0
DE,2050,11,8,89,0.0
DE,2050,11,9,89,0.0
DE,2050,11,10,89,0.0
DE,2050,11,11,89,0.0
DE,2050,11,12,89,0.0
DE,2050,11,13,89,0.0
DE,2050,11,14,89,0.0
DE,2050,11,15,89,0.0
DE,2050,11,16,89,0.0
DE,2050,11,17,89,0.0
DE,2050,11,18,89,0.0
DE,2050,11,19,89,0.0
DE,2050,11,20,89,0.0
DE,2050,11,21,89,0.0
DE,2050,11,22,89,0.0
DE,2050,11,23,89,0.0
DE,2050,11,24,89,0.0
DE,2050,11,25,89,0.0
DE,2050,11,26,89,0.0
DE,2050,11,27,89,0.0
DE,2050,11,28,89,0.0
DE,2050,11,29,89,0.0
DE,2050,11,30,89,0.0
DE,2050,11,31,89,0.0
DE,2050,11,32,89,0.0
DE,2050,11,33,89,0.0
DE,2050,11,34,89,0.0
DE,2050,11,35,89,0.0
DE,2050,11,36,89,0.0
DE,2050,11,37,89,0.0
DE,2050,11,38,89,0.0
DE,2050,11,39,89,0.0
DE,2050,11,40,89,0.0
DE,2050,11,41,89,0.0
DE,2050,11,42,89,0.0
DE,2050,11,43,89,0.0
DE,2050,11,44,89,0.0
DE,2050,11,45,89,0.0
DE,2050,11,46,89,0.0
DE,2050,11,47,89,0.0
DE,2050,11,48,89,0.0
DE,2050,11,49,89,0.0
DE,2050,11,50,89,0.0
DE,2050,11,51,89,0.0
DE,2050,11,52,89,0.0
DE,2050,11,53,89,0.0
DE,2050,11,54,89,0.0
DE,2050,11,55,89,0.0
DE,2050,11,56,89,0.0
DE,2050,11,57,89,0.0
DE,2050,11,58,89,0.0
DE,2050,11,59,89,0.0
DE,2050,11,60,89,0.0
DE,2050,11,61,89,0.0
DE,2050,11,62,89,0.0
DE,2050,11,63,89,0.0
DE,2050,11,64,89,0.0
DE,2050,11,65,89,0.0
DE,2050,11,66,89,0.0
DE,2050,11,67,89,0.0
DE,2050,11,68,89,0.0
DE,2050,11,69,89,0.0
DE,2050,11,70,89,0.0
DE,2050,11,71,89,0.0
DE,2050,11,72,89,0.0
DE,2050,11,73,89,0.0
DE,2050,11,74,89,0.0
DE,2050,11,75,89,0.0
DE,2050,11,76,89,0.0
DE,2050,11,77,89,0.0
DE,2050,11,78,89,0.0
DE,2050,11,79,89,0.0
DE,2050,11,80,89,0.0
DE,2050,11,81,89,0.0
DE,2050,11,82,89,0.0
DE,2050,11,83,89,0.0
DE,2050,11,84,89,0.0
DE,2050,11,85,89,0.0
DE,2050,11,86,89,0.0
DE,2050,11,87,89,0.0
DE,2050,11,88,89,0.0
DE,2050,11,89,89,0.0
DE,2050,11,90,89,0.0
DE,2050,11,91,89,0.0
DE,2050,11,92,89,0.0
DE,2050,11,93,89,0.0
DE,2050,11,94,89,0.0
DE,2050,11,95,89,0.0
DE,2050,11,96,89,0.0
DE,2050,11,97,89,0.0
DE,2050,11,98,89,0.0
DE,2050,11,99,89,0.0
DE,2050,11,100,89,0.0
DE,2050,11,101,89,0.0
DE,2050,11,102,89,0.0
DE,2050,11,103,89,0.0
DE,2050,11,104,89,0.0
DE,2050,11,105,89,0.0
DE,2050,11,106,89,0.0
DE,2050,11,107,89,0.0
DE,2050,11,108,89,0.0
DE,2050,11,109,89,0.0
DE,2050,11,110,89,0.0
DE,2050,11,111,89,0.0
DE,2050,11,112,89,0.0
DE,2050,11,113,89,0.0
DE,2050,11,114,89,0.0
DE,2050,11,115,89,0.0
DE,2050,11,116,89,0.0
DE,2050,11,117,89,0.0
DE,2050,11,118,89,0.0
DE,2050,11,119,89,0.0
DE,2050,11,120,89,0.0
DE,2050,11,121,89,0.0
DE,2050,11,122,89,0.0
DE,2050,11,123,89,0.0
DE,2050,11,124,89,0.0
DE,2050,11,125,89,0.0
DE,2050,11,126,89,0.0
DE,2050,11,127,89,0.0
DE,2050,11,128,89,0.0
DE,2050,11,129,89,0.0
DE,2050,11,130,89,0.0
DE,2050,11,131,89,0.0
DE,2050,11,132,89,0.0
DE,2050,11,133,89,0.0
DE,2050,11,134,89,0.0
DE,2050,11,135,89,0.0
DE,2050,11,136,89,0.0
DE,2050,11,137,89,0.0
DE,2050,11,138,89,0.0
DE,2050,11,139,89,0.0
DE,2050,11,140,89,0.0
DE,2050,11,141,89,0.0
DE,2050,11,142,89,0.0
DE,2050,11,143,89,0.0
DE,2050,11,144,89,0.0
DE,2050,11,145,89,0.0
DE,2050,11,146,89,0.0
DE,2050,11,147,89,0.0
DE,2050,11,148,89,0.0
DE,2050,11,149,89,0.0
DE,2050,11,150,89,0.0
DE,2050,11,151,89,0.0
DE,2050,11,152,89,0.0
DE,2050,11,153,89,0.0
DE,2050,11,154,89,0.0
DE,2050,11,155,89,0.0
DE,2050,11,156,89,0.0
DE,2050,11,157,89,0.0
DE,2050,11,158,89,0.0
DE,2050,11,159,89,0.0
DE,2050,11,160,89,0.0
DE,2050,11,161,89,0.0
DE,2050,11,162,89,0.0
DE,2050,11,163,89,0.0
DE,2050,11,164,89,0.0
DE,2050,11,165,89,0.0
DE,2050,11,166,89,0.0
DE,2050,11,167,89,0.0
DE,2050,21,0,89,0.0
DE,2050,21,1,89,0.0
DE,2050,21,2,89,0.0
DE,2050,21,3,89,0.0
DE,2050,21,4,89,0.0
DE,2050,21,5,89,0.0
DE,2050,21,6,89,0.0
DE,2050,21,7,89,0.0
DE,2050,21,8,89,0.0
DE,2050,21,9,89,0.0
DE,2050,21,10,89,0.0
DE,2050,21,11,89,0.0
DE,2050,21,12,89,0.0
DE,2050,21,13,89,0.0
DE,2050,21,14,89,0.0
DE,2050,21,15,89,0.0
DE,2050,21,16,89,0.0
DE,2050,21,17,89,0.0
DE,2050,21,18,89,0.0
DE,2050,21,19,89,0.0
DE,2050,21,20,89,0.0
DE,2050,21,21,89,0.0
DE,2050,21,22,89,0.0
DE,2050,21,23,89,0.0
DE,2050,21,24,89,0.0
DE,2050,21,25,89,0.0
DE,2050,21,26,89,0.0
DE,2050,21,27,89,0.0
DE,2050,21,28,89,0.0
DE,2050,21,29,89,0.0
DE,2050,21,30,89,0.0
DE,2050,21,31,89,0.0
DE,2050,21,32,89,0.0
DE,2050,21,33,89,0.0
DE,2050,21,34,89,0.0
DE,2050,21,35,89,0.0
DE,2050,21,36,89,0.0
DE,2050,21,37,89,0.0
DE,2050,21,38,89,0.0
DE,2050,21,39,89,0.0
DE,2050,21,40,89,0.0
DE,2050,21,41,89,0.0
DE,2050,21,42,89,0.0
DE,2050,21,43,89,0.0
DE,2050,21,44,89,0.0
DE,2050,21,45,89,0.0
DE,2050,21,46,89,0.0
DE,2050,21,47,89,0.0
DE,2050,21,48,89,0.0
DE,2050,21,49,89,0.0
DE,2050,21,50,89,0.0
DE,2050,21,51,89,0.0
DE,2050,21,52,89,0.0
DE,2050,21,53,89,0.0
DE,2050,21,54,89,0.0
DE,2050,21,55,89,0.0
DE,2050,21,56,89,0.0
DE,2050,21,57,89,0.0
DE,2050,21,58,89,0.0
DE,2050,21,59,89,0.0
DE,2050,21,60,89,0.0
DE,2050,21,61,89,0.0
DE,2050,21,62,89,0.0
DE,2050,21,63,89,0.0
DE,2050,21,64,89,0.0
DE,2050,21,65,89,0.0
DE,2050,21,66,89,0.0
DE,2050,21,67,89,0.0
DE,2050,21,68,89,0.0
DE,2050,21,69,89,0.0
DE,2050,21,70,89,0.0
DE,2050,21,71,89,0.0
DE,2050,21,72,89,0.0
DE,2050,21,73,89,0.0
DE,2050,21,74,89,0.0
DE,2050,21,75,89,0.0
DE,2050,21,76,89,0.0
DE,2050,21,77,89,0.0
DE,2050,21,78,89,0.0
DE,2050,21,79,89,0.0
DE,2050,21,80,89,0.0
DE,2050,21,81,89,0.0
DE,2050,21,82,89,0.0
DE,2050,21,83,89,0.0
DE,2050,21,84,89,0.0
DE,2050,21,85,89,0.0
DE,2050,21,86,89,0.0
DE,2050,21,87,89,0.0
DE,2050,21,88,89,0.0
DE,2050,21,89,89,0.0
DE,2050,21,90,89,0.0
DE,2050,21,91,89,0.0
DE,2050,21,92,89,0.0
DE,2050,21,93,89,0.0
DE,2050,21,94,89,0.0
DE,2050,21,95,89,0.0
DE,2050,21,96,89,0.0
DE,2050,21,97,89,0.0
DE,2050,21,98,89,0.0
DE,2050,21,99,89,0.0
DE,2050,21,100,89,0.0
DE,2050,21,101,89,0.0
DE,2050,21,102,89,0.0
DE,2050,21,103,89,0.0
DE,2050,21,104,89,0.0
DE,2050,21,105,89,0.0
DE,2050,21,106,89,0.0
DE,2050,21,107,89,0.0
DE,2050,21,108,89,0.0
DE,2050,21,109,89,0.0
DE,2050,21,110,89,0.0
DE,2050,21,111,89,0.0
DE,2050,21,112,89,0.0
DE,2050,21,113,89,0.0
DE,2050,21,114,89,0.0
DE,2050,21,115,89,0.0
DE,2050,21,116,89,0.0
DE,2050,21,117,89,0.0
DE,2050,21,118,89,0.0
DE,2050,21,119,89,0.0
DE,2050,21,120,89,0.0
DE,2050,21,121,89,0.0
DE,2050,21,122,89,0.0
DE,2050,21,123,89,0.0
DE,2050,21,124,89,0.0
DE,2050,21,125,89,0.0
DE,2050,21,126,89,0.0
DE,2050,21,127,89,0.0
DE,2050,21,128,89,0.0
DE,2050,21,129,89,0.0
DE,2050,21,130,89,0.0
DE,2050,21,131,89,0.0
DE,2050,21,132,89,0.0
DE,2050,21,133,89,0.0
DE,2050,21,134,89,0.0
DE,2050,21,135,89,0.0
DE,2050,21,136,89,0.0
DE,2050,21,137,89,0.0
DE,2050,21,138,89,0.0
DE,2050,21,139,89,0.0
DE,2050,21,140,89,0.0
DE,2050,21,141,89,0.0
DE,2050,21,142,89,0.0
DE,2050,21,143,89,0.0
DE,2050,21,144,89,0.0
DE,2050,21,145,89,0.0
DE,2050,21,146,89,0.0
DE,2050,21,147,89,0.0
DE,2050,21,148,89,0.0
DE,2050,21,149,89,0.0
DE,2050,21,150,89,0.0
DE,2050,21,151,89,0.0
DE,2050,21,152,89,0.0
DE,2050,21,153,89,0.0
DE,2050,21,154,89,0.0
DE,2050,21,155,89,0.0
DE,2050,21,156,89,0.0
DE,2050,21,157,89,0.0
DE,2050,21,158,89,0.0
DE,2050,21,159,89,0.0
DE,2050,21,160,89,0.0
DE,2050,21,161,89,0.0
DE,2050,21,162,89,0.0
DE,2050,21,163,89,0.0
DE,2050,21,164,89,0.0
DE,2050,21,165,89,0.0
DE,2050,21,166,89,0.0
DE,2050,21,167,89,0.0
DE,2050,42,0,89,0.0
DE,2050,42,1,89,0.0
DE,2050,42,2,89,0.0
DE,2050,42,3,89,0.0
DE,2050,42,4,89,0.0
DE,2050,42,5,89,0.0
DE,2050,42,6,89,0.0
DE,2050,42,7,89,0.0
DE,2050,42,8,89,0.0
DE,2050,42,9,89,0.0
DE,2050,42,10,89,0.0
DE,2050,42,11,89,0.0
DE,2050,42,12,89,0.0
DE,2050,42,13,89,0.0
DE,2050,42,14,89,0.0
DE,2050,42,15,89,0.0
DE,2050,42,16,89,0.0
DE,2050,42,17,89,0.0
DE,2050,42,18,89,0.0
DE,2050,42,19,89,0.0
DE,2050,42,20,89,0.0
DE,2050,42,21,89,0.0
DE,2050,42,22,89,0.0
DE,2050,42,23,89,0.0
DE,2050,42,24,89,0.0
DE,2050,42,25,89,0.0
DE,2050,42,26,89,0.0
DE,2050,42,27,89,0.0
DE,2050,42,28,89,0.0
DE,2050,42,29,89,0.0
DE,2050,42,30,89,0.0
DE,2050,42,31,89,0.0
DE,2050,42,32,89,0.0
DE,2050,42,33,89,0.0
DE,2050,42,34,89,0.0
DE,2050,42,35,89,0.0
DE,2050,42,36,89,0.0
DE,2050,42,37,89,0.0
DE,2050,42,38,89,0.0
DE,2050,42,39,89,0.0
DE,2050,42,40,89,0.0
DE,2050,42,41,89,0.0
DE,2050,42,42,89,0.0
DE,2050,42,43,89,0.0
DE,2050,42,44,89,0.0
DE,2050,42,45,89,0.0
DE,2050,42,46,89,0.0
DE,2050,42,47,89,0.0
DE,2050,42,48,89,0.0
DE,2050,42,49,89,0.0
DE,2050,42,50,89,0.0
DE,2050,42,51,89,0.0
DE,2050,42,52,89,0.0
DE,2050,42,53,89,0.0
DE,2050,42,54,89,0.0
DE,2050,42,55,89,0.0
DE,2050,42,56,89,0.0
DE,2050,42,57,89,0.0
DE,2050,42,58,89,0.0
DE,2050,42,59,89,0.0
DE,2050,42,60,89,0.0
DE,2050,42,61,89,0.0
DE,2050,42,62,89,0.0
DE,2050,42,63,89,0.0
DE,2050,42,64,89,0.0
DE,2050,42,65,89,0.0
DE,2050,42,66,89,0.0
DE,2050,42,67,89,0.0
DE,2050,42,68,89,0.0
DE,2050,42,69,89,0.0
DE,2050,42,70,89,0.0
DE,2050,42,71,89,0.0
DE,2050,42,72,89,0.0
DE,2050,42,73,89,0.0
DE,2050,42,74,89,0.0
DE,2050,42,75,89,0.0
DE,2050,42,76,89,0.0
DE,2050,42,77,89,0.0
DE,2050,42,78,89,0.0
DE,2050,42,79,89,0.0
DE,2050,42,80,89,0.0
DE,2050,42,81,89,0.0
DE,2050,42,82,89,0.0
DE,2050,42,83,89,0.0
DE,2050,42,84,89,0.0
DE,2050,42,85,89,0.0
DE,2050,42,86,89,0.0
DE,2050,42,87,89,0.0
DE,2050,42,88,89,0.0
DE,2050,42,89,89,0.0
DE,2050,42,90,89,0.0
DE,2050,42,91,89,0.0
DE,2050,42,92,89,0.0
DE,2050,42,93,89,0.0
DE,2050,42,94,89,0.0
DE,2050,42,95,89,0.0
DE,2050,42,96,89,0.0
DE,2050,42,97,89,0.0
DE,2050,42,98,89,0.0
DE,2050,42,99,89,0.0
DE,2050,42,100,89,0.0
DE,2050,42,101,89,0.0
DE,2050,42,102,89,0.0
DE,2050,42,103,89,0.0
DE,2050,42,104,89,0.0
DE,2050,42,105,89,0.0
DE,2050,42,106,89,0.0
DE,2050,42,107,89,0.0
DE,2050,42,108,89,0.0
DE,2050,42,109,89,0.0
DE,2050,42,110,89,0.0
DE,2050,42,111,89,0.0
DE,2050,42,112,89,0.0
DE,2050,42,113,89,0.0
DE,2050,42,114,89,0.0
DE,2050,42,115,89,0.0
DE,2050,42,116,89,0.0
DE,2050,42,117,89,0.0
DE,2050,42,118,89,0.0
DE,2050,42,119,89,0.0
DE,2050,42,120,89,0.0
DE,2050,42,121,89,0.0
DE,2050,42,122,89,0.0
DE,2050,42,123,89,0.0
DE,2050,42,124,89,0.0
DE,2050,42,125,89,0.0
DE,2050,42,126,89,0.0
DE,2050,42,127,89,0.0
DE,2050,42,128,89,0.0
DE,2050,42,129,89,0.0
DE,2050,42,130,89,0.0
DE,2050,42,131,89,0.0
DE,2050,42,132,89,0.0
DE,2050,42,133,89,0.0
DE,2050,42,134,89,0.0
DE,2050,42,135,89,0.0
DE,2050,42,136,89,0.0
DE,2050,42,137,89,0.0
DE,2050,42,138,89,0.0
DE,2050,42,139,89,0.0
DE,2050,42,140,89,0.0
DE,2050,42,141,89,0.0
DE,2050,42,142,89,0.0
DE,2050,42,143,89,0.0
DE,2050,42,144,89,0.0
DE,2050,42,145,89,0.0
DE,2050,42,146,89,0.0
DE,2050,42,147,89,0.0
DE,2050,42,148,89,0.0
DE,2050,42,149,89,0.0
DE,2050,42,150,89,0.0
DE,2050,42,151,89,0.0
DE,2050,42,152,89,0.0
DE,2050,42,153,89,0.0
DE,2050,42,154,89,0.0
DE,2050,42,155,89,0.0
DE,2050,42,156,89,0.0
DE,2050,42,157,89,0.0
DE,2050,42,158,89,0.0
DE,2050,42,159,89,0.0
DE,2050,42,160,89,0.0
DE,2050,42,161,89,0.0
DE,2050,42,162,89,0.0
DE,2050,42,163,89,0.0
DE,2050,42,164,89,0.0
DE,2050,42,165,89,0.0
DE,2050,42,166,89,0.0
DE,2050,42,167,89,0.0
DE,2050,52,0,89,0.0
DE,2050,52,1,89,0.0
DE,2050,52,2,89,0.0
DE,2050,52,3,89,0.0
DE,2050,52,4,89,0.0
DE,2050,52,5,89,0.0
DE,2050,52,6,89,0.0
DE,2050,52,7,89,0.0
DE,2050,52,8,89,0.0
DE,2050,52,9,89,0.0
DE,2050,52,10,89,0.0
DE,2050,52,11,89,0.0
DE,2050,52,12,89,0.0
DE,2050,52,13,89,0.0
DE,2050,52,14,89,0.0
DE,2050,52,15,89,0.0
DE,2050,52,16,89,0.0
DE,2050,52,17,89,0.0
DE,2050,52,18,89,0.0
DE,2050,52,19,89,0.0
DE,2050,52,20,89,0.0
DE,2050,52,21,89,0.0
DE,2050,52,22,89,0.0
DE,2050,52,23,89,0.0
DE,2050,52,24,89,0.0
DE,2050,52,25,89,0.0
DE,2050,52,26,89,0.0
DE,2050,52,27,89,0.0
DE,2050,52,28,89,0.0
DE,2050,52,29,89,0.0
DE,2050,52,30,89,0.0
DE,2050,52,31,89,0.0
DE,2050,52,32,89,0.0
DE,2050,52,33,89,0.0
DE,2050,52,34,89,0.0
DE,2050,52,35,89,0.0
DE,2050,52,36,89,0.0
DE,2050,52,37,89,0.0
DE,2050,52,38,89,0.0
DE,2050,52,39,89,0.0
DE,2050,52,40,89,0.0
DE,2050,52,41,89,0.0
DE,2050,52,42,89,0.0
DE,2050,52,43,89,0.0
DE,2050,52,44,89,0.0
DE,2050,52,45,89,0.0
DE,2050,52,46,89,0.0
DE,2050,52,47,89,0.0
DE,2050,52,48,89,0.0
DE,2050,52,49,89,0.0
DE,2050,52,50,89,0.0
DE,2050,52,51,89,0.0
DE,2050,52,52,89,0.0
DE,2050,52,53,89,0.0
DE,2050,52,54,89,0.0
DE,2050,52,55,89,0.0
DE,2050,52,56,89,0.0
DE,2050,52,57,89,0.0
DE,2050,52,58,89,0.0
DE,2050,52,59,89,0.0
DE,2050,52,60,89,0.0
DE,2050,52,61,89,0.0
DE,2050,52,62,89,0.0
DE,2050,52,63,89,0.0
DE,2050,52,64,89,0.0
DE,2050,52,65,89,0.0
DE,2050,52,66,89,0.0
DE,2050,52,67,89,0.0
DE,2050,52,68,89,0.0
DE,2050,52,69,89,0.0
DE,2050,52,70,89,0.0
DE,2050,52,71,89,0.0
DE,2050,52,72,89,0.0
DE,2050,52,73,89,0.0
DE,2050,52,74,89,0.0
DE,2050,52,75,89,0.0
DE,2050,52,76,89,0.0
DE,2050,52,77,89,0.0
DE,2050,52,78,89,0.0
DE,2050,52,79,89,0.0
DE,2050,52,80,89,0.0
DE,2050,52,81,89,0.0
DE,2050,52,82,89,0.0
DE,2050,52,83,89,0.0
DE,2050,52,84,89,0.0
DE,2050,52,85,89,0.0
DE,2050,52,86,89,0.0
DE,2050,52,87,89,0.0
DE,2050,52,88,89,0.0
DE,2050,52,89,89,0.0
DE,2050,52,90,89,0.0
DE,2050,52,91,89,0.0
DE,2050,52,92,89,0.0
DE,2050,52,93,89,0.0
DE,2050,52,94,89,0.0
DE,2050,52,95,89,0.0
DE,2050,52,96,89,0.0
DE,2050,52,97,89,0.0
DE,2050,52,98,89,0.0
DE,2050,52,99,89,0.0
DE,2050,52,100,89,0.0
DE,2050,52,101,89,0.0
DE,2050,52,102,89,0.0
DE,2050,52,103,89,0.0
DE,2050,52,104,89,0.0
DE,2050,52,105,89,0.0
DE,2050,52,106,89,0.0
DE,2050,52,107,89,0.0
DE,2050,52,108,89,0.0
DE,2050,52,109,89,0.0
DE,2050,52,110,89,0.0
DE,2050,52,111,89,0.0
DE,2050,52,112,89,0.0
DE,2050,52,113,89,0.0
DE,2050,52,114,89,0.0
DE,2050,52,115,89,0.0
DE,2050,52,116,89,0.0
DE,2050,52,117,89,0.0
DE,2050,52,118,89,0.0
DE,2050,52,119,89,0.0
DE,2050,52,120,89,0.0
DE,2050,52,121,89,0.0
DE,2050,52,122,89,0.0
DE,2050,52,123,89,0.0
DE,2050,52,124,89,0.0
DE,2050,52,125,89,0.0
DE,2050,52,126,89,0.0
DE,2050,52,127,89,0.0
DE,2050,52,128,89,0.0
DE,2050,52,129,89,0.0
DE,2050,52,130,89,0.0
DE,2050,52,131,89,0.0
DE,2050,52,132,89,0.0
DE,2050,52,133,89,0.0
DE,2050,52,134,89,0.0
DE,2050,52,135,89,0.0
DE,2050,52,136,89,0.0
DE,2050,52,137,89,0.0
DE,2050,52,138,89,0.0
DE,2050,52,139,89,0.0
DE,2050,52,140,89,0.0
DE,2050,52,141,89,0.0
DE,2050,52,142,89,0.0
DE,2050,52,143,89,0.0
DE,2050,52,144,89,0.0
DE,2050,52,145,89,0.0
DE,2050,52,146,89,0.0
DE,2050,52,147,89,0.0
DE,2050,52,148,89,0.0
DE,2050,52,149,89,0.0
DE,2050,52,150,89,0.0
DE,2050,52,151,89,0.0
DE,2050,52,152,89,0.0
DE,2050,52,153,89,0.0
DE,2050,52,154,89,0.0
DE,2050,52,155,89,0.0
DE,2050,52,156,89,0.0
DE,2050,52,157,89,0.0
DE,2050,52,158,89,0.0
DE,2050,52,159,89,0.0
DE,2050,52,160,89,0.0
DE,2050,52,161,89,0.0
DE,2050,52,162,89,0.0
DE,2050,52,163,89,0.0
DE,2050,52,164,89,0.0
DE,2050,52,165,89,0.0
DE,2050,52,166,89,0.0
DE,2050,52,167,89,0.0
NT,2025,11,0,90,0.0
NT,2025,11,1,90,0.0
NT,2025,11,2,90,0.0
NT,2025,11,3,90,0.0
NT,2025,11,4,90,0.0
NT,2025,11,5,90,0.0
NT,2025,11,6,90,0.0
NT,2025,11,7,90,0.0
NT,2025,11,8,90,0.0
NT,2025,11,9,90,0.0
NT,2025,11,10,90,0.0
NT,2025,11,11,90,0.0
NT,2025,11,12,90,0.0
NT,2025,11,13,90,0.0
NT,2025,11,14,90,0.0
NT,2025,11,15,90,0.0
NT,2025,11,16,90,0.0
NT,2025,11,17,90,0.0
NT,2025,11,18,90,0.0
NT,2025,11,19,90,0.0
NT,2025,11,20,90,0.0
NT,2025,11,21,90,0.0
NT,2025,11,22,90,0.0
NT,2025,11,23,90,0.0
NT,2025,11,24,90,0.0
NT,2025,11,25,90,0.0
NT,2025,11,26,90,0.0
NT,2025,11,27,90,0.0
NT,2025,11,28,90,0.0
NT,2025,11,29,90,0.0
NT,2025,11,30,90,0.0
NT,2025,11,31,90,0.0
NT,2025,11,32,90,0.0
NT,2025,11,33,90,0.0
NT,2025,11,34,90,0.0
NT,2025,11,35,90,0.0
NT,2025,11,36,90,0.0
NT,2025,11,37,90,0.0
NT,2025,11,38,90,0.0
NT,2025,11,39,90,0.0
NT,2025,11,40,90,0.0
NT,2025,11,41,90,0.0
NT,2025,11,42,90,0.0
NT,2025,11,43,90,0.0
NT,2025,11,44,90,0.0
NT,2025,11,45,90,0.0
NT,2025,11,46,90,0.0
NT,2025,11,47,90,0.0
NT,2025,11,48,90,0.0
NT,2025,11,49,90,0.0
NT,2025,11,50,90,0.0
NT,2025,11,51,90,0.0
NT,2025,11,52,90,0.0
NT,2025,11,53,90,0.0
NT,2025,11,54,90,0.0
NT,2025,11,55,90,0.0
NT,2025,11,56,90,0.0
NT,2025,11,57,90,0.0
NT,2025,11,58,90,0.0
NT,2025,11,59,90,0.0
NT,2025,11,60,90,0.0
NT,2025,11,61,90,0.0
NT,2025,11,62,90,0.0
NT,2025,11,63,90,0.0
NT,2025,11,64,90,0.0
NT,2025,11,65,90,0.0
NT,2025,11,66,90,0.0
NT,2025,11,67,90,0.0
NT,2025,11,68,90,0.0
NT,2025,11,69,90,0.0
NT,2025,11,70,90,0.0
NT,2025,11,71,90,0.0
NT,2025,11,72,90,0.0
NT,2025,11,73,90,0.0
NT,2025,11,74,90,0.0
NT,2025,11,75,90,0.0
NT,2025,11,76,90,0.0
NT,2025,11,77,90,0.0
NT,2025,11,78,90,5.360256913218134e-05
NT,2025,11,79,90,0.0001049090587507153
NT,2025,11,80,90,5.360256913218134e-05
NT,2025,11,81,90,0.0
NT,2025,11,82,90,0.0
NT,2025,11,83,90,0.0
NT,2025,11,84,90,0.0
NT,2025,11,85,90,0.0
NT,2025,11,86,90,0.0
NT,2025,11,87,90,0.0
NT,2025,11,88,90,0.0
NT,2025,11,89,90,0.0
NT,2025,11,90,90,0.3844098277163514
NT,2025,11,91,90,0.38442585314044175
NT,2025,11,92,90,0.38444187923255724
NT,2025,11,93,90,0.38030047878079526
NT,2025,11,94,90,0.3844739334211687
NT,2025,11,95,90,0.38274201300747296
NT,2025,11,96,90,0.3678286545521973
NT,2025,11,97,90,0.35456083298316377
NT,2025,11,98,90,0.3719954729001398
NT,2025,11,99,90,0.35459039573484813
NT,2025,11,100,90,0.3723229054061548
NT,2025,11,101,90,0.0
NT,2025,11,102,90,0.0
NT,2025,11,103,90,0.0
NT,2025,11,104,90,0.0
NT,2025,11,105,90,0.0
NT,2025,11,106,90,0.0
NT,2025,11,107,90,0.0
NT,2025,11,108,90,0.0
NT,2025,11,109,90,0.0
NT,2025,11,110,90,0.0
NT,2025,11,111,90,0.0
NT,2025,11,112,90,0.0
NT,2025,11,113,90,0.0
NT,2025,11,114,90,0.0
NT,2025,11,115,90,0.0
NT,2025,11,116,90,0.0
NT,2025,11,117,90,0.0
NT,2025,11,118,90,0.0
NT,2025,11,119,90,0.0
NT,2025,11,120,90,0.0
NT,2025,11,121,90,0.0
NT,2025,11,122,90,0.0
NT,2025,11,123,90,0.0
NT,2025,11,124,90,0.0
NT,2025,11,125,90,0.0
NT,2025,11,126,90,0.0
NT,2025,11,127,90,0.0
NT,2025,11,128,90,0.0
NT,2025,11,129,90,0.0
NT,2025,11,130,90,0.0
NT,2025,11,131,90,0.0
NT,2025,11,132,90,0.0
NT,2025,11,133,90,0.0
NT,2025,11,134,90,0.0
NT,2025,11,135,90,0.0
NT,2025,11,136,90,0.0
NT,2025,11,137,90,0.0
NT,2025,11,138,90,0.0
NT,2025,11,139,90,0.0
NT,2025,11,140,90,0.0
NT,2025,11,141,90,0.0
NT,2025,11,142,90,0.0
NT,2025,11,143,90,0.0
NT,2025,11,144,90,0.0
NT,2025,11,145,90,0.0
NT,2025,11,146,90,0.0
NT,2025,11,147,90,0.0
NT,2025,11,148,90,0.0
NT,2025,11,149,90,0.0
NT,2025,11,150,90,0.0
NT,2025,11,151,90,0.0
NT,2025,11,152,90,0.0
NT,2025,11,153,90,0.0
NT,2025,11,154,90,0.0
NT,2025,11,155,90,0.0
NT,2025,11,156,90,0.0
NT,2025,11,157,90,0.0
NT,2025,11,158,90,0.0
NT,2025,11,159,90,0.0
NT,2025,11,160,90,0.0
NT,2025,11,161,90,0.0
NT,2025,11,162,90,0.0
NT,2025,11,163,90,0.0
NT,2025,11,164,90,0.0
NT,2025,11,165,90,0.0
NT,2025,11,166,90,0.0
NT,2025,11,167,90,0.0
NT,2025,21,0,90,0.0
NT,2025,21,1,90,0.0
NT,2025,21,2,90,0.0
NT,2025,21,3,90,0.0
NT,2025,21,4,90,0.0
NT,2025,21,5,90,0.0
NT,2025,21,6,90,0.0
NT,2025,21,7,90,0.0
NT,2025,21,8,90,0.0
NT,2025,21,9,90,0.0
NT,2025,21,10,90,0.0
NT,2025,21,11,90,0.0
NT,2025,21,12,90,0.0
NT,2025,21,13,90,0.0
NT,2025,21,14,90,0.0
NT,2025,21,15,90,0.0
NT,2025,21,16,90,0.0
NT,2025,21,17,90,0.0
NT,2025,21,18,90,0.0
NT,2025,21,19,90,0.0
NT,2025,21,20,90,0.0
NT,2025,21,21,90,0.0
NT,2025,21,22,90,0.0
NT,2025,21,23,90,0.0
NT,2025,21,24,90,0.0
NT,2025,21,25,90,0.0
NT,2025,21,26,90,0.0
NT,2025,21,27,90,0.0
NT,2025,21,28,90,0.0
NT,2025,21,29,90,0.0
NT,2025,21,30,90,0.0
NT,2025,21,31,90,0.0
NT,2025,21,32,90,0.0
NT,2025,21,33,90,0.0
NT,2025,21,34,90,0.0
NT,2025,21,35,90,0.0
NT,2025,21,36,90,0.0
NT,2025,21,37,90,0.0
NT,2025,21,38,90,0.0
NT,2025,21,39,90,0.0
NT,2025,21,40,90,0.0
NT,2025,21,41,90,0.0
NT,2025,21,42,90,0.0
NT,2025,21,43,90,0.0
NT,2025,21,44,90,0.0
NT,2025,21,45,90,0.0
NT,2025,21,46,90,0.0
NT,2025,21,47,90,0.0
NT,2025,21,48,90,0.0
NT,2025,21,49,90,0.0
NT,2025,21,50,90,0.0
NT,2025,21,51,90,0.0
NT,2025,21,52,90,0.0
NT,2025,21,53,90,0.0
NT,2025,21,54,90,0.0
NT,2025,21,55,90,0.0
NT,2025,21,56,90,0.00010544716240597244
NT,2025,21,57,90,0.0
NT,2025,21,58,90,0.0
NT,2025,21,59,90,0.0
NT,2025,21,60,90,0.0
NT,2025,21,61,90,0.0
NT,2025,21,62,90,0.0
NT,2025,21,63,90,0.0
NT,2025,21,64,90,0.0
NT,2025,21,65,90,0.0
NT,2025,21,66,90,0.0
NT,2025,21,67,90,0.0
NT,2025,21,68,90,0.0
NT,2025,21,69,90,0.0
NT,2025,21,70,90,0.0
NT,2025,21,71,90,0.0
NT,2025,21,72,90,0.0
NT,2025,21,73,90,0.0
NT,2025,21,74,90,0.0
NT,2025,21,75,90,0.0
NT,2025,21,76,90,0.0
NT,2025,21,77,90,0.0
NT,2025,21,78,90,0.0
NT,2025,21,79,90,0.0
NT,2025,21,80,90,0.0
NT,2025,21,81,90,0.0
NT,2025,21,82,90,0.0
NT,2025,21,83,90,0.0
NT,2025,21,84,90,0.0
NT,2025,21,85,90,0.0
NT,2025,21,86,90,0.0
NT,2025,21,87,90,0.0
NT,2025,21,88,90,0.0
NT,2025,21,89,90,0.0
NT,2025,21,90,90,0.0
NT,2025,21,91,90,0.0
NT,2025,21,92,90,0.0
NT,2025,21,93,90,0.0
NT,2025,21,94,90,0.0
NT,2025,21,95,90,0.0
NT,2025,21,96,90,0.0
NT,2025,21,97,90,0.0
NT,2025,21,98,90,0.0
NT,2025,21,99,90,0.0
NT,2025,21,100,90,0.0
NT,2025,21,101,90,0.0
NT,2025,21,102,90,0.0
NT,2025,21,103,90,0.0
NT,2025,21,104,90,0.0
NT,2025,21,105,90,0.0
NT,2025,21,106,90,0.0
NT,2025,21,107,90,0.0
NT,2025,21,108,90,0.0
NT,2025,21,109,90,0.0
NT,2025,21,110,90,0.0
NT,2025,21,111,90,0.0
NT,2025,21,112,90,0.0
NT,2025,21,113,90,0.0
NT,2025,21,114,90,0.0
NT,2025,21,115,90,0.0
NT,2025,21,116,90,0.0
NT,2025,21,117,90,0.0
NT,2025,21,118,90,0.0
NT,2025,21,119,90,0.0
NT,2025,21,120,90,0.0
NT,2025,21,121,90,0.0
NT,2025,21,122,90,0.0
NT,2025,21,123,90,0.0
NT,2025,21,124,90,0.0
NT,2025,21,125,90,0.0
NT,2025,21,126,90,0.0
NT,2025,21,127,90,0.0
NT,2025,21,128,90,0.0
NT,2025,21,129,90,0.0
NT,2025,21,130,90,0.0
NT,2025,21,131,90,0.0
NT,2025,21,132,90,0.0
NT,2025,21,133,90,0.0
NT,2025,21,134,90,0.0
NT,2025,21,135,90,0.0
NT,2025,21,136,90,0.0
NT,2025,21,137,90,0.0
NT,2025,21,138,90,0.0
NT,2025,21,139,90,0.0
NT,2025,21,140,90,0.0
NT,2025,21,141,90,0.0
NT,2025,21,142,90,0.0
NT,2025,21,143,90,0.0
NT,2025,21,144,90,0.0
NT,2025,21,145,90,0.0
NT,2025,21,146,90,0.0
NT,2025,21,147,90,0.0
NT,2025,21,148,90,0.0
NT,2025,21,149,90,0.0
NT,2025,21,150,90,0.0
NT,2025,21,151,90,0.0
NT,2025,21,152,90,0.0
NT,2025,21,153,90,0.0
NT,2025,21,154,90,0.0
NT,2025,21,155,90,0.0
NT,2025,21,156,90,0.0
NT,2025,21,157,90,0.0
NT,2025,21,158,90,0.0
NT,2025,21,159,90,0.0
NT,2025,21,160,90,0.0
NT,2025,21,161,90,0.0
NT,2025,21,162,90,0.0
NT,2025,21,163,90,0.0
NT,2025,21,164,90,0.0
NT,2025,21,165,90,0.0
NT,2025,21,166,90,0.0
NT,2025,21,167,90,0.0
NT,2025,42,0,90,0.0
NT,2025,42,1,90,0.0
NT,2025,42,2,90,0.0
NT,2025,42,3,90,0.0
NT,2025,42,4,90,0.0
NT,2025,42,5,90,0.0
NT,2025,42,6,90,0.0
NT,2025,42,7,90,0.0
NT,2025,42,8,90,0.0
NT,2025,42,9,90,0.0
NT,2025,42,10,90,0.0
NT,2025,42,11,90,0.0
NT,2025,42,12,90,0.0
NT,2025,42,13,90,0.0
NT,2025,42,14,90,0.0
NT,2025,42,15,90,0.0
NT,2025,42,16,90,0.0
NT,2025,42,17,90,0.0
NT,2025,42,18,90,0.0
NT,2025,42,19,90,0.0
NT,2025,42,20,90,0.0
NT,2025,42,21,90,0.0
NT,2025,42,22,90,0.0
NT,2025,42,23,90,0.0
NT,2025,42,24,90,0.0
NT,2025,42,25,90,0.0
NT,2025,42,26,90,0.0
NT,2025,42,27,90,0.0
NT,2025,42,28,90,0.0
NT,2025,42,29,90,0.0
NT,2025,42,30,90,0.0
NT,2025,42,31,90,0.0
NT,2025,42,32,90,0.0
NT,2025,42,33,90,0.0
NT,2025,42,34,90,0.0
NT,2025,42,35,90,0.0
NT,2025,42,36,90,0.0
NT,2025,42,37,90,0.0
NT,2025,42,38,90,0.0
NT,2025,42,39,90,0.0
NT,2025,42,40,90,0.0
NT,2025,42,41,90,0.0
NT,2025,42,42,90,0.0
NT,2025,42,43,90,0.0
NT,2025,42,44,90,0.0
NT,2025,42,45,90,0.0
NT,2025,42,46,90,0.0
NT,2025,42,47,90,0.0
NT,2025,42,48,90,0.0
NT,2025,42,49,90,0.0
NT,2025,42,50,90,0.0
NT,2025,42,51,90,0.0
NT,2025,42,52,90,0.0
NT,2025,42,53,90,0.0
NT,2025,42,54,90,0.0
NT,2025,42,55,90,0.0
NT,2025,42,56,90,0.0
NT,2025,42,57,90,0.0
NT,2025,42,58,90,0.0
NT,2025,42,59,90,0.0
NT,2025,42,60,90,0.0
NT,2025,42,61,90,0.0
NT,2025,42,62,90,0.0
NT,2025,42,63,90,0.0
NT,2025,42,64,90,0.0
NT,2025,42,65,90,0.0
NT,2025,42,66,90,0.0
NT,2025,42,67,90,0.0
NT,2025,42,68,90,0.0
NT,2025,42,69,90,0.0
NT,2025,42,70,90,0.0
NT,2025,42,71,90,0.0
NT,2025,42,72,90,0.0
NT,2025,42,73,90,0.0
NT,2025,42,74,90,0.0
NT,2025,42,75,90,0.0
NT,2025,42,76,90,0.0
NT,2025,42,77,90,0.0
NT,2025,42,78,90,0.0
NT,2025,42,79,90,0.0
NT,2025,42,80,90,0.0
NT,2025,42,81,90,0.0
NT,2025,42,82,90,0.0
NT,2025,42,83,90,0.0
NT,2025,42,84,90,0.0
NT,2025,42,85,90,0.0
NT,2025,42,86,90,0.0
NT,2025,42,87,90,0.0
NT,2025,42,88,90,0.0
NT,2025,42,89,90,0.0
NT,2025,42,90,90,0.0
NT,2025,42,91,90,0.0
NT,2025,42,92,90,0.0
NT,2025,42,93,90,0.0
NT,2025,42,94,90,0.0
NT,2025,42,95,90,0.0
NT,2025,42,96,90,0.0
NT,2025,42,97,90,0.0
NT,2025,42,98,90,0.0
NT,2025,42,99,90,0.0
NT,2025,42,100,90,0.0
NT,2025,42,101,90,0.0
NT,2025,42,102,90,0.0
NT,2025,42,103,90,0.0
NT,2025,42,104,90,0.0
NT,2025,42,105,90,0.0
NT,2025,42,106,90,0.0
NT,2025,42,107,90,0.0
NT,2025,42,108,90,0.0
NT,2025,42,109,90,0.0
NT,2025,42,110,90,0.0
NT,2025,42,111,90,0.0
NT,2025,42,112,90,0.0
NT,2025,42,113,90,0.0
NT,2025,42,114,90,0.0
NT,2025,42,115,90,0.0
NT,2025,42,116,90,0.0
NT,2025,42,117,90,0.0
NT,2025,42,118,90,0.0
NT,2025,42,119,90,0.0
NT,2025,42,120,90,0.0
NT,2025,42,121,90,0.0
NT,2025,42,122,90,0.0
NT,2025,42,123,90,0.0
NT,2025,42,124,90,0.0
NT,2025,42,125,90,0.0
NT,2025,42,126,90,0.0
NT,2025,42,127,90,0.0
NT,2025,42,128,90,0.0
NT,2025,42,129,90,0.0
NT,2025,42,130,90,0.0
NT,2025,42,131,90,0.0
NT,2025,42,132,90,0.0
NT,2025,42,133,90,0.0
NT,2025,42,134,90,0.0
NT,2025,42,135,90,0.0
NT,2025,42,136,90,0.0
NT,2025,42,137,90,0.0
NT,2025,42,138,90,0.0
NT,2025,42,139,90,0.0
NT,2025,42,140,90,0.0
NT,2025,42,141,90,0.0
NT,2025,42,142,90,0.0
NT,2025,42,143,90,0.0
NT,2025,42,144,90,0.0
NT,2025,42,145,90,0.0
NT,2025,42,146,90,0.0
NT,2025,42,147,90,0.0
NT,2025,42,148,90,0.0
NT,2025,42,149,90,0.0
NT,2025,42,150,90,0.0
NT,2025,42,151,90,0.0
NT,2025,42,152,90,0.0
NT,2025,42,153,90,0.0
NT,2025,42,154,90,0.0
NT,2025,42,155,90,0.0
NT,2025,42,156,90,0.0
NT,2025,42,157,90,0.0
NT,2025,42,158,90,0.0
NT,2025,42,159,90,0.0
NT,2025,42,160,90,0.0
NT,2025,42,161,90,0.0
NT,2025,42,162,90,0.0
NT,2025,42,163,90,0.0
NT,2025,42,164,90,0.0
NT,2025,42,165,90,0.0
NT,2025,42,166,90,0.0
NT,2025,42,167,90,0.0
NT,2025,52,0,90,0.0
NT,2025,52,1,90,0.0
NT,2025,52,2,90,0.0
NT,2025,52,3,90,0.0
NT,2025,52,4,90,0.0
NT,2025,52,5,90,0.0
NT,2025,52,6,90,0.0
NT,2025,52,7,90,0.0
NT,2025,52,8,90,0.0
NT,2025,52,9,90,0.0
NT,2025,52,10,90,0.0
NT,2025,52,11,90,0.0
NT,2025,52,12,90,0.0
NT,2025,52,13,90,0.0
NT,2025,52,14,90,0.0
NT,2025,52,15,90,0.0
NT,2025,52,16,90,0.0
NT,2025,52,17,90,0.0
NT,2025,52,18,90,0.0
NT,2025,52,19,90,0.0
NT,2025,52,20,90,0.0
NT,2025,52,21,90,0.0
NT,2025,52,22,90,0.0
NT,2025,52,23,90,0.0
NT,2025,52,24,90,0.0
NT,2025,52,25,90,0.0
NT,2025,52,26,90,0.0
NT,2025,52,27,90,0.0
NT,2025,52,28,90,0.0
NT,2025,52,29,90,0.0
NT,2025,52,30,90,0.0
NT,2025,52,31,90,0.0
NT,2025,52,32,90,0.0
NT,2025,52,33,90,0.0
NT,2025,52,34,90,0.0
NT,2025,52,35,90,0.0
NT,2025,52,36,90,0.0
NT,2025,52,37,90,0.0
NT,2025,52,38,90,0.0
NT,2025,52,39,90,0.0
NT,2025,52,40,90,0.0
NT,2025,52,41,90,0.0
NT,2025,52,42,90,0.0
NT,2025,52,43,90,0.0
NT,2025,52,44,90,0.0
NT,2025,52,45,90,0.0
NT,2025,52,46,90,0.0
NT,2025,52,47,90,0.0
NT,2025,52,48,90,0.0
NT,2025,52,49,90,0.0
NT,2025,52,50,90,0.0
NT,2025,52,51,90,0.0
NT,2025,52,52,90,0.0
NT,2025,52,53,90,0.0
NT,2025,52,54,90,0.0
NT,2025,52,55,90,0.0
NT,2025,52,56,90,0.0
NT,2025,52,57,90,0.0
NT,2025,52,58,90,0.0
NT,2025,52,59,90,0.0
NT,2025,52,60,90,0.0
NT,2025,52,61,90,0.0
NT,2025,52,62,90,0.0
NT,2025,52,63,90,0.0
NT,2025,52,64,90,0.0
NT,2025,52,65,90,0.0
NT,2025,52,66,90,0.0
NT,2025,52,67,90,0.0
NT,2025,52,68,90,0.0
NT,2025,52,69,90,0.0
NT,2025,52,70,90,0.0
NT,2025,52,71,90,0.0
NT,2025,52,72,90,0.0
NT,2025,52,73,90,0.0
NT,2025,52,74,90,0.0
NT,2025,52,75,90,0.0
NT,2025,52,76,90,0.0
NT,2025,52,77,90,0.0
NT,2025,52,78,90,0.0
NT,2025,52,79,90,0.0
NT,2025,52,80,90,0.0
NT,2025,52,81,90,0.0
NT,2025,52,82,90,0.0
NT,2025,52,83,90,0.0
NT,2025,52,84,90,0.0
NT,2025,52,85,90,0.0
NT,2025,52,86,90,0.0
NT,2025,52,87,90,0.0
NT,2025,52,88,90,0.0
NT,2025,52,89,90,0.0
NT,2025,52,90,90,0.0
NT,2025,52,91,90,0.0
NT,2025,52,92,90,0.0
NT,2025,52,93,90,0.0
NT,2025,52,94,90,0.0
NT,2025,52,95,90,0.0
NT,2025,52,96,90,0.0
NT,2025,52,97,90,0.0
NT,2025,52,98,90,0.0
NT,2025,52,99,90,0.0
NT,2025,52,100,90,0.0
NT,2025,52,101,90,0.0
NT,2025,52,102,90,0.0
NT,2025,52,103,90,0.0
NT,2025,52,104,90,0.0
NT,2025,52,105,90,0.0
NT,2025,52,106,90,0.0
NT,2025,52,107,90,0.0
NT,2025,52,108,90,0.0
NT,2025,52,109,90,0.0
NT,2025,52,110,90,0.0
NT,2025,52,111,90,0.0
NT,2025,52,112,90,0.0
NT,2025,52,113,90,0.0
NT,2025,52,114,90,0.0
NT,2025,52,115,90,0.0
NT,2025,52,116,90,0.0
NT,2025,52,117,90,0.0
NT,2025,52,118,90,0.0
NT,2025,52,119,90,0.0
NT,2025,52,120,90,0.0
NT,2025,52,121,90,0.0
NT,2025,52,122,90,0.0
NT,2025,52,123,90,0.0
NT,2025,52,124,90,0.0
NT,2025,52,125,90,0.0
NT,2025,52,126,90,0.0
NT,2025,52,127,90,0.0
NT,2025,52,128,90,0.0
NT,2025,52,129,90,0.0
NT,2025,52,130,90,0.0
NT,2025,52,131,90,0.0
NT,2025,52,132,90,0.0
NT,2025,52,133,90,0.0
NT,2025,52,134,90,0.0
NT,2025,52,135,90,0.0
NT,2025,52,136,90,0.0
NT,2025,52,137,90,0.0
NT,2025,52,138,90,0.0
NT,2025,52,139,90,0.0
NT,2025,52,140,90,0.0
NT,2025,52,141,90,0.0
NT,2025,52,142,90,0.0
NT,2025,52,143,90,0.0
NT,2025,52,144,90,0.0
NT,2025,52,145,90,0.0
NT,2025,52,146,90,0.0
NT,2025,52,147,90,0.0
NT,2025,52,148,90,0.0
NT,2025,52,149,90,0.0
NT,2025,52,150,90,0.0
NT,2025,52,151,90,0.0
NT,2025,52,152,90,0.0
NT,2025,52,153,90,0.0
NT,2025,52,154,90,0.0
NT,2025,52,155,90,0.0
NT,2025,52,156,90,0.0
NT,2025,52,157,90,0.0
NT,2025,52,158,90,0.0
NT,2025,52,159,90,0.0
NT,2025,52,160,90,0.0
NT,2025,52,161,90,0.0
NT,2025,52,162,90,0.0
NT,2025,52,163,90,0.0
NT,2025,52,164,90,0.0
NT,2025,52,165,90,0.0
NT,2025,52,166,90,0.0
NT,2025,52,167,90,0.0
NT,2030,11,0,90,0.0
NT,2030,11,1,90,0.0
NT,2030,11,2,90,0.0
NT,2030,11,3,90,0.0
NT,2030,11,4,90,0.0
NT,2030,11,5,90,0.0
NT,2030,11,6,90,0.0
NT,2030,11,7,90,0.0
NT,2030,11,8,90,0.0
NT,2030,11,9,90,0.0
NT,2030,11,10,90,0.0
NT,2030,11,11,90,0.0
NT,2030,11,12,90,0.0
NT,2030,11,13,90,0.0
NT,2030,11,14,90,0.0
NT,2030,11,15,90,0.0
NT,2030,11,16,90,0.0
NT,2030,11,17,90,0.0
NT,2030,11,18,90,0.0
NT,2030,11,19,90,0.0
NT,2030,11,20,90,0.0
NT,2030,11,21,90,0.0
NT,2030,11,22,90,0.0
NT,2030,11,23,90,0.0
NT,2030,11,24,90,0.0
NT,2030,11,25,90,0.0
NT,2030,11,26,90,0.0
NT,2030,11,27,90,0.0
NT,2030,11,28,90,0.0
NT,2030,11,29,90,0.0
NT,2030,11,30,90,0.0
NT,2030,11,31,90,0.0
NT,2030,11,32,90,0.0
NT,2030,11,33,90,0.0
NT,2030,11,34,90,0.0
NT,2030,11,35,90,0.0
NT,2030,11,36,90,0.0
NT,2030,11,37,90,0.0
NT,2030,11,38,90,0.0
NT,2030,11,39,90,0.0
NT,2030,11,40,90,0.0
NT,2030,11,41,90,0.0
NT,2030,11,42,90,0.0
NT,2030,11,43,90,0.0
NT,2030,11,44,90,0.0
NT,2030,11,45,90,0.0
NT,2030,11,46,90,0.0
NT,2030,11,47,90,0.0
NT,2030,11,48,90,0.0
NT,2030,11,49,90,0.0
NT,2030,11,50,90,0.0
NT,2030,11,51,90,0.0
NT,2030,11,52,90,0.0
NT,2030,11,53,90,0.0
NT,2030,11,54,90,0.0
NT,2030,11,55,90,0.0
NT,2030,11,56,90,0.0
NT,2030,11,57,90,0.0
NT,2030,11,58,90,0.0
NT,2030,11,59,90,0.0
NT,2030,11,60,90,0.0
NT,2030,11,61,90,0.0
NT,2030,11,62,90,0.0
NT,2030,11,63,90,0.0
NT,2030,11,64,90,0.0
NT,2030,11,65,90,0.0
NT,2030,11,66,90,0.0
NT,2030,11,67,90,2.1426912181251877e-05
NT,2030,11,68,90,2.1426912181251877e-05
NT,2030,11,69,90,0.0
NT,2030,11,70,90,0.0
NT,2030,11,71,90,0.0
NT,2030,11,72,90,0.0
NT,2030,11,73,90,0.0
NT,2030,11,74,90,0.0
NT,2030,11,75,90,0.0
NT,2030,11,76,90,0.0
NT,2030,11,77,90,0.0
NT,2030,11,78,90,0.0001049090587507153
NT,2030,11,79,90,0.00010544716240597244
NT,2030,11,80,90,0.0001049090587507153
NT,2030,11,81,90,0.0
NT,2030,11,82,90,0.0
NT,2030,11,83,90,0.0
NT,2030,11,84,90,0.0
NT,2030,11,85,90,0.0
NT,2030,11,86,90,0.0
NT,2030,11,87,90,0.0
NT,2030,11,88,90,0.0
NT,2030,11,89,90,0.0001049090587507153
NT,2030,11,90,90,0.3908619386274613
NT,2030,11,91,90,0.0
NT,2030,11,92,90,0.39089452811101294
NT,2030,11,93,90,0.38562148495499454
NT,2030,11,94,90,0.39092712031182325
NT,2030,11,95,90,0.3803158495981659
NT,2030,11,96,90,0.3636750962021137
NT,2030,11,97,90,0.0
NT,2030,11,98,90,0.0
NT,2030,11,99,90,0.0
NT,2030,11,100,90,0.0
NT,2030,11,101,90,0.0
NT,2030,11,102,90,0.0
NT,2030,11,103,90,0.0
NT,2030,11,104,90,0.0
NT,2030,11,105,90,0.0
NT,2030,11,106,90,0.0
NT,2030,11,107,90,0.0
NT,2030,11,108,90,0.0
NT,2030,11,109,90,0.0
NT,2030,11,110,90,0.0
NT,2030,11,111,90,0.0
NT,2030,11,112,90,0.0
NT,2030,11,113,90,0.0
NT,2030,11,114,90,0.0
NT,2030,11,115,90,0.0
NT,2030,11,116,90,0.0
NT,2030,11,117,90,0.0
NT,2030,11,118,90,0.0
NT,2030,11,119,90,0.0
NT,2030,11,120,90,0.0
NT,2030,11,121,90,0.0
NT,2030,11,122,90,0.0
NT,2030,11,123,90,0.0
NT,2030,11,124,90,0.0
NT,2030,11,125,90,0.0
NT,2030,11,126,90,0.0
NT,2030,11,127,90,0.0
NT,2030,11,128,90,0.0
NT,2030,11,129,90,0.0
NT,2030,11,130,90,0.0
NT,2030,11,131,90,0.0
NT,2030,11,132,90,0.0
NT,2030,11,133,90,0.0
NT,2030,11,134,90,0.0
NT,2030,11,135,90,0.0
NT,2030,11,136,90,0.0
NT,2030,11,137,90,0.0
NT,2030,11,138,90,0.0
NT,2030,11,139,90,0.0
NT,2030,11,140,90,0.0
NT,2030,11,141,90,0.0
NT,2030,11,142,90,0.0
NT,2030,11,143,90,0.0
NT,2030,11,144,90,0.0
NT,2030,11,145,90,0.0
NT,2030,11,146,90,0.0
NT,2030,11,147,90,0.0
NT,2030,11,148,90,0.0
NT,2030,11,149,90,0.0
NT,2030,11,150,90,0.0
NT,2030,11,151,90,0.0
NT,2030,11,152,90,0.0
NT,2030,11,153,90,0.0
NT,2030,11,154,90,0.0
NT,2030,11,155,90,0.0
NT,2030,11,156,90,0.0
NT,2030,11,157,90,0.0
NT,2030,11,158,90,0.0
NT,2030,11,159,90,0.0
NT,2030,11,160,90,0.0
NT,2030,11,161,90,0.0
NT,2030,11,162,90,0.0
NT,2030,11,163,90,0.0
NT,2030,11,164,90,0.0
NT,2030,11,165,90,0.0
NT,2030,11,166,90,0.0
NT,2030,11,167,90,0.0
NT,2030,21,0,90,0.0
NT,2030,21,1,90,0.0
NT,2030,21,2,90,0.0
NT,2030,21,3,90,0.0
NT,2030,21,4,90,0.0
NT,2030,21,5,90,0.0
NT,2030,21,6,90,0.0
NT,2030,21,7,90,0.0
NT,2030,21,8,90,0.0
NT,2030,21,9,90,0.0
NT,2030,21,10,90,0.0
NT,2030,21,11,90,0.0
NT,2030,21,12,90,0.0
NT,2030,21,13,90,0.0
NT,2030,21,14,90,0.0
NT,2030,21,15,90,0.0
NT,2030,21,16,90,0.0
NT,2030,21,17,90,0.0
NT,2030,21,18,90,0.0
NT,2030,21,19,90,0.0
NT,2030,21,20,90,0.0
NT,2030,21,21,90,0.0
NT,2030,21,22,90,0.0
NT,2030,21,23,90,0.0
NT,2030,21,24,90,0.0
NT,2030,21,25,90,0.0
NT,2030,21,26,90,0.0
NT,2030,21,27,90,0.0
NT,2030,21,28,90,0.0
NT,2030,21,29,90,0.0
NT,2030,21,30,90,0.0
NT,2030,21,31,90,0.0
NT,2030,21,32,90,0.0
NT,2030,21,33,90,0.0
NT,2030,21,34,90,0.0
NT,2030,21,35,90,0.0
NT,2030,21,36,90,0.0
NT,2030,21,37,90,0.0
NT,2030,21,38,90,0.0
NT,2030,21,39,90,0.0
NT,2030,21,40,90,0.0
NT,2030,21,41,90,0.0
NT,2030,21,42,90,0.0
NT,2030,21,43,90,0.0
NT,2030,21,44,90,0.0
NT,2030,21,45,90,0.0
NT,2030,21,46,90,0.0
NT,2030,21,47,90,0.0
NT,2030,21,48,90,0.0
NT,2030,21,49,90,0.0
NT,2030,21,50,90,0.0
NT,2030,21,51,90,0.0
NT,2030,21,52,90,0.0
NT,2030,21,53,90,0.0
NT,2030,21,54,90,0.0
NT,2030,21,55,90,0.0
NT,2030,21,56,90,0.2731305563255991
NT,2030,21,57,90,5.360256913218134e-05
NT,2030,21,58,90,0.0
NT,2030,21,59,90,0.0
NT,2030,21,60,90,0.0
NT,2030,21,61,90,0.0
NT,2030,21,62,90,0.0
NT,2030,21,63,90,0.0
NT,2030,21,64,90,0.0
NT,2030,21,65,90,0.0
NT,2030,21,66,90,0.0
NT,2030,21,67,90,0.0
NT,2030,21,68,90,0.0
NT,2030,21,69,90,0.0
NT,2030,21,70,90,0.0
NT,2030,21,71,90,0.0
NT,2030,21,72,90,0.0
NT,2030,21,73,90,0.0
NT,2030,21,74,90,0.0
NT,2030,21,75,90,0.0
NT,2030,21,76,90,0.0
NT,2030,21,77,90,0.0
NT,2030,21,78,90,0.0
NT,2030,21,79,90,0.0
NT,2030,21,80,90,0.0
NT,2030,21,81,90,0.0
NT,2030,21,82,90,0.0
NT,2030,21,83,90,0.0
NT,2030,21,84,90,0.0
NT,2030,21,85,90,0.0
NT,2030,21,86,90,0.0
NT,2030,21,87,90,0.0
NT,2030,21,88,90,0.0
NT,2030,21,89,90,0.0
NT,2030,21,90,90,0.0
NT,2030,21,91,90,0.0
NT,2030,21,92,90,0.0
NT,2030,21,93,90,0.0
NT,2030,21,94,90,0.0
NT,2030,21,95,90,0.0
NT,2030,21,96,90,0.0
NT,2030,21,97,90,0.0
NT,2030,21,98,90,0.0
NT,2030,21,99,90,0.0
NT,2030,21,100,90,0.0
NT,2030,21,101,90,0.0
NT,2030,21,102,90,0.0
NT,2030,21,103,90,0.0
NT,2030,21,104,90,0.0
NT,2030,21,105,90,0.0
NT,2030,21,106,90,0.0
NT,2030,21,107,90,0.0
NT,2030,21,108,90,0.0
NT,2030,21,109,90,0.0
NT,2030,21,110,90,0.0
NT,2030,21,111,90,0.0
NT,2030,21,112,90,0.0
NT,2030,21,113,90,0.0
NT,2030,21,114,90,0.0
NT,2030,21,115,90,0.0
NT,2030,21,116,90,0.0
NT,2030,21,117,90,0.0
NT,2030,21,118,90,0.0
NT,2030,21,119,90,0.0
NT,2030,21,120,90,0.0
NT,2030,21,121,90,0.0
NT,2030,21,122,90,0.0
NT,2030,21,123,90,0.0
NT,2030,21,124,90,0.0
NT,2030,21,125,90,0.0
NT,2030,21,126,90,0.0
NT,2030,21,127,90,0.0
NT,2030,21,128,90,0.0
NT,2030,21,129,90,0.0
NT,2030,21,130,90,0.0
NT,2030,21,131,90,0.0
NT,2030,21,132,90,0.0
NT,2030,21,133,90,0.0
NT,2030,21,134,90,0.0
NT,2030,21,135,90,0.0
NT,2030,21,136,90,0.0
NT,2030,21,137,90,0.0
NT,2030,21,138,90,0.0
NT,2030,21,139,90,0.0
NT,2030,21,140,90,0.0
NT,2030,21,141,90,0.0
NT,2030,21,142,90,0.0
NT,2030,21,143,90,0.0
NT,2030,21,144,90,0.0
NT,2030,21,145,90,0.0
NT,2030,21,146,90,0.0
NT,2030,21,147,90,0.0
NT,2030,21,148,90,0.0
NT,2030,21,149,90,0.0
NT,2030,21,150,90,0.0
NT,2030,21,151,90,0.0
NT,2030,21,152,90,0.0
NT,2030,21,153,90,0.0
NT,2030,21,154,90,0.0
NT,2030,21,155,90,0.0
NT,2030,21,156,90,0.0
NT,2030,21,157,90,0.0
NT,2030,21,158,90,0.0
NT,2030,21,159,90,0.0
NT,2030,21,160,90,0.0
NT,2030,21,161,90,0.0
NT,2030,21,162,90,0.0
NT,2030,21,163,90,0.0
NT,2030,21,164,90,0.0
NT,2030,21,165,90,0.0
NT,2030,21,166,90,0.0
NT,2030,21,167,90,0.0
NT,2030,42,0,90,0.0
NT,2030,42,1,90,0.0
NT,2030,42,2,90,0.0
NT,2030,42,3,90,0.0
NT,2030,42,4,90,0.0
NT,2030,42,5,90,0.0
NT,2030,42,6,90,0.0
NT,2030,42,7,90,0.0
NT,2030,42,8,90,0.0
NT,2030,42,9,90,0.0
NT,2030,42,10,90,0.0
NT,2030,42,11,90,0.0
NT,2030,42,12,90,0.0
NT,2030,42,13,90,0.0
NT,2030,42,14,90,0.0
NT,2030,42,15,90,0.0
NT,2030,42,16,90,0.0
NT,2030,42,17,90,0.0
NT,2030,42,18,90,0.0
NT,2030,42,19,90,0.0
NT,2030,42,20,90,0.0
NT,2030,42,21,90,0.0
NT,2030,42,22,90,0.0
NT,2030,42,23,90,0.0
NT,2030,42,24,90,0.0
NT,2030,42,25,90,0.0
NT,2030,42,26,90,0.0
NT,2030,42,27,90,0.0
NT,2030,42,28,90,0.0
NT,2030,42,29,90,0.0
NT,2030,42,30,90,0.0
NT,2030,42,31,90,0.0
NT,2030,42,32,90,0.0
NT,2030,42,33,90,0.0
NT,2030,42,34,90,0.0
NT,2030,42,35,90,0.0
NT,2030,42,36,90,0.0
NT,2030,42,37,90,0.0
NT,2030,42,38,90,0.0
NT,2030,42,39,90,0.0
NT,2030,42,40,90,0.0
NT,2030,42,41,90,0.0
NT,2030,42,42,90,0.0
NT,2030,42,43,90,0.0
NT,2030,42,44,90,0.0
NT,2030,42,45,90,0.0
NT,2030,42,46,90,0.0
NT,2030,42,47,90,0.0
NT,2030,42,48,90,0.0
NT,2030,42,49,90,0.0
NT,2030,42,50,90,0.0
NT,2030,42,51,90,0.0
NT,2030,42,52,90,0.0
NT,2030,42,53,90,0.0
NT,2030,42,54,90,0.0
NT,2030,42,55,90,0.0
NT,2030,42,56,90,0.0
NT,2030,42,57,90,0.0
NT,2030,42,58,90,0.0
NT,2030,42,59,90,0.0
NT,2030,42,60,90,0.0
NT,2030,42,61,90,0.0
NT,2030,42,62,90,0.0
NT,2030,42,63,90,0.0
NT,2030,42,64,90,0.0
NT,2030,42,65,90,0.0
NT,2030,42,66,90,0.0
NT,2030,42,67,90,0.0
NT,2030,42,68,90,0.0
NT,2030,42,69,90,0.0
NT,2030,42,70,90,0.0
NT,2030,42,71,90,0.0
NT,2030,42,72,90,0.0
NT,2030,42,73,90,0.0
NT,2030,42,74,90,0.0
NT,2030,42,75,90,0.0
NT,2030,42,76,90,0.0
NT,2030,42,77,90,0.0
NT,2030,42,78,90,0.0
NT,2030,42,79,90,0.0
NT,2030,42,80,90,0.0
NT,2030,42,81,90,0.0
NT,2030,42,82,90,0.0
NT,2030,42,83,90,0.0
NT,2030,42,84,90,0.0
NT,2030,42,85,90,0.0
NT,2030,42,86,90,0.0
NT,2030,42,87,90,0.0
NT,2030,42,88,90,0.0
NT,2030,42,89,90,0.0
NT,2030,42,90,90,0.0
NT,2030,42,91,90,0.0
NT,2030,42,92,90,0.0
NT,2030,42,93,90,0.0
NT,2030,42,94,90,0.0
NT,2030,42,95,90,0.0
NT,2030,42,96,90,0.0
NT,2030,42,97,90,0.0
NT,2030,42,98,90,0.0
NT,2030,42,99,90,0.0
NT,2030,42,100,90,0.0
NT,2030,42,101,90,0.0
NT,2030,42,102,90,0.0
NT,2030,42,103,90,0.0
NT,2030,42,104,90,0.0
NT,2030,42,105,90,0.0
NT,2030,42,106,90,0.0
NT,2030,42,107,90,0.0
NT,2030,42,108,90,0.0
NT,2030,42,109,90,0.0
NT,2030,42,110,90,0.0
NT,2030,42,111,90,0.0
NT,2030,42,112,90,0.0
NT,2030,42,113,90,0.0
NT,2030,42,114,90,0.0
NT,2030,42,115,90,0.0
NT,2030,42,116,90,0.0
NT,2030,42,117,90,0.0
NT,2030,42,118,90,0.0
NT,2030,42,119,90,0.0
NT,2030,42,120,90,0.0
NT,2030,42,121,90,0.0
NT,2030,42,122,90,0.0
NT,2030,42,123,90,0.0
NT,2030,42,124,90,0.0
NT,2030,42,125,90,0.0
NT,2030,42,126,90,0.0
NT,2030,42,127,90,0.0
NT,2030,42,128,90,0.0
NT,2030,42,129,90,0.0
NT,2030,42,130,90,0.0
NT,2030,42,131,90,0.0
NT,2030,42,132,90,0.0
NT,2030,42,133,90,0.0
NT,2030,42,134,90,0.0
NT,2030,42,135,90,0.0
NT,2030,42,136,90,0.0
NT,2030,42,137,90,0.0
NT,2030,42,138,90,0.0
NT,2030,42,139,90,0.0
NT,2030,42,140,90,0.0
NT,2030,42,141,90,0.0
NT,2030,42,142,90,0.0
NT,2030,42,143,90,0.0
NT,2030,42,144,90,0.0
NT,2030,42,145,90,0.0
NT,2030,42,146,90,0.0
NT,2030,42,147,90,0.0
NT,2030,42,148,90,0.0
NT,2030,42,149,90,0.0
NT,2030,42,150,90,0.0
NT,2030,42,151,90,0.0
NT,2030,42,152,90,0.0
NT,2030,42,153,90,0.0
NT,2030,42,154,90,0.0
NT,2030,42,155,90,0.0
NT,2030,42,156,90,0.0
NT,2030,42,157,90,0.0
NT,2030,42,158,90,0.0
NT,2030,42,159,90,0.0
NT,2030,42,160,90,0.0
NT,2030,42,161,90,0.0
NT,2030,42,162,90,0.0
NT,2030,42,163,90,0.0
NT,2030,42,164,90,0.0
NT,2030,42,165,90,0.0
NT,2030,42,166,90,0.0
NT,2030,42,167,90,0.0
NT,2030,52,0,90,0.0
NT,2030,52,1,90,0.0
NT,2030,52,2,90,0.0
NT,2030,52,3,90,0.0
NT,2030,52,4,90,0.0
NT,2030,52,5,90,0.0
NT,2030,52,6,90,0.0
NT,2030,52,7,90,0.0
NT,2030,52,8,90,0.0
NT,2030,52,9,90,0.0
NT,2030,52,10,90,0.0
NT,2030,52,11,90,0.0
NT,2030,52,12,90,0.0
NT,2030,52,13,90,0.0
NT,2030,52,14,90,0.0
NT,2030,52,15,90,0.0
NT,2030,52,16,90,0.0
NT,2030,52,17,90,0.0
NT,2030,52,18,90,0.0
NT,2030,52,19,90,0.0
NT,2030,52,20,90,0.0
NT,2030,52,21,90,0.0
NT,2030,52,22,90,0.0
NT,2030,52,23,90,0.0
NT,2030,52,24,90,0.0
NT,2030,52,25,90,0.0
NT,2030,52,26,90,0.0
NT,2030,52,27,90,0.0
NT,2030,52,28,90,0.0
NT,2030,52,29,90,0.0
NT,2030,52,30,90,0.0
NT,2030,52,31,90,0.0
NT,2030,52,32,90,0.0
NT,2030,52,33,90,0.0
NT,2030,52,34,90,0.0
NT,2030,52,35,90,0.0
NT,2030,52,36,90,0.0
NT,2030,52,37,90,0.0
NT,2030,52,38,90,0.0
NT,2030,52,39,90,0.0
NT,2030,52,40,90,0.0
NT,2030,52,41,90,0.0
NT,2030,52,42,90,0.0
NT,2030,52,43,90,0.0
NT,2030,52,44,90,0.0
NT,2030,52,45,90,0.0
NT,2030,52,46,90,0.0
NT,2030,52,47,90,0.0
NT,2030,52,48,90,0.0
NT,2030,52,49,90,0.0
NT,2030,52,50,90,0.0
NT,2030,52,51,90,0.0
NT,2030,52,52,90,0.0
NT,2030,52,53,90,0.0
NT,2030,52,54,90,0.0
NT,2030,52,55,90,0.0
NT,2030,52,56,90,0.0
NT,2030,52,57,90,0.0
NT,2030,52,58,90,0.0
NT,2030,52,59,90,0.0
NT,2030,52,60,90,0.0
NT,2030,52,61,90,0.0
NT,2030,52,62,90,0.0
NT,2030,52,63,90,0.0
NT,2030,52,64,90,0.0
NT,2030,52,65,90,0.0
NT,2030,52,66,90,0.0
NT,2030,52,67,90,0.0
NT,2030,52,68,90,0.0
NT,2030,52,69,90,0.0
NT,2030,52,70,90,0.0
NT,2030,52,71,90,0.0
NT,2030,52,72,90,0.0
NT,2030,52,73,90,0.0
NT,2030,52,74,90,0.0
NT,2030,52,75,90,0.0
NT,2030,52,76,90,0.0
NT,2030,52,77,90,0.0
NT,2030,52,78,90,0.0
NT,2030,52,79,90,0.0
NT,2030,52,80,90,0.0
NT,2030,52,81,90,0.0
NT,2030,52,82,90,0.0
NT,2030,52,83,90,0.0
NT,2030,52,84,90,0.0
NT,2030,52,85,90,0.0
NT,2030,52,86,90,0.0
NT,2030,52,87,90,0.0
NT,2030,52,88,90,0.0
NT,2030,52,89,90,0.0
NT,2030,52,90,90,0.0
NT,2030,52,91,90,0.0
NT,2030,52,92,90,0.0
NT,2030,52,93,90,0.0
NT,2030,52,94,90,0.0
NT,2030,52,95,90,0.0
NT,2030,52,96,90,0.0
NT,2030,52,97,90,0.0
NT,2030,52,98,90,0.0
NT,2030,52,99,90,0.0
NT,2030,52,100,90,0.0
NT,2030,52,101,90,0.0
NT,2030,52,102,90,0.0
NT,2030,52,103,90,0.0
NT,2030,52,104,90,0.0
NT,2030,52,105,90,0.0
NT,2030,52,106,90,0.0
NT,2030,52,107,90,0.0
NT,2030,52,108,90,0.0
NT,2030,52,109,90,0.0
NT,2030,52,110,90,0.0
NT,2030,52,111,90,0.0
NT,2030,52,112,90,0.0
NT,2030,52,113,90,0.0
NT,2030,52,114,90,0.0
NT,2030,52,115,90,0.0
NT,2030,52,116,90,0.0
NT,2030,52,117,90,0.0
NT,2030,52,118,90,0.0
NT,2030,52,119,90,0.0
NT,2030,52,120,90,0.0
NT,2030,52,121,90,0.0
NT,2030,52,122,90,0.0
NT,2030,52,123,90,0.0
NT,2030,52,124,90,0.0
NT,2030,52,125,90,0.0
NT,2030,52,126,90,0.0
NT,2030,52,127,90,0.0
NT,2030,52,128,90,0.0
NT,2030,52,129,90,0.0
NT,2030,52,130,90,0.0
NT,2030,52,131,90,0.0
NT,2030,52,132,90,0.0
NT,2030,52,133,90,0.0
NT,2030,52,134,90,0.0
NT,2030,52,135,90,0.0
NT,2030,52,136,90,0.0
NT,2030,52,137,90,0.0
NT,2030,52,138,90,0.0
NT,2030,52,139,90,0.0
NT,2030,52,140,90,0.0
NT,2030,52,141,90,0.0
NT,2030,52,142,90,0.0
NT,2030,52,143,90,0.0
NT,2030,52,144,90,0.0
NT,2030,52,145,90,0.0
NT,2030,52,146,90,0.0
NT,2030,52,147,90,0.0
NT,2030,52,148,90,0.0
NT,2030,52,149,90,0.0
NT,2030,52,150,90,0.0
NT,2030,52,151,90,0.0
NT,2030,52,152,90,0.0
NT,2030,52,153,90,0.0
NT,2030,52,154,90,0.0
NT,2030,52,155,90,0.0
NT,2030,52,156,90,0.0
NT,2030,52,157,90,0.0
NT,2030,52,158,90,0.0
NT,2030,52,159,90,0.0
NT,2030,52,160,90,0.0
NT,2030,52,161,90,0.0
NT,2030,52,162,90,0.0
NT,2030,52,163,90,0.0
NT,2030,52,164,90,0.0
NT,2030,52,165,90,0.0
NT,2030,52,166,90,0.0
NT,2030,52,167,90,0.0
NT,2040,11,0,90,0.0
NT,2040,11,1,90,0.0
NT,2040,11,2,90,0.0
NT,2040,11,3,90,0.0
NT,2040,11,4,90,0.0
NT,2040,11,5,90,0.0
NT,2040,11,6,90,0.0
NT,2040,11,7,90,0.0
NT,2040,11,8,90,0.0
NT,2040,11,9,90,0.0
NT,2040,11,10,90,0.0
NT,2040,11,11,90,0.0
NT,2040,11,12,90,0.0
NT,2040,11,13,90,0.0
NT,2040,11,14,90,0.0
NT,2040,11,15,90,0.0
NT,2040,11,16,90,0.0
NT,2040,11,17,90,0.0
NT,2040,11,18,90,0.0
NT,2040,11,19,90,0.0
NT,2040,11,20,90,0.0
NT,2040,11,21,90,0.0
NT,2040,11,22,90,0.0
NT,2040,11,23,90,0.0
NT,2040,11,24,90,0.0
NT,2040,11,25,90,0.0
NT,2040,11,26,90,0.0
NT,2040,11,27,90,0.0
NT,2040,11,28,90,0.0
NT,2040,11,29,90,0.0
NT,2040,11,30,90,0.0
NT,2040,11,31,90,0.0
NT,2040,11,32,90,0.0
NT,2040,11,33,90,0.0
NT,2040,11,34,90,0.0
NT,2040,11,35,90,0.0
NT,2040,11,36,90,0.0
NT,2040,11,37,90,0.0
NT,2040,11,38,90,0.0
NT,2040,11,39,90,0.0
NT,2040,11,40,90,0.0
NT,2040,11,41,90,0.0
NT,2040,11,42,90,0.0
NT,2040,11,43,90,0.0
NT,2040,11,44,90,0.0
NT,2040,11,45,90,0.0
NT,2040,11,46,90,0.0
NT,2040,11,47,90,0.0
NT,2040,11,48,90,0.0
NT,2040,11,49,90,0.0
NT,2040,11,50,90,0.0
NT,2040,11,51,90,0.0
NT,2040,11,52,90,0.0
NT,2040,11,53,90,0.0
NT,2040,11,54,90,0.0
NT,2040,11,55,90,0.0
NT,2040,11,56,90,0.0
NT,2040,11,57,90,0.0
NT,2040,11,58,90,0.0
NT,2040,11,59,90,0.0
NT,2040,11,60,90,0.0
NT,2040,11,61,90,0.0
NT,2040,11,62,90,0.0
NT,2040,11,63,90,0.0
NT,2040,11,64,90,0.0
NT,2040,11,65,90,0.0
NT,2040,11,66,90,5.71635604903702e-05
NT,2040,11,67,90,3.5149054135325215e-05
NT,2040,11,68,90,3.5149054135325215e-05
NT,2040,11,69,90,5.7201558885421676e-05
NT,2040,11,70,90,5.71635604903702e-05
NT,2040,11,71,90,1.7867523044062577e-05
NT,2040,11,72,90,0.0
NT,2040,11,73,90,0.0
NT,2040,11,74,90,0.0
NT,2040,11,75,90,0.0
NT,2040,11,76,90,1.7867523044062577e-05
NT,2040,11,77,90,3.497114407990577e-05
NT,2040,11,78,90,3.79104770700041e-05
NT,2040,11,79,90,3.545583227216206e-05
NT,2040,11,80,90,3.791363798885253e-05
NT,2040,11,81,90,5.71635604903702e-05
NT,2040,11,82,90,5.71635604903702e-05
NT,2040,11,83,90,3.414025980894894e-05
NT,2040,11,84,90,3.434760345317816e-05
NT,2040,11,85,90,3.455495574123048e-05
NT,2040,11,86,90,3.476231667346254e-05
NT,2040,11,87,90,3.4969686250238435e-05
NT,2040,11,88,90,5.716832670250369e-05
NT,2040,11,89,90,0.0918397080255978
NT,2040,11,90,90,0.13271685198933358
NT,2040,11,91,90,0.13272238474026268
NT,2040,11,92,90,0.13272791772184742
NT,2040,11,93,90,0.13584708098621612
NT,2040,11,94,90,0.13441865110904966
NT,2040,11,95,90,0.12680232834733524
NT,2040,11,96,90,0.12529814288277302
NT,2040,11,97,90,0.12533423576453856
NT,2040,11,98,90,0.12530859005442269
NT,2040,11,99,90,0.1224217428236552
NT,2040,11,100,90,0.12242684638813847
NT,2040,11,101,90,0.12532426244518924
NT,2040,11,102,90,0.11873106477639887
NT,2040,11,103,90,0.11873601448248355
NT,2040,11,104,90,0.0
NT,2040,11,105,90,0.0
NT,2040,11,106,90,0.0
NT,2040,11,107,90,0.0
NT,2040,11,108,90,0.0
NT,2040,11,109,90,0.0
NT,2040,11,110,90,0.0
NT,2040,11,111,90,0.0
NT,2040,11,112,90,0.0
NT,2040,11,113,90,0.0
NT,2040,11,114,90,0.0
NT,2040,11,115,90,0.0
NT,2040,11,116,90,0.0
NT,2040,11,117,90,0.0
NT,2040,11,118,90,0.0
NT,2040,11,119,90,0.0
NT,2040,11,120,90,0.0
NT,2040,11,121,90,0.0
NT,2040,11,122,90,0.0
NT,2040,11,123,90,0.0
NT,2040,11,124,90,0.0
NT,2040,11,125,90,0.0
NT,2040,11,126,90,0.0
NT,2040,11,127,90,0.0
NT,2040,11,128,90,0.0
NT,2040,11,129,90,0.0
NT,2040,11,130,90,0.0
NT,2040,11,131,90,0.0
NT,2040,11,132,90,0.0
NT,2040,11,133,90,0.0
NT,2040,11,134,90,0.0
NT,2040,11,135,90,0.0
NT,2040,11,136,90,0.0
NT,2040,11,137,90,0.0
NT,2040,11,138,90,0.0
NT,2040,11,139,90,0.0
NT,2040,11,140,90,0.0
NT,2040,11,141,90,0.0
NT,2040,11,142,90,0.0
NT,2040,11,143,90,0.0
NT,2040,11,144,90,0.0
NT,2040,11,145,90,0.0
NT,2040,11,146,90,0.0
NT,2040,11,147,90,0.0
NT,2040,11,148,90,0.0
NT,2040,11,149,90,0.0
NT,2040,11,150,90,0.0
NT,2040,11,151,90,0.0
NT,2040,11,152,90,0.0
NT,2040,11,153,90,0.0
NT,2040,11,154,90,0.0
NT,2040,11,155,90,0.0
NT,2040,11,156,90,0.0
NT,2040,11,157,90,0.0
NT,2040,11,158,90,0.0
NT,2040,11,159,90,0.0
NT,2040,11,160,90,0.0
NT,2040,11,161,90,0.0
NT,2040,11,162,90,0.0
NT,2040,11,163,90,0.0
NT,2040,11,164,90,0.0
NT,2040,11,165,90,0.0
NT,2040,11,166,90,0.0
NT,2040,11,167,90,0.0
NT,2040,21,0,90,0.0
NT,2040,21,1,90,0.0
NT,2040,21,2,90,0.0
NT,2040,21,3,90,0.0
NT,2040,21,4,90,0.0
NT,2040,21,5,90,0.0
NT,2040,21,6,90,0.0
NT,2040,21,7,90,0.0
NT,2040,21,8,90,0.0
NT,2040,21,9,90,0.0
NT,2040,21,10,90,0.0
NT,2040,21,11,90,0.0
NT,2040,21,12,90,0.0
NT,2040,21,13,90,0.0
NT,2040,21,14,90,0.0
NT,2040,21,15,90,0.0
NT,2040,21,16,90,0.0
NT,2040,21,17,90,0.0
NT,2040,21,18,90,0.0
NT,2040,21,19,90,0.0
NT,2040,21,20,90,0.0
NT,2040,21,21,90,0.0
NT,2040,21,22,90,0.0
NT,2040,21,23,90,0.0
NT,2040,21,24,90,0.0
NT,2040,21,25,90,0.0
NT,2040,21,26,90,0.0
NT,2040,21,27,90,0.0
NT,2040,21,28,90,0.0
NT,2040,21,29,90,0.0
NT,2040,21,30,90,0.0
NT,2040,21,31,90,0.0
NT,2040,21,32,90,0.0
NT,2040,21,33,90,0.0
NT,2040,21,34,90,0.0
NT,2040,21,35,90,0.0
NT,2040,21,36,90,0.0
NT,2040,21,37,90,0.0
NT,2040,21,38,90,0.0
NT,2040,21,39,90,0.0
NT,2040,21,40,90,0.0
NT,2040,21,41,90,0.0
NT,2040,21,42,90,0.0
NT,2040,21,43,90,0.0
NT,2040,21,44,90,0.0
NT,2040,21,45,90,0.0
NT,2040,21,46,90,0.0
NT,2040,21,47,90,0.0
NT,2040,21,48,90,0.0
NT,2040,21,49,90,0.0
NT,2040,21,50,90,0.0
NT,2040,21,51,90,0.0
NT,2040,21,52,90,0.0
NT,2040,21,53,90,0.0
NT,2040,21,54,90,0.0
NT,2040,21,55,90,0.134555148739972
NT,2040,21,56,90,0.13048313515487747
NT,2040,21,57,90,0.0
NT,2040,21,58,90,0.0
NT,2040,21,59,90,0.0
NT,2040,21,60,90,0.0
NT,2040,21,61,90,0.0
NT,2040,21,62,90,0.0
NT,2040,21,63,90,0.0
NT,2040,21,64,90,0.0
NT,2040,21,65,90,0.0
NT,2040,21,66,90,0.0
NT,2040,21,67,90,0.0
NT,2040,21,68,90,0.0
NT,2040,21,69,90,0.0
NT,2040,21,70,90,0.0
NT,2040,21,71,90,0.0
NT,2040,21,72,90,0.0
NT,2040,21,73,90,0.0
NT,2040,21,74,90,0.0
NT,2040,21,75,90,0.0
NT,2040,21,76,90,0.0
NT,2040,21,77,90,0.0
NT,2040,21,78,90,0.0
NT,2040,21,79,90,0.0
NT,2040,21,80,90,0.0
NT,2040,21,81,90,0.0
NT,2040,21,82,90,0.0
NT,2040,21,83,90,0.0
NT,2040,21,84,90,0.0
NT,2040,21,85,90,0.0
NT,2040,21,86,90,0.0
NT,2040,21,87,90,0.0
NT,2040,21,88,90,0.0
NT,2040,21,89,90,0.0
NT,2040,21,90,90,0.0
NT,2040,21,91,90,0.0
NT,2040,21,92,90,0.0
NT,2040,21,93,90,0.0
NT,2040,21,94,90,0.0
NT,2040,21,95,90,0.0
NT,2040,21,96,90,0.0
NT,2040,21,97,90,0.0
NT,2040,21,98,90,0.0
NT,2040,21,99,90,0.0
NT,2040,21,100,90,0.0
NT,2040,21,101,90,0.0
NT,2040,21,102,90,0.0
NT,2040,21,103,90,0.0
NT,2040,21,104,90,0.0
NT,2040,21,105,90,0.0
NT,2040,21,106,90,0.0
NT,2040,21,107,90,0.0
NT,2040,21,108,90,0.0
NT,2040,21,109,90,0.0
NT,2040,21,110,90,0.0
NT,2040,21,111,90,0.0
NT,2040,21,112,90,0.0
NT,2040,21,113,90,0.0
NT,2040,21,114,90,0.0
NT,2040,21,115,90,0.0
NT,2040,21,116,90,0.0
NT,2040,21,117,90,0.0
NT,2040,21,118,90,0.0
NT,2040,21,119,90,0.0
NT,2040,21,120,90,0.0
NT,2040,21,121,90,0.0
NT,2040,21,122,90,0.0
NT,2040,21,123,90,0.0
NT,2040,21,124,90,0.0
NT,2040,21,125,90,0.0
NT,2040,21,126,90,0.0
NT,2040,21,127,90,0.0
NT,2040,21,128,90,0.0
NT,2040,21,129,90,0.0
NT,2040,21,130,90,0.0
NT,2040,21,131,90,0.0
NT,2040,21,132,90,0.0
NT,2040,21,133,90,0.0
NT,2040,21,134,90,0.0
NT,2040,21,135,90,0.0
NT,2040,21,136,90,0.0
NT,2040,21,137,90,0.0
NT,2040,21,138,90,0.0
NT,2040,21,139,90,0.0
NT,2040,21,140,90,0.0
NT,2040,21,141,90,0.0
NT,2040,21,142,90,0.0
NT,2040,21,143,90,0.0
NT,2040,21,144,90,0.0
NT,2040,21,145,90,0.0
NT,2040,21,146,90,0.0
NT,2040,21,147,90,0.0
NT,2040,21,148,90,0.0
NT,2040,21,149,90,0.0
NT,2040,21,150,90,0.0
NT,2040,21,151,90,0.0
NT,2040,21,152,90,0.0
NT,2040,21,153,90,0.0
NT,2040,21,154,90,0.0
NT,2040,21,155,90,0.0
NT,2040,21,156,90,0.0
NT,2040,21,157,90,0.0
NT,2040,21,158,90,0.0
NT,2040,21,159,90,0.0
NT,2040,21,160,90,0.0
NT,2040,21,161,90,0.0
NT,2040,21,162,90,0.0
NT,2040,21,163,90,0.0
NT,2040,21,164,90,0.0
NT,2040,21,165,90,0.0
NT,2040,21,166,90,0.0
NT,2040,21,167,90,0.0
NT,2040,42,0,90,0.0
NT,2040,42,1,90,0.0
NT,2040,42,2,90,0.0
NT,2040,42,3,90,0.0
NT,2040,42,4,90,0.0
NT,2040,42,5,90,0.0
NT,2040,42,6,90,0.0
NT,2040,42,7,90,0.0
NT,2040,42,8,90,0.0
NT,2040,42,9,90,0.0
NT,2040,42,10,90,0.0
NT,2040,42,11,90,0.0
NT,2040,42,12,90,0.0
NT,2040,42,13,90,0.0
NT,2040,42,14,90,0.0
NT,2040,42,15,90,0.0
NT,2040,42,16,90,0.0
NT,2040,42,17,90,0.0
NT,2040,42,18,90,0.0
NT,2040,42,19,90,0.0
NT,2040,42,20,90,0.0
NT,2040,42,21,90,0.0
NT,2040,42,22,90,0.0
NT,2040,42,23,90,0.0
NT,2040,42,24,90,0.0
NT,2040,42,25,90,0.0
NT,2040,42,26,90,0.0
NT,2040,42,27,90,0.0
NT,2040,42,28,90,0.0
NT,2040,42,29,90,0.0
NT,2040,42,30,90,0.0
NT,2040,42,31,90,0.0
NT,2040,42,32,90,0.0
NT,2040,42,33,90,0.0
NT,2040,42,34,90,0.0
NT,2040,42,35,90,0.0
NT,2040,42,36,90,0.0
NT,2040,42,37,90,0.0
NT,2040,42,38,90,0.0
NT,2040,42,39,90,0.0
NT,2040,42,40,90,0.0
NT,2040,42,41,90,0.0
NT,2040,42,42,90,0.0
NT,2040,42,43,90,0.0
NT,2040,42,44,90,0.0
NT,2040,42,45,90,0.0
NT,2040,42,46,90,0.0
NT,2040,42,47,90,0.0
NT,2040,42,48,90,0.0
NT,2040,42,49,90,0.0
NT,2040,42,50,90,0.0
NT,2040,42,51,90,0.0
NT,2040,42,52,90,0.0
NT,2040,42,53,90,0.0
NT,2040,42,54,90,0.0
NT,2040,42,55,90,0.0
NT,2040,42,56,90,0.0
NT,2040,42,57,90,0.0
NT,2040,42,58,90,0.0
NT,2040,42,59,90,0.0
NT,2040,42,60,90,0.0
NT,2040,42,61,90,0.0
NT,2040,42,62,90,0.0
NT,2040,42,63,90,0.0
NT,2040,42,64,90,0.0
NT,2040,42,65,90,0.0
NT,2040,42,66,90,0.0
NT,2040,42,67,90,0.0
NT,2040,42,68,90,0.0
NT,2040,42,69,90,0.0
NT,2040,42,70,90,0.0
NT,2040,42,71,90,0.0
NT,2040,42,72,90,0.0
NT,2040,42,73,90,0.0
NT,2040,42,74,90,0.0
NT,2040,42,75,90,0.0
NT,2040,42,76,90,0.0
NT,2040,42,77,90,0.0
NT,2040,42,78,90,0.0
NT,2040,42,79,90,0.0
NT,2040,42,80,90,0.0
NT,2040,42,81,90,0.0
NT,2040,42,82,90,0.0
NT,2040,42,83,90,0.0
NT,2040,42,84,90,0.0
NT,2040,42,85,90,0.0
NT,2040,42,86,90,0.0
NT,2040,42,87,90,0.0
NT,2040,42,88,90,0.0
NT,2040,42,89,90,0.0
NT,2040,42,90,90,0.0
NT,2040,42,91,90,0.0
NT,2040,42,92,90,0.0
NT,2040,42,93,90,0.0
NT,2040,42,94,90,0.0
NT,2040,42,95,90,0.0
NT,2040,42,96,90,0.0
NT,2040,42,97,90,0.0
NT,2040,42,98,90,0.0
NT,2040,42,99,90,0.0
NT,2040,42,100,90,0.0
NT,2040,42,101,90,0.0
NT,2040,42,102,90,0.0
NT,2040,42,103,90,0.0
NT,2040,42,104,90,0.0
NT,2040,42,105,90,0.0
NT,2040,42,106,90,0.0
NT,2040,42,107,90,0.0
NT,2040,42,108,90,0.0
NT,2040,42,109,90,0.0
NT,2040,42,110,90,0.0
NT,2040,42,111,90,0.0
NT,2040,42,112,90,0.0
NT,2040,42,113,90,0.0
NT,2040,42,114,90,0.0
NT,2040,42,115,90,0.0
NT,2040,42,116,90,0.0
NT,2040,42,117,90,0.0
NT,2040,42,118,90,0.0
NT,2040,42,119,90,0.0
NT,2040,42,120,90,0.0
NT,2040,42,121,90,0.0
NT,2040,42,122,90,0.0
NT,2040,42,123,90,0.0
NT,2040,42,124,90,0.0
NT,2040,42,125,90,0.0
NT,2040,42,126,90,0.0
NT,2040,42,127,90,0.0
NT,2040,42,128,90,0.0
NT,2040,42,129,90,0.0
NT,2040,42,130,90,0.0
NT,2040,42,131,90,0.0
NT,2040,42,132,90,0.0
NT,2040,42,133,90,0.0
NT,2040,42,134,90,0.0
NT,2040,42,135,90,0.0
NT,2040,42,136,90,0.0
NT,2040,42,137,90,0.0
NT,2040,42,138,90,0.0
NT,2040,42,139,90,0.0
NT,2040,42,140,90,0.0
NT,2040,42,141,90,0.0
NT,2040,42,142,90,0.0
NT,2040,42,143,90,0.0
NT,2040,42,144,90,0.0
NT,2040,42,145,90,0.0
NT,2040,42,146,90,0.0
NT,2040,42,147,90,0.0
NT,2040,42,148,90,0.0
NT,2040,42,149,90,0.0
NT,2040,42,150,90,0.0
NT,2040,42,151,90,0.0
NT,2040,42,152,90,0.0
NT,2040,42,153,90,0.0
NT,2040,42,154,90,0.0
NT,2040,42,155,90,0.0
NT,2040,42,156,90,0.0
NT,2040,42,157,90,0.0
NT,2040,42,158,90,0.0
NT,2040,42,159,90,0.0
NT,2040,42,160,90,0.0
NT,2040,42,161,90,0.0
NT,2040,42,162,90,0.0
NT,2040,42,163,90,0.0
NT,2040,42,164,90,0.0
NT,2040,42,165,90,0.0
NT,2040,42,166,90,0.0
NT,2040,42,167,90,0.0
NT,2040,52,0,90,0.0
NT,2040,52,1,90,0.0
NT,2040,52,2,90,0.0
NT,2040,52,3,90,0.0
NT,2040,52,4,90,0.0
NT,2040,52,5,90,0.0
NT,2040,52,6,90,0.0
NT,2040,52,7,90,0.0
NT,2040,52,8,90,0.0
NT,2040,52,9,90,0.0
NT,2040,52,10,90,0.0
NT,2040,52,11,90,0.0
NT,2040,52,12,90,0.0
NT,2040,52,13,90,0.0
NT,2040,52,14,90,0.0
NT,2040,52,15,90,0.0
NT,2040,52,16,90,0.0
NT,2040,52,17,90,0.0
NT,2040,52,18,90,0.0
NT,2040,52,19,90,0.0
NT,2040,52,20,90,0.0
NT,2040,52,21,90,0.0
NT,2040,52,22,90,0.0
NT,2040,52,23,90,0.0
NT,2040,52,24,90,0.0
NT,2040,52,25,90,0.0
NT,2040,52,26,90,0.0
NT,2040,52,27,90,0.0
NT,2040,52,28,90,0.0
NT,2040,52,29,90,0.0
NT,2040,52,30,90,0.0
NT,2040,52,31,90,0.0
NT,2040,52,32,90,0.0
NT,2040,52,33,90,0.0
NT,2040,52,34,90,0.0
NT,2040,52,35,90,0.0
NT,2040,52,36,90,0.0
NT,2040,52,37,90,0.0
NT,2040,52,38,90,0.0
NT,2040,52,39,90,0.0
NT,2040,52,40,90,0.0
NT,2040,52,41,90,0.0
NT,2040,52,42,90,0.0
NT,2040,52,43,90,0.0
NT,2040,52,44,90,0.0
NT,2040,52,45,90,0.0
NT,2040,52,46,90,0.0
NT,2040,52,47,90,0.0
NT,2040,52,48,90,0.0
NT,2040,52,49,90,0.0
NT,2040,52,50,90,0.0
NT,2040,52,51,90,0.0
NT,2040,52,52,90,0.0
NT,2040,52,53,90,0.0
NT,2040,52,54,90,0.0
NT,2040,52,55,90,0.0
NT,2040,52,56,90,0.0
NT,2040,52,57,90,0.0
NT,2040,52,58,90,0.0
NT,2040,52,59,90,0.0
NT,2040,52,60,90,0.0
NT,2040,52,61,90,0.0
NT,2040,52,62,90,0.0
NT,2040,52,63,90,0.0
NT,2040,52,64,90,0.0
NT,2040,52,65,90,0.0
NT,2040,52,66,90,0.0
NT,2040,52,67,90,0.0
NT,2040,52,68,90,0.0
NT,2040,52,69,90,0.0
NT,2040,52,70,90,0.0
NT,2040,52,71,90,0.0
NT,2040,52,72,90,0.0
NT,2040,52,73,90,0.0
NT,2040,52,74,90,0.0
NT,2040,52,75,90,0.0
NT,2040,52,76,90,0.0
NT,2040,52,77,90,0.0
NT,2040,52,78,90,0.0
NT,2040,52,79,90,0.0
NT,2040,52,80,90,0.0
NT,2040,52,81,90,0.0
NT,2040,52,82,90,0.0
NT,2040,52,83,90,0.0
NT,2040,52,84,90,0.0
NT,2040,52,85,90,0.0
NT,2040,52,86,90,0.0
NT,2040,52,87,90,0.0
NT,2040,52,88,90,0.0
NT,2040,52,89,90,0.0
NT,2040,52,90,90,0.0
NT,2040,52,91,90,0.0
NT,2040,52,92,90,0.0
NT,2040,52,93,90,0.0
NT,2040,52,94,90,0.0
NT,2040,52,95,90,0.0
NT,2040,52,96,90,0.0
NT,2040,52,97,90,0.0
NT,2040,52,98,90,0.0
NT,2040,52,99,90,0.0
NT,2040,52,100,90,0.0
NT,2040,52,101,90,0.0
NT,2040,52,102,90,0.0
NT,2040,52,103,90,0.0
NT,2040,52,104,90,0.0
NT,2040,52,105,90,0.0
NT,2040,52,106,90,0.0
NT,2040,52,107,90,0.0
NT,2040,52,108,90,0.0
NT,2040,52,109,90,0.0
NT,2040,52,110,90,0.0
NT,2040,52,111,90,0.0
NT,2040,52,112,90,0.0
NT,2040,52,113,90,0.0
NT,2040,52,114,90,0.0
NT,2040,52,115,90,0.0
NT,2040,52,116,90,0.0
NT,2040,52,117,90,0.0
NT,2040,52,118,90,0.0
NT,2040,52,119,90,0.0
NT,2040,52,120,90,0.0
NT,2040,52,121,90,0.0
NT,2040,52,122,90,0.0
NT,2040,52,123,90,0.0
NT,2040,52,124,90,0.0
NT,2040,52,125,90,0.0
NT,2040,52,126,90,0.0
NT,2040,52,127,90,0.0
NT,2040,52,128,90,0.0
NT,2040,52,129,90,0.0
NT,2040,52,130,90,0.0
NT,2040,52,131,90,0.0
NT,2040,52,132,90,0.0
NT,2040,52,133,90,0.0
NT,2040,52,134,90,0.0
NT,2040,52,135,90,0.0
NT,2040,52,136,90,0.0
NT,2040,52,137,90,0.0
NT,2040,52,138,90,0.0
NT,2040,52,139,90,0.0
NT,2040,52,140,90,0.0
NT,2040,52,141,90,0.0
NT,2040,52,142,90,0.0
NT,2040,52,143,90,0.0
NT,2040,52,144,90,0.0
NT,2040,52,145,90,0.0
NT,2040,52,146,90,0.0
NT,2040,52,147,90,0.0
NT,2040,52,148,90,0.0
NT,2040,52,149,90,0.0
NT,2040,52,150,90,0.0
NT,2040,52,151,90,0.0
NT,2040,52,152,90,0.0
NT,2040,52,153,90,0.0
NT,2040,52,154,90,0.0
NT,2040,52,155,90,0.0
NT,2040,52,156,90,0.0
NT,2040,52,157,90,0.0
NT,2040,52,158,90,0.0
NT,2040,52,159,90,0.0
NT,2040,52,160,90,0.0
NT,2040,52,161,90,0.0
NT,2040,52,162,90,0.0
NT,2040,52,163,90,0.0
NT,2040,52,164,90,0.0
NT,2040,52,165,90,0.0
NT,2040,52,166,90,0.0
NT,2040,52,167,90,0.0
GA,2040,11,0,90,0.0
GA,2040,11,1,90,0.0
GA,2040,11,2,90,0.0
GA,2040,11,3,90,0.0
GA,2040,11,4,90,0.0
GA,2040,11,5,90,0.0
GA,2040,11,6,90,0.0
GA,2040,11,7,90,0.0
GA,2040,11,8,90,0.0
GA,2040,11,9,90,0.0
GA,2040,11,10,90,0.0
GA,2040,11,11,90,0.0
GA,2040,11,12,90,0.0
GA,2040,11,13,90,0.0
GA,2040,11,14,90,0.0
GA,2040,11,15,90,0.0
GA,2040,11,16,90,0.0
GA,2040,11,17,90,0.0
GA,2040,11,18,90,0.0
GA,2040,11,19,90,0.0
GA,2040,11,20,90,0.0
GA,2040,11,21,90,0.0
GA,2040,11,22,90,0.0
GA,2040,11,23,90,0.0
GA,2040,11,24,90,0.0
GA,2040,11,25,90,0.0
GA,2040,11,26,90,0.0
GA,2040,11,27,90,0.0
GA,2040,11,28,90,0.0
GA,2040,11,29,90,0.0
GA,2040,11,30,90,0.0
GA,2040,11,31,90,0.0
GA,2040,11,32,90,0.0
GA,2040,11,33,90,0.0
GA,2040,11,34,90,0.0
GA,2040,11,35,90,0.0
GA,2040,11,36,90,0.0
GA,2040,11,37,90,0.0
GA,2040,11,38,90,0.0
GA,2040,11,39,90,0.0
GA,2040,11,40,90,0.0
GA,2040,11,41,90,0.0
GA,2040,11,42,90,0.0
GA,2040,11,43,90,0.0
GA,2040,11,44,90,0.0
GA,2040,11,45,90,0.0
GA,2040,11,46,90,0.0
GA,2040,11,47,90,0.0
GA,2040,11,48,90,0.0
GA,2040,11,49,90,0.0
GA,2040,11,50,90,0.0
GA,2040,11,51,90,0.0
GA,2040,11,52,90,0.0
GA,2040,11,53,90,0.0
GA,2040,11,54,90,0.0
GA,2040,11,55,90,0.0
GA,2040,11,56,90,0.0
GA,2040,11,57,90,0.0
GA,2040,11,58,90,0.0
GA,2040,11,59,90,0.0
GA,2040,11,60,90,0.0
GA,2040,11,61,90,0.0
GA,2040,11,62,90,0.0
GA,2040,11,63,90,0.0
GA,2040,11,64,90,0.0
GA,2040,11,65,90,0.0
GA,2040,11,66,90,7.1423040604176475e-06
GA,2040,11,67,90,5.71635604903702e-05
GA,2040,11,68,90,5.71635604903702e-05
GA,2040,11,69,90,3.998509525815896e-05
GA,2040,11,70,90,0.0
GA,2040,11,71,90,0.0
GA,2040,11,72,90,0.0
GA,2040,11,73,90,0.0
GA,2040,11,74,90,0.0
GA,2040,11,75,90,0.0
GA,2040,11,76,90,0.0
GA,2040,11,77,90,1.7867523044062577e-05
GA,2040,11,78,90,3.5149054135325215e-05
GA,2040,11,79,90,3.738023060882924e-05
GA,2040,11,80,90,3.738178893019388e-05
GA,2040,11,81,90,3.4969686250238435e-05
GA,2040,11,82,90,0.0
GA,2040,11,83,90,0.0
GA,2040,11,84,90,0.0
GA,2040,11,85,90,0.0
GA,2040,11,86,90,0.0
GA,2040,11,87,90,0.0
GA,2040,11,88,90,0.0
GA,2040,11,89,90,3.5149054135325215e-05
GA,2040,11,90,90,0.0
GA,2040,11,91,90,0.0
GA,2040,11,92,90,0.1325163797506339
GA,2040,11,93,90,0.1325219041442112
GA,2040,11,94,90,0.1325274287680866
GA,2040,11,95,90,0.12511415606098605
GA,2040,11,96,90,0.12399849096671471
GA,2040,11,97,90,0.1253214129094817
GA,2040,11,98,90,0.12308681232798771
GA,2040,11,99,90,0.005613255482650595
GA,2040,11,100,90,0.12309707512221213
GA,2040,11,101,90,0.08605417610898873
GA,2040,11,102,90,0.0
GA,2040,11,103,90,0.0
GA,2040,11,104,90,0.0
GA,2040,11,105,90,0.0
GA,2040,11,106,90,0.0
GA,2040,11,107,90,0.0
GA,2040,11,108,90,0.0
GA,2040,11,109,90,0.0
GA,2040,11,110,90,0.0
GA,2040,11,111,90,0.0
GA,2040,11,112,90,0.0
GA,2040,11,113,90,0.0
GA,2040,11,114,90,0.0
GA,2040,11,115,90,0.0
GA,2040,11,116,90,0.0
GA,2040,11,117,90,0.0
GA,2040,11,118,90,0.0
GA,2040,11,119,90,0.0
GA,2040,11,120,90,0.0
GA,2040,11,121,90,0.0
GA,2040,11,122,90,0.0
GA,2040,11,123,90,0.0
GA,2040,11,124,90,0.0
GA,2040,11,125,90,0.0
GA,2040,11,126,90,0.0
GA,2040,11,127,90,0.0
GA,2040,11,128,90,0.0
GA,2040,11,129,90,0.0
GA,2040,11,130,90,0.0
GA,2040,11,131,90,0.0
GA,2040,11,132,90,0.0
GA,2040,11,133,90,0.0
GA,2040,11,134,90,0.0
GA,2040,11,135,90,0.0
GA,2040,11,136,90,0.0
GA,2040,11,137,90,0.0
GA,2040,11,138,90,0.0
GA,2040,11,139,90,0.0
GA,2040,11,140,90,0.0
GA,2040,11,141,90,0.0
GA,2040,11,142,90,0.0
GA,2040,11,143,90,0.0
GA,2040,11,144,90,0.0
GA,2040,11,145,90,0.0
GA,2040,11,146,90,0.0
GA,2040,11,147,90,0.0
GA,2040,11,148,90,0.0
GA,2040,11,149,90,0.0
GA,2040,11,150,90,0.0
GA,2040,11,151,90,0.0
GA,2040,11,152,90,0.0
GA,2040,11,153,90,0.0
GA,2040,11,154,90,0.0
GA,2040,11,155,90,0.0
GA,2040,11,156,90,0.0
GA,2040,11,157,90,0.0
GA,2040,11,158,90,0.0
GA,2040,11,159,90,0.0
GA,2040,11,160,90,0.0
GA,2040,11,161,90,0.0
GA,2040,11,162,90,0.0
GA,2040,11,163,90,0.0
GA,2040,11,164,90,0.0
GA,2040,11,165,90,0.0
GA,2040,11,166,90,0.0
GA,2040,11,167,90,0.0
GA,2040,21,0,90,0.0
GA,2040,21,1,90,0.0
GA,2040,21,2,90,0.0
GA,2040,21,3,90,0.0
GA,2040,21,4,90,0.0
GA,2040,21,5,90,0.0
GA,2040,21,6,90,0.0
GA,2040,21,7,90,0.0
GA,2040,21,8,90,0.0
GA,2040,21,9,90,0.0
GA,2040,21,10,90,0.0
GA,2040,21,11,90,0.0
GA,2040,21,12,90,0.0
GA,2040,21,13,90,0.0
GA,2040,21,14,90,0.0
GA,2040,21,15,90,0.0
GA,2040,21,16,90,0.0
GA,2040,21,17,90,0.0
GA,2040,21,18,90,0.0
GA,2040,21,19,90,0.0
GA,2040,21,20,90,0.0
GA,2040,21,21,90,0.0
GA,2040,21,22,90,0.0
GA,2040,21,23,90,0.0
GA,2040,21,24,90,0.0
GA,2040,21,25,90,0.0
GA,2040,21,26,90,0.0
GA,2040,21,27,90,0.0
GA,2040,21,28,90,0.0
GA,2040,21,29,90,0.0
GA,2040,21,30,90,0.0
GA,2040,21,31,90,0.0
GA,2040,21,32,90,0.0
GA,2040,21,33,90,0.0
GA,2040,21,34,90,0.0
GA,2040,21,35,90,0.0
GA,2040,21,36,90,0.0
GA,2040,21,37,90,0.0
GA,2040,21,38,90,0.0
GA,2040,21,39,90,0.0
GA,2040,21,40,90,0.0
GA,2040,21,41,90,0.0
GA,2040,21,42,90,0.0
GA,2040,21,43,90,0.0
GA,2040,21,44,90,0.0
GA,2040,21,45,90,0.0
GA,2040,21,46,90,0.0
GA,2040,21,47,90,0.0
GA,2040,21,48,90,0.0
GA,2040,21,49,90,0.0
GA,2040,21,50,90,0.0
GA,2040,21,51,90,0.0
GA,2040,21,52,90,0.0
GA,2040,21,53,90,0.0
GA,2040,21,54,90,0.0
GA,2040,21,55,90,0.0
GA,2040,21,56,90,0.13336990285979325
GA,2040,21,57,90,3.5149054135325215e-05
GA,2040,21,58,90,3.5149054135325215e-05
GA,2040,21,59,90,0.0
GA,2040,21,60,90,0.0
GA,2040,21,61,90,0.0
GA,2040,21,62,90,0.0
GA,2040,21,63,90,0.0
GA,2040,21,64,90,0.0
GA,2040,21,65,90,0.0
GA,2040,21,66,90,0.0
GA,2040,21,67,90,0.0
GA,2040,21,68,90,0.0
GA,2040,21,69,90,0.0
GA,2040,21,70,90,0.0
GA,2040,21,71,90,0.0
GA,2040,21,72,90,0.0
GA,2040,21,73,90,0.0
GA,2040,21,74,90,0.0
GA,2040,21,75,90,0.0
GA,2040,21,76,90,0.0
GA,2040,21,77,90,0.0
GA,2040,21,78,90,0.0
GA,2040,21,79,90,0.0
GA,2040,21,80,90,0.0
GA,2040,21,81,90,0.0
GA,2040,21,82,90,0.0
GA,2040,21,83,90,0.0
GA,2040,21,84,90,0.0
GA,2040,21,85,90,0.0
GA,2040,21,86,90,0.0
GA,2040,21,87,90,0.0
GA,2040,21,88,90,0.0
GA,2040,21,89,90,0.0
GA,2040,21,90,90,0.0
GA,2040,21,91,90,0.0
GA,2040,21,92,90,0.0
GA,2040,21,93,90,0.0
GA,2040,21,94,90,0.0
GA,2040,21,95,90,0.0
GA,2040,21,96,90,0.0
GA,2040,21,97,90,0.0
GA,2040,21,98,90,0.0
GA,2040,21,99,90,0.0
GA,2040,21,100,90,0.0
GA,2040,21,101,90,0.0
GA,2040,21,102,90,0.0
GA,2040,21,103,90,0.0
GA,2040,21,104,90,0.0
GA,2040,21,105,90,0.0
GA,2040,21,106,90,0.0
GA,2040,21,107,90,0.0
GA,2040,21,108,90,0.0
GA,2040,21,109,90,0.0
GA,2040,21,110,90,0.0
GA,2040,21,111,90,0.0
GA,2040,21,112,90,0.0
GA,2040,21,113,90,0.0
GA,2040,21,114,90,0.0
GA,2040,21,115,90,0.0
GA,2040,21,116,90,0.0
GA,2040,21,117,90,0.0
GA,2040,21,118,90,0.0
GA,2040,21,119,90,0.0
GA,2040,21,120,90,0.0
GA,2040,21,121,90,0.0
GA,2040,21,122,90,0.0
GA,2040,21,123,90,0.0
GA,2040,21,124,90,0.0
GA,2040,21,125,90,0.0
GA,2040,21,126,90,0.0
GA,2040,21,127,90,0.0
GA,2040,21,128,90,0.0
GA,2040,21,129,90,0.0
GA,2040,21,130,90,0.0
GA,2040,21,131,90,0.0
GA,2040,21,132,90,0.0
GA,2040,21,133,90,0.0
GA,2040,21,134,90,0.0
GA,2040,21,135,90,0.0
GA,2040,21,136,90,0.0
GA,2040,21,137,90,0.0
GA,2040,21,138,90,0.0
GA,2040,21,139,90,0.0
GA,2040,21,140,90,0.0
GA,2040,21,141,90,0.0
GA,2040,21,142,90,0.0
GA,2040,21,143,90,0.0
GA,2040,21,144,90,0.0
GA,2040,21,145,90,0.0
GA,2040,21,146,90,0.0
GA,2040,21,147,90,0.0
GA,2040,21,148,90,0.0
GA,2040,21,149,90,0.0
GA,2040,21,150,90,0.0
GA,2040,21,151,90,0.0
GA,2040,21,152,90,0.0
GA,2040,21,153,90,0.0
GA,2040,21,154,90,0.0
GA,2040,21,155,90,0.0
GA,2040,21,156,90,0.0
GA,2040,21,157,90,0.0
GA,2040,21,158,90,0.0
GA,2040,21,159,90,0.0
GA,2040,21,160,90,0.0
GA,2040,21,161,90,0.0
GA,2040,21,162,90,0.0
GA,2040,21,163,90,0.0
GA,2040,21,164,90,0.0
GA,2040,21,165,90,0.0
GA,2040,21,166,90,0.0
GA,2040,21,167,90,0.0
GA,2040,42,0,90,0.0
GA,2040,42,1,90,0.0
GA,2040,42,2,90,0.0
GA,2040,42,3,90,0.0
GA,2040,42,4,90,0.0
GA,2040,42,5,90,0.0
GA,2040,42,6,90,0.0
GA,2040,42,7,90,0.0
GA,2040,42,8,90,0.0
GA,2040,42,9,90,0.0
GA,2040,42,10,90,0.0
GA,2040,42,11,90,0.0
GA,2040,42,12,90,0.0
GA,2040,42,13,90,0.0
GA,2040,42,14,90,0.0
GA,2040,42,15,90,0.0
GA,2040,42,16,90,0.0
GA,2040,42,17,90,0.0
GA,2040,42,18,90,0.0
GA,2040,42,19,90,0.0
GA,2040,42,20,90,0.0
GA,2040,42,21,90,0.0
GA,2040,42,22,90,0.0
GA,2040,42,23,90,0.0
GA,2040,42,24,90,0.0
GA,2040,42,25,90,0.0
GA,2040,42,26,90,0.0
GA,2040,42,27,90,0.0
GA,2040,42,28,90,0.0
GA,2040,42,29,90,0.0
GA,2040,42,30,90,0.0
GA,2040,42,31,90,0.0
GA,2040,42,32,90,0.0
GA,2040,42,33,90,0.0
GA,2040,42,34,90,0.0
GA,2040,42,35,90,0.0
GA,2040,42,36,90,0.0
GA,2040,42,37,90,0.0
GA,2040,42,38,90,0.0
GA,2040,42,39,90,0.0
GA,2040,42,40,90,0.0
GA,2040,42,41,90,0.0
GA,2040,42,42,90,0.0
GA,2040,42,43,90,0.0
GA,2040,42,44,90,0.0
GA,2040,42,45,90,0.0
GA,2040,42,46,90,0.0
GA,2040,42,47,90,0.0
GA,2040,42,48,90,0.0
GA,2040,42,49,90,0.0
GA,2040,42,50,90,0.0
GA,2040,42,51,90,0.0
GA,2040,42,52,90,0.0
GA,2040,42,53,90,0.0
GA,2040,42,54,90,0.0
GA,2040,42,55,90,0.0
GA,2040,42,56,90,0.0
GA,2040,42,57,90,0.0
GA,2040,42,58,90,0.0
GA,2040,42,59,90,0.0
GA,2040,42,60,90,0.0
GA,2040,42,61,90,0.0
GA,2040,42,62,90,0.0
GA,2040,42,63,90,0.0
GA,2040,42,64,90,0.0
GA,2040,42,65,90,0.0
GA,2040,42,66,90,0.0
GA,2040,42,67,90,0.0
GA,2040,42,68,90,0.0
GA,2040,42,69,90,0.0
GA,2040,42,70,90,0.0
GA,2040,42,71,90,0.0
GA,2040,42,72,90,0.0
GA,2040,42,73,90,0.0
GA,2040,42,74,90,0.0
GA,2040,42,75,90,0.0
GA,2040,42,76,90,0.0
GA,2040,42,77,90,0.0
GA,2040,42,78,90,0.0
GA,2040,42,79,90,0.0
GA,2040,42,80,90,0.0
GA,2040,42,81,90,0.0
GA,2040,42,82,90,0.0
GA,2040,42,83,90,0.0
GA,2040,42,84,90,0.0
GA,2040,42,85,90,0.0
GA,2040,42,86,90,0.0
GA,2040,42,87,90,0.0
GA,2040,42,88,90,0.0
GA,2040,42,89,90,0.0
GA,2040,42,90,90,0.0
GA,2040,42,91,90,0.0
GA,2040,42,92,90,0.0
GA,2040,42,93,90,0.0
GA,2040,42,94,90,0.0
GA,2040,42,95,90,0.0
GA,2040,42,96,90,0.0
GA,2040,42,97,90,0.0
GA,2040,42,98,90,0.0
GA,2040,42,99,90,0.0
GA,2040,42,100,90,0.0
GA,2040,42,101,90,0.0
GA,2040,42,102,90,0.0
GA,2040,42,103,90,0.0
GA,2040,42,104,90,0.0
GA,2040,42,105,90,0.0
GA,2040,42,106,90,0.0
GA,2040,42,107,90,0.0
GA,2040,42,108,90,0.0
GA,2040,42,109,90,0.0
GA,2040,42,110,90,0.0
GA,2040,42,111,90,0.0
GA,2040,42,112,90,0.0
GA,2040,42,113,90,0.0
GA,2040,42,114,90,0.0
GA,2040,42,115,90,0.0
GA,2040,42,116,90,0.0
GA,2040,42,117,90,0.0
GA,2040,42,118,90,0.0
GA,2040,42,119,90,0.0
GA,2040,42,120,90,0.0
GA,2040,42,121,90,0.0
GA,2040,42,122,90,0.0
GA,2040,42,123,90,0.0
GA,2040,42,124,90,0.0
GA,2040,42,125,90,0.0
GA,2040,42,126,90,0.0
GA,2040,42,127,90,0.0
GA,2040,42,128,90,0.0
GA,2040,42,129,90,0.0
GA,2040,42,130,90,0.0
GA,2040,42,131,90,0.0
GA,2040,42,132,90,0.0
GA,2040,42,133,90,0.0
GA,2040,42,134,90,0.0
GA,2040,42,135,90,0.0
GA,2040,42,136,90,0.0
GA,2040,42,137,90,0.0
GA,2040,42,138,90,0.0
GA,2040,42,139,90,0.0
GA,2040,42,140,90,0.0
GA,2040,42,141,90,0.0
GA,2040,42,142,90,0.0
GA,2040,42,143,90,0.0
GA,2040,42,144,90,0.0
GA,2040,42,145,90,0.0
GA,2040,42,146,90,0.0
GA,2040,42,147,90,0.0
GA,2040,42,148,90,0.0
GA,2040,42,149,90,0.0
GA,2040,42,150,90,0.0
GA,2040,42,151,90,0.0
GA,2040,42,152,90,0.0
GA,2040,42,153,90,0.0
GA,2040,42,154,90,0.0
GA,2040,42,155,90,0.0
GA,2040,42,156,90,0.0
GA,2040,42,157,90,0.0
GA,2040,42,158,90,0.0
GA,2040,42,159,90,0.0
GA,2040,42,160,90,0.0
GA,2040,42,161,90,0.0
GA,2040,42,162,90,0.0
GA,2040,42,163,90,0.0
GA,2040,42,164,90,0.0
GA,2040,42,165,90,0.0
GA,2040,42,166,90,0.0
GA,2040,42,167,90,0.0
GA,2040,52,0,90,0.0
GA,2040,52,1,90,0.0
GA,2040,52,2,90,0.0
GA,2040,52,3,90,0.0
GA,2040,52,4,90,0.0
GA,2040,52,5,90,0.0
GA,2040,52,6,90,0.0
GA,2040,52,7,90,0.0
GA,2040,52,8,90,0.0
GA,2040,52,9,90,0.0
GA,2040,52,10,90,0.0
GA,2040,52,11,90,0.0
GA,2040,52,12,90,0.0
GA,2040,52,13,90,0.0
GA,2040,52,14,90,0.0
GA,2040,52,15,90,0.0
GA,2040,52,16,90,0.0
GA,2040,52,17,90,0.0
GA,2040,52,18,90,0.0
GA,2040,52,19,90,0.0
GA,2040,52,20,90,0.0
GA,2040,52,21,90,0.0
GA,2040,52,22,90,0.0
GA,2040,52,23,90,0.0
GA,2040,52,24,90,0.0
GA,2040,52,25,90,0.0
GA,2040,52,26,90,0.0
GA,2040,52,27,90,0.0
GA,2040,52,28,90,0.0
GA,2040,52,29,90,0.0
GA,2040,52,30,90,0.0
GA,2040,52,31,90,0.0
GA,2040,52,32,90,0.0
GA,2040,52,33,90,0.0
GA,2040,52,34,90,0.0
GA,2040,52,35,90,0.0
GA,2040,52,36,90,0.0
GA,2040,52,37,90,0.0
GA,2040,52,38,90,0.0
GA,2040,52,39,90,0.0
GA,2040,52,40,90,0.0
GA,2040,52,41,90,0.0
GA,2040,52,42,90,0.0
GA,2040,52,43,90,0.0
GA,2040,52,44,90,0.0
GA,2040,52,45,90,0.0
GA,2040,52,46,90,0.0
GA,2040,52,47,90,0.0
GA,2040,52,48,90,0.0
GA,2040,52,49,90,0.0
GA,2040,52,50,90,0.0
GA,2040,52,51,90,0.0
GA,2040,52,52,90,0.0
GA,2040,52,53,90,0.0
GA,2040,52,54,90,0.0
GA,2040,52,55,90,0.0
GA,2040,52,56,90,0.0
GA,2040,52,57,90,0.0
GA,2040,52,58,90,0.0
GA,2040,52,59,90,0.0
GA,2040,52,60,90,0.0
GA,2040,52,61,90,0.0
GA,2040,52,62,90,0.0
GA,2040,52,63,90,0.0
GA,2040,52,64,90,0.0
GA,2040,52,65,90,0.0
GA,2040,52,66,90,0.0
GA,2040,52,67,90,0.0
GA,2040,52,68,90,0.0
GA,2040,52,69,90,0.0
GA,2040,52,70,90,0.0
GA,2040,52,71,90,0.0
GA,2040,52,72,90,0.0
GA,2040,52,73,90,0.0
GA,2040,52,74,90,0.0
GA,2040,52,75,90,0.0
GA,2040,52,76,90,0.0
GA,2040,52,77,90,0.0
GA,2040,52,78,90,0.0
GA,2040,52,79,90,0.0
GA,2040,52,80,90,0.0
GA,2040,52,81,90,0.0
GA,2040,52,82,90,0.0
GA,2040,52,83,90,0.0
GA,2040,52,84,90,0.0
GA,2040,52,85,90,0.0
GA,2040,52,86,90,0.0
GA,2040,52,87,90,0.0
GA,2040,52,88,90,0.0
GA,2040,52,89,90,0.0
GA,2040,52,90,90,0.0
GA,2040,52,91,90,0.0
GA,2040,52,92,90,0.0
GA,2040,52,93,90,0.0
GA,2040,52,94,90,0.0
GA,2040,52,95,90,0.0
GA,2040,52,96,90,0.0
GA,2040,52,97,90,0.0
GA,2040,52,98,90,0.0
GA,2040,52,99,90,0.0
GA,2040,52,100,90,0.0
GA,2040,52,101,90,0.0
GA,2040,52,102,90,0.0
GA,2040,52,103,90,0.0
GA,2040,52,104,90,0.0
GA,2040,52,105,90,0.0
GA,2040,52,106,90,0.0
GA,2040,52,107,90,0.0
GA,2040,52,108,90,0.0
GA,2040,52,109,90,0.0
GA,2040,52,110,90,0.0
GA,2040,52,111,90,0.0
GA,2040,52,112,90,0.0
GA,2040,52,113,90,0.0
GA,2040,52,114,90,0.0
GA,2040,52,115,90,0.0
GA,2040,52,116,90,0.0
GA,2040,52,117,90,0.0
GA,2040,52,118,90,0.0
GA,2040,52,119,90,0.0
GA,2040,52,120,90,0.0
GA,2040,52,121,90,0.0
GA,2040,52,122,90,0.0
GA,2040,52,123,90,0.0
GA,2040,52,124,90,0.0
GA,2040,52,125,90,0.0
GA,2040,52,126,90,0.0
GA,2040,52,127,90,0.0
GA,2040,52,128,90,0.0
GA,2040,52,129,90,0.0
GA,2040,52,130,90,0.0
GA,2040,52,131,90,0.0
GA,2040,52,132,90,0.0
GA,2040,52,133,90,0.0
GA,2040,52,134,90,0.0
GA,2040,52,135,90,0.0
GA,2040,52,136,90,0.0
GA,2040,52,137,90,0.0
GA,2040,52,138,90,0.0
GA,2040,52,139,90,0.0
GA,2040,52,140,90,0.0
GA,2040,52,141,90,0.0
GA,2040,52,142,90,0.0
GA,2040,52,143,90,0.0
GA,2040,52,144,90,0.0
GA,2040,52,145,90,0.0
GA,2040,52,146,90,0.0
GA,2040,52,147,90,0.0
GA,2040,52,148,90,0.0
GA,2040,52,149,90,0.0
GA,2040,52,150,90,0.0
GA,2040,52,151,90,0.0
GA,2040,52,152,90,0.0
GA,2040,52,153,90,0.0
GA,2040,52,154,90,0.0
GA,2040,52,155,90,0.0
GA,2040,52,156,90,0.0
GA,2040,52,157,90,0.0
GA,2040,52,158,90,0.0
GA,2040,52,159,90,0.0
GA,2040,52,160,90,0.0
GA,2040,52,161,90,0.0
GA,2040,52,162,90,0.0
GA,2040,52,163,90,0.0
GA,2040,52,164,90,0.0
GA,2040,52,165,90,0.0
GA,2040,52,166,90,0.0
GA,2040,52,167,90,0.0
DE,2040,11,0,90,0.0
DE,2040,11,1,90,0.0
DE,2040,11,2,90,0.0
DE,2040,11,3,90,0.0
DE,2040,11,4,90,0.0
DE,2040,11,5,90,0.0
DE,2040,11,6,90,0.0
DE,2040,11,7,90,0.0
DE,2040,11,8,90,0.0
DE,2040,11,9,90,0.0
DE,2040,11,10,90,0.0
DE,2040,11,11,90,0.0
DE,2040,11,12,90,0.0
DE,2040,11,13,90,0.0
DE,2040,11,14,90,0.0
DE,2040,11,15,90,0.0
DE,2040,11,16,90,0.0
DE,2040,11,17,90,0.0
DE,2040,11,18,90,0.0
DE,2040,11,19,90,0.0
DE,2040,11,20,90,0.0
DE,2040,11,21,90,0.0
DE,2040,11,22,90,0.0
DE,2040,11,23,90,0.0
DE,2040,11,24,90,0.0
DE,2040,11,25,90,0.0
DE,2040,11,26,90,0.0
DE,2040,11,27,90,0.0
DE,2040,11,28,90,0.0
DE,2040,11,29,90,0.0
DE,2040,11,30,90,0.0
DE,2040,11,31,90,0.0
DE,2040,11,32,90,0.0
DE,2040,11,33,90,0.0
DE,2040,11,34,90,0.0
DE,2040,11,35,90,0.0
DE,2040,11,36,90,0.0
DE,2040,11,37,90,0.0
DE,2040,11,38,90,0.0
DE,2040,11,39,90,0.0
DE,2040,11,40,90,0.0
DE,2040,11,41,90,0.0
DE,2040,11,42,90,0.0
DE,2040,11,43,90,0.0
DE,2040,11,44,90,0.0
DE,2040,11,45,90,0.0
DE,2040,11,46,90,0.0
DE,2040,11,47,90,0.0
DE,2040,11,48,90,0.0
DE,2040,11,49,90,0.0
DE,2040,11,50,90,0.0
DE,2040,11,51,90,0.0
DE,2040,11,52,90,0.0
DE,2040,11,53,90,0.0
DE,2040,11,54,90,0.0
DE,2040,11,55,90,0.0
DE,2040,11,56,90,0.0
DE,2040,11,57,90,0.0
DE,2040,11,58,90,0.0
DE,2040,11,59,90,0.0
DE,2040,11,60,90,0.0
DE,2040,11,61,90,0.0
DE,2040,11,62,90,0.0
DE,2040,11,63,90,0.0
DE,2040,11,64,90,0.0
DE,2040,11,65,90,0.0
DE,2040,11,66,90,5.71635604903702e-05
DE,2040,11,67,90,3.5149054135325215e-05
DE,2040,11,68,90,3.7648681733253734e-05
DE,2040,11,69,90,3.5149054135325215e-05
DE,2040,11,70,90,5.71635604903702e-05
DE,2040,11,71,90,3.4969686250238435e-05
DE,2040,11,72,90,1.7867523044062577e-05
DE,2040,11,73,90,0.0
DE,2040,11,74,90,0.0
DE,2040,11,75,90,2.05920392009032e-07
DE,2040,11,76,90,1.7867523044062577e-05
DE,2040,11,77,90,3.5149054135325215e-05
DE,2040,11,78,90,3.791363798885253e-05
DE,2040,11,79,90,3.5905495954434445e-05
DE,2040,11,80,90,3.79167991712527e-05
DE,2040,11,81,90,5.71635604903702e-05
DE,2040,11,82,90,5.71635604903702e-05
DE,2040,11,83,90,5.674697964361742e-05
DE,2040,11,84,90,5.695526572543778e-05
DE,2040,11,85,90,3.4969686250238435e-05
DE,2040,11,86,90,3.497114407990577e-05
DE,2040,11,87,90,5.716832670250369e-05
DE,2040,11,88,90,5.7170709957593314e-05
DE,2040,11,89,90,0.12135548805952485
DE,2040,11,90,90,0.13601719376122498
DE,2040,11,91,90,0.1360228640980697
DE,2040,11,92,90,0.13602853467130643
DE,2040,11,93,90,0.13603420548093298
DE,2040,11,94,90,0.13460380799270558
DE,2040,11,95,90,0.1264300469689581
DE,2040,11,96,90,0.12545038042068557
DE,2040,11,97,90,0.12545561024417018
DE,2040,11,98,90,0.12546084028567997
DE,2040,11,99,90,0.12546607054521494
DE,2040,11,100,90,0.12547130102280565
DE,2040,11,101,90,0.12547653171843462
DE,2040,11,102,90,0.1188946125710513
DE,2040,11,103,90,0.11889956909518169
DE,2040,11,104,90,0.11890452582593217
DE,2040,11,105,90,0.0
DE,2040,11,106,90,0.0
DE,2040,11,107,90,0.0
DE,2040,11,108,90,0.0
DE,2040,11,109,90,0.0
DE,2040,11,110,90,0.0
DE,2040,11,111,90,0.0
DE,2040,11,112,90,0.0
DE,2040,11,113,90,0.0
DE,2040,11,114,90,0.0
DE,2040,11,115,90,0.0
DE,2040,11,116,90,0.0
DE,2040,11,117,90,0.0
DE,2040,11,118,90,0.0
DE,2040,11,119,90,0.0
DE,2040,11,120,90,0.0
DE,2040,11,121,90,0.0
DE,2040,11,122,90,0.0
DE,2040,11,123,90,0.0
DE,2040,11,124,90,0.0
DE,2040,11,125,90,0.0
DE,2040,11,126,90,0.0
DE,2040,11,127,90,0.0
DE,2040,11,128,90,0.0
DE,2040,11,129,90,0.0
DE,2040,11,130,90,0.0
DE,2040,11,131,90,0.0
DE,2040,11,132,90,0.0
DE,2040,11,133,90,0.0
DE,2040,11,134,90,0.0
DE,2040,11,135,90,0.0
DE,2040,11,136,90,0.0
DE,2040,11,137,90,0.0
DE,2040,11,138,90,0.0
DE,2040,11,139,90,0.0
DE,2040,11,140,90,0.0
DE,2040,11,141,90,0.0
DE,2040,11,142,90,0.0
DE,2040,11,143,90,0.0
DE,2040,11,144,90,0.0
DE,2040,11,145,90,0.0
DE,2040,11,146,90,0.0
DE,2040,11,147,90,0.0
DE,2040,11,148,90,0.0
DE,2040,11,149,90,0.0
DE,2040,11,150,90,0.0
DE,2040,11,151,90,0.0
DE,2040,11,152,90,0.0
DE,2040,11,153,90,0.0
DE,2040,11,154,90,0.0
DE,2040,11,155,90,0.0
DE,2040,11,156,90,0.0
DE,2040,11,157,90,0.0
DE,2040,11,158,90,0.0
DE,2040,11,159,90,0.0
DE,2040,11,160,90,0.0
DE,2040,11,161,90,0.0
DE,2040,11,162,90,0.0
DE,2040,11,163,90,0.0
DE,2040,11,164,90,0.0
DE,2040,11,165,90,0.0
DE,2040,11,166,90,0.0
DE,2040,11,167,90,0.0
DE,2040,21,0,90,0.0
DE,2040,21,1,90,0.0
DE,2040,21,2,90,0.0
DE,2040,21,3,90,0.0
DE,2040,21,4,90,0.0
DE,2040,21,5,90,0.0
DE,2040,21,6,90,0.0
DE,2040,21,7,90,0.0
DE,2040,21,8,90,0.0
DE,2040,21,9,90,0.0
DE,2040,21,10,90,0.0
DE,2040,21,11,90,0.0
DE,2040,21,12,90,0.0
DE,2040,21,13,90,0.0
DE,2040,21,14,90,0.0
DE,2040,21,15,90,0.0
DE,2040,21,16,90,0.0
DE,2040,21,17,90,0.0
DE,2040,21,18,90,0.0
DE,2040,21,19,90,0.0
DE,2040,21,20,90,0.0
DE,2040,21,21,90,0.0
DE,2040,21,22,90,0.0
DE,2040,21,23,90,0.0
DE,2040,21,24,90,0.0
DE,2040,21,25,90,0.0
DE,2040,21,26,90,0.0
DE,2040,21,27,90,0.0
DE,2040,21,28,90,0.0
DE,2040,21,29,90,0.0
DE,2040,21,30,90,0.0
DE,2040,21,31,90,0.0
DE,2040,21,32,90,0.0
DE,2040,21,33,90,0.0
DE,2040,21,34,90,0.0
DE,2040,21,35,90,0.0
DE,2040,21,36,90,0.0
DE,2040,21,37,90,0.0
DE,2040,21,38,90,0.0
DE,2040,21,39,90,0.0
DE,2040,21,40,90,0.0
DE,2040,21,41,90,0.0
DE,2040,21,42,90,0.0
DE,2040,21,43,90,0.0
DE,2040,21,44,90,0.0
DE,2040,21,45,90,0.0
DE,2040,21,46,90,0.0
DE,2040,21,47,90,0.0
DE,2040,21,48,90,0.0
DE,2040,21,49,90,0.0
DE,2040,21,50,90,0.0
DE,2040,21,51,90,0.0
DE,2040,21,52,90,0.0
DE,2040,21,53,90,0.0
DE,2040,21,54,90,0.0
DE,2040,21,55,90,0.13455234418309822
DE,2040,21,56,90,0.13048593971175126
DE,2040,21,57,90,0.0
DE,2040,21,58,90,0.0
DE,2040,21,59,90,0.0
DE,2040,21,60,90,0.0
DE,2040,21,61,90,0.0
DE,2040,21,62,90,0.0
DE,2040,21,63,90,0.0
DE,2040,21,64,90,0.0
DE,2040,21,65,90,0.0
DE,2040,21,66,90,0.0
DE,2040,21,67,90,0.0
DE,2040,21,68,90,0.0
DE,2040,21,69,90,0.0
DE,2040,21,70,90,0.0
DE,2040,21,71,90,0.0
DE,2040,21,72,90,0.0
DE,2040,21,73,90,0.0
DE,2040,21,74,90,0.0
DE,2040,21,75,90,0.0
DE,2040,21,76,90,0.0
DE,2040,21,77,90,0.0
DE,2040,21,78,90,0.0
DE,2040,21,79,90,0.0
DE,2040,21,80,90,0.0
DE,2040,21,81,90,0.0
DE,2040,21,82,90,0.0
DE,2040,21,83,90,0.0
DE,2040,21,84,90,0.0
DE,2040,21,85,90,0.0
DE,2040,21,86,90,0.0
DE,2040,21,87,90,0.0
DE,2040,21,88,90,0.0
DE,2040,21,89,90,0.0
DE,2040,21,90,90,0.0
DE,2040,21,91,90,0.0
DE,2040,21,92,90,0.0
DE,2040,21,93,90,0.0
DE,2040,21,94,90,0.0
DE,2040,21,95,90,0.0
DE,2040,21,96,90,0.0
DE,2040,21,97,90,0.0
DE,2040,21,98,90,0.0
DE,2040,21,99,90,0.0
DE,2040,21,100,90,0.0
DE,2040,21,101,90,0.0
DE,2040,21,102,90,0.0
DE,2040,21,103,90,0.0
DE,2040,21,104,90,0.0
DE,2040,21,105,90,0.0
DE,2040,21,106,90,0.0
DE,2040,21,107,90,0.0
DE,2040,21,108,90,0.0
DE,2040,21,109,90,0.0
DE,2040,21,110,90,0.0
DE,2040,21,111,90,0.0
DE,2040,21,112,90,0.0
DE,2040,21,113,90,0.0
DE,2040,21,114,90,0.0
DE,2040,21,115,90,0.0
DE,2040,21,116,90,0.0
DE,2040,21,117,90,0.0
DE,2040,21,118,90,0.0
DE,2040,21,119,90,0.0
DE,2040,21,120,90,0.0
DE,2040,21,121,90,0.0
DE,2040,21,122,90,0.0
DE,2040,21,123,90,0.0
DE,2040,21,124,90,0.0
DE,2040,21,125,90,0.0
DE,2040,21,126,90,0.0
DE,2040,21,127,90,0.0
DE,2040,21,128,90,0.0
DE,2040,21,129,90,0.0
DE,2040,21,130,90,0.0
DE,2040,21,131,90,0.0
DE,2040,21,132,90,0.0
DE,2040,21,133,90,0.0
DE,2040,21,134,90,0.0
DE,2040,21,135,90,0.0
DE,2040,21,136,90,0.0
DE,2040,21,137,90,0.0
DE,2040,21,138,90,0.0
DE,2040,21,139,90,0.0
DE,2040,21,140,90,0.0
DE,2040,21,141,90,0.0
DE,2040,21,142,90,0.0
DE,2040,21,143,90,0.0
DE,2040,21,144,90,0.0
DE,2040,21,145,90,0.0
DE,2040,21,146,90,0.0
DE,2040,21,147,90,0.0
DE,2040,21,148,90,0.0
DE,2040,21,149,90,0.0
DE,2040,21,150,90,0.0
DE,2040,21,151,90,0.0
DE,2040,21,152,90,0.0
DE,2040,21,153,90,0.0
DE,2040,21,154,90,0.0
DE,2040,21,155,90,0.0
DE,2040,21,156,90,0.0
DE,2040,21,157,90,0.0
DE,2040,21,158,90,0.0
DE,2040,21,159,90,0.0
DE,2040,21,160,90,0.0
DE,2040,21,161,90,0.0
DE,2040,21,162,90,0.0
DE,2040,21,163,90,0.0
DE,2040,21,164,90,0.0
DE,2040,21,165,90,0.0
DE,2040,21,166,90,0.0
DE,2040,21,167,90,0.0
DE,2040,42,0,90,0.0
DE,2040,42,1,90,0.0
DE,2040,42,2,90,0.0
DE,2040,42,3,90,0.0
DE,2040,42,4,90,0.0
DE,2040,42,5,90,0.0
DE,2040,42,6,90,0.0
DE,2040,42,7,90,0.0
DE,2040,42,8,90,0.0
DE,2040,42,9,90,0.0
DE,2040,42,10,90,0.0
DE,2040,42,11,90,0.0
DE,2040,42,12,90,0.0
DE,2040,42,13,90,0.0
DE,2040,42,14,90,0.0
DE,2040,42,15,90,0.0
DE,2040,42,16,90,0.0
DE,2040,42,17,90,0.0
DE,2040,42,18,90,0.0
DE,2040,42,19,90,0.0
DE,2040,42,20,90,0.0
DE,2040,42,21,90,0.0
DE,2040,42,22,90,0.0
DE,2040,42,23,90,0.0
DE,2040,42,24,90,0.0
DE,2040,42,25,90,0.0
DE,2040,42,26,90,0.0
DE,2040,42,27,90,0.0
DE,2040,42,28,90,0.0
DE,2040,42,29,90,0.0
DE,2040,42,30,90,0.0
DE,2040,42,31,90,0.0
DE,2040,42,32,90,0.0
DE,2040,42,33,90,0.0
DE,2040,42,34,90,0.0
DE,2040,42,35,90,0.0
DE,2040,42,36,90,0.0
DE,2040,42,37,90,0.0
DE,2040,42,38,90,0.0
DE,2040,42,39,90,0.0
DE,2040,42,40,90,0.0
DE,2040,42,41,90,0.0
DE,2040,42,42,90,0.0
DE,2040,42,43,90,0.0
DE,2040,42,44,90,0.0
DE,2040,42,45,90,0.0
DE,2040,42,46,90,0.0
DE,2040,42,47,90,0.0
DE,2040,42,48,90,0.0
DE,2040,42,49,90,0.0
DE,2040,42,50,90,0.0
DE,2040,42,51,90,0.0
DE,2040,42,52,90,0.0
DE,2040,42,53,90,0.0
DE,2040,42,54,90,0.0
DE,2040,42,55,90,0.0
DE,2040,42,56,90,0.0
DE,2040,42,57,90,0.0
DE,2040,42,58,90,0.0
DE,2040,42,59,90,0.0
DE,2040,42,60,90,0.0
DE,2040,42,61,90,0.0
DE,2040,42,62,90,0.0
DE,2040,42,63,90,0.0
DE,2040,42,64,90,0.0
DE,2040,42,65,90,0.0
DE,2040,42,66,90,0.0
DE,2040,42,67,90,0.0
DE,2040,42,68,90,0.0
DE,2040,42,69,90,0.0
DE,2040,42,70,90,0.0
DE,2040,42,71,90,0.0
DE,2040,42,72,90,0.0
DE,2040,42,73,90,0.0
DE,2040,42,74,90,0.0
DE,2040,42,75,90,0.0
DE,2040,42,76,90,0.0
DE,2040,42,77,90,0.0
DE,2040,42,78,90,0.0
DE,2040,42,79,90,0.0
DE,2040,42,80,90,0.0
DE,2040,42,81,90,0.0
DE,2040,42,82,90,0.0
DE,2040,42,83,90,0.0
DE,2040,42,84,90,0.0
DE,2040,42,85,90,0.0
DE,2040,42,86,90,0.0
DE,2040,42,87,90,0.0
DE,2040,42,88,90,0.0
DE,2040,42,89,90,0.0
DE,2040,42,90,90,0.0
DE,2040,42,91,90,0.0
DE,2040,42,92,90,0.0
DE,2040,42,93,90,0.0
DE,2040,42,94,90,0.0
DE,2040,42,95,90,0.0
DE,2040,42,96,90,0.0
DE,2040,42,97,90,0.0
DE,2040,42,98,90,0.0
DE,2040,42,99,90,0.0
DE,2040,42,100,90,0.0
DE,2040,42,101,90,0.0
DE,2040,42,102,90,0.0
DE,2040,42,103,90,0.0
DE,2040,42,104,90,0.0
DE,2040,42,105,90,0.0
DE,2040,42,106,90,0.0
DE,2040,42,107,90,0.0
DE,2040,42,108,90,0.0
DE,2040,42,109,90,0.0
DE,2040,42,110,90,0.0
DE,2040,42,111,90,0.0
DE,2040,42,112,90,0.0
DE,2040,42,113,90,0.0
DE,2040,42,114,90,0.0
DE,2040,42,115,90,0.0
DE,2040,42,116,90,0.0
DE,2040,42,117,90,0.0
DE,2040,42,118,90,0.0
DE,2040,42,119,90,0.0
DE,2040,42,120,90,0.0
DE,2040,42,121,90,0.0
DE,2040,42,122,90,0.0
DE,2040,42,123,90,0.0
DE,2040,42,124,90,0.0
DE,2040,42,125,90,0.0
DE,2040,42,126,90,0.0
DE,2040,42,127,90,0.0
DE,2040,42,128,90,0.0
DE,2040,42,129,90,0.0
DE,2040,42,130,90,0.0
DE,2040,42,131,90,0.0
DE,2040,42,132,90,0.0
DE,2040,42,133,90,0.0
DE,2040,42,134,90,0.0
DE,2040,42,135,90,0.0
DE,2040,42,136,90,0.0
DE,2040,42,137,90,0.0
DE,2040,42,138,90,0.0
DE,2040,42,139,90,0.0
DE,2040,42,140,90,0.0
DE,2040,42,141,90,0.0
DE,2040,42,142,90,0.0
DE,2040,42,143,90,0.0
DE,2040,42,144,90,0.0
DE,2040,42,145,90,0.0
DE,2040,42,146,90,0.0
DE,2040,42,147,90,0.0
DE,2040,42,148,90,0.0
DE,2040,42,149,90,0.0
DE,2040,42,150,90,0.0
DE,2040,42,151,90,0.0
DE,2040,42,152,90,0.0
DE,2040,42,153,90,0.0
DE,2040,42,154,90,0.0
DE,2040,42,155,90,0.0
DE,2040,42,156,90,0.0
DE,2040,42,157,90,0.0
DE,2040,42,158,90,0.0
DE,2040,42,159,90,0.0
DE,2040,42,160,90,0.0
DE,2040,42,161,90,0.0
DE,2040,42,162,90,0.0
DE,2040,42,163,90,0.0
DE,2040,42,164,90,0.0
DE,2040,42,165,90,0.0
DE,2040,42,166,90,0.0
DE,2040,42,167,90,0.0
DE,2040,52,0,90,0.0
DE,2040,52,1,90,0.0
DE,2040,52,2,90,0.0
DE,2040,52,3,90,0.0
DE,2040,52,4,90,0.0
DE,2040,52,5,90,0.0
DE,2040,52,6,90,0.0
DE,2040,52,7,90,0.0
DE,2040,52,8,90,0.0
DE,2040,52,9,90,0.0
DE,2040,52,10,90,0.0
DE,2040,52,11,90,0.0
DE,2040,52,12,90,0.0
DE,2040,52,13,90,0.0
DE,2040,52,14,90,0.0
DE,2040,52,15,90,0.0
DE,2040,52,16,90,0.0
DE,2040,52,17,90,0.0
DE,2040,52,18,90,0.0
DE,2040,52,19,90,0.0
DE,2040,52,20,90,0.0
DE,2040,52,21,90,0.0
DE,2040,52,22,90,0.0
DE,2040,52,23,90,0.0
DE,2040,52,24,90,0.0
DE,2040,52,25,90,0.0
DE,2040,52,26,90,0.0
DE,2040,52,27,90,0.0
DE,2040,52,28,90,0.0
DE,2040,52,29,90,0.0
DE,2040,52,30,90,0.0
DE,2040,52,31,90,0.0
DE,2040,52,32,90,0.0
DE,2040,52,33,90,0.0
DE,2040,52,34,90,0.0
DE,2040,52,35,90,0.0
DE,2040,52,36,90,0.0
DE,2040,52,37,90,0.0
DE,2040,52,38,90,0.0
DE,2040,52,39,90,0.0
DE,2040,52,40,90,0.0
DE,2040,52,41,90,0.0
DE,2040,52,42,90,0.0
DE,2040,52,43,90,0.0
DE,2040,52,44,90,0.0
DE,2040,52,45,90,0.0
DE,2040,52,46,90,0.0
DE,2040,52,47,90,0.0
DE,2040,52,48,90,0.0
DE,2040,52,49,90,0.0
DE,2040,52,50,90,0.0
DE,2040,52,51,90,0.0
DE,2040,52,52,90,0.0
DE,2040,52,53,90,0.0
DE,2040,52,54,90,0.0
DE,2040,52,55,90,0.0
DE,2040,52,56,90,0.0
DE,2040,52,57,90,0.0
DE,2040,52,58,90,0.0
DE,2040,52,59,90,0.0
DE,2040,52,60,90,0.0
DE,2040,52,61,90,0.0
DE,2040,52,62,90,0.0
DE,2040,52,63,90,0.0
DE,2040,52,64,90,0.0
DE,2040,52,65,90,0.0
DE,2040,52,66,90,0.0
DE,2040,52,67,90,0.0
DE,2040,52,68,90,0.0
DE,2040,52,69,90,0.0
DE,2040,52,70,90,0.0
DE,2040,52,71,90,0.0
DE,2040,52,72,90,0.0
DE,2040,52,73,90,0.0
DE,2040,52,74,90,0.0
DE,2040,52,75,90,0.0
DE,2040,52,76,90,0.0
DE,2040,52,77,90,0.0
DE,2040,52,78,90,0.0
DE,2040,52,79,90,0.0
DE,2040,52,80,90,0.0
DE,2040,52,81,90,0.0
DE,2040,52,82,90,0.0
DE,2040,52,83,90,0.0
DE,2040,52,84,90,0.0
DE,2040,52,85,90,0.0
DE,2040,52,86,90,0.0
DE,2040,52,87,90,0.0
DE,2040,52,88,90,0.0
DE,2040,52,89,90,0.0
DE,2040,52,90,90,0.0
DE,2040,52,91,90,0.0
DE,2040,52,92,90,0.0
DE,2040,52,93,90,0.0
DE,2040,52,94,90,0.0
DE,2040,52,95,90,0.0
DE,2040,52,96,90,0.0
DE,2040,52,97,90,0.0
DE,2040,52,98,90,0.0
DE,2040,52,99,90,0.0
DE,2040,52,100,90,0.0
DE,2040,52,101,90,0.0
DE,2040,52,102,90,0.0
DE,2040,52,103,90,0.0
DE,2040,52,104,90,0.0
DE,2040,52,105,90,0.0
DE,2040,52,106,90,0.0
DE,2040,52,107,90,0.0
DE,2040,52,108,90,0.0
DE,2040,52,109,90,0.0
DE,2040,52,110,90,0.0
DE,2040,52,111,90,0.0
DE,2040,52,112,90,0.0
DE,2040,52,113,90,0.0
DE,2040,52,114,90,0.0
DE,2040,52,115,90,0.0
DE,2040,52,116,90,0.0
DE,2040,52,117,90,0.0
DE,2040,52,118,90,0.0
DE,2040,52,119,90,0.0
DE,2040,52,120,90,0.0
DE,2040,52,121,90,0.0
DE,2040,52,122,90,0.0
DE,2040,52,123,90,0.0
DE,2040,52,124,90,0.0
DE,2040,52,125,90,0.0
DE,2040,52,126,90,0.0
DE,2040,52,127,90,0.0
DE,2040,52,128,90,0.0
DE,2040,52,129,90,0.0
DE,2040,52,130,90,0.0
DE,2040,52,131,90,0.0
DE,2040,52,132,90,0.0
DE,2040,52,133,90,0.0
DE,2040,52,134,90,0.0
DE,2040,52,135,90,0.0
DE,2040,52,136,90,0.0
DE,2040,52,137,90,0.0
DE,2040,52,138,90,0.0
DE,2040,52,139,90,0.0
DE,2040,52,140,90,0.0
DE,2040,52,141,90,0.0
DE,2040,52,142,90,0.0
DE,2040,52,143,90,0.0
DE,2040,52,144,90,0.0
DE,2040,52,145,90,0.0
DE,2040,52,146,90,0.0
DE,2040,52,147,90,0.0
DE,2040,52,148,90,0.0
DE,2040,52,149,90,0.0
DE,2040,52,150,90,0.0
DE,2040,52,151,90,0.0
DE,2040,52,152,90,0.0
DE,2040,52,153,90,0.0
DE,2040,52,154,90,0.0
DE,2040,52,155,90,0.0
DE,2040,52,156,90,0.0
DE,2040,52,157,90,0.0
DE,2040,52,158,90,0.0
DE,2040,52,159,90,0.0
DE,2040,52,160,90,0.0
DE,2040,52,161,90,0.0
DE,2040,52,162,90,0.0
DE,2040,52,163,90,0.0
DE,2040,52,164,90,0.0
DE,2040,52,165,90,0.0
DE,2040,52,166,90,0.0
DE,2040,52,167,90,0.0
GA,2050,11,0,90,0.0
GA,2050,11,1,90,0.0
GA,2050,11,2,90,0.0
GA,2050,11,3,90,0.0
GA,2050,11,4,90,0.0
GA,2050,11,5,90,0.0
GA,2050,11,6,90,0.0
GA,2050,11,7,90,0.0
GA,2050,11,8,90,0.0
GA,2050,11,9,90,0.0
GA,2050,11,10,90,0.0
GA,2050,11,11,90,0.0
GA,2050,11,12,90,0.0
GA,2050,11,13,90,0.0
GA,2050,11,14,90,0.0
GA,2050,11,15,90,0.0
GA,2050,11,16,90,0.0
GA,2050,11,17,90,0.0
GA,2050,11,18,90,0.0
GA,2050,11,19,90,0.0
GA,2050,11,20,90,0.0
GA,2050,11,21,90,0.0
GA,2050,11,22,90,0.0
GA,2050,11,23,90,0.0
GA,2050,11,24,90,0.0
GA,2050,11,25,90,0.0
GA,2050,11,26,90,0.0
GA,2050,11,27,90,0.0
GA,2050,11,28,90,0.0
GA,2050,11,29,90,0.0
GA,2050,11,30,90,0.0
GA,2050,11,31,90,0.0
GA,2050,11,32,90,0.0
GA,2050,11,33,90,0.0
GA,2050,11,34,90,0.0
GA,2050,11,35,90,0.0
GA,2050,11,36,90,0.0
GA,2050,11,37,90,0.0
GA,2050,11,38,90,0.0
GA,2050,11,39,90,0.0
GA,2050,11,40,90,0.0
GA,2050,11,41,90,0.0
GA,2050,11,42,90,0.0
GA,2050,11,43,90,0.0
GA,2050,11,44,90,0.0
GA,2050,11,45,90,0.0
GA,2050,11,46,90,0.0
GA,2050,11,47,90,0.0
GA,2050,11,48,90,0.0
GA,2050,11,49,90,0.0
GA,2050,11,50,90,0.0
GA,2050,11,51,90,0.0
GA,2050,11,52,90,0.0
GA,2050,11,53,90,0.0
GA,2050,11,54,90,0.0
GA,2050,11,55,90,0.0
GA,2050,11,56,90,0.0
GA,2050,11,57,90,0.0
GA,2050,11,58,90,0.0
GA,2050,11,59,90,0.0
GA,2050,11,60,90,0.0
GA,2050,11,61,90,0.0
GA,2050,11,62,90,0.0
GA,2050,11,63,90,0.0
GA,2050,11,64,90,0.0
GA,2050,11,65,90,0.0
GA,2050,11,66,90,5.997764288723578e-05
GA,2050,11,67,90,8.580233832813092e-05
GA,2050,11,68,90,8.580233832813092e-05
GA,2050,11,69,90,8.574534073555476e-05
GA,2050,11,70,90,8.574534073555476e-05
GA,2050,11,71,90,2.680128456609067e-05
GA,2050,11,72,90,0.0
GA,2050,11,73,90,0.0
GA,2050,11,74,90,0.0
GA,2050,11,75,90,0.0
GA,2050,11,76,90,0.0
GA,2050,11,77,90,5.245452937535765e-05
GA,2050,11,78,90,5.6224528750719006e-05
GA,2050,11,79,90,0.0
GA,2050,11,80,90,5.622921666779104e-05
GA,2050,11,81,90,8.574534073555476e-05
GA,2050,11,82,90,8.574534073555476e-05
GA,2050,11,83,90,0.0
GA,2050,11,84,90,0.0
GA,2050,11,85,90,0.0
GA,2050,11,86,90,0.0
GA,2050,11,87,90,0.0
GA,2050,11,88,90,8.574891532014717e-05
GA,2050,11,89,90,0.12479634444246379
GA,2050,11,90,90,0.032551080432295584
GA,2050,11,91,90,0.032552437434193573
GA,2050,11,92,90,0.032553794492670235
GA,2050,11,93,90,0.20254041249086246
GA,2050,11,94,90,0.2016014733890543
GA,2050,11,95,90,0.19143891541225144
GA,2050,11,96,90,0.18789202108901007
GA,2050,11,97,90,0.18798211936422474
GA,2050,11,98,90,0.18790768724456314
GA,2050,11,99,90,0.030026028628486055
GA,2050,11,100,90,0.03002728036506235
GA,2050,11,101,90,0.1879311889270972
GA,2050,11,102,90,0.03256736818934208
GA,2050,11,103,90,0.03256872587025386
GA,2050,11,104,90,0.0
GA,2050,11,105,90,0.0
GA,2050,11,106,90,0.0
GA,2050,11,107,90,0.0
GA,2050,11,108,90,0.0
GA,2050,11,109,90,0.0
GA,2050,11,110,90,0.0
GA,2050,11,111,90,0.0
GA,2050,11,112,90,0.0
GA,2050,11,113,90,0.0
GA,2050,11,114,90,0.0
GA,2050,11,115,90,0.0
GA,2050,11,116,90,0.0
GA,2050,11,117,90,0.0
GA,2050,11,118,90,0.0
GA,2050,11,119,90,0.0
GA,2050,11,120,90,0.0
GA,2050,11,121,90,0.0
GA,2050,11,122,90,0.0
GA,2050,11,123,90,0.0
GA,2050,11,124,90,0.0
GA,2050,11,125,90,0.0
GA,2050,11,126,90,0.0
GA,2050,11,127,90,0.0
GA,2050,11,128,90,0.0
GA,2050,11,129,90,0.0
GA,2050,11,130,90,0.0
GA,2050,11,131,90,0.0
GA,2050,11,132,90,0.0
GA,2050,11,133,90,0.0
GA,2050,11,134,90,0.0
GA,2050,11,135,90,0.0
GA,2050,11,136,90,0.0
GA,2050,11,137,90,0.0
GA,2050,11,138,90,0.0
GA,2050,11,139,90,0.0
GA,2050,11,140,90,0.0
GA,2050,11,141,90,0.0
GA,2050,11,142,90,0.0
GA,2050,11,143,90,0.0
GA,2050,11,144,90,0.0
GA,2050,11,145,90,0.0
GA,2050,11,146,90,0.0
GA,2050,11,147,90,0.0
GA,2050,11,148,90,0.0
GA,2050,11,149,90,0.0
GA,2050,11,150,90,0.0
GA,2050,11,151,90,0.0
GA,2050,11,152,90,0.0
GA,2050,11,153,90,0.0
GA,2050,11,154,90,0.0
GA,2050,11,155,90,0.0
GA,2050,11,156,90,0.0
GA,2050,11,157,90,0.0
GA,2050,11,158,90,0.0
GA,2050,11,159,90,0.0
GA,2050,11,160,90,0.0
GA,2050,11,161,90,0.0
GA,2050,11,162,90,0.0
GA,2050,11,163,90,0.0
GA,2050,11,164,90,0.0
GA,2050,11,165,90,0.0
GA,2050,11,166,90,0.0
GA,2050,11,167,90,0.0
GA,2050,21,0,90,0.0
GA,2050,21,1,90,0.0
GA,2050,21,2,90,0.0
GA,2050,21,3,90,0.0
GA,2050,21,4,90,0.0
GA,2050,21,5,90,0.0
GA,2050,21,6,90,0.0
GA,2050,21,7,90,0.0
GA,2050,21,8,90,0.0
GA,2050,21,9,90,0.0
GA,2050,21,10,90,0.0
GA,2050,21,11,90,0.0
GA,2050,21,12,90,0.0
GA,2050,21,13,90,0.0
GA,2050,21,14,90,0.0
GA,2050,21,15,90,0.0
GA,2050,21,16,90,0.0
GA,2050,21,17,90,0.0
GA,2050,21,18,90,0.0
GA,2050,21,19,90,0.0
GA,2050,21,20,90,0.0
GA,2050,21,21,90,0.0
GA,2050,21,22,90,0.0
GA,2050,21,23,90,0.0
GA,2050,21,24,90,0.0
GA,2050,21,25,90,0.0
GA,2050,21,26,90,0.0
GA,2050,21,27,90,0.0
GA,2050,21,28,90,0.0
GA,2050,21,29,90,0.0
GA,2050,21,30,90,0.0
GA,2050,21,31,90,0.0
GA,2050,21,32,90,0.0
GA,2050,21,33,90,0.0
GA,2050,21,34,90,0.0
GA,2050,21,35,90,0.0
GA,2050,21,36,90,0.0
GA,2050,21,37,90,0.0
GA,2050,21,38,90,0.0
GA,2050,21,39,90,0.0
GA,2050,21,40,90,0.0
GA,2050,21,41,90,0.0
GA,2050,21,42,90,0.0
GA,2050,21,43,90,0.0
GA,2050,21,44,90,0.0
GA,2050,21,45,90,0.0
GA,2050,21,46,90,0.0
GA,2050,21,47,90,0.0
GA,2050,21,48,90,0.0
GA,2050,21,49,90,0.0
GA,2050,21,50,90,0.0
GA,2050,21,51,90,0.0
GA,2050,21,52,90,0.0
GA,2050,21,53,90,0.1319127315070477
GA,2050,21,54,90,0.0
GA,2050,21,55,90,0.2018453444343185
GA,2050,21,56,90,0.20010304087788164
GA,2050,21,57,90,0.16054140265811265
GA,2050,21,58,90,0.0
GA,2050,21,59,90,0.0
GA,2050,21,60,90,0.0
GA,2050,21,61,90,0.0
GA,2050,21,62,90,0.0
GA,2050,21,63,90,0.0
GA,2050,21,64,90,0.0
GA,2050,21,65,90,0.0
GA,2050,21,66,90,0.0
GA,2050,21,67,90,0.0
GA,2050,21,68,90,0.0
GA,2050,21,69,90,0.0
GA,2050,21,70,90,0.0
GA,2050,21,71,90,0.0
GA,2050,21,72,90,0.0
GA,2050,21,73,90,0.0
GA,2050,21,74,90,0.0
GA,2050,21,75,90,0.0
GA,2050,21,76,90,0.0
GA,2050,21,77,90,0.0
GA,2050,21,78,90,0.0
GA,2050,21,79,90,0.0
GA,2050,21,80,90,0.0
GA,2050,21,81,90,0.0
GA,2050,21,82,90,0.0
GA,2050,21,83,90,0.0
GA,2050,21,84,90,0.0
GA,2050,21,85,90,0.0
GA,2050,21,86,90,0.0
GA,2050,21,87,90,0.0
GA,2050,21,88,90,0.0
GA,2050,21,89,90,0.0
GA,2050,21,90,90,0.0
GA,2050,21,91,90,0.0
GA,2050,21,92,90,0.0
GA,2050,21,93,90,0.0
GA,2050,21,94,90,0.0
GA,2050,21,95,90,0.0
GA,2050,21,96,90,0.0
GA,2050,21,97,90,0.0
GA,2050,21,98,90,0.0
GA,2050,21,99,90,0.0
GA,2050,21,100,90,0.0
GA,2050,21,101,90,0.0
GA,2050,21,102,90,0.0
GA,2050,21,103,90,0.0
GA,2050,21,104,90,0.0
GA,2050,21,105,90,0.0
GA,2050,21,106,90,0.0
GA,2050,21,107,90,0.0
GA,2050,21,108,90,0.0
GA,2050,21,109,90,0.0
GA,2050,21,110,90,0.0
GA,2050,21,111,90,0.0
GA,2050,21,112,90,0.0
GA,2050,21,113,90,0.0
GA,2050,21,114,90,0.0
GA,2050,21,115,90,0.0
GA,2050,21,116,90,0.0
GA,2050,21,117,90,0.0
GA,2050,21,118,90,0.0
GA,2050,21,119,90,0.0
GA,2050,21,120,90,0.0
GA,2050,21,121,90,0.0
GA,2050,21,122,90,0.0
GA,2050,21,123,90,0.0
GA,2050,21,124,90,0.0
GA,2050,21,125,90,0.0
GA,2050,21,126,90,0.0
GA,2050,21,127,90,0.0
GA,2050,21,128,90,0.0
GA,2050,21,129,90,0.0
GA,2050,21,130,90,0.0
GA,2050,21,131,90,0.0
GA,2050,21,132,90,0.0
GA,2050,21,133,90,0.0
GA,2050,21,134,90,0.0
GA,2050,21,135,90,0.0
GA,2050,21,136,90,0.0
GA,2050,21,137,90,0.0
GA,2050,21,138,90,0.0
GA,2050,21,139,90,0.0
GA,2050,21,140,90,0.0
GA,2050,21,141,90,0.0
GA,2050,21,142,90,0.0
GA,2050,21,143,90,0.0
GA,2050,21,144,90,0.0
GA,2050,21,145,90,0.0
GA,2050,21,146,90,0.0
GA,2050,21,147,90,0.0
GA,2050,21,148,90,0.0
GA,2050,21,149,90,0.0
GA,2050,21,150,90,0.0
GA,2050,21,151,90,0.0
GA,2050,21,152,90,0.0
GA,2050,21,153,90,0.0
GA,2050,21,154,90,0.0
GA,2050,21,155,90,0.0
GA,2050,21,156,90,0.0
GA,2050,21,157,90,0.0
GA,2050,21,158,90,0.0
GA,2050,21,159,90,0.0
GA,2050,21,160,90,0.0
GA,2050,21,161,90,0.0
GA,2050,21,162,90,0.0
GA,2050,21,163,90,0.0
GA,2050,21,164,90,0.0
GA,2050,21,165,90,0.0
GA,2050,21,166,90,0.0
GA,2050,21,167,90,0.0
GA,2050,42,0,90,0.0
GA,2050,42,1,90,0.0
GA,2050,42,2,90,0.0
GA,2050,42,3,90,0.0
GA,2050,42,4,90,0.0
GA,2050,42,5,90,0.0
GA,2050,42,6,90,0.0
GA,2050,42,7,90,0.0
GA,2050,42,8,90,0.0
GA,2050,42,9,90,0.0
GA,2050,42,10,90,0.0
GA,2050,42,11,90,0.0
GA,2050,42,12,90,0.0
GA,2050,42,13,90,0.0
GA,2050,42,14,90,0.0
GA,2050,42,15,90,0.0
GA,2050,42,16,90,0.0
GA,2050,42,17,90,0.0
GA,2050,42,18,90,0.0
GA,2050,42,19,90,0.0
GA,2050,42,20,90,0.0
GA,2050,42,21,90,0.0
GA,2050,42,22,90,0.0
GA,2050,42,23,90,0.0
GA,2050,42,24,90,0.0
GA,2050,42,25,90,0.0
GA,2050,42,26,90,0.0
GA,2050,42,27,90,0.0
GA,2050,42,28,90,0.0
GA,2050,42,29,90,0.0
GA,2050,42,30,90,0.0
GA,2050,42,31,90,0.0
GA,2050,42,32,90,0.0
GA,2050,42,33,90,0.0
GA,2050,42,34,90,0.0
GA,2050,42,35,90,0.0
GA,2050,42,36,90,0.0
GA,2050,42,37,90,0.0
GA,2050,42,38,90,0.0
GA,2050,42,39,90,0.0
GA,2050,42,40,90,0.0
GA,2050,42,41,90,0.0
GA,2050,42,42,90,0.0
GA,2050,42,43,90,0.0
GA,2050,42,44,90,0.0
GA,2050,42,45,90,0.0
GA,2050,42,46,90,0.0
GA,2050,42,47,90,0.0
GA,2050,42,48,90,0.0
GA,2050,42,49,90,0.0
GA,2050,42,50,90,0.0
GA,2050,42,51,90,0.0
GA,2050,42,52,90,0.0
GA,2050,42,53,90,0.0
GA,2050,42,54,90,0.0
GA,2050,42,55,90,0.0
GA,2050,42,56,90,0.0
GA,2050,42,57,90,0.0
GA,2050,42,58,90,0.0
GA,2050,42,59,90,0.0
GA,2050,42,60,90,0.0
GA,2050,42,61,90,0.0
GA,2050,42,62,90,0.0
GA,2050,42,63,90,0.0
GA,2050,42,64,90,0.0
GA,2050,42,65,90,0.0
GA,2050,42,66,90,0.0
GA,2050,42,67,90,0.0
GA,2050,42,68,90,0.0
GA,2050,42,69,90,0.0
GA,2050,42,70,90,0.0
GA,2050,42,71,90,0.0
GA,2050,42,72,90,0.0
GA,2050,42,73,90,0.0
GA,2050,42,74,90,0.0
GA,2050,42,75,90,0.0
GA,2050,42,76,90,0.0
GA,2050,42,77,90,0.0
GA,2050,42,78,90,0.0
GA,2050,42,79,90,0.0
GA,2050,42,80,90,0.0
GA,2050,42,81,90,0.0
GA,2050,42,82,90,0.0
GA,2050,42,83,90,0.0
GA,2050,42,84,90,0.0
GA,2050,42,85,90,0.0
GA,2050,42,86,90,0.0
GA,2050,42,87,90,0.0
GA,2050,42,88,90,0.0
GA,2050,42,89,90,0.0
GA,2050,42,90,90,0.0
GA,2050,42,91,90,0.0
GA,2050,42,92,90,0.0
GA,2050,42,93,90,0.0
GA,2050,42,94,90,0.0
GA,2050,42,95,90,0.0
GA,2050,42,96,90,0.0
GA,2050,42,97,90,0.0
GA,2050,42,98,90,0.0
GA,2050,42,99,90,0.0
GA,2050,42,100,90,0.0
GA,2050,42,101,90,0.0
GA,2050,42,102,90,0.0
GA,2050,42,103,90,0.0
GA,2050,42,104,90,0.0
GA,2050,42,105,90,0.0
GA,2050,42,106,90,0.0
GA,2050,42,107,90,0.0
GA,2050,42,108,90,0.0
GA,2050,42,109,90,0.0
GA,2050,42,110,90,0.0
GA,2050,42,111,90,0.0
GA,2050,42,112,90,0.0
GA,2050,42,113,90,0.0
GA,2050,42,114,90,0.0
GA,2050,42,115,90,0.0
GA,2050,42,116,90,0.0
GA,2050,42,117,90,0.0
GA,2050,42,118,90,0.0
GA,2050,42,119,90,0.0
GA,2050,42,120,90,0.0
GA,2050,42,121,90,0.0
GA,2050,42,122,90,0.0
GA,2050,42,123,90,0.0
GA,2050,42,124,90,0.0
GA,2050,42,125,90,0.0
GA,2050,42,126,90,0.0
GA,2050,42,127,90,0.0
GA,2050,42,128,90,0.0
GA,2050,42,129,90,0.0
GA,2050,42,130,90,0.0
GA,2050,42,131,90,0.0
GA,2050,42,132,90,0.0
GA,2050,42,133,90,0.0
GA,2050,42,134,90,0.0
GA,2050,42,135,90,0.0
GA,2050,42,136,90,0.0
GA,2050,42,137,90,0.0
GA,2050,42,138,90,0.0
GA,2050,42,139,90,0.0
GA,2050,42,140,90,0.0
GA,2050,42,141,90,0.0
GA,2050,42,142,90,0.0
GA,2050,42,143,90,0.0
GA,2050,42,144,90,0.0
GA,2050,42,145,90,0.0
GA,2050,42,146,90,0.0
GA,2050,42,147,90,0.0
GA,2050,42,148,90,0.0
GA,2050,42,149,90,0.0
GA,2050,42,150,90,0.0
GA,2050,42,151,90,0.0
GA,2050,42,152,90,0.0
GA,2050,42,153,90,0.0
GA,2050,42,154,90,0.0
GA,2050,42,155,90,0.0
GA,2050,42,156,90,0.0
GA,2050,42,157,90,0.0
GA,2050,42,158,90,0.0
GA,2050,42,159,90,0.0
GA,2050,42,160,90,0.0
GA,2050,42,161,90,0.0
GA,2050,42,162,90,0.0
GA,2050,42,163,90,0.0
GA,2050,42,164,90,0.0
GA,2050,42,165,90,0.0
GA,2050,42,166,90,0.0
GA,2050,42,167,90,0.0
GA,2050,52,0,90,0.0
GA,2050,52,1,90,0.0
GA,2050,52,2,90,0.0
GA,2050,52,3,90,0.0
GA,2050,52,4,90,0.0
GA,2050,52,5,90,0.0
GA,2050,52,6,90,0.0
GA,2050,52,7,90,0.0
GA,2050,52,8,90,0.0
GA,2050,52,9,90,0.0
GA,2050,52,10,90,0.0
GA,2050,52,11,90,0.0
GA,2050,52,12,90,0.0
GA,2050,52,13,90,0.0
GA,2050,52,14,90,0.0
GA,2050,52,15,90,0.0
GA,2050,52,16,90,0.0
GA,2050,52,17,90,0.0
GA,2050,52,18,90,0.0
GA,2050,52,19,90,0.0
GA,2050,52,20,90,0.0
GA,2050,52,21,90,0.0
GA,2050,52,22,90,0.0
GA,2050,52,23,90,0.0
GA,2050,52,24,90,0.0
GA,2050,52,25,90,0.0
GA,2050,52,26,90,0.0
GA,2050,52,27,90,0.0
GA,2050,52,28,90,0.0
GA,2050,52,29,90,0.0
GA,2050,52,30,90,0.0
GA,2050,52,31,90,0.0
GA,2050,52,32,90,0.0
GA,2050,52,33,90,0.0
GA,2050,52,34,90,0.0
GA,2050,52,35,90,0.0
GA,2050,52,36,90,0.0
GA,2050,52,37,90,0.0
GA,2050,52,38,90,0.0
GA,2050,52,39,90,0.0
GA,2050,52,40,90,0.0
GA,2050,52,41,90,0.0
GA,2050,52,42,90,0.0
GA,2050,52,43,90,0.0
GA,2050,52,44,90,0.0
GA,2050,52,45,90,0.0
GA,2050,52,46,90,0.0
GA,2050,52,47,90,0.0
GA,2050,52,48,90,0.0
GA,2050,52,49,90,0.0
GA,2050,52,50,90,0.0
GA,2050,52,51,90,0.0
GA,2050,52,52,90,0.0
GA,2050,52,53,90,0.0
GA,2050,52,54,90,0.0
GA,2050,52,55,90,0.0
GA,2050,52,56,90,0.0
GA,2050,52,57,90,0.0
GA,2050,52,58,90,0.0
GA,2050,52,59,90,0.0
GA,2050,52,60,90,0.0
GA,2050,52,61,90,0.0
GA,2050,52,62,90,0.0
GA,2050,52,63,90,0.0
GA,2050,52,64,90,0.0
GA,2050,52,65,90,0.0
GA,2050,52,66,90,0.0
GA,2050,52,67,90,0.0
GA,2050,52,68,90,0.0
GA,2050,52,69,90,0.0
GA,2050,52,70,90,0.0
GA,2050,52,71,90,0.0
GA,2050,52,72,90,0.0
GA,2050,52,73,90,0.0
GA,2050,52,74,90,0.0
GA,2050,52,75,90,0.0
GA,2050,52,76,90,0.0
GA,2050,52,77,90,0.0
GA,2050,52,78,90,0.0
GA,2050,52,79,90,0.0
GA,2050,52,80,90,0.0
GA,2050,52,81,90,0.0
GA,2050,52,82,90,0.0
GA,2050,52,83,90,0.0
GA,2050,52,84,90,0.0
GA,2050,52,85,90,0.0
GA,2050,52,86,90,0.0
GA,2050,52,87,90,0.0
GA,2050,52,88,90,0.0
GA,2050,52,89,90,0.0
GA,2050,52,90,90,0.0
GA,2050,52,91,90,0.0
GA,2050,52,92,90,0.0
GA,2050,52,93,90,0.0
GA,2050,52,94,90,0.0
GA,2050,52,95,90,0.0
GA,2050,52,96,90,0.0
GA,2050,52,97,90,0.0
GA,2050,52,98,90,0.0
GA,2050,52,99,90,0.0
GA,2050,52,100,90,0.0
GA,2050,52,101,90,0.0
GA,2050,52,102,90,0.0
GA,2050,52,103,90,0.0
GA,2050,52,104,90,0.0
GA,2050,52,105,90,0.0
GA,2050,52,106,90,0.0
GA,2050,52,107,90,0.0
GA,2050,52,108,90,0.0
GA,2050,52,109,90,0.0
GA,2050,52,110,90,0.0
GA,2050,52,111,90,0.0
GA,2050,52,112,90,0.0
GA,2050,52,113,90,0.0
GA,2050,52,114,90,0.0
GA,2050,52,115,90,0.0
GA,2050,52,116,90,0.0
GA,2050,52,117,90,0.0
GA,2050,52,118,90,0.0
GA,2050,52,119,90,0.0
GA,2050,52,120,90,0.0
GA,2050,52,121,90,0.0
GA,2050,52,122,90,0.0
GA,2050,52,123,90,0.0
GA,2050,52,124,90,0.0
GA,2050,52,125,90,0.0
GA,2050,52,126,90,0.0
GA,2050,52,127,90,0.0
GA,2050,52,128,90,0.0
GA,2050,52,129,90,0.0
GA,2050,52,130,90,0.0
GA,2050,52,131,90,0.0
GA,2050,52,132,90,0.0
GA,2050,52,133,90,0.0
GA,2050,52,134,90,0.0
GA,2050,52,135,90,0.0
GA,2050,52,136,90,0.0
GA,2050,52,137,90,0.0
GA,2050,52,138,90,0.0
GA,2050,52,139,90,0.0
GA,2050,52,140,90,0.0
GA,2050,52,141,90,0.0
GA,2050,52,142,90,0.0
GA,2050,52,143,90,0.0
GA,2050,52,144,90,0.0
GA,2050,52,145,90,0.0
GA,2050,52,146,90,0.0
GA,2050,52,147,90,0.0
GA,2050,52,148,90,0.0
GA,2050,52,149,90,0.0
GA,2050,52,150,90,0.0
GA,2050,52,151,90,0.0
GA,2050,52,152,90,0.0
GA,2050,52,153,90,0.0
GA,2050,52,154,90,0.0
GA,2050,52,155,90,0.0
GA,2050,52,156,90,0.0
GA,2050,52,157,90,0.0
GA,2050,52,158,90,0.0
GA,2050,52,159,90,0.0
GA,2050,52,160,90,0.0
GA,2050,52,161,90,0.0
GA,2050,52,162,90,0.0
GA,2050,52,163,90,0.0
GA,2050,52,164,90,0.0
GA,2050,52,165,90,0.0
GA,2050,52,166,90,0.0
GA,2050,52,167,90,0.0
DE,2050,11,0,90,0.0
DE,2050,11,1,90,0.0
DE,2050,11,2,90,0.0
DE,2050,11,3,90,0.0
DE,2050,11,4,90,0.0
DE,2050,11,5,90,0.0
DE,2050,11,6,90,0.0
DE,2050,11,7,90,0.0
DE,2050,11,8,90,0.0
DE,2050,11,9,90,0.0
DE,2050,11,10,90,0.0
DE,2050,11,11,90,0.0
DE,2050,11,12,90,0.0
DE,2050,11,13,90,0.0
DE,2050,11,14,90,0.0
DE,2050,11,15,90,0.0
DE,2050,11,16,90,0.0
DE,2050,11,17,90,0.0
DE,2050,11,18,90,0.0
DE,2050,11,19,90,0.0
DE,2050,11,20,90,0.0
DE,2050,11,21,90,0.0
DE,2050,11,22,90,0.0
DE,2050,11,23,90,0.0
DE,2050,11,24,90,0.0
DE,2050,11,25,90,0.0
DE,2050,11,26,90,0.0
DE,2050,11,27,90,0.0
DE,2050,11,28,90,0.0
DE,2050,11,29,90,0.0
DE,2050,11,30,90,0.0
DE,2050,11,31,90,0.0
DE,2050,11,32,90,0.0
DE,2050,11,33,90,0.0
DE,2050,11,34,90,0.0
DE,2050,11,35,90,0.0
DE,2050,11,36,90,0.0
DE,2050,11,37,90,0.0
DE,2050,11,38,90,0.0
DE,2050,11,39,90,0.0
DE,2050,11,40,90,0.0
DE,2050,11,41,90,0.0
DE,2050,11,42,90,0.0
DE,2050,11,43,90,0.0
DE,2050,11,44,90,0.0
DE,2050,11,45,90,0.0
DE,2050,11,46,90,0.0
DE,2050,11,47,90,0.0
DE,2050,11,48,90,0.0
DE,2050,11,49,90,0.0
DE,2050,11,50,90,0.0
DE,2050,11,51,90,0.0
DE,2050,11,52,90,0.0
DE,2050,11,53,90,0.0
DE,2050,11,54,90,0.0
DE,2050,11,55,90,0.0
DE,2050,11,56,90,0.0
DE,2050,11,57,90,0.0
DE,2050,11,58,90,0.0
DE,2050,11,59,90,0.0
DE,2050,11,60,90,0.0
DE,2050,11,61,90,0.0
DE,2050,11,62,90,0.0
DE,2050,11,63,90,0.0
DE,2050,11,64,90,0.0
DE,2050,11,65,90,0.0
DE,2050,11,66,90,5.272358120298622e-05
DE,2050,11,67,90,5.715739346190787e-05
DE,2050,11,68,90,5.715977626120714e-05
DE,2050,11,69,90,5.7162159159844e-05
DE,2050,11,70,90,5.7164542157817376e-05
DE,2050,11,71,90,5.4275711632320926e-05
DE,2050,11,72,90,5.271479027585417e-05
DE,2050,11,73,90,5.271698787021149e-05
DE,2050,11,74,90,5.2719185556183816e-05
DE,2050,11,75,90,5.272138333377539e-05
DE,2050,11,76,90,5.272358120298622e-05
DE,2050,11,77,90,5.740854882199535e-05
DE,2050,11,78,90,5.741094209155702e-05
DE,2050,11,79,90,5.741333546088958e-05
DE,2050,11,80,90,5.7415728929999394e-05
DE,2050,11,81,90,5.7418122498886473e-05
DE,2050,11,82,90,8.580233832813092e-05
DE,2050,11,83,90,8.580233832813092e-05
DE,2050,11,84,90,8.54932524175924e-05
DE,2050,11,85,90,8.518415362176076e-05
DE,2050,11,86,90,8.487504194010048e-05
DE,2050,11,87,90,8.456591737207395e-05
DE,2050,11,88,90,5.272358120298622e-05
DE,2050,11,89,90,0.2247328662396073
DE,2050,11,90,90,0.2271399773474962
DE,2050,11,91,90,0.22714944644583251
DE,2050,11,92,90,0.22715891593892007
DE,2050,11,93,90,0.22716838582676754
DE,2050,11,94,90,0.19849446248795424
DE,2050,11,95,90,0.18940234277656287
DE,2050,11,96,90,0.18941023865393192
DE,2050,11,97,90,0.1894181348604733
DE,2050,11,98,90,0.1894260313962
DE,2050,11,99,90,0.18943392826111646
DE,2050,11,100,90,0.18944182545523575
DE,2050,11,101,90,0.18944972297857968
DE,2050,11,102,90,0.1795120657763768
DE,2050,11,103,90,0.1795195493440955
DE,2050,11,104,90,0.17952703322380142
DE,2050,11,105,90,0.0
DE,2050,11,106,90,0.0
DE,2050,11,107,90,0.0
DE,2050,11,108,90,0.0
DE,2050,11,109,90,0.0
DE,2050,11,110,90,0.0
DE,2050,11,111,90,0.0
DE,2050,11,112,90,0.0
DE,2050,11,113,90,0.0
DE,2050,11,114,90,0.0
DE,2050,11,115,90,0.0
DE,2050,11,116,90,0.0
DE,2050,11,117,90,0.0
DE,2050,11,118,90,0.0
DE,2050,11,119,90,0.0
DE,2050,11,120,90,0.0
DE,2050,11,121,90,0.0
DE,2050,11,122,90,0.0
DE,2050,11,123,90,0.0
DE,2050,11,124,90,0.0
DE,2050,11,125,90,0.0
DE,2050,11,126,90,0.0
DE,2050,11,127,90,0.0
DE,2050,11,128,90,0.0
DE,2050,11,129,90,0.0
DE,2050,11,130,90,0.0
DE,2050,11,131,90,0.0
DE,2050,11,132,90,0.0
DE,2050,11,133,90,0.0
DE,2050,11,134,90,0.0
DE,2050,11,135,90,0.0
DE,2050,11,136,90,0.0
DE,2050,11,137,90,0.0
DE,2050,11,138,90,0.0
DE,2050,11,139,90,0.0
DE,2050,11,140,90,0.0
DE,2050,11,141,90,0.0
DE,2050,11,142,90,0.0
DE,2050,11,143,90,0.0
DE,2050,11,144,90,0.0
DE,2050,11,145,90,0.0
DE,2050,11,146,90,0.0
DE,2050,11,147,90,0.0
DE,2050,11,148,90,0.0
DE,2050,11,149,90,0.0
DE,2050,11,150,90,0.0
DE,2050,11,151,90,0.0
DE,2050,11,152,90,0.0
DE,2050,11,153,90,0.0
DE,2050,11,154,90,0.0
DE,2050,11,155,90,0.0
DE,2050,11,156,90,0.0
DE,2050,11,157,90,0.0
DE,2050,11,158,90,0.0
DE,2050,11,159,90,0.0
DE,2050,11,160,90,0.0
DE,2050,11,161,90,0.0
DE,2050,11,162,90,0.0
DE,2050,11,163,90,0.0
DE,2050,11,164,90,0.0
DE,2050,11,165,90,0.0
DE,2050,11,166,90,0.0
DE,2050,11,167,90,0.0
DE,2050,21,0,90,0.0
DE,2050,21,1,90,0.0
DE,2050,21,2,90,0.0
DE,2050,21,3,90,0.0
DE,2050,21,4,90,0.0
DE,2050,21,5,90,0.0
DE,2050,21,6,90,0.0
DE,2050,21,7,90,0.0
DE,2050,21,8,90,0.0
DE,2050,21,9,90,0.0
DE,2050,21,10,90,0.0
DE,2050,21,11,90,0.0
DE,2050,21,12,90,0.0
DE,2050,21,13,90,0.0
DE,2050,21,14,90,0.0
DE,2050,21,15,90,0.0
DE,2050,21,16,90,0.0
DE,2050,21,17,90,0.0
DE,2050,21,18,90,0.0
DE,2050,21,19,90,0.0
DE,2050,21,20,90,0.0
DE,2050,21,21,90,0.0
DE,2050,21,22,90,0.0
DE,2050,21,23,90,0.0
DE,2050,21,24,90,0.0
DE,2050,21,25,90,0.0
DE,2050,21,26,90,0.0
DE,2050,21,27,90,0.0
DE,2050,21,28,90,0.0
DE,2050,21,29,90,0.0
DE,2050,21,30,90,0.0
DE,2050,21,31,90,0.0
DE,2050,21,32,90,0.0
DE,2050,21,33,90,0.0
DE,2050,21,34,90,0.0
DE,2050,21,35,90,0.0
DE,2050,21,36,90,0.0
DE,2050,21,37,90,0.0
DE,2050,21,38,90,0.0
DE,2050,21,39,90,0.0
DE,2050,21,40,90,0.0
DE,2050,21,41,90,0.0
DE,2050,21,42,90,0.0
DE,2050,21,43,90,0.0
DE,2050,21,44,90,0.0
DE,2050,21,45,90,0.0
DE,2050,21,46,90,0.0
DE,2050,21,47,90,0.0
DE,2050,21,48,90,0.0
DE,2050,21,49,90,0.0
DE,2050,21,50,90,0.0
DE,2050,21,51,90,0.0
DE,2050,21,52,90,0.0
DE,2050,21,53,90,0.20182430949779798
DE,2050,21,54,90,0.0
DE,2050,21,55,90,0.20184113730671413
DE,2050,21,56,90,0.19522692313589124
DE,2050,21,57,90,0.0
DE,2050,21,58,90,0.0
DE,2050,21,59,90,0.0
DE,2050,21,60,90,-8.721182071795201e-15
DE,2050,21,61,90,0.0
DE,2050,21,62,90,0.0
DE,2050,21,63,90,0.0
DE,2050,21,64,90,0.0
DE,2050,21,65,90,0.0
DE,2050,21,66,90,0.0
DE,2050,21,67,90,0.0
DE,2050,21,68,90,0.0
DE,2050,21,69,90,0.0
DE,2050,21,70,90,0.0
DE,2050,21,71,90,0.0
DE,2050,21,72,90,0.0
DE,2050,21,73,90,0.0
DE,2050,21,74,90,0.0
DE,2050,21,75,90,0.0
DE,2050,21,76,90,0.0
DE,2050,21,77,90,0.0
DE,2050,21,78,90,0.0
DE,2050,21,79,90,0.0
DE,2050,21,80,90,0.0
DE,2050,21,81,90,0.0
DE,2050,21,82,90,0.0
DE,2050,21,83,90,0.0
DE,2050,21,84,90,0.0
DE,2050,21,85,90,0.0
DE,2050,21,86,90,0.0
DE,2050,21,87,90,0.0
DE,2050,21,88,90,0.0
DE,2050,21,89,90,0.0
DE,2050,21,90,90,0.0
DE,2050,21,91,90,0.0
DE,2050,21,92,90,0.0
DE,2050,21,93,90,0.0
DE,2050,21,94,90,0.0
DE,2050,21,95,90,0.0
DE,2050,21,96,90,0.0
DE,2050,21,97,90,0.0
DE,2050,21,98,90,0.0
DE,2050,21,99,90,0.0
DE,2050,21,100,90,0.0
DE,2050,21,101,90,0.0
DE,2050,21,102,90,0.0
DE,2050,21,103,90,0.0
DE,2050,21,104,90,0.0
DE,2050,21,105,90,0.0
DE,2050,21,106,90,0.0
DE,2050,21,107,90,0.0
DE,2050,21,108,90,0.0
DE,2050,21,109,90,0.0
DE,2050,21,110,90,0.0
DE,2050,21,111,90,0.0
DE,2050,21,112,90,0.0
DE,2050,21,113,90,0.0
DE,2050,21,114,90,0.0
DE,2050,21,115,90,0.0
DE,2050,21,116,90,0.0
DE,2050,21,117,90,0.0
DE,2050,21,118,90,0.0
DE,2050,21,119,90,0.0
DE,2050,21,120,90,0.0
DE,2050,21,121,90,0.0
DE,2050,21,122,90,0.0
DE,2050,21,123,90,0.0
DE,2050,21,124,90,0.0
DE,2050,21,125,90,0.0
DE,2050,21,126,90,0.0
DE,2050,21,127,90,0.0
DE,2050,21,128,90,0.0
DE,2050,21,129,90,0.0
DE,2050,21,130,90,0.0
DE,2050,21,131,90,0.0
DE,2050,21,132,90,0.0
DE,2050,21,133,90,0.0
DE,2050,21,134,90,0.0
DE,2050,21,135,90,0.0
DE,2050,21,136,90,0.0
DE,2050,21,137,90,0.0
DE,2050,21,138,90,0.0
DE,2050,21,139,90,0.0
DE,2050,21,140,90,0.0
DE,2050,21,141,90,0.0
DE,2050,21,142,90,0.0
DE,2050,21,143,90,0.0
DE,2050,21,144,90,0.0
DE,2050,21,145,90,0.0
DE,2050,21,146,90,0.0
DE,2050,21,147,90,0.0
DE,2050,21,148,90,0.0
DE,2050,21,149,90,0.0
DE,2050,21,150,90,0.0
DE,2050,21,151,90,0.0
DE,2050,21,152,90,0.0
DE,2050,21,153,90,0.0
DE,2050,21,154,90,0.0
DE,2050,21,155,90,0.0
DE,2050,21,156,90,0.0
DE,2050,21,157,90,0.0
DE,2050,21,158,90,0.0
DE,2050,21,159,90,0.0
DE,2050,21,160,90,0.0
DE,2050,21,161,90,0.0
DE,2050,21,162,90,0.0
DE,2050,21,163,90,0.0
DE,2050,21,164,90,0.0
DE,2050,21,165,90,0.0
DE,2050,21,166,90,0.0
DE,2050,21,167,90,0.0
DE,2050,42,0,90,0.0
DE,2050,42,1,90,0.0
DE,2050,42,2,90,0.0
DE,2050,42,3,90,0.0
DE,2050,42,4,90,0.0
DE,2050,42,5,90,0.0
DE,2050,42,6,90,0.0
DE,2050,42,7,90,0.0
DE,2050,42,8,90,0.0
DE,2050,42,9,90,0.0
DE,2050,42,10,90,0.0
DE,2050,42,11,90,0.0
DE,2050,42,12,90,0.0
DE,2050,42,13,90,0.0
DE,2050,42,14,90,0.0
DE,2050,42,15,90,0.0
DE,2050,42,16,90,0.0
DE,2050,42,17,90,0.0
DE,2050,42,18,90,0.0
DE,2050,42,19,90,0.0
DE,2050,42,20,90,0.0
DE,2050,42,21,90,0.0
DE,2050,42,22,90,0.0
DE,2050,42,23,90,0.0
DE,2050,42,24,90,0.0
DE,2050,42,25,90,0.0
DE,2050,42,26,90,0.0
DE,2050,42,27,90,0.0
DE,2050,42,28,90,0.0
DE,2050,42,29,90,0.0
DE,2050,42,30,90,0.0
DE,2050,42,31,90,0.0
DE,2050,42,32,90,0.0
DE,2050,42,33,90,0.0
DE,2050,42,34,90,0.0
DE,2050,42,35,90,0.0
DE,2050,42,36,90,0.0
DE,2050,42,37,90,0.0
DE,2050,42,38,90,0.0
DE,2050,42,39,90,0.0
DE,2050,42,40,90,0.0
DE,2050,42,41,90,0.0
DE,2050,42,42,90,0.0
DE,2050,42,43,90,0.0
DE,2050,42,44,90,0.0
DE,2050,42,45,90,0.0
DE,2050,42,46,90,0.0
DE,2050,42,47,90,0.0
DE,2050,42,48,90,0.0
DE,2050,42,49,90,0.0
DE,2050,42,50,90,0.0
DE,2050,42,51,90,0.0
DE,2050,42,52,90,0.0
DE,2050,42,53,90,0.0
DE,2050,42,54,90,0.0
DE,2050,42,55,90,0.0
DE,2050,42,56,90,0.0
DE,2050,42,57,90,0.0
DE,2050,42,58,90,0.0
DE,2050,42,59,90,0.0
DE,2050,42,60,90,0.0
DE,2050,42,61,90,0.0
DE,2050,42,62,90,0.0
DE,2050,42,63,90,0.0
DE,2050,42,64,90,0.0
DE,2050,42,65,90,0.0
DE,2050,42,66,90,0.0
DE,2050,42,67,90,0.0
DE,2050,42,68,90,0.0
DE,2050,42,69,90,0.0
DE,2050,42,70,90,0.0
DE,2050,42,71,90,0.0
DE,2050,42,72,90,0.0
DE,2050,42,73,90,0.0
DE,2050,42,74,90,0.0
DE,2050,42,75,90,0.0
DE,2050,42,76,90,0.0
DE,2050,42,77,90,0.0
DE,2050,42,78,90,0.0
DE,2050,42,79,90,0.0
DE,2050,42,80,90,0.0
DE,2050,42,81,90,0.0
DE,2050,42,82,90,0.0
DE,2050,42,83,90,0.0
DE,2050,42,84,90,0.0
DE,2050,42,85,90,0.0
DE,2050,42,86,90,0.0
DE,2050,42,87,90,0.0
DE,2050,42,88,90,0.0
DE,2050,42,89,90,0.0
DE,2050,42,90,90,0.0
DE,2050,42,91,90,0.0
DE,2050,42,92,90,0.0
DE,2050,42,93,90,0.0
DE,2050,42,94,90,0.0
DE,2050,42,95,90,0.0
DE,2050,42,96,90,0.0
DE,2050,42,97,90,0.0
DE,2050,42,98,90,0.0
DE,2050,42,99,90,0.0
DE,2050,42,100,90,0.0
DE,2050,42,101,90,0.0
DE,2050,42,102,90,0.0
DE,2050,42,103,90,0.0
DE,2050,42,104,90,0.0
DE,2050,42,105,90,0.0
DE,2050,42,106,90,0.0
DE,2050,42,107,90,0.0
DE,2050,42,108,90,0.0
DE,2050,42,109,90,0.0
DE,2050,42,110,90,0.0
DE,2050,42,111,90,0.0
DE,2050,42,112,90,0.0
DE,2050,42,113,90,0.0
DE,2050,42,114,90,0.0
DE,2050,42,115,90,0.0
DE,2050,42,116,90,0.0
DE,2050,42,117,90,0.0
DE,2050,42,118,90,0.0
DE,2050,42,119,90,0.0
DE,2050,42,120,90,0.0
DE,2050,42,121,90,0.0
DE,2050,42,122,90,0.0
DE,2050,42,123,90,0.0
DE,2050,42,124,90,0.0
DE,2050,42,125,90,0.0
DE,2050,42,126,90,0.0
DE,2050,42,127,90,0.0
DE,2050,42,128,90,0.0
DE,2050,42,129,90,0.0
DE,2050,42,130,90,0.0
DE,2050,42,131,90,0.0
DE,2050,42,132,90,0.0
DE,2050,42,133,90,0.0
DE,2050,42,134,90,0.0
DE,2050,42,135,90,0.0
DE,2050,42,136,90,0.0
DE,2050,42,137,90,0.0
DE,2050,42,138,90,0.0
DE,2050,42,139,90,0.0
DE,2050,42,140,90,0.0
DE,2050,42,141,90,0.0
DE,2050,42,142,90,0.0
DE,2050,42,143,90,0.0
DE,2050,42,144,90,0.0
DE,2050,42,145,90,0.0
DE,2050,42,146,90,0.0
DE,2050,42,147,90,0.0
DE,2050,42,148,90,0.0
DE,2050,42,149,90,0.0
DE,2050,42,150,90,0.0
DE,2050,42,151,90,0.0
DE,2050,42,152,90,0.0
DE,2050,42,153,90,0.0
DE,2050,42,154,90,0.0
DE,2050,42,155,90,0.0
DE,2050,42,156,90,0.0
DE,2050,42,157,90,0.0
DE,2050,42,158,90,0.0
DE,2050,42,159,90,0.0
DE,2050,42,160,90,0.0
DE,2050,42,161,90,0.0
DE,2050,42,162,90,0.0
DE,2050,42,163,90,0.0
DE,2050,42,164,90,0.0
DE,2050,42,165,90,0.0
DE,2050,42,166,90,0.0
DE,2050,42,167,90,0.0
DE,2050,52,0,90,0.0
DE,2050,52,1,90,0.0
DE,2050,52,2,90,0.0
DE,2050,52,3,90,0.0
DE,2050,52,4,90,0.0
DE,2050,52,5,90,0.0
DE,2050,52,6,90,0.0
DE,2050,52,7,90,0.0
DE,2050,52,8,90,0.0
DE,2050,52,9,90,0.0
DE,2050,52,10,90,0.0
DE,2050,52,11,90,0.0
DE,2050,52,12,90,0.0
DE,2050,52,13,90,0.0
DE,2050,52,14,90,0.0
DE,2050,52,15,90,0.0
DE,2050,52,16,90,0.0
DE,2050,52,17,90,0.0
DE,2050,52,18,90,0.0
DE,2050,52,19,90,0.0
DE,2050,52,20,90,0.0
DE,2050,52,21,90,0.0
DE,2050,52,22,90,0.0
DE,2050,52,23,90,0.0
DE,2050,52,24,90,0.0
DE,2050,52,25,90,0.0
DE,2050,52,26,90,0.0
DE,2050,52,27,90,0.0
DE,2050,52,28,90,0.0
DE,2050,52,29,90,0.0
DE,2050,52,30,90,0.0
DE,2050,52,31,90,0.0
DE,2050,52,32,90,0.0
DE,2050,52,33,90,0.0
DE,2050,52,34,90,0.0
DE,2050,52,35,90,0.0
DE,2050,52,36,90,0.0
DE,2050,52,37,90,0.0
DE,2050,52,38,90,0.0
DE,2050,52,39,90,0.0
DE,2050,52,40,90,0.0
DE,2050,52,41,90,0.0
DE,2050,52,42,90,0.0
DE,2050,52,43,90,0.0
DE,2050,52,44,90,0.0
DE,2050,52,45,90,0.0
DE,2050,52,46,90,0.0
DE,2050,52,47,90,0.0
DE,2050,52,48,90,0.0
DE,2050,52,49,90,0.0
DE,2050,52,50,90,0.0
DE,2050,52,51,90,0.0
DE,2050,52,52,90,0.0
DE,2050,52,53,90,0.0
DE,2050,52,54,90,0.0
DE,2050,52,55,90,0.0
DE,2050,52,56,90,0.0
DE,2050,52,57,90,0.0
DE,2050,52,58,90,0.0
DE,2050,52,59,90,0.0
DE,2050,52,60,90,0.0
DE,2050,52,61,90,0.0
DE,2050,52,62,90,0.0
DE,2050,52,63,90,0.0
DE,2050,52,64,90,0.0
DE,2050,52,65,90,0.0
DE,2050,52,66,90,0.0
DE,2050,52,67,90,0.0
DE,2050,52,68,90,0.0
DE,2050,52,69,90,0.0
DE,2050,52,70,90,0.0
DE,2050,52,71,90,0.0
DE,2050,52,72,90,0.0
DE,2050,52,73,90,0.0
DE,2050,52,74,90,0.0
DE,2050,52,75,90,0.0
DE,2050,52,76,90,0.0
DE,2050,52,77,90,0.0
DE,2050,52,78,90,0.0
DE,2050,52,79,90,0.0
DE,2050,52,80,90,5.997764288723578e-05
DE,2050,52,81,90,0.0
DE,2050,52,82,90,0.0
DE,2050,52,83,90,0.0
DE,2050,52,84,90,0.0
DE,2050,52,85,90,0.0
DE,2050,52,86,90,0.0
DE,2050,52,87,90,0.0
DE,2050,52,88,90,0.0
DE,2050,52,89,90,0.0
DE,2050,52,90,90,0.0
DE,2050,52,91,90,0.0
DE,2050,52,92,90,0.0
DE,2050,52,93,90,0.0
DE,2050,52,94,90,0.0
DE,2050,52,95,90,0.0
DE,2050,52,96,90,0.0
DE,2050,52,97,90,0.0
DE,2050,52,98,90,0.0
DE,2050,52,99,90,0.0
DE,2050,52,100,90,0.0
DE,2050,52,101,90,0.0
DE,2050,52,102,90,0.0
DE,2050,52,103,90,0.0
DE,2050,52,104,90,0.0
DE,2050,52,105,90,0.0
DE,2050,52,106,90,0.0
DE,2050,52,107,90,0.0
DE,2050,52,108,90,0.0
DE,2050,52,109,90,0.0
DE,2050,52,110,90,0.0
DE,2050,52,111,90,0.0
DE,2050,52,112,90,0.0
DE,2050,52,113,90,0.0
DE,2050,52,114,90,0.0
DE,2050,52,115,90,0.0
DE,2050,52,116,90,0.0
DE,2050,52,117,90,0.0
DE,2050,52,118,90,0.0
DE,2050,52,119,90,0.0
DE,2050,52,120,90,0.0
DE,2050,52,121,90,0.0
DE,2050,52,122,90,0.0
DE,2050,52,123,90,0.0
DE,2050,52,124,90,0.0
DE,2050,52,125,90,0.0
DE,2050,52,126,90,0.0
DE,2050,52,127,90,0.0
DE,2050,52,128,90,0.0
DE,2050,52,129,90,0.0
DE,2050,52,130,90,0.0
DE,2050,52,131,90,0.0
DE,2050,52,132,90,0.0
DE,2050,52,133,90,0.0
DE,2050,52,134,90,0.0
DE,2050,52,135,90,0.0
DE,2050,52,136,90,0.0
DE,2050,52,137,90,0.0
DE,2050,52,138,90,0.0
DE,2050,52,139,90,0.0
DE,2050,52,140,90,0.0
DE,2050,52,141,90,0.0
DE,2050,52,142,90,0.0
DE,2050,52,143,90,0.0
DE,2050,52,144,90,0.0
DE,2050,52,145,90,0.0
DE,2050,52,146,90,0.0
DE,2050,52,147,90,0.0
DE,2050,52,148,90,0.0
DE,2050,52,149,90,0.0
DE,2050,52,150,90,0.0
DE,2050,52,151,90,0.0
DE,2050,52,152,90,0.0
DE,2050,52,153,90,0.0
DE,2050,52,154,90,0.0
DE,2050,52,155,90,0.0
DE,2050,52,156,90,0.0
DE,2050,52,157,90,0.0
DE,2050,52,158,90,0.0
DE,2050,52,159,90,0.0
DE,2050,52,160,90,0.0
DE,2050,52,161,90,0.0
DE,2050,52,162,90,0.0
DE,2050,52,163,90,0.0
DE,2050,52,164,90,0.0
DE,2050,52,165,90,0.0
DE,2050,52,166,90,0.0
DE,2050,52,167,90,0.0
NT,2025,11,0,91,0.0
NT,2025,11,1,91,0.00010641708554699693
NT,2025,11,2,91,6.520238356949182e-05
NT,2025,11,3,91,6.520238356949182e-05
NT,2025,11,4,91,6.520238356949182e-05
NT,2025,11,5,91,0.00010641708554699693
NT,2025,11,6,91,0.00010712418466105508
NT,2025,11,7,91,0.00010712418466105508
NT,2025,11,8,91,0.00010641708554699693
NT,2025,11,9,91,0.00010064518396205727
NT,2025,11,10,91,0.00010125697556185879
NT,2025,11,11,91,0.0001018687926662633
NT,2025,11,12,91,0.00010248063527633541
NT,2025,11,13,91,0.00010309250339313332
NT,2025,11,14,91,0.00010309680115288354
NT,2025,11,15,91,0.00010310109909179698
NT,2025,11,16,91,0.00010614193158196948
NT,2025,11,17,91,0.00010641708554699693
NT,2025,11,18,91,0.00010641708554699693
NT,2025,11,19,91,0.00010712418466105508
NT,2025,11,20,91,0.00010712418466105508
NT,2025,11,21,91,0.00010688916845091421
NT,2025,11,22,91,0.00010712418466105508
NT,2025,11,23,91,0.00010676609626673704
NT,2025,11,24,91,0.00010712418466105508
NT,2025,11,25,91,0.00010688916845091421
NT,2025,11,26,91,6.563667595247401e-05
NT,2025,11,27,91,6.581631898352328e-05
NT,2025,11,28,91,6.581990819784964e-05
NT,2025,11,29,91,6.581990819784964e-05
NT,2025,11,30,91,6.635271664229022e-05
NT,2025,11,31,91,6.662588159408227e-05
NT,2025,11,32,91,6.581990819784964e-05
NT,2025,11,33,91,6.662438656322486e-05
NT,2025,11,34,91,6.662438656322486e-05
NT,2025,11,35,91,6.662438656322486e-05
NT,2025,11,36,91,0.00010741909212864222
NT,2025,11,37,91,0.00010741909212864222
NT,2025,11,38,91,0.00010741909212864222
NT,2025,11,39,91,0.00010741909212864222
NT,2025,11,40,91,0.0001074190921286401
NT,2025,11,41,91,0.00010829454901250298
NT,2025,11,42,91,0.00011523599698938585
NT,2025,11,43,91,0.00011524080099174372
NT,2025,11,44,91,0.00011524560519437577
NT,2025,11,45,91,0.00011525040959728416
NT,2025,11,46,91,0.00010829454901250298
NT,2025,11,47,91,0.00010741909212864222
NT,2025,11,48,91,0.00010712589597910368
NT,2025,11,49,91,0.00010641708554699693
NT,2025,11,50,91,0.00010641708554699693
NT,2025,11,51,91,0.00010641708554699693
NT,2025,11,52,91,0.00010641708554699693
NT,2025,11,53,91,0.00010641708554699693
NT,2025,11,54,91,0.00010712418466105508
NT,2025,11,55,91,0.00010688916845091421
NT,2025,11,56,91,0.00010712418466105508
NT,2025,11,57,91,0.00010641708554699693
NT,2025,11,58,91,0.00010612865803225259
NT,2025,11,59,91,0.00010370439701772589
NT,2025,11,60,91,6.502566230944365e-05
NT,2025,11,61,91,6.502538053659962e-05
NT,2025,11,62,91,6.502566230944365e-05
NT,2025,11,63,91,6.502837312414634e-05
NT,2025,11,64,91,0.00010613750688094716
NT,2025,11,65,91,0.00010676609626673704
NT,2025,11,66,91,6.662438656312905e-05
NT,2025,11,67,91,6.581990819784964e-05
NT,2025,11,68,91,6.581990819784964e-05
NT,2025,11,69,91,6.581990819784964e-05
NT,2025,11,70,91,6.581990819784964e-05
NT,2025,11,71,91,6.563667595247401e-05
NT,2025,11,72,91,6.559988929814613e-05
NT,2025,11,73,91,6.559988929814613e-05
NT,2025,11,74,91,6.559988929814613e-05
NT,2025,11,75,91,6.559988929814613e-05
NT,2025,11,76,91,6.563667595247401e-05
NT,2025,11,77,91,6.581990819784964e-05
NT,2025,11,78,91,0.0
NT,2025,11,79,91,0.0
NT,2025,11,80,91,0.0
NT,2025,11,81,91,6.559988929814613e-05
NT,2025,11,82,91,6.507990008070722e-05
NT,2025,11,83,91,6.508261315649561e-05
NT,2025,11,84,91,6.508532634538895e-05
NT,2025,11,85,91,6.508803964738939e-05
NT,2025,11,86,91,6.509075306250755e-05
NT,2025,11,87,91,6.519746262936641e-05
NT,2025,11,88,91,6.581631898352328e-05
NT,2025,11,89,91,0.0
NT,2025,11,90,91,0.0
NT,2025,11,91,91,0.0
NT,2025,11,92,91,0.0
NT,2025,11,93,91,0.0
NT,2025,11,94,91,0.0
NT,2025,11,95,91,0.0
NT,2025,11,96,91,0.0
NT,2025,11,97,91,0.0
NT,2025,11,98,91,0.0
NT,2025,11,99,91,0.0
NT,2025,11,100,91,0.0
NT,2025,11,101,91,0.0
NT,2025,11,102,91,0.02214554744168584
NT,2025,11,103,91,0.022146470653740535
NT,2025,11,104,91,0.022147393904264366
NT,2025,11,105,91,0.0
NT,2025,11,106,91,0.2242009921467374
NT,2025,11,107,91,0.22421033872353713
NT,2025,11,108,91,0.22421968568998185
NT,2025,11,109,91,0.22422903304607156
NT,2025,11,110,91,0.2242383807918324
NT,2025,11,111,91,0.22424772892729053
NT,2025,11,112,91,0.40896862328366057
NT,2025,11,113,91,0.40898567252417006
NT,2025,11,114,91,0.40900272247548203
NT,2025,11,115,91,0.40901977313755294
NT,2025,11,116,91,0.4090368245104525
NT,2025,11,117,91,0.25062975202888566
NT,2025,11,118,91,0.4090709293887899
NT,2025,11,119,91,0.4090879828943063
NT,2025,11,120,91,0.3921558609149816
NT,2025,11,121,91,0.40545204328762785
NT,2025,11,122,91,0.40545204328762785
NT,2025,11,123,91,0.36802727007166325
NT,2025,11,124,91,0.317185948265095
NT,2025,11,125,91,0.3440032136342941
NT,2025,11,126,91,0.0001094225551239057
NT,2025,11,127,91,0.00010942711677327536
NT,2025,11,128,91,0.00010843593433214911
NT,2025,11,129,91,0.00010829454901250298
NT,2025,11,130,91,0.00010828552032785376
NT,2025,11,131,91,0.00010829003457608074
NT,2025,11,132,91,0.00010829454901250298
NT,2025,11,133,91,0.0001082990636371205
NT,2025,11,134,91,0.00010830357844994609
NT,2025,11,135,91,0.00010830809345098609
NT,2025,11,136,91,0.00010843593433214911
NT,2025,11,137,91,0.38938704288271664
NT,2025,11,138,91,0.38940327579883355
NT,2025,11,139,91,0.3894195093916619
NT,2025,11,140,91,0.3894357436612627
NT,2025,11,141,91,0.3894519786076359
NT,2025,11,142,91,0.3894682142308165
NT,2025,11,143,91,0.38948445053082187
NT,2025,11,144,91,0.38950068750771305
NT,2025,11,145,91,0.38630279774088067
NT,2025,11,146,91,0.23860960528546668
NT,2025,11,147,91,0.23842787023172665
NT,2025,11,148,91,0.23860960528546668
NT,2025,11,149,91,0.3894357443380439
NT,2025,11,150,91,0.38925712337560653
NT,2025,11,151,91,0.3896143653004812
NT,2025,11,152,91,0.3896306076932962
NT,2025,11,153,91,0.3896468507632325
NT,2025,11,154,91,0.38966309451032505
NT,2025,11,155,91,0.00010829454901250298
NT,2025,11,156,91,0.00010741909212864222
NT,2025,11,157,91,0.00010688916845091421
NT,2025,11,158,91,0.00010712418466105508
NT,2025,11,159,91,0.00010712418466105508
NT,2025,11,160,91,0.00010741909212864222
NT,2025,11,161,91,0.00010758028147585172
NT,2025,11,162,91,0.00010829454901250298
NT,2025,11,163,91,0.00010829454901250298
NT,2025,11,164,91,0.00010829454901250298
NT,2025,11,165,91,0.00010758028147585172
NT,2025,11,166,91,0.0001074190921286401
NT,2025,11,167,91,0.0001074190921286401
NT,2025,21,0,91,0.0
NT,2025,21,1,91,0.4721815737416077
NT,2025,21,2,91,0.2465879444405663
NT,2025,21,3,91,0.24659822429320266
NT,2025,21,4,91,0.24660850457438044
NT,2025,21,5,91,0.24993344177600602
NT,2025,21,6,91,0.26746977646505987
NT,2025,21,7,91,0.2491443981858052
NT,2025,21,8,91,0.2324457172886356
NT,2025,21,9,91,0.23245540757468616
NT,2025,21,10,91,0.24373117820065612
NT,2025,21,11,91,0.24116868011081238
NT,2025,21,12,91,0.23863041825926512
NT,2025,21,13,91,0.39044484124397927
NT,2025,21,14,91,0.3853247701675185
NT,2025,21,15,91,0.3853247701675185
NT,2025,21,16,91,0.38943574433803513
NT,2025,21,17,91,0.38938838352707833
NT,2025,21,18,91,0.3894831051490007
NT,2025,21,19,91,0.4101958532864681
NT,2025,21,20,91,0.3949332220390653
NT,2025,21,21,91,0.38811372229357116
NT,2025,21,22,91,0.3965514582427291
NT,2025,21,23,91,0.38457617096693164
NT,2025,21,24,91,0.3880496326775469
NT,2025,21,25,91,0.3885657154649678
NT,2025,21,26,91,0.38753354989011723
NT,2025,21,27,91,0.379676245060887
NT,2025,21,28,91,0.38420395193702644
NT,2025,21,29,91,0.2523086863774589
NT,2025,21,30,91,0.2523192047185721
NT,2025,21,31,91,0.2523297234981864
NT,2025,21,32,91,0.24591101181777544
NT,2025,21,33,91,0.22972301330564482
NT,2025,21,34,91,0.2491203676579809
NT,2025,21,35,91,0.4004681445507106
NT,2025,21,36,91,0.37985989756631067
NT,2025,21,37,91,0.2297613228248462
NT,2025,21,38,91,0.2297709012028251
NT,2025,21,39,91,0.22978047998012074
NT,2025,21,40,91,0.22979005915674186
NT,2025,21,41,91,0.22979963873270592
NT,2025,21,42,91,0.3829572989151741
NT,2025,21,43,91,0.2492390037791765
NT,2025,21,44,91,0.24467580572739167
NT,2025,21,45,91,0.23512329264267712
NT,2025,21,46,91,0.2398995491850344
NT,2025,21,47,91,0.23609078687080384
NT,2025,21,48,91,0.23609078687080384
NT,2025,21,49,91,0.23609078687080384
NT,2025,21,50,91,0.0
NT,2025,21,51,91,0.0
NT,2025,21,52,91,0.0
NT,2025,21,53,91,0.0
NT,2025,21,54,91,0.0
NT,2025,21,55,91,0.0
NT,2025,21,56,91,0.0
NT,2025,21,57,91,6.581990819784964e-05
NT,2025,21,58,91,6.581990819784964e-05
NT,2025,21,59,91,6.662438656322486e-05
NT,2025,21,60,91,6.579163014687422e-05
NT,2025,21,61,91,7.154333343988112e-05
NT,2025,21,62,91,6.662438656322486e-05
NT,2025,21,63,91,6.662438656322486e-05
NT,2025,21,64,91,6.662438656322486e-05
NT,2025,21,65,91,6.662438656322486e-05
NT,2025,21,66,91,6.662438656322486e-05
NT,2025,21,67,91,6.581990819784964e-05
NT,2025,21,68,91,6.662438656312905e-05
NT,2025,21,69,91,6.662438656322486e-05
NT,2025,21,70,91,6.600940285013092e-05
NT,2025,21,71,91,6.582180664970654e-05
NT,2025,21,72,91,6.582455065437934e-05
NT,2025,21,73,91,6.582729477345165e-05
NT,2025,21,74,91,6.583003900691708e-05
NT,2025,21,75,91,6.58327833547884e-05
NT,2025,21,76,91,0.0
NT,2025,21,77,91,7.140175428405349e-05
NT,2025,21,78,91,7.140473090772553e-05
NT,2025,21,79,91,0.0
NT,2025,21,80,91,6.581990819784964e-05
NT,2025,21,81,91,6.662438656312905e-05
NT,2025,21,82,91,6.662438656312905e-05
NT,2025,21,83,91,6.662438656322486e-05
NT,2025,21,84,91,6.662438656322486e-05
NT,2025,21,85,91,6.662438656312905e-05
NT,2025,21,86,91,6.662438656312905e-05
NT,2025,21,87,91,6.643489981034586e-05
NT,2025,21,88,91,6.581990819785176e-05
NT,2025,21,89,91,6.582265212338239e-05
NT,2025,21,90,91,6.582539616330401e-05
NT,2025,21,91,91,6.635271664229022e-05
NT,2025,21,92,91,6.635271664229022e-05
NT,2025,21,93,91,6.583362896945102e-05
NT,2025,21,94,91,7.139969489370848e-05
NT,2025,21,95,91,6.662588159408227e-05
NT,2025,21,96,91,6.584186280528091e-05
NT,2025,21,97,91,6.662588159408227e-05
NT,2025,21,98,91,7.141160178950931e-05
NT,2025,21,99,91,7.141457882370504e-05
NT,2025,21,100,91,7.141755598200726e-05
NT,2025,21,101,91,7.142053326442238e-05
NT,2025,21,102,91,7.14235106709568e-05
NT,2025,21,103,91,7.142648820161262e-05
NT,2025,21,104,91,6.581990819784964e-05
NT,2025,21,105,91,6.662438656312905e-05
NT,2025,21,106,91,6.662438656312905e-05
NT,2025,21,107,91,6.662438656312905e-05
NT,2025,21,108,91,6.581631898352328e-05
NT,2025,21,109,91,6.581906275942686e-05
NT,2025,21,110,91,6.539439349935932e-05
NT,2025,21,111,91,6.539711968586934e-05
NT,2025,21,112,91,6.539984598603153e-05
NT,2025,21,113,91,6.583003900692133e-05
NT,2025,21,114,91,6.662588159408227e-05
NT,2025,21,115,91,0.020358212300990455
NT,2025,21,116,91,0.020359061001939117
NT,2025,21,117,91,0.02035990973826798
NT,2025,21,118,91,0.02036075850997977
NT,2025,21,119,91,0.020361607317075026
NT,2025,21,120,91,0.02036245615955594
NT,2025,21,121,91,0.020363305037425224
NT,2025,21,122,91,0.020364153950681252
NT,2025,21,123,91,0.0203650028993262
NT,2025,21,124,91,0.020365851883364434
NT,2025,21,125,91,0.020366700902794313
NT,2025,21,126,91,0.020367549957618563
NT,2025,21,127,91,0.0
NT,2025,21,128,91,6.581990819784964e-05
NT,2025,21,129,91,6.581990819784964e-05
NT,2025,21,130,91,6.662438656322486e-05
NT,2025,21,131,91,6.580893363952634e-05
NT,2025,21,132,91,6.581167710753983e-05
NT,2025,21,133,91,6.581442068993156e-05
NT,2025,21,134,91,6.581716438670574e-05
NT,2025,21,135,91,6.581990819785176e-05
NT,2025,21,136,91,6.582265212338239e-05
NT,2025,21,137,91,6.582539616330188e-05
NT,2025,21,138,91,0.23603174161746757
NT,2025,21,139,91,0.38935457908056464
NT,2025,21,140,91,0.38937081064329365
NT,2025,21,141,91,0.38938704288271664
NT,2025,21,142,91,0.3894032757988161
NT,2025,21,143,91,0.3894195093916532
NT,2025,21,144,91,0.3894357436612453
NT,2025,21,145,91,0.3894519786076272
NT,2025,21,146,91,0.3894682142308078
NT,2025,21,147,91,0.38948445053082187
NT,2025,21,148,91,0.38950068750771305
NT,2025,21,149,91,0.38951692516149006
NT,2025,21,150,91,0.38953316349218775
NT,2025,21,151,91,0.3895494024998236
NT,2025,21,152,91,0.0001074190921286401
NT,2025,21,153,91,0.00010712589597910368
NT,2025,21,154,91,0.00010688025693502674
NT,2025,21,155,91,0.00010688471260009287
NT,2025,21,156,91,0.00010688916845091421
NT,2025,21,157,91,0.00010689362448748651
NT,2025,21,158,91,0.00010689808070982894
NT,2025,21,159,91,0.00010713929425372862
NT,2025,21,160,91,0.00010714376071764301
NT,2025,21,161,91,0.00010741909212864222
NT,2025,21,162,91,0.00010758028147585172
NT,2025,21,163,91,0.0001162121820257003
NT,2025,21,164,91,0.00011621702672363172
NT,2025,21,165,91,0.00011622187162353642
NT,2025,21,166,91,0.00011622671672541229
NT,2025,21,167,91,0.00011623156202927636
NT,2025,42,0,91,0.0
NT,2025,42,1,91,0.4693684583078994
NT,2025,42,2,91,-8.721182071795201e-15
NT,2025,42,3,91,0.0
NT,2025,42,4,91,1.7442364143590402e-14
NT,2025,42,5,91,0.0
NT,2025,42,6,91,0.0
NT,2025,42,7,91,-8.721182071795201e-15
NT,2025,42,8,91,0.2341095154511892
NT,2025,42,9,91,0.2325765701567359
NT,2025,42,10,91,0.23258626589783352
NT,2025,42,11,91,0.25225084324727204
NT,2025,42,12,91,0.2326056585926393
NT,2025,42,13,91,0.23261535554637366
NT,2025,42,14,91,0.23262505290438712
NT,2025,42,15,91,0.23955652083723802
NT,2025,42,16,91,0.2523034272800032
NT,2025,42,17,91,0.2523139454018572
NT,2025,42,18,91,0.25232446396222097
NT,2025,42,19,91,0.25233498296106827
NT,2025,42,20,91,0.25234550239843406
NT,2025,42,21,91,0.3910942889247489
NT,2025,42,22,91,0.40707577498695746
NT,2025,42,23,91,0.3744414628282917
NT,2025,42,24,91,0.3744570726873325
NT,2025,42,25,91,0.3853247701675185
NT,2025,42,26,91,0.3853247701675185
NT,2025,42,27,91,0.3853247701675185
NT,2025,42,28,91,0.374519518631294
NT,2025,42,29,91,0.4004681445507106
NT,2025,42,30,91,0.4002942356011199
NT,2025,42,31,91,0.4062180586143244
NT,2025,42,32,91,0.3922770333233006
NT,2025,42,33,91,0.3728394317942779
NT,2025,42,34,91,0.37136411154703375
NT,2025,42,35,91,0.2275464936460357
NT,2025,42,36,91,0.2275559796913861
NT,2025,42,37,91,0.22756546613218107
NT,2025,42,38,91,0.22757495296845548
NT,2025,42,39,91,0.22758444020021806
NT,2025,42,40,91,0.3714570106441212
NT,2025,42,41,91,0.2758250001351782
NT,2025,42,42,91,0.2758364988333945
NT,2025,42,43,91,0.27584799801095317
NT,2025,42,44,91,0.40549430112077967
NT,2025,42,45,91,0.3747850300924119
NT,2025,42,46,91,0.37602263633887756
NT,2025,42,47,91,0.3748162791073947
NT,2025,42,48,91,0.37483190459192445
NT,2025,42,49,91,0.37484753072785676
NT,2025,42,50,91,0.37486315751521776
NT,2025,42,51,91,0.37487878495404237
NT,2025,42,52,91,0.3748944130443567
NT,2025,42,53,91,0.40564646610803107
NT,2025,42,54,91,0.4004681445507106
NT,2025,42,55,91,0.2759860255392371
NT,2025,42,56,91,0.3849009411545037
NT,2025,42,57,91,0.22974792790680348
NT,2025,42,58,91,0.23632948905796966
NT,2025,42,59,91,0.2398995491850344
NT,2025,42,60,91,0.22977666256340365
NT,2025,42,61,91,0.22978624158088065
NT,2025,42,62,91,0.22979582099768314
NT,2025,42,63,91,0.0
NT,2025,42,64,91,0.0
NT,2025,42,65,91,0.2562277386353456
NT,2025,42,66,91,0.20010891113121804
NT,2025,42,67,91,0.0
NT,2025,42,68,91,0.0
NT,2025,42,69,91,0.0
NT,2025,42,70,91,0.2491203676579809
NT,2025,42,71,91,0.2385076045215761
NT,2025,42,72,91,0.24306830855308884
NT,2025,42,73,91,0.24306830855308884
NT,2025,42,74,91,0.24306830855308884
NT,2025,42,75,91,0.24003407840274332
NT,2025,42,76,91,0.24843576370823114
NT,2025,42,77,91,0.256355948670208
NT,2025,42,78,91,0.2563666357351643
NT,2025,42,79,91,0.2563773232455899
NT,2025,42,80,91,0.2553460380213412
NT,2025,42,81,91,0.23642062572748665
NT,2025,42,82,91,0.2364304817210461
NT,2025,42,83,91,0.23644033812548662
NT,2025,42,84,91,0.23645019494080818
NT,2025,42,85,91,0.2364600521670544
NT,2025,42,86,91,0.23646990980424273
NT,2025,42,87,91,0.23980311317172515
NT,2025,42,88,91,0.25647353089145875
NT,2025,42,89,91,0.25648422285821654
NT,2025,42,90,91,0.256494915270679
NT,2025,42,91,91,0.2565056081288986
NT,2025,42,92,91,0.0
NT,2025,42,93,91,0.0
NT,2025,42,94,91,0.24096153045966148
NT,2025,42,95,91,0.24096355359261493
NT,2025,42,96,91,0.24043766605585265
NT,2025,42,97,91,0.2398995491850344
NT,2025,42,98,91,0.2398995491850344
NT,2025,42,99,91,0.2398995491850344
NT,2025,42,100,91,0.24626357880077515
NT,2025,42,101,91,0.26756203806359596
NT,2025,42,102,91,0.26757319229227505
NT,2025,42,103,91,0.2675843469859501
NT,2025,42,104,91,0.40057773832129845
NT,2025,42,105,91,0.0001074190921286401
NT,2025,42,106,91,0.00010741909212864222
NT,2025,42,107,91,0.00010741909212864222
NT,2025,42,108,91,0.00010741461418708373
NT,2025,42,109,91,0.00010741909212864222
NT,2025,42,110,91,0.00010742357025687788
NT,2025,42,111,91,0.00010742804857179921
NT,2025,42,112,91,0.00010743252707341474
NT,2025,42,113,91,0.00011775876290532818
NT,2025,42,114,91,0.00011776367207771732
NT,2025,42,115,91,0.00011776858145476681
NT,2025,42,116,91,0.00011777349103647237
NT,2025,42,117,91,0.00011777840082285743
NT,2025,42,118,91,0.0001085063112707133
NT,2025,42,119,91,0.0001085108347233559
NT,2025,42,120,91,0.00010843593433214911
NT,2025,42,121,91,0.00010741909212864222
NT,2025,42,122,91,0.00010741909212864222
NT,2025,42,123,91,0.0001074190921286401
NT,2025,42,124,91,0.00010829454901250298
NT,2025,42,125,91,0.00010843593433214911
NT,2025,42,126,91,0.00011647196701321063
NT,2025,42,127,91,0.00011647682254116172
NT,2025,42,128,91,0.00010843593433214911
NT,2025,42,129,91,0.0001074190921286401
NT,2025,42,130,91,0.0001074190921286401
NT,2025,42,131,91,0.00010741909212864222
NT,2025,42,132,91,0.0001074190921286401
NT,2025,42,133,91,0.00010742357025687788
NT,2025,42,134,91,0.00010742804857180134
NT,2025,42,135,91,0.00010743252707341686
NT,2025,42,136,91,0.00010843593433214911
NT,2025,42,137,91,0.3902170342809319
NT,2025,42,138,91,0.3902333017980422
NT,2025,42,139,91,0.39024956999332033
NT,2025,42,140,91,0.3902658388667925
NT,2025,42,141,91,0.39028210841848476
NT,2025,42,142,91,0.38632581325738313
NT,2025,42,143,91,0.3853247701675185
NT,2025,42,144,91,0.3853247701675185
NT,2025,42,145,91,0.3853247701675185
NT,2025,42,146,91,0.3853247701675185
NT,2025,42,147,91,0.3853247701675185
NT,2025,42,148,91,0.3903960142730072
NT,2025,42,149,91,0.3904122892515074
NT,2025,42,150,91,0.39042856490845446
NT,2025,42,151,91,0.39044484124397927
NT,2025,42,152,91,0.3869343992293193
NT,2025,42,153,91,0.00010741909212864222
NT,2025,42,154,91,0.0001074190921286401
NT,2025,42,155,91,0.00010741909212864222
NT,2025,42,156,91,0.00010742357025687788
NT,2025,42,157,91,0.00010742804857180134
NT,2025,42,158,91,0.00010743252707341474
NT,2025,42,159,91,0.0001074370057617351
NT,2025,42,160,91,0.3744576726524017
NT,2025,42,161,91,0.38801728015256753
NT,2025,42,162,91,0.3880334559654977
NT,2025,42,163,91,0.3880496324527584
NT,2025,42,164,91,0.388065809614402
NT,2025,42,165,91,0.3880819874504371
NT,2025,42,166,91,0.38809816596089
NT,2025,42,167,91,0.3797941570912284
NT,2025,52,0,91,0.0
NT,2025,52,1,91,0.7685499557750244
NT,2025,52,2,91,0.3955989422576338
NT,2025,52,3,91,0.3956154341378014
NT,2025,52,4,91,0.3956319267054773
NT,2025,52,5,91,0.39564841996068756
NT,2025,52,6,91,0.4152556666145681
NT,2025,52,7,91,0.42911737625711055
NT,2025,52,8,91,0.4291352654665849
NT,2025,52,9,91,0.00010843593433214911
NT,2025,52,10,91,0.0001074190921286401
NT,2025,52,11,91,0.00010741909212864222
NT,2025,52,12,91,0.0001074190921286401
NT,2025,52,13,91,0.0001074190921286401
NT,2025,52,14,91,0.00010741909212864222
NT,2025,52,15,91,0.00010741909212864222
NT,2025,52,16,91,0.00010843593433214911
NT,2025,52,17,91,0.00010843593433214911
NT,2025,52,18,91,0.00010843593433214911
NT,2025,52,19,91,0.00010843593433214911
NT,2025,52,20,91,0.00010741909212864222
NT,2025,52,21,91,0.00010741909212864222
NT,2025,52,22,91,0.00010741909212864222
NT,2025,52,23,91,0.0001074190921286401
NT,2025,52,24,91,0.00010712418466105508
NT,2025,52,25,91,0.00010641708554699693
NT,2025,52,26,91,0.00010641708554699693
NT,2025,52,27,91,0.00010641708554699693
NT,2025,52,28,91,0.00010641708554699693
NT,2025,52,29,91,0.00010641708554699693
NT,2025,52,30,91,0.00010641708554699693
NT,2025,52,31,91,0.00010641708554699693
NT,2025,52,32,91,0.00010641708554699693
NT,2025,52,33,91,0.00010641708554699693
NT,2025,52,34,91,0.00010641708554699693
NT,2025,52,35,91,0.00010641708554699693
NT,2025,52,36,91,0.00010641708554699693
NT,2025,52,37,91,0.00010641708554699693
NT,2025,52,38,91,0.00010641708554699693
NT,2025,52,39,91,0.00010641708554699693
NT,2025,52,40,91,0.00010641708554699693
NT,2025,52,41,91,0.00010641708554699693
NT,2025,52,42,91,0.00010641708554699693
NT,2025,52,43,91,0.00010641708554699693
NT,2025,52,44,91,0.00010612865803225259
NT,2025,52,45,91,0.00010370439701772589
NT,2025,52,46,91,0.00010370439701772589
NT,2025,52,47,91,0.00010370439701772589
NT,2025,52,48,91,6.496222461007611e-05
NT,2025,52,49,91,6.502566230944365e-05
NT,2025,52,50,91,6.496222461007611e-05
NT,2025,52,51,91,6.496222461007611e-05
NT,2025,52,52,91,6.496222461007611e-05
NT,2025,52,53,91,6.496222461007611e-05
NT,2025,52,54,91,6.496222461007611e-05
NT,2025,52,55,91,6.496222461007611e-05
NT,2025,52,56,91,0.00010370439701772589
NT,2025,52,57,91,0.00010612865803225259
NT,2025,52,58,91,0.00010612865803225259
NT,2025,52,59,91,0.00010612865803225259
NT,2025,52,60,91,0.00010612865803225259
NT,2025,52,61,91,0.00010612865803225259
NT,2025,52,62,91,6.502566230944365e-05
NT,2025,52,63,91,6.502566230944365e-05
NT,2025,52,64,91,6.502566230944365e-05
NT,2025,52,65,91,0.00010612865803225259
NT,2025,52,66,91,0.00010641708554699693
NT,2025,52,67,91,6.520238356949182e-05
NT,2025,52,68,91,6.520238356949182e-05
NT,2025,52,69,91,6.520238356949182e-05
NT,2025,52,70,91,6.520238356949182e-05
NT,2025,52,71,91,6.502566230944365e-05
NT,2025,52,72,91,6.502566230944365e-05
NT,2025,52,73,91,6.502538053659962e-05
NT,2025,52,74,91,6.496222461007611e-05
NT,2025,52,75,91,6.496222461007611e-05
NT,2025,52,76,91,6.496222461007611e-05
NT,2025,52,77,91,6.502566230944365e-05
NT,2025,52,78,91,6.519746262936641e-05
NT,2025,52,79,91,6.559988929814613e-05
NT,2025,52,80,91,6.563667595247401e-05
NT,2025,52,81,91,6.502538053659962e-05
NT,2025,52,82,91,6.502538053659962e-05
NT,2025,52,83,91,6.502566230944365e-05
NT,2025,52,84,91,6.502566230944365e-05
NT,2025,52,85,91,6.502566230944365e-05
NT,2025,52,86,91,6.502538053659962e-05
NT,2025,52,87,91,6.031055891887597e-05
NT,2025,52,88,91,6.581631898352328e-05
NT,2025,52,89,91,6.662438656322486e-05
NT,2025,52,90,91,6.662438656322486e-05
NT,2025,52,91,91,6.662438656322486e-05
NT,2025,52,92,91,6.662438656322486e-05
NT,2025,52,93,91,6.662438656322486e-05
NT,2025,52,94,91,6.662438656312905e-05
NT,2025,52,95,91,0.00010688916845091421
NT,2025,52,96,91,0.00010641708554699693
NT,2025,52,97,91,0.00010370439701772589
NT,2025,52,98,91,6.88671397568729e-05
NT,2025,52,99,91,6.947760658139985e-05
NT,2025,52,100,91,7.008809885530488e-05
NT,2025,52,101,91,0.00010641708554699693
NT,2025,52,102,91,0.00010641708554699693
NT,2025,52,103,91,0.00010712418466105508
NT,2025,52,104,91,0.00010712418466105508
NT,2025,52,105,91,0.00010712418466105508
NT,2025,52,106,91,0.00010641708554699693
NT,2025,52,107,91,0.00010612865803225259
NT,2025,52,108,91,0.00010641708554699693
NT,2025,52,109,91,0.00010641708554699693
NT,2025,52,110,91,0.00010641708554699693
NT,2025,52,111,91,0.00010641708554699693
NT,2025,52,112,91,0.00010712418466105508
NT,2025,52,113,91,0.00010712589597910368
NT,2025,52,114,91,0.00010712589597910368
NT,2025,52,115,91,0.00010712418466105508
NT,2025,52,116,91,0.00010712418466105508
NT,2025,52,117,91,0.00010641708554699693
NT,2025,52,118,91,0.00010641708554699693
NT,2025,52,119,91,0.00010641708554699693
NT,2025,52,120,91,0.00010641708554699693
NT,2025,52,121,91,0.00010641708554699693
NT,2025,52,122,91,0.00010641708554699693
NT,2025,52,123,91,0.00010641708554699693
NT,2025,52,124,91,0.00010641708554699693
NT,2025,52,125,91,0.00010641708554699693
NT,2025,52,126,91,0.00010641708554699693
NT,2025,52,127,91,0.00010641708554699693
NT,2025,52,128,91,0.00010641708554699693
NT,2025,52,129,91,0.00010612865803225259
NT,2025,52,130,91,0.00010611113289837425
NT,2025,52,131,91,9.084862365343877e-05
NT,2025,52,132,91,9.085241098564675e-05
NT,2025,52,133,91,9.085619847573452e-05
NT,2025,52,134,91,9.085998612372125e-05
NT,2025,52,135,91,0.00010309680115288354
NT,2025,52,136,91,0.00010712418466105508
NT,2025,52,137,91,0.00010741909212864222
NT,2025,52,138,91,0.0001074190921286401
NT,2025,52,139,91,0.00010829454901250298
NT,2025,52,140,91,0.00010843593433214911
NT,2025,52,141,91,0.00010843593433214911
NT,2025,52,142,91,0.00010843593433214911
NT,2025,52,143,91,0.00010829454901250298
NT,2025,52,144,91,6.635271664229022e-05
NT,2025,52,145,91,6.581990819784964e-05
NT,2025,52,146,91,6.581990819784964e-05
NT,2025,52,147,91,6.635271664229022e-05
NT,2025,52,148,91,6.635271664229022e-05
NT,2025,52,149,91,6.662588159408227e-05
NT,2025,52,150,91,7.056752968661199e-05
NT,2025,52,151,91,7.057047153280756e-05
NT,2025,52,152,91,7.057341350164261e-05
NT,2025,52,153,91,0.00010688916845091421
NT,2025,52,154,91,0.00010621717972775421
NT,2025,52,155,91,9.093956321665893e-05
NT,2025,52,156,91,9.094335433998348e-05
NT,2025,52,157,91,9.09471456213539e-05
NT,2025,52,158,91,0.00010623489292517933
NT,2025,52,159,91,6.662438656322486e-05
NT,2025,52,160,91,0.38528461376230777
NT,2025,52,161,91,0.38938720273982114
NT,2025,52,162,91,0.38940343566261854
NT,2025,52,163,91,0.3894196692621186
NT,2025,52,164,91,0.3894359035383736
NT,2025,52,165,91,0.3894521384914186
NT,2025,52,166,91,0.38946837412123597
NT,2025,52,167,91,0.3852283854199949
NT,2030,11,0,91,0.0
NT,2030,11,1,91,0.00010641708554699693
NT,2030,11,2,91,0.00010641708554699693
NT,2030,11,3,91,0.00010641708554699693
NT,2030,11,4,91,0.00010641708554699693
NT,2030,11,5,91,0.00010641708554699693
NT,2030,11,6,91,0.00010688916845091421
NT,2030,11,7,91,0.00010688916845091421
NT,2030,11,8,91,0.00010712418466105508
NT,2030,11,9,91,0.00010612865803225259
NT,2030,11,10,91,0.00010612865803225259
NT,2030,11,11,91,0.00010612865803225259
NT,2030,11,12,91,0.00010613308236437699
NT,2030,11,13,91,0.00010613750688094503
NT,2030,11,14,91,0.00010614193158196948
NT,2030,11,15,91,0.00010614635646744395
NT,2030,11,16,91,0.00010615078153738973
NT,2030,11,17,91,0.00010642152190319987
NT,2030,11,18,91,0.00010712418466105508
NT,2030,11,19,91,0.00010712589597910368
NT,2030,11,20,91,0.00010688916845091421
NT,2030,11,21,91,0.00010688916845091421
NT,2030,11,22,91,0.00010712418466105508
NT,2030,11,23,91,0.00010712418466105508
NT,2030,11,24,91,0.00010688916845091421
NT,2030,11,25,91,0.00010688916845091421
NT,2030,11,26,91,6.581990819784964e-05
NT,2030,11,27,91,6.581990819784964e-05
NT,2030,11,28,91,6.581990819784964e-05
NT,2030,11,29,91,6.581990819784964e-05
NT,2030,11,30,91,6.662588159408227e-05
NT,2030,11,31,91,7.075636244803122e-05
NT,2030,11,32,91,6.635271664229022e-05
NT,2030,11,33,91,6.581990819784964e-05
NT,2030,11,34,91,6.59150806587764e-05
NT,2030,11,35,91,0.00010741909212864222
NT,2030,11,36,91,0.0001074190921286401
NT,2030,11,37,91,0.0001074190921286401
NT,2030,11,38,91,0.0001074190921286401
NT,2030,11,39,91,0.0001074190921286401
NT,2030,11,40,91,0.00010758028147585172
NT,2030,11,41,91,0.00010843593433214911
NT,2030,11,42,91,0.00011553472569172871
NT,2030,11,43,91,0.00011553954214760243
NT,2030,11,44,91,0.00011554435880426771
NT,2030,11,45,91,0.00011554917566173313
NT,2030,11,46,91,0.00011555399272000716
NT,2030,11,47,91,0.00010758028147585172
NT,2030,11,48,91,0.00010741909212864222
NT,2030,11,49,91,0.00010712418466105508
NT,2030,11,50,91,0.00010641708554699693
NT,2030,11,51,91,0.00010641708554699693
NT,2030,11,52,91,0.00010641708554699693
NT,2030,11,53,91,0.00010712418466105508
NT,2030,11,54,91,0.00010712418466105508
NT,2030,11,55,91,0.00010688916845091421
NT,2030,11,56,91,0.00010688916845091421
NT,2030,11,57,91,0.00010641708554699693
NT,2030,11,58,91,0.00010612865803225259
NT,2030,11,59,91,0.00010612865803225259
NT,2030,11,60,91,0.00010370439701772589
NT,2030,11,61,91,6.502837312414421e-05
NT,2030,11,62,91,0.00010248917995835154
NT,2030,11,63,91,0.00010188153343307809
NT,2030,11,64,91,0.00010643039517044413
NT,2030,11,65,91,0.00010688916845091421
NT,2030,11,66,91,6.581990819784964e-05
NT,2030,11,67,91,6.59150806587764e-05
NT,2030,11,68,91,6.59150806587764e-05
NT,2030,11,69,91,6.581990819784964e-05
NT,2030,11,70,91,6.581990819784964e-05
NT,2030,11,71,91,6.581990819784964e-05
NT,2030,11,72,91,6.581631898352328e-05
NT,2030,11,73,91,6.563667595247401e-05
NT,2030,11,74,91,6.563667595247401e-05
NT,2030,11,75,91,6.581631898352328e-05
NT,2030,11,76,91,6.581631898352328e-05
NT,2030,11,77,91,6.581990819784964e-05
NT,2030,11,78,91,0.0
NT,2030,11,79,91,0.0
NT,2030,11,80,91,0.0
NT,2030,11,81,91,6.581631898352328e-05
NT,2030,11,82,91,6.519746262936641e-05
NT,2030,11,83,91,6.508803964738939e-05
NT,2030,11,84,91,6.509075306250542e-05
NT,2030,11,85,91,6.509346659073918e-05
NT,2030,11,86,91,6.509618023209282e-05
NT,2030,11,87,91,6.521926575740885e-05
NT,2030,11,88,91,6.581990819784964e-05
NT,2030,11,89,91,0.0
NT,2030,11,90,91,0.0
NT,2030,11,91,91,0.0
NT,2030,11,92,91,0.0
NT,2030,11,93,91,0.0
NT,2030,11,94,91,0.0
NT,2030,11,95,91,0.0
NT,2030,11,96,91,0.0
NT,2030,11,97,91,0.0
NT,2030,11,98,91,0.0
NT,2030,11,99,91,0.0
NT,2030,11,100,91,0.0
NT,2030,11,101,91,0.0
NT,2030,11,102,91,0.2481887105060694
NT,2030,11,103,91,0.24819905709203102
NT,2030,11,104,91,0.24820940410935105
NT,2030,11,105,91,0.22887896495611826
NT,2030,11,106,91,0.22888850655003495
NT,2030,11,107,91,0.22889804854173346
NT,2030,11,108,91,0.22890759093119636
NT,2030,11,109,91,0.228917133718476
NT,2030,11,110,91,0.22892667690358978
NT,2030,11,111,91,0.22893622048654647
NT,2030,11,112,91,0.2522403279020418
NT,2030,11,113,91,0.4116996666553697
NT,2030,11,114,91,0.4117168297487047
NT,2030,11,115,91,0.4117339935575255
NT,2030,11,116,91,0.4117511580818756
NT,2030,11,117,91,0.41176832332178126
NT,2030,11,118,91,0.41178548927728614
NT,2030,11,119,91,0.41180265594842497
NT,2030,11,120,91,0.38044555329509055
NT,2030,11,121,91,0.40545204328762785
NT,2030,11,122,91,0.40545204328762785
NT,2030,11,123,91,0.3590318164435315
NT,2030,11,124,91,0.3590467838993415
NT,2030,11,125,91,0.3880496326775469
NT,2030,11,126,91,0.3894195100684169
NT,2030,11,127,91,0.38943574433803513
NT,2030,11,128,91,0.00010843593433214911
NT,2030,11,129,91,0.00010843593433214911
NT,2030,11,130,91,0.00010842237390655756
NT,2030,11,131,91,0.00010842689385999193
NT,2030,11,132,91,0.00010843141400185152
NT,2030,11,133,91,0.00010843593433214911
NT,2030,11,134,91,0.0001084404548508911
NT,2030,11,135,91,0.00010844497555809025
NT,2030,11,136,91,0.0001084494964537487
NT,2030,11,137,91,0.3923370788311256
NT,2030,11,138,91,0.3923534347294712
NT,2030,11,139,91,0.392369791309665
NT,2030,11,140,91,0.3923861485717331
NT,2030,11,141,91,0.3924025065157104
NT,2030,11,142,91,0.3924188651416319
NT,2030,11,143,91,0.3924352244495236
NT,2030,11,144,91,0.39245158443940303
NT,2030,11,145,91,0.38251602567355775
NT,2030,11,146,91,0.38918128791969736
NT,2030,11,147,91,0.3880496326775469
NT,2030,11,148,91,0.23860960528546668
NT,2030,11,149,91,0.39044484124397927
NT,2030,11,150,91,0.3884266474321085
NT,2030,11,151,91,0.3903253873862312
NT,2030,11,152,91,0.3925824889135633
NT,2030,11,153,91,0.3925988550426491
NT,2030,11,154,91,0.3926152218540278
NT,2030,11,155,91,0.3750553572029213
NT,2030,11,156,91,0.00010829454901250298
NT,2030,11,157,91,0.00010741909212864222
NT,2030,11,158,91,0.00010741461418708373
NT,2030,11,159,91,0.00010741909212864222
NT,2030,11,160,91,0.00010742357025687788
NT,2030,11,161,91,0.00010758028147585172
NT,2030,11,162,91,0.00010829454901250298
NT,2030,11,163,91,0.00011651567405256155
NT,2030,11,164,91,0.0001165205314025839
NT,2030,11,165,91,0.00010829454901250298
NT,2030,11,166,91,0.00010758028147585172
NT,2030,11,167,91,0.00010741909212864222
NT,2030,21,0,91,0.0
NT,2030,21,1,91,0.4721815737416077
NT,2030,21,2,91,0.24770966291584517
NT,2030,21,3,91,0.24771998953111965
NT,2030,21,4,91,0.24773031657686295
NT,2030,21,5,91,0.25191079686593393
NT,2030,21,6,91,0.2686864855402696
NT,2030,21,7,91,0.25581695450168995
NT,2030,21,8,91,0.2332003935819445
NT,2030,21,9,91,0.2332101153292233
NT,2030,21,10,91,0.24364562513423002
NT,2030,21,11,91,0.24178920339314222
NT,2030,21,12,91,0.23842787023172665
NT,2030,21,13,91,0.2398995491850344
NT,2030,21,14,91,0.3873748142500629
NT,2030,21,15,91,0.3853247701675185
NT,2030,21,16,91,0.38943574433803513
NT,2030,21,17,91,0.3880496326775469
NT,2030,21,18,91,0.3934969472934787
NT,2030,21,19,91,0.41180265594842497
NT,2030,21,20,91,0.40135842261660437
NT,2030,21,21,91,0.3880496326775469
NT,2030,21,22,91,0.3955921768724605
NT,2030,21,23,91,0.38327931180360975
NT,2030,21,24,91,0.38943574433803513
NT,2030,21,25,91,0.38943574433803513
NT,2030,21,26,91,0.3866635210170499
NT,2030,21,27,91,0.3833432289791196
NT,2030,21,28,91,0.38878464262177853
NT,2030,21,29,91,0.2531278513267016
NT,2030,21,30,91,0.25313840381746083
NT,2030,21,31,91,0.2531489567481601
NT,2030,21,32,91,0.24535048009001786
NT,2030,21,33,91,0.23245540757468616
NT,2030,21,34,91,0.2491203676579809
NT,2030,21,35,91,0.40424114668874306
NT,2030,21,36,91,0.37943890289400284
NT,2030,21,37,91,0.3794547210882428
NT,2030,21,38,91,0.2698692112253972
NT,2030,21,39,91,0.3794863594550618
NT,2030,21,40,91,0.266191451436792
NT,2030,21,41,91,0.38001292284740745
NT,2030,21,42,91,0.30743938608581867
NT,2030,21,43,91,0.2522035270794445
NT,2030,21,44,91,0.24340606424166875
NT,2030,21,45,91,0.23505299654871495
NT,2030,21,46,91,0.23860960528546668
NT,2030,21,47,91,0.23860960528546668
NT,2030,21,48,91,0.23646107979730752
NT,2030,21,49,91,0.2374913053407846
NT,2030,21,50,91,0.0
NT,2030,21,51,91,0.0
NT,2030,21,52,91,0.0
NT,2030,21,53,91,0.0
NT,2030,21,54,91,0.0
NT,2030,21,55,91,0.0
NT,2030,21,56,91,0.0
NT,2030,21,57,91,0.0
NT,2030,21,58,91,6.581990819784964e-05
NT,2030,21,59,91,6.662438656312905e-05
NT,2030,21,60,91,6.662438656322486e-05
NT,2030,21,61,91,6.662438656312905e-05
NT,2030,21,62,91,6.643489981034373e-05
NT,2030,21,63,91,6.581990819784964e-05
NT,2030,21,64,91,6.582265212338239e-05
NT,2030,21,65,91,6.582539616330401e-05
NT,2030,21,66,91,6.582814031761662e-05
NT,2030,21,67,91,6.662588159408227e-05
NT,2030,21,68,91,6.635271664229022e-05
NT,2030,21,69,91,6.583637346698132e-05
NT,2030,21,70,91,6.583911807892178e-05
NT,2030,21,71,91,6.584186280528091e-05
NT,2030,21,72,91,6.584460764606511e-05
NT,2030,21,73,91,6.584735260127649e-05
NT,2030,21,74,91,6.635271664229022e-05
NT,2030,21,75,91,6.662588159408227e-05
NT,2030,21,76,91,7.142053326442451e-05
NT,2030,21,77,91,7.14235106709568e-05
NT,2030,21,78,91,7.142648820161262e-05
NT,2030,21,79,91,7.142946585639838e-05
NT,2030,21,80,91,0.0
NT,2030,21,81,91,6.581990819784964e-05
NT,2030,21,82,91,6.662438656312905e-05
NT,2030,21,83,91,6.662438656312905e-05
NT,2030,21,84,91,6.662438656312905e-05
NT,2030,21,85,91,6.662438656312905e-05
NT,2030,21,86,91,6.600940285003299e-05
NT,2030,21,87,91,6.539439349926138e-05
NT,2030,21,88,91,6.539711968577141e-05
NT,2030,21,89,91,6.539984598593358e-05
NT,2030,21,90,91,6.58940343519695e-05
NT,2030,21,91,91,6.662588159408227e-05
NT,2030,21,92,91,6.662588159408227e-05
NT,2030,21,93,91,6.662588159408227e-05
NT,2030,21,94,91,0.2360169830730565
NT,2030,21,95,91,0.23602682223940039
NT,2030,21,96,91,0.23603666181591892
NT,2030,21,97,91,0.23604650180263825
NT,2030,21,98,91,0.23605634219958455
NT,2030,21,99,91,0.23606618300674037
NT,2030,21,100,91,0.23607602422415802
NT,2030,21,101,91,0.23608586585183752
NT,2030,21,102,91,0.23609570788980505
NT,2030,21,103,91,0.23610555033805186
NT,2030,21,104,91,0.0
NT,2030,21,105,91,6.581990819784964e-05
NT,2030,21,106,91,6.581990819784964e-05
NT,2030,21,107,91,6.64348998103416e-05
NT,2030,21,108,91,6.581990819784964e-05
NT,2030,21,109,91,6.52048909473521e-05
NT,2030,21,110,91,6.458984805778227e-05
NT,2030,21,111,91,6.459254070409307e-05
NT,2030,21,112,91,6.459523346265714e-05
NT,2030,21,113,91,6.640961286969669e-05
NT,2030,21,114,91,0.23605142118067055
NT,2030,21,115,91,0.38527658214652044
NT,2030,21,116,91,0.38529264370416877
NT,2030,21,117,91,0.38530870593141203
NT,2030,21,118,91,0.3853247688282502
NT,2030,21,119,91,0.38534083239472683
NT,2030,21,120,91,0.3853568966308595
NT,2030,21,121,91,0.23612031401037847
NT,2030,21,122,91,0.2361301574844369
NT,2030,21,123,91,0.23614000136883562
NT,2030,21,124,91,0.23614984566360958
NT,2030,21,125,91,0.23615969036877624
NT,2030,21,126,91,0.23616953548436168
NT,2030,21,127,91,0.0
NT,2030,21,128,91,0.0
NT,2030,21,129,91,6.581990819784964e-05
NT,2030,21,130,91,6.581990819784964e-05
NT,2030,21,131,91,6.662438656322486e-05
NT,2030,21,132,91,6.581631898352328e-05
NT,2030,21,133,91,6.581906275942686e-05
NT,2030,21,134,91,6.539439349926138e-05
NT,2030,21,135,91,6.477935850974537e-05
NT,2030,21,136,91,6.539984598593358e-05
NT,2030,21,137,91,6.64059914982833e-05
NT,2030,21,138,91,0.23605634165260073
NT,2030,21,139,91,0.3893951589460239
NT,2030,21,140,91,0.3894113922004878
NT,2030,21,141,91,0.3894276261316893
NT,2030,21,142,91,0.38944386073964576
NT,2030,21,143,91,0.3894600960244096
NT,2030,21,144,91,0.38947633198598947
NT,2030,21,145,91,0.38943574433803513
NT,2030,21,146,91,0.38943574433803513
NT,2030,21,147,91,0.38952504393195686
NT,2030,21,148,91,0.3895412826011149
NT,2030,21,149,91,0.3895575219472373
NT,2030,21,150,91,0.3895737619703415
NT,2030,21,151,91,0.38959000267047095
NT,2030,21,152,91,0.3847223063359831
NT,2030,21,153,91,0.0001074190921286401
NT,2030,21,154,91,0.00010494150298550145
NT,2030,21,155,91,0.00010740565886396414
NT,2030,21,156,91,0.00010741013643219386
NT,2030,21,157,91,0.00010741461418707946
NT,2030,21,158,91,0.0001074190921286401
NT,2030,21,159,91,0.00010742357025687788
NT,2030,21,160,91,0.00010742804857180134
NT,2030,21,161,91,0.00010843593433214911
NT,2030,21,162,91,0.0001177587629053303
NT,2030,21,163,91,0.00011776367207772158
NT,2030,21,164,91,0.00011776858145476468
NT,2030,21,165,91,0.00011777349103647663
NT,2030,21,166,91,0.00011777840082285743
NT,2030,21,167,91,0.000117783310813922
NT,2030,42,0,91,0.0
NT,2030,42,1,91,0.47414000845161003
NT,2030,42,2,91,0.2480290151177367
NT,2030,42,3,91,0.24803935504627064
NT,2030,42,4,91,0.24804969540585772
NT,2030,42,5,91,0.26513771662221436
NT,2030,42,6,91,0.26903288147722665
NT,2030,42,7,91,0.2690440970230019
NT,2030,42,8,91,0.23806452991251192
NT,2030,42,9,91,0.2347252722800713
NT,2030,42,10,91,0.2347350575971015
NT,2030,42,11,91,0.25458130982063526
NT,2030,42,12,91,0.23475462945493558
NT,2030,42,13,91,0.23476441599580053
NT,2030,42,14,91,0.2347742029446511
NT,2030,42,15,91,0.23740737079696533
NT,2030,42,16,91,0.2546343796607787
NT,2030,42,17,91,0.2546449949562847
NT,2030,42,18,91,0.25465561069431214
NT,2030,42,19,91,0.2546662268749047
NT,2030,42,20,91,0.2546768434980711
NT,2030,42,21,91,0.23609078687080384
NT,2030,42,22,91,0.40545204328762785
NT,2030,42,23,91,0.3795011211483691
NT,2030,42,24,91,0.37951694193640195
NT,2030,42,25,91,0.38259990765750757
NT,2030,42,26,91,0.3880496326775469
NT,2030,42,27,91,0.3853247701675185
NT,2030,42,28,91,0.37958023168422395
NT,2030,42,29,91,0.39924389618089823
NT,2030,42,30,91,0.401692392920523
NT,2030,42,31,91,0.41170709971708785
NT,2030,42,32,91,0.38915846086998024
NT,2030,42,33,91,0.3763664968989846
NT,2030,42,34,91,0.37638218700958403
NT,2030,42,35,91,0.23062122661255158
NT,2030,42,36,91,0.2306308408385395
NT,2030,42,37,91,0.23064045546532674
NT,2030,42,38,91,0.23065007049292208
NT,2030,42,39,91,0.23065968592136912
NT,2030,42,40,91,0.37647634141020253
NT,2030,42,41,91,0.25017180465599875
NT,2030,42,42,91,0.25018223391397854
NT,2030,42,43,91,0.25019266360672665
NT,2030,42,44,91,0.40370684442046467
NT,2030,42,45,91,0.3798493308817317
NT,2030,42,46,91,0.38328983460969784
NT,2030,42,47,91,0.37765262674803707
NT,2030,42,48,91,0.3766019172505416
NT,2030,42,49,91,0.37661761717545356
NT,2030,42,50,91,0.3766333177548553
NT,2030,42,51,91,0.37664901898879055
NT,2030,42,52,91,0.37996019187609303
NT,2030,42,53,91,0.4068781162858887
NT,2030,42,54,91,0.4033001301432867
NT,2030,42,55,91,0.2503178538390323
NT,2030,42,56,91,0.23599931598938592
NT,2030,42,57,91,0.2308328321951194
NT,2030,42,58,91,0.23834813594187723
NT,2030,42,59,91,0.2385076045215761
NT,2030,42,60,91,0.2308617025410768
NT,2030,42,61,91,0.23087132679212452
NT,2030,42,62,91,0.23088095144436407
NT,2030,42,63,91,0.0
NT,2030,42,64,91,0.0
NT,2030,42,65,91,0.26020666944581755
NT,2030,42,66,91,0.2602175170410665
NT,2030,42,67,91,0.0
NT,2030,42,68,91,0.0
NT,2030,42,69,91,0.0
NT,2030,42,70,91,0.0
NT,2030,42,71,91,0.0
NT,2030,42,72,91,0.24365161480429676
NT,2030,42,73,91,0.24365161480429676
NT,2030,42,74,91,0.0
NT,2030,42,75,91,0.23955009143028416
NT,2030,42,76,91,0.25113334836132584
NT,2030,42,77,91,0.26033687043945725
NT,2030,42,78,91,0.2603477234625344
NT,2030,42,79,91,0.2603585769381101
NT,2030,42,80,91,0.25389504705120225
NT,2030,42,81,91,0.24009197418082256
NT,2030,42,82,91,0.24010198322696738
NT,2030,42,83,91,0.240111992690351
NT,2030,42,84,91,0.240122002571017
NT,2030,42,85,91,0.2401320128690003
NT,2030,42,86,91,0.24014202358427472
NT,2030,42,87,91,0.24015203471688387
NT,2030,42,88,91,0.2604562785813358
NT,2030,42,89,91,0.2604671365823939
NT,2030,42,90,91,0.2604779950360988
NT,2030,42,91,91,0.26048885394246796
NT,2030,42,92,91,0.2604997133015449
NT,2030,42,93,91,0.0
NT,2030,42,94,91,0.19309820494128047
NT,2030,42,95,91,0.24043236969564655
NT,2030,42,96,91,0.241847655203179
NT,2030,42,97,91,0.2402521690000132
NT,2030,42,98,91,0.2405925385249297
NT,2030,42,99,91,0.24027220086635467
NT,2030,42,100,91,0.2470310287422214
NT,2030,42,101,91,0.42532222776900286
NT,2030,42,102,91,0.4253399587648794
NT,2030,42,103,91,0.42535769049991107
NT,2030,42,104,91,0.4253754229741414
NT,2030,42,105,91,0.00010843593433214911
NT,2030,42,106,91,0.00010827197871225078
NT,2030,42,107,91,0.00010827649239594516
NT,2030,42,108,91,0.00010828100626781353
NT,2030,42,109,91,0.00010828552032785376
NT,2030,42,110,91,0.00010829003457608074
NT,2030,42,111,91,0.00010829454901250298
NT,2030,42,112,91,0.00010843593433214911
NT,2030,42,113,91,0.3880091926394626
NT,2030,42,114,91,0.3880253681152145
NT,2030,42,115,91,0.388041544265323
NT,2030,42,116,91,0.3880577210897795
NT,2030,42,117,91,0.38807389858861885
NT,2030,42,118,91,0.00011032929767046866
NT,2030,42,119,91,0.000110333897120467
NT,2030,42,120,91,0.00010917373796233659
NT,2030,42,121,91,0.00010917828923892051
NT,2030,42,122,91,0.00010918284070524125
NT,2030,42,123,91,0.00010918739236130304
NT,2030,42,124,91,0.00010919194420711655
NT,2030,42,125,91,0.00011842384543098237
NT,2030,42,126,91,0.00011842878232958493
NT,2030,42,127,91,0.00011843371943399972
NT,2030,42,128,91,0.00011741141450469934
NT,2030,42,129,91,0.00010843593433214911
NT,2030,42,130,91,0.00010829454901250298
NT,2030,42,131,91,0.00010827649239594729
NT,2030,42,132,91,0.00010828100626781353
NT,2030,42,133,91,0.00010828552032785376
NT,2030,42,134,91,0.00010829003457608074
NT,2030,42,135,91,0.00010829454901250298
NT,2030,42,136,91,0.33554638841588297
NT,2030,42,137,91,0.39409579877624495
NT,2030,42,138,91,0.3941122279927833
NT,2030,42,139,91,0.39412865789422225
NT,2030,42,140,91,0.394145088480588
NT,2030,42,141,91,0.39416151975193275
NT,2030,42,142,91,0.38302791549934734
NT,2030,42,143,91,0.39044484124397927
NT,2030,42,144,91,0.3853247701675185
NT,2030,42,145,91,0.3853247701675185
NT,2030,42,146,91,0.3853247701675185
NT,2030,42,147,91,0.38651191658980255
NT,2030,42,148,91,0.3942765578327316
NT,2030,42,149,91,0.39429299458481604
NT,2030,42,150,91,0.3943094320221325
NT,2030,42,151,91,0.39432587014468967
NT,2030,42,152,91,0.3909220989659482
NT,2030,42,153,91,0.00010843593433214911
NT,2030,42,154,91,0.00010842237390655756
NT,2030,42,155,91,0.00010842689385999193
NT,2030,42,156,91,0.00010843141400185152
NT,2030,42,157,91,0.00010843593433215337
NT,2030,42,158,91,0.00010844045485089322
NT,2030,42,159,91,0.00010844497555808812
NT,2030,42,160,91,0.39039601404685825
NT,2030,42,161,91,0.39041228902533226
NT,2030,42,162,91,0.39042856468231424
NT,2030,42,163,91,0.3904448410177693
NT,2030,42,164,91,0.39046111803181077
NT,2030,42,165,91,0.39047739572436896
NT,2030,42,166,91,0.39049367409553104
NT,2030,42,167,91,0.38015586623952335
NT,2030,52,0,91,0.0
NT,2030,52,1,91,0.7676305011301848
NT,2030,52,2,91,0.39651839690242097
NT,2030,52,3,91,0.39653492711314314
NT,2030,52,4,91,0.39655145801301317
NT,2030,52,5,91,0.3965679896019961
NT,2030,52,6,91,0.4143360969732858
NT,2030,52,7,91,0.4301147347497883
NT,2030,52,8,91,0.43013266553750684
NT,2030,52,9,91,0.31162233571031805
NT,2030,52,10,91,0.00010843593433214911
NT,2030,52,11,91,0.0001074190921286401
NT,2030,52,12,91,0.00010741909212864222
NT,2030,52,13,91,0.0001074190921286401
NT,2030,52,14,91,0.00010741909212864222
NT,2030,52,15,91,0.00010741909212864222
NT,2030,52,16,91,0.00010843593433214911
NT,2030,52,17,91,0.00010843593433214911
NT,2030,52,18,91,0.00010843593433214911
NT,2030,52,19,91,0.00010843593433214911
NT,2030,52,20,91,0.00010741909212864222
NT,2030,52,21,91,0.00010741909212864222
NT,2030,52,22,91,0.00010741909212864222
NT,2030,52,23,91,0.00010741909212864222
NT,2030,52,24,91,0.00010712418466105508
NT,2030,52,25,91,0.00010644463903718775
NT,2030,52,26,91,0.00010641708554699693
NT,2030,52,27,91,0.00010641708554699693
NT,2030,52,28,91,0.00010641708554699693
NT,2030,52,29,91,0.00010641708554699693
NT,2030,52,30,91,0.00010641708554699693
NT,2030,52,31,91,0.00010641708554699693
NT,2030,52,32,91,0.00010641708554699693
NT,2030,52,33,91,0.00010641708554699693
NT,2030,52,34,91,0.00010641708554699693
NT,2030,52,35,91,0.00010641708554699693
NT,2030,52,36,91,0.00010641708554699693
NT,2030,52,37,91,0.00010641708554699693
NT,2030,52,38,91,0.00010641708554699693
NT,2030,52,39,91,0.00010641708554699693
NT,2030,52,40,91,0.00010641708554699693
NT,2030,52,41,91,0.00010641708554699693
NT,2030,52,42,91,0.00010641708554699693
NT,2030,52,43,91,0.00010641708554699693
NT,2030,52,44,91,0.00010641708554699693
NT,2030,52,45,91,0.00010612865803225259
NT,2030,52,46,91,0.00010612865803225259
NT,2030,52,47,91,0.00010370439701772589
NT,2030,52,48,91,0.00010370439701772589
NT,2030,52,49,91,6.496222461007611e-05
NT,2030,52,50,91,6.496222461007611e-05
NT,2030,52,51,91,6.496222461007611e-05
NT,2030,52,52,91,6.496222461007611e-05
NT,2030,52,53,91,6.496222461007611e-05
NT,2030,52,54,91,6.496222461007611e-05
NT,2030,52,55,91,6.496222461007611e-05
NT,2030,52,56,91,0.00010370439701772589
NT,2030,52,57,91,0.00010612865803225259
NT,2030,52,58,91,0.00010641708554699693
NT,2030,52,59,91,0.00010612865803225259
NT,2030,52,60,91,0.00010612865803225259
NT,2030,52,61,91,0.00010612865803225259
NT,2030,52,62,91,0.00010612865803225259
NT,2030,52,63,91,0.00010612865803225259
NT,2030,52,64,91,0.00010612865803225259
NT,2030,52,65,91,0.00010612865803225259
NT,2030,52,66,91,0.00010641708554699693
NT,2030,52,67,91,0.00010641708554699693
NT,2030,52,68,91,0.00010641708554699693
NT,2030,52,69,91,6.520238356949182e-05
NT,2030,52,70,91,6.520238356949182e-05
NT,2030,52,71,91,6.502566230944365e-05
NT,2030,52,72,91,6.502566230944365e-05
NT,2030,52,73,91,6.502566230944365e-05
NT,2030,52,74,91,6.502538053659962e-05
NT,2030,52,75,91,6.502566230944365e-05
NT,2030,52,76,91,6.502566230944365e-05
NT,2030,52,77,91,6.502566230944365e-05
NT,2030,52,78,91,6.519746262936641e-05
NT,2030,52,79,91,6.563667595247401e-05
NT,2030,52,80,91,6.581631898352328e-05
NT,2030,52,81,91,6.519746262936641e-05
NT,2030,52,82,91,6.502538053659962e-05
NT,2030,52,83,91,6.502566230944365e-05
NT,2030,52,84,91,6.502538053659962e-05
NT,2030,52,85,91,6.502566230944365e-05
NT,2030,52,86,91,6.503080225552489e-05
NT,2030,52,87,91,6.559988929814613e-05
NT,2030,52,88,91,6.662438656322486e-05
NT,2030,52,89,91,6.662438656322486e-05
NT,2030,52,90,91,6.662438656322486e-05
NT,2030,52,91,91,6.662438656322486e-05
NT,2030,52,92,91,6.662438656322486e-05
NT,2030,52,93,91,6.662438656322486e-05
NT,2030,52,94,91,6.662438656312905e-05
NT,2030,52,95,91,6.662438656312905e-05
NT,2030,52,96,91,0.00010641708554699693
NT,2030,52,97,91,0.00010612865803225259
NT,2030,52,98,91,0.00010370439701772589
NT,2030,52,99,91,0.00010370439701772589
NT,2030,52,100,91,0.00010370439701772589
NT,2030,52,101,91,0.00010641708554699693
NT,2030,52,102,91,0.00010712418466105508
NT,2030,52,103,91,0.00010712418466105508
NT,2030,52,104,91,0.00010712589597910368
NT,2030,52,105,91,0.00010712418466105508
NT,2030,52,106,91,0.00010712418466105508
NT,2030,52,107,91,0.00010641708554699693
NT,2030,52,108,91,0.00010641708554699693
NT,2030,52,109,91,0.00010641708554699693
NT,2030,52,110,91,0.00010641708554699693
NT,2030,52,111,91,0.00010641708554699693
NT,2030,52,112,91,0.00010712418466105508
NT,2030,52,113,91,0.00010741909212864222
NT,2030,52,114,91,0.0001074190921286401
NT,2030,52,115,91,0.0001074190921286401
NT,2030,52,116,91,0.00010712589597910368
NT,2030,52,117,91,0.00010712418466105508
NT,2030,52,118,91,0.00010712418466105508
NT,2030,52,119,91,0.00010641708554699693
NT,2030,52,120,91,0.00010641708554699693
NT,2030,52,121,91,0.00010641708554699693
NT,2030,52,122,91,0.00010641708554699693
NT,2030,52,123,91,0.00010641708554699693
NT,2030,52,124,91,0.00010641708554699693
NT,2030,52,125,91,0.00010641708554699693
NT,2030,52,126,91,0.00010641708554699693
NT,2030,52,127,91,0.00010641708554699693
NT,2030,52,128,91,0.00010712418466105508
NT,2030,52,129,91,0.00010641708554699693
NT,2030,52,130,91,0.00010612865803225259
NT,2030,52,131,91,0.00010611980992129846
NT,2030,52,132,91,9.489310641635305e-05
NT,2030,52,133,91,9.489706235650263e-05
NT,2030,52,134,91,0.00010309680115288354
NT,2030,52,135,91,0.00010613750688094716
NT,2030,52,136,91,0.00010712418466105508
NT,2030,52,137,91,0.0001074190921286401
NT,2030,52,138,91,0.00010829454901250298
NT,2030,52,139,91,0.00010843593433214911
NT,2030,52,140,91,6.662588159408227e-05
NT,2030,52,141,91,6.662588159408227e-05
NT,2030,52,142,91,7.132737900669135e-05
NT,2030,52,143,91,6.662588159408227e-05
NT,2030,52,144,91,6.662588159408227e-05
NT,2030,52,145,91,6.635271664229022e-05
NT,2030,52,146,91,6.635271664229022e-05
NT,2030,52,147,91,6.635271664229022e-05
NT,2030,52,148,91,6.662588159408227e-05
NT,2030,52,149,91,7.13481962716379e-05
NT,2030,52,150,91,7.135117066256172e-05
NT,2030,52,151,91,7.135414517747708e-05
NT,2030,52,152,91,7.135711981639886e-05
NT,2030,52,153,91,6.662438656322486e-05
NT,2030,52,154,91,6.969892060096068e-05
NT,2030,52,155,91,6.580534502365278e-05
NT,2030,52,156,91,6.580808834207117e-05
NT,2030,52,157,91,6.785427708066152e-05
NT,2030,52,158,91,6.723934463970998e-05
NT,2030,52,159,91,6.662438656322486e-05
NT,2030,52,160,91,0.39172797100872764
NT,2030,52,161,91,0.3917443015143661
NT,2030,52,162,91,0.3917606327007801
NT,2030,52,163,91,0.39177696456802186
NT,2030,52,164,91,0.39179329711610017
NT,2030,52,165,91,0.39180963034505856
NT,2030,52,166,91,0.3918259642549233
NT,2030,52,167,91,0.3788235760801312
NT,2040,11,0,91,0.0
NT,2040,11,1,91,3.5672353492131135e-05
NT,2040,11,2,91,3.5673840614860817e-05
NT,2040,11,3,91,3.56753277995852e-05
NT,2040,11,4,91,3.567681504630747e-05
NT,2040,11,5,91,3.5708061553685025e-05
NT,2040,11,6,91,3.5806364042881095e-05
NT,2040,11,7,91,3.5806364042881095e-05
NT,2040,11,8,91,3.5806364042881095e-05
NT,2040,11,9,91,3.562972281696963e-05
NT,2040,11,10,91,3.562972281696963e-05
NT,2040,11,11,91,3.5708061553685025e-05
NT,2040,11,12,91,3.568871525234419e-05
NT,2040,11,13,91,3.5690203057167827e-05
NT,2040,11,14,91,3.56916909240149e-05
NT,2040,11,15,91,3.569317885289075e-05
NT,2040,11,16,91,3.569466684379643e-05
NT,2040,11,17,91,3.5708061553685025e-05
NT,2040,11,18,91,3.5806364042881095e-05
NT,2040,11,19,91,3.580636404288003e-05
NT,2040,11,20,91,3.586009382528533e-05
NT,2040,11,21,91,3.586009382528533e-05
NT,2040,11,22,91,3.5806364042881095e-05
NT,2040,11,23,91,2.220812885440687e-05
NT,2040,11,24,91,2.220812885440687e-05
NT,2040,11,25,91,2.1939969399282504e-05
NT,2040,11,26,91,0.0
NT,2040,11,27,91,0.0
NT,2040,11,28,91,0.0
NT,2040,11,29,91,0.0
NT,2040,11,30,91,0.08190764455179997
NT,2040,11,31,91,0.08191105914904118
NT,2040,11,32,91,0.08191447388863389
NT,2040,11,33,91,0.07715859630167576
NT,2040,11,34,91,0.13331532999983328
NT,2040,11,35,91,0.1263084995588561
NT,2040,11,36,91,0.12981191477935014
NT,2040,11,37,91,0.12844159005584022
NT,2040,11,38,91,0.12330670901130317
NT,2040,11,39,91,0.12331184946859525
NT,2040,11,40,91,0.12331699014018639
NT,2040,11,41,91,0.13374312807979755
NT,2040,11,42,91,0.13374870361451952
NT,2040,11,43,91,0.13375427938168497
NT,2040,11,44,91,0.13375985538128957
NT,2040,11,45,91,0.1337654316133529
NT,2040,11,46,91,0.13377100807787715
NT,2040,11,47,91,0.12743898258443873
NT,2040,11,48,91,3.609818300416731e-05
NT,2040,11,49,91,3.5806364042881095e-05
NT,2040,11,50,91,3.5806364042881095e-05
NT,2040,11,51,91,3.5708631993032076e-05
NT,2040,11,52,91,3.5708631993032076e-05
NT,2040,11,53,91,3.5708631993032076e-05
NT,2040,11,54,91,3.580636404288003e-05
NT,2040,11,55,91,3.586009382528533e-05
NT,2040,11,56,91,2.220812885440687e-05
NT,2040,11,57,91,3.562972281696963e-05
NT,2040,11,58,91,3.5708061553685025e-05
NT,2040,11,59,91,3.5707143419968334e-05
NT,2040,11,60,91,3.562972281696963e-05
NT,2040,11,61,91,3.542528777048434e-05
NT,2040,11,62,91,3.522084420143467e-05
NT,2040,11,63,91,3.5016392109461834e-05
NT,2040,11,64,91,3.481193149421346e-05
NT,2040,11,65,91,2.220812885440687e-05
NT,2040,11,66,91,2.2193874240131764e-05
NT,2040,11,67,91,0.0
NT,2040,11,68,91,0.0
NT,2040,11,69,91,2.2208627198027423e-05
NT,2040,11,70,91,2.2193874240131764e-05
NT,2040,11,71,91,0.0
NT,2040,11,72,91,0.0
NT,2040,11,73,91,1.4829389492508177e-05
NT,2040,11,74,91,1.4829389492508177e-05
NT,2040,11,75,91,0.0
NT,2040,11,76,91,0.0
NT,2040,11,77,91,0.0
NT,2040,11,78,91,0.0
NT,2040,11,79,91,0.0
NT,2040,11,80,91,0.0
NT,2040,11,81,91,0.0
NT,2040,11,82,91,2.2193874240131764e-05
NT,2040,11,83,91,0.0
NT,2040,11,84,91,0.0
NT,2040,11,85,91,0.0
NT,2040,11,86,91,0.0
NT,2040,11,87,91,0.0
NT,2040,11,88,91,2.2195724732155914e-05
NT,2040,11,89,91,0.0
NT,2040,11,90,91,0.0
NT,2040,11,91,91,0.0
NT,2040,11,92,91,0.0
NT,2040,11,93,91,0.0
NT,2040,11,94,91,0.0
NT,2040,11,95,91,0.0
NT,2040,11,96,91,0.0
NT,2040,11,97,91,0.0
NT,2040,11,98,91,0.0
NT,2040,11,99,91,0.0
NT,2040,11,100,91,0.0
NT,2040,11,101,91,0.0
NT,2040,11,102,91,0.0
NT,2040,11,103,91,0.0
NT,2040,11,104,91,0.0
NT,2040,11,105,91,0.07869907237977807
NT,2040,11,106,91,0.07870235321683114
NT,2040,11,107,91,0.07870563419065853
NT,2040,11,108,91,0.0787089153012711
NT,2040,11,109,91,0.07871219654866887
NT,2040,11,110,91,0.07871547793284749
NT,2040,11,111,91,0.07871875945382657
NT,2040,11,112,91,0.07872204111161048
NT,2040,11,113,91,0.14745054608231664
NT,2040,11,114,91,0.14745669305712933
NT,2040,11,115,91,0.1474628402881965
NT,2040,11,116,91,0.14746898777554
NT,2040,11,117,91,0.14747513551915975
NT,2040,11,118,91,0.14748128351907325
NT,2040,11,119,91,0.14748743177527177
NT,2040,11,120,91,0.12402049303598481
NT,2040,11,121,91,0.12402566324978005
NT,2040,11,122,91,0.12844159005584022
NT,2040,11,123,91,0.12934987755918084
NT,2040,11,124,91,0.12855147470371064
NT,2040,11,125,91,0.1301482804146554
NT,2040,11,126,91,0.1301482804146554
NT,2040,11,127,91,0.1301482804146554
NT,2040,11,128,91,0.13213327019344645
NT,2040,11,129,91,0.13143373776782474
NT,2040,11,130,91,0.13293047491773133
NT,2040,11,131,91,0.1240773772437827
NT,2040,11,132,91,0.12408254982898291
NT,2040,11,133,91,0.12408772262982307
NT,2040,11,134,91,0.12409289564630753
NT,2040,11,135,91,0.1240980688784472
NT,2040,11,136,91,0.12410324232625516
NT,2040,11,137,91,0.13459585588888148
NT,2040,11,138,91,0.13460146697245412
NT,2040,11,139,91,0.13460707828993976
NT,2040,11,140,91,0.1346126898413515
NT,2040,11,141,91,0.13461830162669802
NT,2040,11,142,91,0.13462391364599244
NT,2040,11,143,91,0.13428450265586067
NT,2040,11,144,91,0.12973460207079288
NT,2040,11,145,91,0.12816675019210297
NT,2040,11,146,91,0.07996651639501291
NT,2040,11,147,91,0.1301482804146554
NT,2040,11,148,91,0.07996651639501291
NT,2040,11,149,91,0.13080356194289328
NT,2040,11,150,91,0.12954116924171066
NT,2040,11,151,91,0.12981191477935014
NT,2040,11,152,91,0.13205388216189667
NT,2040,11,153,91,0.13468566130148227
NT,2040,11,154,91,0.13469127612889267
NT,2040,11,155,91,0.1332749995212543
NT,2040,11,156,91,0.12874653711828676
NT,2040,11,157,91,0.12362305529029245
NT,2040,11,158,91,0.12362820893555111
NT,2040,11,159,91,0.12363336279565391
NT,2040,11,160,91,0.12363851687060957
NT,2040,11,161,91,0.12740869364258087
NT,2040,11,162,91,0.13409742914961548
NT,2040,11,163,91,0.13410301945457936
NT,2040,11,164,91,0.13348938151690282
NT,2040,11,165,91,0.13411420076366687
NT,2040,11,166,91,0.1341197917678145
NT,2040,11,167,91,3.609818300416731e-05
NT,2040,21,0,91,0.0
NT,2040,21,1,91,0.0
NT,2040,21,2,91,0.06863348729716283
NT,2040,21,3,91,0.08234784939131651
NT,2040,21,4,91,0.08235128233998955
NT,2040,21,5,91,0.08931387385479417
NT,2040,21,6,91,0.08931759720575715
NT,2040,21,7,91,0.08932132071194408
NT,2040,21,8,91,0.07979618268092203
NT,2040,21,9,91,0.07979950925473188
NT,2040,21,10,91,0.08262799097301561
NT,2040,21,11,91,0.08376529026966244
NT,2040,21,12,91,0.08102276951769628
NT,2040,21,13,91,0.08212385503011536
NT,2040,21,14,91,0.08014412323188
NT,2040,21,15,91,0.1318745602551348
NT,2040,21,16,91,0.13027912755982443
NT,2040,21,17,91,0.13028455868596503
NT,2040,21,18,91,0.13614912652264205
NT,2040,21,19,91,0.14091005361448025
NT,2040,21,20,91,0.1406752420326842
NT,2040,21,21,91,0.13030628545478826
NT,2040,21,22,91,0.131770952721673
NT,2040,21,23,91,0.13031715019788045
NT,2040,21,24,91,0.1303225829091264
NT,2040,21,25,91,0.1303280158468571
NT,2040,21,26,91,0.07985608223221907
NT,2040,21,27,91,0.07985941130315408
NT,2040,21,28,91,0.07986274051286273
NT,2040,21,29,91,0.08661493214417346
NT,2040,21,30,91,0.08661854298062648
NT,2040,21,31,91,0.0866221539676071
NT,2040,21,32,91,0.0857113234083197
NT,2040,21,33,91,0.07966172793940006
NT,2040,21,34,91,0.0857184698902071
NT,2040,21,35,91,0.08280956737449985
NT,2040,21,36,91,0.07869692895693607
NT,2040,21,37,91,0.07869692895693607
NT,2040,21,38,91,0.07869692895693607
NT,2040,21,39,91,0.12641605729946473
NT,2040,21,40,91,0.07869364830040929
NT,2040,21,41,91,0.07953653504908083
NT,2040,21,42,91,0.0795398507986021
NT,2040,21,43,91,0.08457522895660512
NT,2040,21,44,91,0.08304012255265666
NT,2040,21,45,91,0.07945645127230432
NT,2040,21,46,91,0.07955311517903375
NT,2040,21,47,91,0.0793987983087811
NT,2040,21,48,91,0.07927212884662199
NT,2040,21,49,91,0.0
NT,2040,21,50,91,0.0
NT,2040,21,51,91,0.0
NT,2040,21,52,91,0.0
NT,2040,21,53,91,0.0
NT,2040,21,54,91,0.0
NT,2040,21,55,91,0.0
NT,2040,21,56,91,0.0
NT,2040,21,57,91,0.0
NT,2040,21,58,91,0.0
NT,2040,21,59,91,0.0
NT,2040,21,60,91,0.0
NT,2040,21,61,91,0.0
NT,2040,21,62,91,0.0
NT,2040,21,63,91,0.0
NT,2040,21,64,91,0.0
NT,2040,21,65,91,0.0
NT,2040,21,66,91,0.07992818910501856
NT,2040,21,67,91,0.07993152118196843
NT,2040,21,68,91,0.07993485339782276
NT,2040,21,69,91,0.07869692895693607
NT,2040,21,70,91,0.07947595674390744
NT,2040,21,71,91,0.07791790116996253
NT,2040,21,72,91,0.07598997636766541
NT,2040,21,73,91,0.07944937864728878
NT,2040,21,74,91,0.07950253484052609
NT,2040,21,75,91,0.07858123880311274
NT,2040,21,76,91,0.07996151612608515
NT,2040,21,77,91,0.07996484959237819
NT,2040,21,78,91,0.07996818319764327
NT,2040,21,79,91,0.07997151694188039
NT,2040,21,80,91,0.07997485082509391
NT,2040,21,81,91,0.0
NT,2040,21,82,91,0.07928782324253343
NT,2040,21,83,91,0.0
NT,2040,21,84,91,0.0
NT,2040,21,85,91,0.0
NT,2040,21,86,91,0.0
NT,2040,21,87,91,0.0
NT,2040,21,88,91,0.0
NT,2040,21,89,91,0.0
NT,2040,21,90,91,0.08027384877119054
NT,2040,21,91,91,0.08027719525812992
NT,2040,21,92,91,0.08028054188457769
NT,2040,21,93,91,0.07905945845412862
NT,2040,21,94,91,0.08028723555602675
NT,2040,21,95,91,0.07996651639501291
NT,2040,21,96,91,0.07869692895693607
NT,2040,21,97,91,0.07869692895693607
NT,2040,21,98,91,0.07908519612456573
NT,2040,21,99,91,0.07981438197491601
NT,2040,21,100,91,0.08030731991921192
NT,2040,21,101,91,0.0803106678015099
NT,2040,21,102,91,0.08031401582337079
NT,2040,21,103,91,0.08031736398481638
NT,2040,21,104,91,0.08032071228583577
NT,2040,21,105,91,0.0
NT,2040,21,106,91,0.07996651639501291
NT,2040,21,107,91,0.0
NT,2040,21,108,91,0.0
NT,2040,21,109,91,0.0
NT,2040,21,110,91,0.0
NT,2040,21,111,91,0.0
NT,2040,21,112,91,0.0
NT,2040,21,113,91,0.07953515172588788
NT,2040,21,114,91,0.1311464339773568
NT,2040,21,115,91,0.1311519012600967
NT,2040,21,116,91,0.13115736877077125
NT,2040,21,117,91,0.13116283650937388
NT,2040,21,118,91,0.13116830447591768
NT,2040,21,119,91,0.0803081407241183
NT,2040,21,120,91,0.07938948814283364
NT,2040,21,121,91,0.07947595674390744
NT,2040,21,122,91,0.07947595674390744
NT,2040,21,123,91,0.08032176969640085
NT,2040,21,124,91,0.038365560594740895
NT,2040,21,125,91,0.0803910588603741
NT,2040,21,126,91,0.08039441023360866
NT,2040,21,127,91,0.08039776174656091
NT,2040,21,128,91,0.0
NT,2040,21,129,91,0.0
NT,2040,21,130,91,0.0
NT,2040,21,131,91,0.0
NT,2040,21,132,91,0.0
NT,2040,21,133,91,0.0
NT,2040,21,134,91,0.0
NT,2040,21,135,91,0.0
NT,2040,21,136,91,0.0
NT,2040,21,137,91,0.07611862773350965
NT,2040,21,138,91,0.1320461307286827
NT,2040,21,139,91,0.1320516355183269
NT,2040,21,140,91,0.13205714053746467
NT,2040,21,141,91,0.13206264578609597
NT,2040,21,142,91,0.1320681512642317
NT,2040,21,143,91,0.13207365697188062
NT,2040,21,144,91,0.1301482804146554
NT,2040,21,145,91,0.1301482804146554
NT,2040,21,146,91,0.1301482804146554
NT,2040,21,147,91,0.1305868776425706
NT,2040,21,148,91,0.13167552777145386
NT,2040,21,149,91,0.13210669603812836
NT,2040,21,150,91,0.13211220335264634
NT,2040,21,151,91,0.13211771089675817
NT,2040,21,152,91,0.13212321867046384
NT,2040,21,153,91,0.12183352054882143
NT,2040,21,154,91,0.1301482804146554
NT,2040,21,155,91,0.1301482804146554
NT,2040,21,156,91,0.12184875831138182
NT,2040,21,157,91,0.12185383798905977
NT,2040,21,158,91,0.12185891787851201
NT,2040,21,159,91,0.12186399797973199
NT,2040,21,160,91,0.12186907829273715
NT,2040,21,161,91,0.12187415881752968
NT,2040,21,162,91,0.13217830903771294
NT,2040,21,163,91,0.1321838193376638
NT,2040,21,164,91,0.13218932986733056
NT,2040,21,165,91,0.13219484062672637
NT,2040,21,166,91,0.132200351615849
NT,2040,21,167,91,0.13122848852283556
NT,2040,42,0,91,0.0
NT,2040,42,1,91,0.14030982843871853
NT,2040,42,2,91,0.09578095843208968
NT,2040,42,3,91,0.09578495138535388
NT,2040,42,4,91,0.09578894450507056
NT,2040,42,5,91,0.10388765618595804
NT,2040,42,6,91,0.10389198709434173
NT,2040,42,7,91,0.10389631818328007
NT,2040,42,8,91,0.08147850236402007
NT,2040,42,9,91,0.0805758736312505
NT,2040,42,10,91,0.08057923270911743
NT,2040,42,11,91,0.08739200193368928
NT,2040,42,12,91,0.0805859512849637
NT,2040,42,13,91,0.08058931078295176
NT,2040,42,14,91,0.08059267042099111
NT,2040,42,15,91,0.08059603019909047
NT,2040,42,16,91,0.08741021960871913
NT,2040,42,17,91,0.08741386359942387
NT,2040,42,18,91,0.08741750774203852
NT,2040,42,19,91,0.0874211520365609
NT,2040,42,20,91,0.0874247964830259
NT,2040,42,21,91,0.08348099169755605
NT,2040,42,22,91,0.08066938264537696
NT,2040,42,23,91,0.1283158229938645
NT,2040,42,24,91,0.12844159005584022
NT,2040,42,25,91,0.12934987755918084
NT,2040,42,26,91,0.12934987755918084
NT,2040,42,27,91,0.12833722144852974
NT,2040,42,28,91,0.1283425716197483
NT,2040,42,29,91,0.13478793260587268
NT,2040,42,30,91,0.1372675519828098
NT,2040,42,31,91,0.08529186648861624
NT,2040,42,32,91,0.08106050009741671
NT,2040,42,33,91,0.12844159005584022
NT,2040,42,34,91,0.13331532999983328
NT,2040,42,35,91,0.12731166737805996
NT,2040,42,36,91,0.12731697479559118
NT,2040,42,37,91,0.12732228243438098
NT,2040,42,38,91,0.1273275902944337
NT,2040,42,39,91,0.12733289837576026
NT,2040,42,40,91,0.1273382066783759
NT,2040,42,41,91,0.08519789733743655
NT,2040,42,42,91,0.08520144909999694
NT,2040,42,43,91,0.08520500101062774
NT,2040,42,44,91,0.0838229805892702
NT,2040,42,45,91,0.07869200807471789
NT,2040,42,46,91,0.07869528861727627
NT,2040,42,47,91,0.07869856929659369
NT,2040,42,48,91,0.12844962189491374
NT,2040,42,49,91,0.12845497675192752
NT,2040,42,50,91,0.0785889276351956
NT,2040,42,51,91,0.07859220388049834
NT,2040,42,52,91,0.07859548026238135
NT,2040,42,53,91,0.13493007571880503
NT,2040,42,54,91,0.08524408180174628
NT,2040,42,55,91,0.08524763548965805
NT,2040,42,56,91,0.08055691700942588
NT,2040,42,57,91,0.07873138361286884
NT,2040,42,58,91,0.08062947331034948
NT,2040,42,59,91,0.08118120015023222
NT,2040,42,60,91,0.07862169623506049
NT,2040,42,61,91,0.07862497384642522
NT,2040,42,62,91,0.07862825159443561
NT,2040,42,63,91,0.07863152947908948
NT,2040,42,64,91,0.0
NT,2040,42,65,91,0.08967721130207568
NT,2040,42,66,91,0.0896809497999964
NT,2040,42,67,91,0.089684688453769
NT,2040,42,68,91,0.0
NT,2040,42,69,91,0.08270353202065364
NT,2040,42,70,91,0.08270697979716764
NT,2040,42,71,91,0.08271042771740673
NT,2040,42,72,91,0.0827138757813818
NT,2040,42,73,91,0.08271732398908631
NT,2040,42,74,91,0.08272077234055515
NT,2040,42,75,91,0.0827242208357905
NT,2040,42,76,91,0.08272766947478798
NT,2040,42,77,91,0.0897220835647266
NT,2040,42,78,91,0.08972582393330598
NT,2040,42,79,91,0.08972956445780703
NT,2040,42,80,91,0.08895503017409481
NT,2040,42,81,91,0.07794505305258048
NT,2040,42,82,91,0.07794830245578545
NT,2040,42,83,91,0.07795155199446743
NT,2040,42,84,91,0.07795480166860247
NT,2040,42,85,91,0.07795805147822106
NT,2040,42,86,91,0.07796130142331449
NT,2040,42,87,91,0.08204777121317457
NT,2040,42,88,91,0.08976323619620802
NT,2040,42,89,91,0.08976697828036602
NT,2040,42,90,91,0.08977072052052416
NT,2040,42,91,91,0.08977446291668681
NT,2040,42,92,91,0.08977820546886704
NT,2040,42,93,91,0.08978194817706922
NT,2040,42,94,91,0.08280137169038251
NT,2040,42,95,91,0.08167288360986158
NT,2040,42,96,91,0.08167628842029692
NT,2040,42,97,91,0.08167969337268478
NT,2040,42,98,91,0.08168309846700769
NT,2040,42,99,91,0.08168650370328527
NT,2040,42,100,91,0.0816899090815219
NT,2040,42,101,91,0.08859658316909726
NT,2040,42,102,91,0.08860027661737697
NT,2040,42,103,91,0.08860397021962915
NT,2040,42,104,91,0.12262057740256825
NT,2040,42,105,91,0.12262568925614263
NT,2040,42,106,91,0.12263080132282127
NT,2040,42,107,91,0.12263591360261726
NT,2040,42,108,91,0.12264102609553278
NT,2040,42,109,91,0.12264613880157654
NT,2040,42,110,91,0.12265125172077036
NT,2040,42,111,91,0.1226563648531055
NT,2040,42,112,91,0.13164928688207408
NT,2040,42,113,91,0.13445149548549082
NT,2040,42,114,91,0.13445710055090274
NT,2040,42,115,91,0.1344627058499835
NT,2040,42,116,91,0.13446831138274612
NT,2040,42,117,91,0.13447391714919063
NT,2040,42,118,91,0.12400114766457827
NT,2040,42,119,91,0.12400631707189529
NT,2040,42,120,91,0.12981191477935014
NT,2040,42,121,91,0.12970093086104378
NT,2040,42,122,91,0.12844159005584022
NT,2040,42,123,91,0.12332151897939687
NT,2040,42,124,91,0.12424177197940947
NT,2040,42,125,91,0.13309876029623982
NT,2040,42,126,91,0.13310430896831474
NT,2040,42,127,91,0.1331098578717037
NT,2040,42,128,91,0.13311540700642208
NT,2040,42,129,91,0.12421957636584259
NT,2040,42,130,91,0.1319718730662631
NT,2040,42,131,91,0.12169396167366532
NT,2040,42,132,91,0.12169903489813076
NT,2040,42,133,91,0.12170410833408922
NT,2040,42,134,91,0.12170918198154726
NT,2040,42,135,91,0.12171425584052012
NT,2040,42,136,91,0.13281205043181715
NT,2040,42,137,91,0.13316535963005338
NT,2040,42,138,91,0.13317091107854712
NT,2040,42,139,91,0.13317646275847267
NT,2040,42,140,91,0.13318201466983662
NT,2040,42,141,91,0.13318756681264982
NT,2040,42,142,91,0.12918923341600574
NT,2040,42,143,91,0.12934987755918084
NT,2040,42,144,91,0.12934987755918084
NT,2040,42,145,91,0.12934987755918084
NT,2040,42,146,91,0.12934987755918084
NT,2040,42,147,91,0.12934987755918084
NT,2040,42,148,91,0.12934987755918084
NT,2040,42,149,91,0.13323199228853272
NT,2040,42,150,91,0.13323754651483197
NT,2040,42,151,91,0.1332431009726786
NT,2040,42,152,91,0.13324865566208133
NT,2040,42,153,91,0.12780945666872087
NT,2040,42,154,91,0.12263578261229835
NT,2040,42,155,91,0.12264089509975223
NT,2040,42,156,91,0.12264600780034089
NT,2040,42,157,91,0.12265112071406653
NT,2040,42,158,91,0.12265623384094004
NT,2040,42,159,91,0.12266134718097449
NT,2040,42,160,91,0.13329310151449814
NT,2040,42,161,91,0.1332986582883397
NT,2040,42,162,91,0.13330421529383982
NT,2040,42,163,91,0.1333097725310007
NT,2040,42,164,91,0.13331532999983328
NT,2040,42,165,91,0.1333208877003484
NT,2040,42,166,91,0.12878928742577156
NT,2040,42,167,91,0.12593945755142474
NT,2040,52,0,91,0.0
NT,2040,52,1,91,0.2611737552851412
NT,2040,52,2,91,0.13222933538560208
NT,2040,52,3,91,0.13223484781275824
NT,2040,52,4,91,0.13224036046971757
NT,2040,52,5,91,0.13224587335649093
NT,2040,52,6,91,0.1322513864730849
NT,2040,52,7,91,0.14343290490381225
NT,2040,52,8,91,0.14343888438966193
NT,2040,52,9,91,0.13419814880426106
NT,2040,52,10,91,0.11923390870601688
NT,2040,52,11,91,0.11923887937484716
NT,2040,52,12,91,0.11924385025089708
NT,2040,52,13,91,0.11924882133418191
NT,2040,52,14,91,0.11925379262469729
NT,2040,52,15,91,0.11925876412245848
NT,2040,52,16,91,0.12934178937174107
NT,2040,52,17,91,0.12934718142177506
NT,2040,52,18,91,0.12935257369658662
NT,2040,52,19,91,0.12935796619620846
NT,2040,52,20,91,3.6145311444049e-05
NT,2040,52,21,91,3.6145311444049e-05
NT,2040,52,22,91,3.5806364042881095e-05
NT,2040,52,23,91,3.580636404288003e-05
NT,2040,52,24,91,3.5806364042881095e-05
NT,2040,52,25,91,3.5708631993032076e-05
NT,2040,52,26,91,3.5708061553685025e-05
NT,2040,52,27,91,3.5708061553685025e-05
NT,2040,52,28,91,3.548154634572854e-05
NT,2040,52,29,91,3.548154634572854e-05
NT,2040,52,30,91,3.5708061553685025e-05
NT,2040,52,31,91,3.5708061553685025e-05
NT,2040,52,32,91,3.5708061553685025e-05
NT,2040,52,33,91,3.5708061553685025e-05
NT,2040,52,34,91,6.673114770008877e-05
NT,2040,52,35,91,6.672999232415306e-05
NT,2040,52,36,91,3.547236184899826e-05
NT,2040,52,37,91,3.547236184899826e-05
NT,2040,52,38,91,3.547236184899826e-05
NT,2040,52,39,91,3.547236184899826e-05
NT,2040,52,40,91,3.547236184899826e-05
NT,2040,52,41,91,5.156530750814192e-05
NT,2040,52,42,91,3.547236184899826e-05
NT,2040,52,43,91,3.547236184899826e-05
NT,2040,52,44,91,3.547236184899826e-05
NT,2040,52,45,91,3.547236184899826e-05
NT,2040,52,46,91,3.547236184899826e-05
NT,2040,52,47,91,3.547236184899826e-05
NT,2040,52,48,91,3.547236184899826e-05
NT,2040,52,49,91,3.537621934408313e-05
NT,2040,52,50,91,3.456813233924197e-05
NT,2040,52,51,91,3.456813233924197e-05
NT,2040,52,52,91,3.456813233924197e-05
NT,2040,52,53,91,3.456813233924197e-05
NT,2040,52,54,91,3.456813233924197e-05
NT,2040,52,55,91,3.537621934408313e-05
NT,2040,52,56,91,3.547236184899826e-05
NT,2040,52,57,91,3.547236184899826e-05
NT,2040,52,58,91,3.547236184899826e-05
NT,2040,52,59,91,3.547236184899826e-05
NT,2040,52,60,91,3.547236184899826e-05
NT,2040,52,61,91,3.547236184899826e-05
NT,2040,52,62,91,3.538522253517776e-05
NT,2040,52,63,91,3.5386697687880637e-05
NT,2040,52,64,91,3.547236184899826e-05
NT,2040,52,65,91,3.547236184899826e-05
NT,2040,52,66,91,3.547236184899826e-05
NT,2040,52,67,91,3.5588698755579364e-05
NT,2040,52,68,91,3.5708061553685025e-05
NT,2040,52,69,91,3.5708061553685025e-05
NT,2040,52,70,91,3.5588698755579364e-05
NT,2040,52,71,91,3.547236184899826e-05
NT,2040,52,72,91,2.1732487543122493e-05
NT,2040,52,73,91,2.173067567190353e-05
NT,2040,52,74,91,3.069619535477793e-05
NT,2040,52,75,91,2.1732487543122493e-05
NT,2040,52,76,91,2.1733393535383463e-05
NT,2040,52,77,91,2.1772786012966852e-05
NT,2040,52,78,91,2.1878891984157295e-05
NT,2040,52,79,91,2.220812885440687e-05
NT,2040,52,80,91,2.1939969399282504e-05
NT,2040,52,81,91,2.1938772994507405e-05
NT,2040,52,82,91,8.457298021594535e-06
NT,2040,52,83,91,5.696610024256767e-06
NT,2040,52,84,91,1.9118203986819527e-05
NT,2040,52,85,91,1.9118203986819527e-05
NT,2040,52,86,91,2.1878891984157295e-05
NT,2040,52,87,91,2.1938772994507405e-05
NT,2040,52,88,91,2.220812885440687e-05
NT,2040,52,89,91,2.220812885440687e-05
NT,2040,52,90,91,3.580636404288003e-05
NT,2040,52,91,91,3.580636404288003e-05
NT,2040,52,92,91,3.580636404288003e-05
NT,2040,52,93,91,3.5806364042881095e-05
NT,2040,52,94,91,3.5806364042881095e-05
NT,2040,52,95,91,2.220812885440687e-05
NT,2040,52,96,91,2.220812885440687e-05
NT,2040,52,97,91,3.5708061553685025e-05
NT,2040,52,98,91,3.5588698755579364e-05
NT,2040,52,99,91,3.547236184899826e-05
NT,2040,52,100,91,3.547236184899826e-05
NT,2040,52,101,91,3.5708061553685025e-05
NT,2040,52,102,91,3.5806364042881095e-05
NT,2040,52,103,91,3.5806364042881095e-05
NT,2040,52,104,91,3.5806364042881095e-05
NT,2040,52,105,91,3.5806364042881095e-05
NT,2040,52,106,91,3.5806364042881095e-05
NT,2040,52,107,91,3.5806364042881095e-05
NT,2040,52,108,91,3.5806364042881095e-05
NT,2040,52,109,91,3.5708061553685025e-05
NT,2040,52,110,91,3.5708631993032076e-05
NT,2040,52,111,91,3.5806364042881095e-05
NT,2040,52,112,91,3.580636404288003e-05
NT,2040,52,113,91,6.734087557671682e-05
NT,2040,52,114,91,6.734087557671682e-05
NT,2040,52,115,91,3.5806364042881095e-05
NT,2040,52,116,91,3.580636404288003e-05
NT,2040,52,117,91,3.5806364042881095e-05
NT,2040,52,118,91,3.580636404288003e-05
NT,2040,52,119,91,3.5708061553685025e-05
NT,2040,52,120,91,3.547236184899826e-05
NT,2040,52,121,91,3.547236184899826e-05
NT,2040,52,122,91,3.5473840634399246e-05
NT,2040,52,123,91,3.5475319481448934e-05
NT,2040,52,124,91,3.54767983901484e-05
NT,2040,52,125,91,3.547827736050189e-05
NT,2040,52,126,91,3.5708061553685025e-05
NT,2040,52,127,91,3.5708631993032076e-05
NT,2040,52,128,91,3.5806364042881095e-05
NT,2040,52,129,91,3.5708061553685025e-05
NT,2040,52,130,91,3.548567313715646e-05
NT,2040,52,131,91,3.548715247748204e-05
NT,2040,52,132,91,3.5488631879481874e-05
NT,2040,52,133,91,3.549011134315171e-05
NT,2040,52,134,91,3.5491590868503264e-05
NT,2040,52,135,91,3.5588698755579364e-05
NT,2040,52,136,91,3.5806364042881095e-05
NT,2040,52,137,91,0.12550795566679013
NT,2040,52,138,91,0.13012929231778816
NT,2040,52,139,91,0.07995818279875325
NT,2040,52,140,91,0.07996151612608733
NT,2040,52,141,91,0.07996484959238037
NT,2040,52,142,91,0.07996818319764327
NT,2040,52,143,91,0.07997151694188039
NT,2040,52,144,91,0.07996151584814762
NT,2040,52,145,91,0.07573066255591951
NT,2040,52,146,91,0.07687874589536016
NT,2040,52,147,91,0.07800427779059534
NT,2040,52,148,91,0.07991316981574154
NT,2040,52,149,91,0.07999152232604508
NT,2040,52,150,91,0.07999485704324778
NT,2040,52,151,91,0.07999819189947487
NT,2040,52,152,91,0.08000152689472412
NT,2040,52,153,91,0.07971595036230379
NT,2040,52,154,91,0.12040705046064405
NT,2040,52,155,91,0.07377719410861878
NT,2040,52,156,91,0.07378026976053312
NT,2040,52,157,91,0.0737833455406641
NT,2040,52,158,91,0.07378642144902044
NT,2040,52,159,91,0.07378949748560867
NT,2040,52,160,91,0.13450854667499504
NT,2040,52,161,91,0.1345141541187845
NT,2040,52,162,91,0.13451976179633657
NT,2040,52,163,91,0.13452536970765988
NT,2040,52,164,91,0.1345309778527763
NT,2040,52,165,91,0.134536586231688
NT,2040,52,166,91,0.1345421948443993
NT,2040,52,167,91,0.12333190475259477
GA,2040,11,0,91,0.0
GA,2040,11,1,91,3.547236184899826e-05
GA,2040,11,2,91,3.547236184899826e-05
GA,2040,11,3,91,3.547236184899826e-05
GA,2040,11,4,91,3.547236184899826e-05
GA,2040,11,5,91,3.5708061553685025e-05
GA,2040,11,6,91,3.580636404288003e-05
GA,2040,11,7,91,3.5806364042881095e-05
GA,2040,11,8,91,3.5708631993032076e-05
GA,2040,11,9,91,3.562972281696963e-05
GA,2040,11,10,91,3.5588698755579364e-05
GA,2040,11,11,91,3.546940446312965e-05
GA,2040,11,12,91,3.547088312524386e-05
GA,2040,11,13,91,3.547236184899826e-05
GA,2040,11,14,91,3.5473840634399246e-05
GA,2040,11,15,91,3.5475319481448934e-05
GA,2040,11,16,91,3.54767983901484e-05
GA,2040,11,17,91,3.547827736050189e-05
GA,2040,11,18,91,3.5708631993032076e-05
GA,2040,11,19,91,3.5806364042881095e-05
GA,2040,11,20,91,3.580636404288003e-05
GA,2040,11,21,91,2.220812885440687e-05
GA,2040,11,22,91,3.562972281696963e-05
GA,2040,11,23,91,3.562972281696963e-05
GA,2040,11,24,91,3.562972281696963e-05
GA,2040,11,25,91,2.220812885440687e-05
GA,2040,11,26,91,2.1939969399282504e-05
GA,2040,11,27,91,2.1939969399282504e-05
GA,2040,11,28,91,2.1939969399282504e-05
GA,2040,11,29,91,2.2117572214096386e-05
GA,2040,11,30,91,2.4007862327874416e-05
GA,2040,11,31,91,3.918496697059859e-05
GA,2040,11,32,91,2.4009864067508587e-05
GA,2040,11,33,91,3.6134765325657784e-05
GA,2040,11,34,91,3.6145311444049e-05
GA,2040,11,35,91,3.61377781883176e-05
GA,2040,11,36,91,3.6139284713849475e-05
GA,2040,11,37,91,3.614079130218514e-05
GA,2040,11,38,91,3.6142297953331e-05
GA,2040,11,39,91,3.614380466728277e-05
GA,2040,11,40,91,3.6145311444049e-05
GA,2040,11,41,91,0.19622244223463495
GA,2040,11,42,91,0.19623062243092715
GA,2040,11,43,91,0.19623880296823717
GA,2040,11,44,91,0.1962469838465934
GA,2040,11,45,91,0.19625516506597399
GA,2040,11,46,91,0.1298335626529896
GA,2040,11,47,91,3.609818300416731e-05
GA,2040,11,48,91,3.5806364042881095e-05
GA,2040,11,49,91,3.5806364042881095e-05
GA,2040,11,50,91,3.5708061553685025e-05
GA,2040,11,51,91,3.5708061553685025e-05
GA,2040,11,52,91,3.5708061553685025e-05
GA,2040,11,53,91,3.5708061553685025e-05
GA,2040,11,54,91,3.562972281696963e-05
GA,2040,11,55,91,2.2208128854375996e-05
GA,2040,11,56,91,2.220812885440687e-05
GA,2040,11,57,91,3.5708061553685025e-05
GA,2040,11,58,91,3.558573167052242e-05
GA,2040,11,59,91,3.558721518212913e-05
GA,2040,11,60,91,3.5588698755579364e-05
GA,2040,11,61,91,3.538495033738575e-05
GA,2040,11,62,91,3.518119342525051e-05
GA,2040,11,63,91,3.559314984702745e-05
GA,2040,11,64,91,3.5594633667885875e-05
GA,2040,11,65,91,3.562972281696963e-05
GA,2040,11,66,91,2.1971693552925824e-05
GA,2040,11,67,91,2.2193874240131764e-05
GA,2040,11,68,91,2.2193874240131764e-05
GA,2040,11,69,91,2.2117572214096386e-05
GA,2040,11,70,91,1.4829389492508177e-05
GA,2040,11,71,91,2.1939969399282504e-05
GA,2040,11,72,91,2.1939969399282504e-05
GA,2040,11,73,91,2.1939969399282504e-05
GA,2040,11,74,91,2.1939969399282504e-05
GA,2040,11,75,91,2.1939969399282504e-05
GA,2040,11,76,91,2.1939969399282504e-05
GA,2040,11,77,91,0.0
GA,2040,11,78,91,0.0
GA,2040,11,79,91,0.0
GA,2040,11,80,91,0.0
GA,2040,11,81,91,0.0
GA,2040,11,82,91,2.1939969399282504e-05
GA,2040,11,83,91,2.1878891984157295e-05
GA,2040,11,84,91,2.1879804079781895e-05
GA,2040,11,85,91,2.188071621343072e-05
GA,2040,11,86,91,2.1881628385104835e-05
GA,2040,11,87,91,2.1938772994507405e-05
GA,2040,11,88,91,2.1939969399282504e-05
GA,2040,11,89,91,0.0
GA,2040,11,90,91,0.0
GA,2040,11,91,91,0.0
GA,2040,11,92,91,0.0
GA,2040,11,93,91,0.0
GA,2040,11,94,91,0.0
GA,2040,11,95,91,0.0
GA,2040,11,96,91,0.0
GA,2040,11,97,91,0.0
GA,2040,11,98,91,0.0
GA,2040,11,99,91,0.0
GA,2040,11,100,91,0.0
GA,2040,11,101,91,0.0
GA,2040,11,102,91,0.0
GA,2040,11,103,91,0.0
GA,2040,11,104,91,0.0
GA,2040,11,105,91,0.0
GA,2040,11,106,91,0.0
GA,2040,11,107,91,0.07759827406977962
GA,2040,11,108,91,0.07760150901633675
GA,2040,11,109,91,0.07760474409775388
GA,2040,11,110,91,0.07760797931403318
GA,2040,11,111,91,0.07761121466518993
GA,2040,11,112,91,0.08336108138219746
GA,2040,11,113,91,0.13885064983387566
GA,2040,11,114,91,0.1388564382929242
GA,2040,11,115,91,0.13886222699328138
GA,2040,11,116,91,0.13886801593496453
GA,2040,11,117,91,0.1388738051179715
GA,2040,11,118,91,0.13887959454232632
GA,2040,11,119,91,0.13888538420803112
GA,2040,11,120,91,0.1308309601107358
GA,2040,11,121,91,0.12461481533612218
GA,2040,11,122,91,0.13515068109587813
GA,2040,11,123,91,0.12880790209325438
GA,2040,11,124,91,0.12185769154480953
GA,2040,11,125,91,0.12981191477935014
GA,2040,11,126,91,0.12981191477935014
GA,2040,11,127,91,0.13080356194289328
GA,2040,11,128,91,0.13143373776782474
GA,2040,11,129,91,0.12886282306148605
GA,2040,11,130,91,0.12543447529611848
GA,2040,11,131,91,0.12060652281734541
GA,2040,11,132,91,0.12061155070824305
GA,2040,11,133,91,0.12061657880874774
GA,2040,11,134,91,0.12062160711885297
GA,2040,11,135,91,0.12062663563859362
GA,2040,11,136,91,0.12063166436796097
GA,2040,11,137,91,0.13222657932521156
GA,2040,11,138,91,0.13223209163748142
GA,2040,11,139,91,0.13223760417954133
GA,2040,11,140,91,0.13224311695140442
GA,2040,11,141,91,0.1322486299530946
GA,2040,11,142,91,0.13225414318461196
GA,2040,11,143,91,0.1322596566459608
GA,2040,11,144,91,0.13197284787329533
GA,2040,11,145,91,0.1256394430993156
GA,2040,11,146,91,0.08014412323188
GA,2040,11,147,91,0.12981191477935014
GA,2040,11,148,91,0.12981191477935014
GA,2040,11,149,91,0.13048464604996285
GA,2040,11,150,91,0.12913918350872872
GA,2040,11,151,91,0.12999105368686903
GA,2040,11,152,91,0.1323092881424142
GA,2040,11,153,91,0.13231480390267317
GA,2040,11,154,91,0.13232031989287044
GA,2040,11,155,91,0.1309289738520189
GA,2040,11,156,91,0.12741677874620194
GA,2040,11,157,91,0.11924385025089926
GA,2040,11,158,91,0.11924882133417755
GA,2040,11,159,91,0.11925379262469947
GA,2040,11,160,91,0.11925876412245412
GA,2040,11,161,91,0.11926373582747202
GA,2040,11,162,91,0.12934718142177506
GA,2040,11,163,91,0.12935257369659098
GA,2040,11,164,91,0.1293579661962041
GA,2040,11,165,91,0.12936335892062095
GA,2040,11,166,91,3.6145311444049e-05
GA,2040,11,167,91,3.580636404288003e-05
GA,2040,21,0,91,0.0
GA,2040,21,1,91,0.1605726544360488
GA,2040,21,2,91,0.0
GA,2040,21,3,91,0.08183779003184846
GA,2040,21,4,91,0.08184120171696707
GA,2040,21,5,91,0.08863495379920432
GA,2040,21,6,91,0.08876436750083048
GA,2040,21,7,91,0.08876806794376858
GA,2040,21,8,91,0.07923362133735735
GA,2040,21,9,91,0.07923692445889696
GA,2040,21,10,91,0.08197727268327588
GA,2040,21,11,91,0.08345386768322902
GA,2040,21,12,91,0.08115407552841819
GA,2040,21,13,91,0.08002485203498434
GA,2040,21,14,91,0.12934987755918084
GA,2040,21,15,91,0.1305868776425706
GA,2040,21,16,91,0.12981191477935014
GA,2040,21,17,91,0.12965898172249718
GA,2040,21,18,91,0.1331564736271596
GA,2040,21,19,91,0.13991664081677985
GA,2040,21,20,91,0.13620995550755427
GA,2040,21,21,91,0.12968060416762908
GA,2040,21,22,91,0.13094150972226823
GA,2040,21,23,91,0.12969141674235002
GA,2040,21,24,91,0.12981191477935014
GA,2040,21,25,91,0.12981191477935014
GA,2040,21,26,91,0.08021854433071028
GA,2040,21,27,91,0.07947595674390744
GA,2040,21,28,91,0.07947926996802074
GA,2040,21,29,91,0.08600429876594916
GA,2040,21,30,91,0.08600788414608496
GA,2040,21,31,91,0.08601146967568875
GA,2040,21,32,91,0.08441196902535174
GA,2040,21,33,91,0.07869692895693607
GA,2040,21,34,91,0.08410464851600807
GA,2040,21,35,91,0.07893213064745358
GA,2040,21,36,91,0.07866649924577851
GA,2040,21,37,91,0.07869692895693607
GA,2040,21,38,91,0.07869692895693607
GA,2040,21,39,91,0.12844159005584022
GA,2040,21,40,91,0.078679617982644
GA,2040,21,41,91,0.07868289800868383
GA,2040,21,42,91,0.07952566961110229
GA,2040,21,43,91,0.08304012255265666
GA,2040,21,44,91,0.08152801465926536
GA,2040,21,45,91,0.07947595674390744
GA,2040,21,46,91,0.07953893162662191
GA,2040,21,47,91,0.07950253484052609
GA,2040,21,48,91,0.0793864037645743
GA,2040,21,49,91,0.0
GA,2040,21,50,91,0.0
GA,2040,21,51,91,0.0
GA,2040,21,52,91,0.0
GA,2040,21,53,91,0.0
GA,2040,21,54,91,0.0
GA,2040,21,55,91,0.0
GA,2040,21,56,91,0.0
GA,2040,21,57,91,0.0
GA,2040,21,58,91,0.0
GA,2040,21,59,91,2.0591180788003837e-07
GA,2040,21,60,91,0.0
GA,2040,21,61,91,0.0
GA,2040,21,62,91,0.0
GA,2040,21,63,91,0.0
GA,2040,21,64,91,0.0
GA,2040,21,65,91,1.6230083506094003e-05
GA,2040,21,66,91,2.2236227677842923e-05
GA,2040,21,67,91,2.4116244184591473e-05
GA,2040,21,68,91,2.4117249551812604e-05
GA,2040,21,69,91,2.2239008770896795e-05
GA,2040,21,70,91,2.2239935879209136e-05
GA,2040,21,71,91,2.2240863026169562e-05
GA,2040,21,72,91,2.2241790211782323e-05
GA,2040,21,73,91,0.0
GA,2040,21,74,91,0.07868216726754464
GA,2040,21,75,91,0.07868544739986079
GA,2040,21,76,91,0.078688727668912
GA,2040,21,77,91,0.07869200807471789
GA,2040,21,78,91,0.07869528861727627
GA,2040,21,79,91,0.07869856929659151
GA,2040,21,80,91,0.0
GA,2040,21,81,91,2.2208627198027423e-05
GA,2040,21,82,91,2.2036018172483162e-05
GA,2040,21,83,91,2.0591180788110298e-07
GA,2040,21,84,91,0.0
GA,2040,21,85,91,0.0
GA,2040,21,86,91,0.0
GA,2040,21,87,91,0.0
GA,2040,21,88,91,0.0
GA,2040,21,89,91,2.2117572214096386e-05
GA,2040,21,90,91,2.2236227677842923e-05
GA,2040,21,91,91,0.07992652313600021
GA,2040,21,92,91,0.0799298551434924
GA,2040,21,93,91,0.07621441529615915
GA,2040,21,94,91,0.08068677401482414
GA,2040,21,95,91,0.07993985199944147
GA,2040,21,96,91,0.07809999244324481
GA,2040,21,97,91,0.07929386547062296
GA,2040,21,98,91,0.07869692895693607
GA,2040,21,99,91,0.07995318308565258
GA,2040,21,100,91,0.08070695832510404
GA,2040,21,101,91,0.0807103228676789
GA,2040,21,102,91,0.08071368755051218
GA,2040,21,103,91,0.07996651639501291
GA,2040,21,104,91,0.07996985006976183
GA,2040,21,105,91,1.4588501206990985e-06
GA,2040,21,106,91,1.2504690236228082e-06
GA,2040,21,107,91,0.0
GA,2040,21,108,91,0.0
GA,2040,21,109,91,0.0
GA,2040,21,110,91,0.0
GA,2040,21,111,91,0.0
GA,2040,21,112,91,0.0
GA,2040,21,113,91,2.2503822067146975e-05
GA,2040,21,114,91,0.1302481400439372
GA,2040,21,115,91,0.13025356987825926
GA,2040,21,116,91,0.1302589999389439
GA,2040,21,117,91,0.1302644302260065
GA,2040,21,118,91,0.13026986073944044
GA,2040,21,119,91,0.07982044876532093
GA,2040,21,120,91,0.07919821412014375
GA,2040,21,121,91,0.07869692895693607
GA,2040,21,122,91,0.07983043193776367
GA,2040,21,123,91,0.07983375993937493
GA,2040,21,124,91,0.07983708807972274
GA,2040,21,125,91,0.07984041635881585
GA,2040,21,126,91,0.07984374477665643
GA,2040,21,127,91,0.0
GA,2040,21,128,91,0.0
GA,2040,21,129,91,0.0
GA,2040,21,130,91,6.177096726775655e-07
GA,2040,21,131,91,4.1181503198559406e-07
GA,2040,21,132,91,2.0591180788003837e-07
GA,2040,21,133,91,0.0
GA,2040,21,134,91,0.0
GA,2040,21,135,91,0.0
GA,2040,21,136,91,0.0
GA,2040,21,137,91,2.223437380902754e-05
GA,2040,21,138,91,0.13113680636359568
GA,2040,21,139,91,0.13114227324498678
GA,2040,21,140,91,0.131147740354282
GA,2040,21,141,91,0.13115320769148786
GA,2040,21,142,91,0.131158675256624
GA,2040,21,143,91,0.13116414304968824
GA,2040,21,144,91,0.12981191477935014
GA,2040,21,145,91,0.12981191477935014
GA,2040,21,146,91,0.12981191477935014
GA,2040,21,147,91,0.13118601650148556
GA,2040,21,148,91,0.13119148543436032
GA,2040,21,149,91,0.13119695459523079
GA,2040,21,150,91,0.13120242398410345
GA,2040,21,151,91,0.1312078936009827
GA,2040,21,152,91,0.1298282447047444
GA,2040,21,153,91,0.12020283920951753
GA,2040,21,154,91,0.11838184862712832
GA,2040,21,155,91,0.11838678377495031
GA,2040,21,156,91,0.11839171912852023
GA,2040,21,157,91,0.11839665468783157
GA,2040,21,158,91,0.1184015904528974
GA,2040,21,159,91,0.1184065264237308
GA,2040,21,160,91,0.11841146260032741
GA,2040,21,161,91,0.11967976639450688
GA,2040,21,162,91,0.12979838631534202
GA,2040,21,163,91,0.1298037974001648
GA,2040,21,164,91,0.12980920871055873
GA,2040,21,165,91,0.12981462024654786
GA,2040,21,166,91,0.12982003200813436
GA,2040,21,167,91,0.1298254439953291
GA,2040,42,0,91,0.0
GA,2040,42,1,91,0.0
GA,2040,42,2,91,0.0
GA,2040,42,3,91,0.0
GA,2040,42,4,91,0.0
GA,2040,42,5,91,0.0
GA,2040,42,6,91,0.0
GA,2040,42,7,91,0.0
GA,2040,42,8,91,0.07945442413627815
GA,2040,42,9,91,0.07945773646272673
GA,2040,42,10,91,0.07946104892727741
GA,2040,42,11,91,0.086179278556455
GA,2040,42,12,91,0.0794676742706262
GA,2040,42,13,91,0.07947098714944394
GA,2040,42,14,91,0.07947430016638339
GA,2040,42,15,91,0.07947761332143148
GA,2040,42,16,91,0.0861972434280292
GA,2040,42,17,91,0.08620083685171341
GA,2040,42,18,91,0.08620443042520573
GA,2040,42,19,91,0.08620802414849524
GA,2040,42,20,91,0.08621161802161467
GA,2040,42,21,91,0.07950253484052609
GA,2040,42,22,91,0.08229310420789347
GA,2040,42,23,91,0.12814728559807126
GA,2040,42,24,91,0.1281526278511673
GA,2040,42,25,91,0.12844159005584022
GA,2040,42,26,91,0.1287145241649089
GA,2040,42,27,91,0.12816865594676938
GA,2040,42,28,91,0.12817399909076252
GA,2040,42,29,91,0.13234233103427825
GA,2040,42,30,91,0.13619648264337988
GA,2040,42,31,91,0.13902237529772477
GA,2040,42,32,91,0.07889268792475863
GA,2040,42,33,91,0.12820071815214
GA,2040,42,34,91,0.1277786643970458
GA,2040,42,35,91,0.0778745635909233
GA,2040,42,36,91,0.07787781005554341
GA,2040,42,37,91,0.07788105665549883
GA,2040,42,38,91,0.07788430339080481
GA,2040,42,39,91,0.07788755026146135
GA,2040,42,40,91,0.07789079726747718
GA,2040,42,41,91,0.08447626611174786
GA,2040,42,42,91,0.08447978779066263
GA,2040,42,43,91,0.08448330961640506
GA,2040,42,44,91,0.08189226337382859
GA,2040,42,45,91,0.0785886494568851
GA,2040,42,46,91,0.0785919256905865
GA,2040,42,47,91,0.0779135301000361
GA,2040,42,48,91,0.12828090875992584
GA,2040,42,49,91,0.12844159005584022
GA,2040,42,50,91,0.12717890579618965
GA,2040,42,51,91,0.07792652326878577
GA,2040,42,52,91,0.07824266000002415
GA,2040,42,53,91,0.13341812814956808
GA,2040,42,54,91,0.08410464851600807
GA,2040,42,55,91,0.08452558297887744
GA,2040,42,56,91,0.07869692895693607
GA,2040,42,57,91,0.07862797327693287
GA,2040,42,58,91,0.07950343376157702
GA,2040,42,59,91,0.08003312425284878
GA,2040,42,60,91,0.07795576582136338
GA,2040,42,61,91,0.07795901567117136
GA,2040,42,62,91,0.07796226565646508
GA,2040,42,63,91,0.0
GA,2040,42,64,91,0.0
GA,2040,42,65,91,0.0
GA,2040,42,66,91,0.0
GA,2040,42,67,91,0.0
GA,2040,42,68,91,0.0
GA,2040,42,69,91,0.0
GA,2040,42,70,91,0.0
GA,2040,42,71,91,0.0
GA,2040,42,72,91,0.0
GA,2040,42,73,91,0.0
GA,2040,42,74,91,0.0
GA,2040,42,75,91,0.0
GA,2040,42,76,91,0.0
GA,2040,42,77,91,-8.721182071795201e-15
GA,2040,42,78,91,0.0
GA,2040,42,79,91,0.0
GA,2040,42,80,91,0.0
GA,2040,42,81,91,0.0810136777890464
GA,2040,42,82,91,0.08101705511826304
GA,2040,42,83,91,0.08102043258827009
GA,2040,42,84,91,0.08102381019908715
GA,2040,42,85,91,0.08102718795070116
GA,2040,42,86,91,0.08103056584313173
GA,2040,42,87,91,0.08103394387637887
GA,2040,42,88,91,0.08803986006519962
GA,2040,42,89,91,0.08804353030459548
GA,2040,42,90,91,0.08804720069700012
GA,2040,42,91,91,0.08805087124240045
GA,2040,42,92,91,0.08805454194083137
GA,2040,42,93,91,0.0
GA,2040,42,94,91,0.08120027793509706
GA,2040,42,95,91,0.08120366304336828
GA,2040,42,96,91,0.08120704829276129
GA,2040,42,97,91,0.08121043368328049
GA,2040,42,98,91,0.08121381921492803
GA,2040,42,99,91,0.08121720488771263
GA,2040,42,100,91,0.08122059070164739
GA,2040,42,101,91,0.08808758511360905
GA,2040,42,102,91,0.09894054176238382
GA,2040,42,103,91,0.09894466643357078
GA,2040,42,104,91,0.14346196904982816
GA,2040,42,105,91,0.10797029182663022
GA,2040,42,106,91,0.10891947338533935
GA,2040,42,107,91,0.10797929422799277
GA,2040,42,108,91,0.10798379571014582
GA,2040,42,109,91,0.10798829737996347
GA,2040,42,110,91,0.10799279923745005
GA,2040,42,111,91,0.10799730128260555
GA,2040,42,112,91,0.13076664915035402
GA,2040,42,113,91,0.1321672892034896
GA,2040,42,114,91,0.1321727990440391
GA,2040,42,115,91,0.1321783091142871
GA,2040,42,116,91,0.13218381941424012
GA,2040,42,117,91,0.13218932994390908
GA,2040,42,118,91,0.12404166318618746
GA,2040,42,119,91,0.12898469769239324
GA,2040,42,120,91,0.12934987755918084
GA,2040,42,121,91,0.12062282108291265
GA,2040,42,122,91,0.1206278496532536
GA,2040,42,123,91,0.12063287843322995
GA,2040,42,124,91,0.12364424429978971
GA,2040,42,125,91,0.13083753573122214
GA,2040,42,126,91,0.13084299013650444
GA,2040,42,127,91,0.1308484447691654
GA,2040,42,128,91,0.1308538996292268
GA,2040,42,129,91,0.12255022366050027
GA,2040,42,130,91,0.11962150723867866
GA,2040,42,131,91,0.11913523201448528
GA,2040,42,132,91,0.11914019856964517
GA,2040,42,133,91,0.11914516533185683
GA,2040,42,134,91,0.11915013230112242
GA,2040,42,135,91,0.11915509947745068
GA,2040,42,136,91,0.12824339451847144
GA,2040,42,137,91,0.13178079936945022
GA,2040,42,138,91,0.1317862930978644
GA,2040,42,139,91,0.13179178705530772
GA,2040,42,140,91,0.13179728124177803
GA,2040,42,141,91,0.1318027756572927
GA,2040,42,142,91,0.12844159005584022
GA,2040,42,143,91,0.12934987755918084
GA,2040,42,144,91,0.12934987755918084
GA,2040,42,145,91,0.12934987755918084
GA,2040,42,146,91,0.12934987755918084
GA,2040,42,147,91,0.12844159005584022
GA,2040,42,148,91,0.13095491481544272
GA,2040,42,149,91,0.13184673922815343
GA,2040,42,150,91,0.13185223570549293
GA,2040,42,151,91,0.13185773241197277
GA,2040,42,152,91,0.13186322934759948
GA,2040,42,153,91,0.12486266953264369
GA,2040,42,154,91,0.12054419691437207
GA,2040,42,155,91,0.120549222207005
GA,2040,42,156,91,0.1205542477091338
GA,2040,42,157,91,0.12055927342076064
GA,2040,42,158,91,0.12056429934190736
GA,2040,42,159,91,0.12056932547257175
GA,2040,42,160,91,0.1319072130831326
GA,2040,42,161,91,0.13191271208153035
GA,2040,42,162,91,0.1319182113091731
GA,2040,42,163,91,0.13192371076606957
GA,2040,42,164,91,0.13192921045223283
GA,2040,42,165,91,0.13193471036766286
GA,2040,42,166,91,0.13194021051237934
GA,2040,42,167,91,0.1241747117975047
GA,2040,52,0,91,0.0
GA,2040,52,1,91,0.25747461720881726
GA,2040,52,2,91,0.13217555390688487
GA,2040,52,3,91,0.13218106409196467
GA,2040,52,4,91,0.1321865745067822
GA,2040,52,5,91,0.13219208515130695
GA,2040,52,6,91,0.13623600418638507
GA,2040,52,7,91,0.14337456661073078
GA,2040,52,8,91,0.1433805436645524
GA,2040,52,9,91,0.1421429008947813
GA,2040,52,10,91,0.09626914529186711
GA,2040,52,11,91,3.6145311444049e-05
GA,2040,52,12,91,3.614079130218621e-05
GA,2040,52,13,91,3.6142297953331e-05
GA,2040,52,14,91,3.614380466728277e-05
GA,2040,52,15,91,3.6145311444049e-05
GA,2040,52,16,91,3.9201305614502014e-05
GA,2040,52,17,91,3.920293985353835e-05
GA,2040,52,18,91,3.920457416070359e-05
GA,2040,52,19,91,3.6145311444049e-05
GA,2040,52,20,91,3.6145311444049e-05
GA,2040,52,21,91,3.5806364042881095e-05
GA,2040,52,22,91,3.5806364042881095e-05
GA,2040,52,23,91,3.5806364042881095e-05
GA,2040,52,24,91,3.5708631993032076e-05
GA,2040,52,25,91,3.5708061553685025e-05
GA,2040,52,26,91,3.548154634572854e-05
GA,2040,52,27,91,3.548154634572854e-05
GA,2040,52,28,91,3.547236184899826e-05
GA,2040,52,29,91,3.547236184899826e-05
GA,2040,52,30,91,3.547236184899826e-05
GA,2040,52,31,91,3.548154634572854e-05
GA,2040,52,32,91,6.673114770008877e-05
GA,2040,52,33,91,3.548154634572854e-05
GA,2040,52,34,91,3.547236184899826e-05
GA,2040,52,35,91,3.547236184899826e-05
GA,2040,52,36,91,3.547236184899826e-05
GA,2040,52,37,91,3.547236184899826e-05
GA,2040,52,38,91,3.547236184899826e-05
GA,2040,52,39,91,3.547236184899826e-05
GA,2040,52,40,91,3.547236184899826e-05
GA,2040,52,41,91,3.547236184899826e-05
GA,2040,52,42,91,3.547236184899826e-05
GA,2040,52,43,91,3.547236184899826e-05
GA,2040,52,44,91,3.547236184899826e-05
GA,2040,52,45,91,3.547236184899826e-05
GA,2040,52,46,91,3.547236184899826e-05
GA,2040,52,47,91,3.547236184899826e-05
GA,2040,52,48,91,3.537621934408313e-05
GA,2040,52,49,91,3.456813233924197e-05
GA,2040,52,50,91,2.1654074870025727e-05
GA,2040,52,51,91,2.1675220769814903e-05
GA,2040,52,52,91,2.1675220769814903e-05
GA,2040,52,53,91,2.1654074870025727e-05
GA,2040,52,54,91,3.456813233924197e-05
GA,2040,52,55,91,3.456813233924197e-05
GA,2040,52,56,91,3.537621934408313e-05
GA,2040,52,57,91,3.537621934408313e-05
GA,2040,52,58,91,3.547236184899826e-05
GA,2040,52,59,91,3.547236184899826e-05
GA,2040,52,60,91,3.547236184899826e-05
GA,2040,52,61,91,3.537621934408313e-05
GA,2040,52,62,91,3.537621934408313e-05
GA,2040,52,63,91,3.537621934408313e-05
GA,2040,52,64,91,3.537621934408313e-05
GA,2040,52,65,91,3.547236184899826e-05
GA,2040,52,66,91,3.547236184899826e-05
GA,2040,52,67,91,3.547236184899826e-05
GA,2040,52,68,91,3.547236184899826e-05
GA,2040,52,69,91,3.547236184899826e-05
GA,2040,52,70,91,3.547236184899826e-05
GA,2040,52,71,91,2.1734127856496206e-05
GA,2040,52,72,91,2.1675220769814903e-05
GA,2040,52,73,91,2.1675220769814903e-05
GA,2040,52,74,91,2.1654074870025727e-05
GA,2040,52,75,91,2.1675220769814903e-05
GA,2040,52,76,91,2.1676124374716157e-05
GA,2040,52,77,91,2.1732487543122493e-05
GA,2040,52,78,91,2.1866629766048355e-05
GA,2040,52,79,91,2.1938772994507405e-05
GA,2040,52,80,91,2.1938772994507405e-05
GA,2040,52,81,91,2.1878891984157295e-05
GA,2040,52,82,91,2.0103519639625323e-05
GA,2040,52,83,91,2.1682450663869575e-05
GA,2040,52,84,91,2.1683354570174327e-05
GA,2040,52,85,91,2.1684258514160505e-05
GA,2040,52,86,91,2.0103519639625323e-05
GA,2040,52,87,91,2.1938772994507405e-05
GA,2040,52,88,91,2.2208128854375996e-05
GA,2040,52,89,91,2.2208128854375996e-05
GA,2040,52,90,91,2.220812885440687e-05
GA,2040,52,91,91,2.220812885440687e-05
GA,2040,52,92,91,2.220812885440687e-05
GA,2040,52,93,91,2.220812885440687e-05
GA,2040,52,94,91,2.220812885440687e-05
GA,2040,52,95,91,2.220812885440687e-05
GA,2040,52,96,91,3.562972281696963e-05
GA,2040,52,97,91,3.547236184899826e-05
GA,2040,52,98,91,3.547236184899826e-05
GA,2040,52,99,91,3.5411630975059064e-05
GA,2040,52,100,91,3.547236184899826e-05
GA,2040,52,101,91,3.547236184899826e-05
GA,2040,52,102,91,3.5708061553685025e-05
GA,2040,52,103,91,3.580636404288003e-05
GA,2040,52,104,91,3.5806364042881095e-05
GA,2040,52,105,91,3.5806364042881095e-05
GA,2040,52,106,91,3.5806364042881095e-05
GA,2040,52,107,91,3.5708061553685025e-05
GA,2040,52,108,91,3.5708061553685025e-05
GA,2040,52,109,91,3.547236184899826e-05
GA,2040,52,110,91,3.547236184899826e-05
GA,2040,52,111,91,3.5708061553685025e-05
GA,2040,52,112,91,3.580636404288003e-05
GA,2040,52,113,91,3.5806364042881095e-05
GA,2040,52,114,91,3.5806364042881095e-05
GA,2040,52,115,91,3.5806364042881095e-05
GA,2040,52,116,91,3.5806364042881095e-05
GA,2040,52,117,91,3.5708631993032076e-05
GA,2040,52,118,91,3.5708061553685025e-05
GA,2040,52,119,91,3.547236184899826e-05
GA,2040,52,120,91,3.547236184899826e-05
GA,2040,52,121,91,3.547236184899826e-05
GA,2040,52,122,91,3.547236184899826e-05
GA,2040,52,123,91,3.547236184899826e-05
GA,2040,52,124,91,3.547236184899826e-05
GA,2040,52,125,91,3.547236184899826e-05
GA,2040,52,126,91,3.547236184899826e-05
GA,2040,52,127,91,3.5708061553685025e-05
GA,2040,52,128,91,3.5708631993032076e-05
GA,2040,52,129,91,3.5588698755579364e-05
GA,2040,52,130,91,3.545742346641178e-05
GA,2040,52,131,91,3.545890162905628e-05
GA,2040,52,132,91,3.5460379853322864e-05
GA,2040,52,133,91,2.2807311426573142e-05
GA,2040,52,134,91,3.546333648673189e-05
GA,2040,52,135,91,3.547827736050189e-05
GA,2040,52,136,91,3.5806364042881095e-05
GA,2040,52,137,91,3.6145311444049e-05
GA,2040,52,138,91,3.6145311444049e-05
GA,2040,52,139,91,2.4070249936841018e-05
GA,2040,52,140,91,2.4071253386637028e-05
GA,2040,52,141,91,2.4072256878262137e-05
GA,2040,52,142,91,2.4073260411720597e-05
GA,2040,52,143,91,2.4074263987017742e-05
GA,2040,52,144,91,2.2208627198027423e-05
GA,2040,52,145,91,2.2208627198027423e-05
GA,2040,52,146,91,2.2208627198027423e-05
GA,2040,52,147,91,2.2208627198027423e-05
GA,2040,52,148,91,2.4079282491094276e-05
GA,2040,52,149,91,2.4080286317440524e-05
GA,2040,52,150,91,2.4081290185636095e-05
GA,2040,52,151,91,2.4082294095682056e-05
GA,2040,52,152,91,2.408329804757734e-05
GA,2040,52,153,91,2.2208627198027423e-05
GA,2040,52,154,91,2.2208627198027423e-05
GA,2040,52,155,91,2.2208627198027423e-05
GA,2040,52,156,91,2.2209553039780763e-05
GA,2040,52,157,91,2.2210478920130017e-05
GA,2040,52,158,91,2.221140483908051e-05
GA,2040,52,159,91,3.62528388868406e-05
GA,2040,52,160,91,0.1335338247654341
GA,2040,52,161,91,0.13353939157464395
GA,2040,52,162,91,0.13354495861592441
GA,2040,52,163,91,0.1335505258892843
GA,2040,52,164,91,0.13355609339473662
GA,2040,52,165,91,0.13356166113228793
GA,2040,52,166,91,0.1335672291019448
GA,2040,52,167,91,0.12331595100973347
DE,2040,11,0,91,3.5277021106944725e-05
DE,2040,11,1,91,3.5685739828756615e-05
DE,2040,11,2,91,3.568722750954081e-05
DE,2040,11,3,91,3.568871525234419e-05
DE,2040,11,4,91,3.5690203057167827e-05
DE,2040,11,5,91,3.562972281696963e-05
DE,2040,11,6,91,3.5806364042881095e-05
DE,2040,11,7,91,3.5806364042881095e-05
DE,2040,11,8,91,3.5806364042881095e-05
DE,2040,11,9,91,2.220812885440687e-05
DE,2040,11,10,91,3.562972281696963e-05
DE,2040,11,11,91,3.562972281696963e-05
DE,2040,11,12,91,3.570210772885005e-05
DE,2040,11,13,91,3.5703596091984767e-05
DE,2040,11,14,91,3.570508451716848e-05
DE,2040,11,15,91,3.570657300440013e-05
DE,2040,11,16,91,3.5708061553685025e-05
DE,2040,11,17,91,3.570955016502531e-05
DE,2040,11,18,91,3.5806364042881095e-05
DE,2040,11,19,91,3.580636404288003e-05
DE,2040,11,20,91,3.609818300416731e-05
DE,2040,11,21,91,3.609818300416731e-05
DE,2040,11,22,91,3.586009382528533e-05
DE,2040,11,23,91,2.3649751885251942e-05
DE,2040,11,24,91,2.385573237616263e-05
DE,2040,11,25,91,2.1948202548688722e-05
DE,2040,11,26,91,0.0
DE,2040,11,27,91,0.0
DE,2040,11,28,91,0.0
DE,2040,11,29,91,0.0
DE,2040,11,30,91,0.08259269979669574
DE,2040,11,31,91,0.08259614295278636
DE,2040,11,32,91,0.08259958625241019
DE,2040,11,33,91,0.07733344653760911
DE,2040,11,34,91,0.13331532999983328
DE,2040,11,35,91,0.1263084995588561
DE,2040,11,36,91,0.1301482804146554
DE,2040,11,37,91,0.1282216266492223
DE,2040,11,38,91,0.12832873858092325
DE,2040,11,39,91,0.12434319922475978
DE,2040,11,40,91,0.12434838289165208
DE,2040,11,41,91,0.1348617224657321
DE,2040,11,42,91,0.13486734463285008
DE,2040,11,43,91,0.1348729670343433
DE,2040,11,44,91,0.13487858967022698
DE,2040,11,45,91,0.13488421254050553
DE,2040,11,46,91,0.13488983564519855
DE,2040,11,47,91,0.13489545898430824
DE,2040,11,48,91,3.609818300416731e-05
DE,2040,11,49,91,3.580636404288003e-05
DE,2040,11,50,91,3.5806364042881095e-05
DE,2040,11,51,91,3.5806364042881095e-05
DE,2040,11,52,91,3.5708631993032076e-05
DE,2040,11,53,91,3.580636404288003e-05
DE,2040,11,54,91,3.5806364042881095e-05
DE,2040,11,55,91,3.609818300416731e-05
DE,2040,11,56,91,2.2208128854375996e-05
DE,2040,11,57,91,3.562972281696963e-05
DE,2040,11,58,91,3.5708061553685025e-05
DE,2040,11,59,91,3.5708061553685025e-05
DE,2040,11,60,91,3.550362977301628e-05
DE,2040,11,61,91,3.529918946991621e-05
DE,2040,11,62,91,3.509474064403139e-05
DE,2040,11,63,91,3.489028329500623e-05
DE,2040,11,64,91,3.468581742248409e-05
DE,2040,11,65,91,2.220812885440687e-05
DE,2040,11,66,91,2.2193874240131764e-05
DE,2040,11,67,91,0.0
DE,2040,11,68,91,0.0
DE,2040,11,69,91,0.0
DE,2040,11,70,91,2.2193874240131764e-05
DE,2040,11,71,91,0.0
DE,2040,11,72,91,0.0
DE,2040,11,73,91,0.0
DE,2040,11,74,91,0.0
DE,2040,11,75,91,0.0
DE,2040,11,76,91,0.0
DE,2040,11,77,91,0.0
DE,2040,11,78,91,0.0
DE,2040,11,79,91,0.0
DE,2040,11,80,91,0.0
DE,2040,11,81,91,0.0
DE,2040,11,82,91,0.0
DE,2040,11,83,91,2.2192023902386943e-05
DE,2040,11,84,91,2.2192949051975236e-05
DE,2040,11,85,91,0.0
DE,2040,11,86,91,0.0
DE,2040,11,87,91,2.2195724732155914e-05
DE,2040,11,88,91,2.21966500360246e-05
DE,2040,11,89,91,0.0
DE,2040,11,90,91,0.0
DE,2040,11,91,91,0.0
DE,2040,11,92,91,0.0
DE,2040,11,93,91,0.0
DE,2040,11,94,91,0.0
DE,2040,11,95,91,0.0
DE,2040,11,96,91,0.0
DE,2040,11,97,91,0.0
DE,2040,11,98,91,0.0
DE,2040,11,99,91,0.0
DE,2040,11,100,91,0.0
DE,2040,11,101,91,0.0
DE,2040,11,102,91,0.0
DE,2040,11,103,91,0.0
DE,2040,11,104,91,0.0
DE,2040,11,105,91,0.07880747753685731
DE,2040,11,106,91,0.07881076289315063
DE,2040,11,107,91,0.07881404838640793
DE,2040,11,108,91,0.07881733401663359
DE,2040,11,109,91,0.07882061978382758
DE,2040,11,110,91,0.07882390568799645
DE,2040,11,111,91,0.0788271917291533
DE,2040,11,112,91,0.07883047790730029
DE,2040,11,113,91,0.15139430017281968
DE,2040,11,114,91,0.15140061155636542
DE,2040,11,115,91,0.15140692320302487
DE,2040,11,116,91,0.15141323511280672
DE,2040,11,117,91,0.151419547285711
DE,2040,11,118,91,0.1514258597217726
DE,2040,11,119,91,0.15143217242097842
DE,2040,11,120,91,0.12438331985776821
DE,2040,11,121,91,0.12438850519722626
DE,2040,11,122,91,0.12439369075284752
DE,2040,11,123,91,0.12934987755918084
DE,2040,11,124,91,0.12789619317547057
DE,2040,11,125,91,0.13080356194289328
DE,2040,11,126,91,0.1301482804146554
DE,2040,11,127,91,0.1301482804146554
DE,2040,11,128,91,0.13211412499936906
DE,2040,11,129,91,0.13143373776782474
DE,2040,11,130,91,0.1325562312821114
DE,2040,11,131,91,0.12444037048253884
DE,2040,11,132,91,0.1244455582003439
DE,2040,11,133,91,0.12445074613441466
DE,2040,11,134,91,0.12445593428476637
DE,2040,11,135,91,0.12446112265139904
DE,2040,11,136,91,0.12446631123433229
DE,2040,11,137,91,0.1349896213499038
DE,2040,11,138,91,0.13499524884891922
DE,2040,11,139,91,0.13500087658253224
DE,2040,11,140,91,0.13500650455075597
DE,2040,11,141,91,0.13501213275360785
DE,2040,11,142,91,0.13501776119108566
DE,2040,11,143,91,0.13502338986320037
DE,2040,11,144,91,0.12934987755918084
DE,2040,11,145,91,0.12855147470371064
DE,2040,11,146,91,0.07996651639501291
DE,2040,11,147,91,0.07996651639501291
DE,2040,11,148,91,0.08014412323188
DE,2040,11,149,91,0.1316569420014814
DE,2040,11,150,91,0.12981191477935014
DE,2040,11,151,91,0.1301482804146554
DE,2040,11,152,91,0.13033308152943615
DE,2040,11,153,91,0.13507968949175997
DE,2040,11,154,91,0.1350853207455713
DE,2040,11,155,91,0.1336649007651107
DE,2040,11,156,91,0.1278012367320384
DE,2040,11,157,91,0.12457532145587365
DE,2040,11,158,91,0.124580514799565
DE,2040,11,159,91,0.12458570835975752
DE,2040,11,160,91,0.12459090213646647
DE,2040,11,161,91,0.12628506641944742
DE,2040,11,162,91,0.13513037922814544
DE,2040,11,163,91,0.1351360125951319
DE,2040,11,164,91,0.1351416461969558
DE,2040,11,165,91,0.13514728003363896
DE,2040,11,166,91,0.13515291410518573
DE,2040,11,167,91,3.6145311444049e-05
DE,2040,21,0,91,0.0
DE,2040,21,1,91,0.0
DE,2040,21,2,91,0.08324384026695952
DE,2040,21,3,91,0.08324731056803457
DE,2040,21,4,91,0.08325078101379621
DE,2040,21,5,91,0.09028942285417917
DE,2040,21,6,91,0.09029318687420751
DE,2040,21,7,91,0.090296951051143
DE,2040,21,8,91,0.08014078229226869
DE,2040,21,9,91,0.08014412323188
DE,2040,21,10,91,0.08389462982150932
DE,2040,21,11,91,0.08556427161900856
DE,2040,21,12,91,0.08121720493476559
DE,2040,21,13,91,0.08227357985028932
DE,2040,21,14,91,0.08016083001923749
DE,2040,21,15,91,0.13218381941424012
DE,2040,21,16,91,0.13080356194289328
DE,2040,21,17,91,0.13074904447834473
DE,2040,21,18,91,0.13951477767940784
DE,2040,21,19,91,0.10157160133175525
DE,2040,21,20,91,0.14152447300201612
DE,2040,21,21,91,0.13080356194289328
DE,2040,21,22,91,0.1311407753040509
DE,2040,21,23,91,0.1307817521843371
DE,2040,21,24,91,0.13078720426409657
DE,2040,21,25,91,0.1307926565711366
DE,2040,21,26,91,0.08014078224584366
DE,2040,21,27,91,0.08014412318545497
DE,2040,21,28,91,0.08014746426434356
DE,2040,21,29,91,0.08692372856482992
DE,2040,21,30,91,0.08692735227450425
DE,2040,21,31,91,0.08693097613524471
DE,2040,21,32,91,0.0860168983158215
DE,2040,21,33,91,0.07936607109695365
DE,2040,21,34,91,0.08602407027608634
DE,2040,21,35,91,0.08218522675592327
DE,2040,21,36,91,0.07888651673279533
DE,2040,21,37,91,0.07888980538410821
DE,2040,21,38,91,0.07889309417251372
DE,2040,21,39,91,0.07947595674390744
DE,2040,21,40,91,0.07935480004141045
DE,2040,21,41,91,0.0795348772549497
DE,2040,21,42,91,0.07953819293535996
DE,2040,21,43,91,0.08557757354686095
DE,2040,21,44,91,0.08410464851600807
DE,2040,21,45,91,0.07947595674390744
DE,2040,21,46,91,0.07955145703931925
DE,2040,21,47,91,0.07947086934266996
DE,2040,21,48,91,0.073518802397051
DE,2040,21,49,91,0.0
DE,2040,21,50,91,0.0
DE,2040,21,51,91,0.0
DE,2040,21,52,91,0.0
DE,2040,21,53,91,0.0
DE,2040,21,54,91,0.0
DE,2040,21,55,91,0.0
DE,2040,21,56,91,0.0
DE,2040,21,57,91,0.0
DE,2040,21,58,91,0.0
DE,2040,21,59,91,0.0
DE,2040,21,60,91,0.0
DE,2040,21,61,91,0.0
DE,2040,21,62,91,0.0
DE,2040,21,63,91,0.0
DE,2040,21,64,91,0.0
DE,2040,21,65,91,0.0
DE,2040,21,66,91,0.08076447903108569
DE,2040,21,67,91,0.08076784597160845
DE,2040,21,68,91,0.0807712130524899
DE,2040,21,69,91,0.0781807004353206
DE,2040,21,70,91,0.07947595674390744
DE,2040,21,71,91,0.07843412969157146
DE,2040,21,72,91,0.07713887338298898
DE,2040,21,73,91,0.07947595674390744
DE,2040,21,74,91,0.07947595674390744
DE,2040,21,75,91,0.07682819238070993
DE,2040,21,76,91,0.08079815475330303
DE,2040,21,77,91,0.0808015230977137
DE,2040,21,78,91,0.08080489158254195
DE,2040,21,79,91,0.0808082602077965
DE,2040,21,80,91,0.08081162897348604
DE,2040,21,81,91,0.0
DE,2040,21,82,91,0.08011741301029485
DE,2040,21,83,91,0.0
DE,2040,21,84,91,0.0
DE,2040,21,85,91,0.0
DE,2040,21,86,91,0.0
DE,2040,21,87,91,0.0
DE,2040,21,88,91,0.0
DE,2040,21,89,91,0.07454291079891266
DE,2040,21,90,91,0.08084532435543897
DE,2040,21,91,91,0.08084869466627125
DE,2040,21,92,91,0.08085206511760831
DE,2040,21,93,91,0.07908096767241533
DE,2040,21,94,91,0.0808588064418077
DE,2040,21,95,91,0.07907422634821813
DE,2040,21,96,91,0.07869692895693607
DE,2040,21,97,91,0.07983208516886113
DE,2040,21,98,91,0.07940769733280743
DE,2040,21,99,91,0.07869692895693607
DE,2040,21,100,91,0.08087903378708974
DE,2040,21,101,91,0.08088240550321188
DE,2040,21,102,91,0.0808857773598955
DE,2040,21,103,91,0.08088914935714929
DE,2040,21,104,91,0.0808925214949711
DE,2040,21,105,91,0.036994518705058634
DE,2040,21,106,91,0.08089926619237328
DE,2040,21,107,91,0.0
DE,2040,21,108,91,0.0
DE,2040,21,109,91,0.0
DE,2040,21,110,91,0.0
DE,2040,21,111,91,0.0
DE,2040,21,112,91,0.0
DE,2040,21,113,91,0.0790733387635527
DE,2040,21,114,91,0.1032708286144071
DE,2040,21,115,91,0.10327513380824811
DE,2040,21,116,91,0.1032794391815645
DE,2040,21,117,91,0.1318883047490999
DE,2040,21,118,91,0.08093974618799439
DE,2040,21,119,91,0.07997440590423587
DE,2040,21,120,91,0.0790306637768163
DE,2040,21,121,91,0.07992124971100073
DE,2040,21,122,91,0.07947595674390744
DE,2040,21,123,91,0.08045707604611622
DE,2040,21,124,91,0.07996651639501291
DE,2040,21,125,91,0.08096336887208508
DE,2040,21,126,91,0.08096674410400569
DE,2040,21,127,91,0.0
DE,2040,21,128,91,0.0
DE,2040,21,129,91,0.0
DE,2040,21,130,91,0.0
DE,2040,21,131,91,0.0
DE,2040,21,132,91,0.0
DE,2040,21,133,91,0.0
DE,2040,21,134,91,0.0
DE,2040,21,135,91,0.0
DE,2040,21,136,91,0.0
DE,2040,21,137,91,0.08014809197089555
DE,2040,21,138,91,0.1322111441435332
DE,2040,21,139,91,0.13221665581232153
DE,2040,21,140,91,0.13222216771088688
DE,2040,21,141,91,0.13222767983923572
DE,2040,21,142,91,0.1322331921973659
DE,2040,21,143,91,0.13167552777145386
DE,2040,21,144,91,0.1301482804146554
DE,2040,21,145,91,0.1305868776425706
DE,2040,21,146,91,0.1305868776425706
DE,2040,21,147,91,0.1310202462432138
DE,2040,21,148,91,0.13200237376727147
DE,2040,21,149,91,0.13227178513931923
DE,2040,21,150,91,0.13227729933613622
DE,2040,21,151,91,0.13228281376282616
DE,2040,21,152,91,0.13228832841941518
DE,2040,21,153,91,0.12198577162318373
DE,2040,21,154,91,0.1301482804146554
DE,2040,21,155,91,0.13080356194289328
DE,2040,21,156,91,0.12274117983503283
DE,2040,21,157,91,0.12200611445341907
DE,2040,21,158,91,0.12201120069102628
DE,2040,21,159,91,0.12201628714067594
DE,2040,21,160,91,0.12202137380236153
DE,2040,21,161,91,0.12202646067610701
DE,2040,21,162,91,0.132343487631161
DE,2040,21,163,91,0.13234900481714135
DE,2040,21,164,91,0.13235452223312327
DE,2040,21,165,91,0.13236003987911765
DE,2040,21,166,91,0.13236555775513104
DE,2040,21,167,91,0.13182586060847826
DE,2040,42,0,91,0.0
DE,2040,42,1,91,0.0
DE,2040,42,2,91,0.0
DE,2040,42,3,91,0.0
DE,2040,42,4,91,0.0
DE,2040,42,5,91,0.0
DE,2040,42,6,91,0.0
DE,2040,42,7,91,0.0
DE,2040,42,8,91,0.08353899558417352
DE,2040,42,9,91,0.0810689476274824
DE,2040,42,10,91,0.08107232726079829
DE,2040,42,11,91,0.0879267863758542
DE,2040,42,12,91,0.08107908695013047
DE,2040,42,13,91,0.08108246700614678
DE,2040,42,14,91,0.08108584720307559
DE,2040,42,15,91,0.0810892275409169
DE,2040,42,16,91,0.08794511553167231
DE,2040,42,17,91,0.08794878182131893
DE,2040,42,18,91,0.08795244826380863
DE,2040,42,19,91,0.08795611485914141
DE,2040,42,20,91,0.08795978160733034
DE,2040,42,21,91,0.08326025592212953
DE,2040,42,22,91,0.08082946187833959
DE,2040,42,23,91,0.07868052726975953
DE,2040,42,24,91,0.12844159005584022
DE,2040,42,25,91,0.12934987755918084
DE,2040,42,26,91,0.12934987755918084
DE,2040,42,27,91,0.12843623575687527
DE,2040,42,28,91,0.12844159005584022
DE,2040,42,29,91,0.1348050392290479
DE,2040,42,30,91,0.1372675519828098
DE,2040,42,31,91,0.08535767058716585
DE,2040,42,32,91,0.08285162644484376
DE,2040,42,33,91,0.12797908476485154
DE,2040,42,34,91,0.13331481987735117
DE,2040,42,35,91,0.12736475158483337
DE,2040,42,36,91,0.12737006121535802
DE,2040,42,37,91,0.1273753710672306
DE,2040,42,38,91,0.12738068114046205
DE,2040,42,39,91,0.1273859914350611
DE,2040,42,40,91,0.07827255653009042
DE,2040,42,41,91,0.08539326149592516
DE,2040,42,42,91,0.08539682140290314
DE,2040,42,43,91,0.08540038145828076
DE,2040,42,44,91,0.08496726592734438
DE,2040,42,45,91,0.07875272027234705
DE,2040,42,46,91,0.07875600334589712
DE,2040,42,47,91,0.07875928655631743
DE,2040,42,48,91,0.12854872292207595
DE,2040,42,49,91,0.12855408191045103
DE,2040,42,50,91,0.0787691370088259
DE,2040,42,51,91,0.07877242076676419
DE,2040,42,52,91,0.07877570466159889
DE,2040,42,53,91,0.13547926840082136
DE,2040,42,54,91,0.13905583556478732
DE,2040,42,55,91,0.0854431137008682
DE,2040,42,56,91,0.08069800549418163
DE,2040,42,57,91,0.07879212618938397
DE,2040,42,58,91,0.08102276951769628
DE,2040,42,59,91,0.08102276951769628
DE,2040,42,60,91,0.07880198074915712
DE,2040,42,61,91,0.07880526587629702
DE,2040,42,62,91,0.07880855114039
DE,2040,42,63,91,0.07881183654144261
DE,2040,42,64,91,0.0
DE,2040,42,65,91,0.0
DE,2040,42,66,91,0.0
DE,2040,42,67,91,0.0
DE,2040,42,68,91,0.0
DE,2040,42,69,91,0.0
DE,2040,42,70,91,0.0
DE,2040,42,71,91,0.0
DE,2040,42,72,91,0.0
DE,2040,42,73,91,0.0
DE,2040,42,74,91,0.0
DE,2040,42,75,91,0.0
DE,2040,42,76,91,0.08373347975365791
DE,2040,42,77,91,0.09081293254506481
DE,2040,42,78,91,0.09081671838935855
DE,2040,42,79,91,0.09082050439148388
DE,2040,42,80,91,0.09003655325185382
DE,2040,42,81,91,0.08302454611035556
DE,2040,42,82,91,0.08302800726942099
DE,2040,42,83,91,0.083031468572774
DE,2040,42,84,91,0.08303493002042334
DE,2040,42,85,91,0.08303839161237117
DE,2040,42,86,91,0.08304185334863713
DE,2040,42,87,91,0.08304531522920594
DE,2040,42,88,91,0.09982581509465402
DE,2040,42,89,91,0.09982997667144594
DE,2040,42,90,91,0.09983413842173271
DE,2040,42,91,91,0.09983830034550994
DE,2040,42,92,91,0.09984246244279946
DE,2040,42,93,91,0.09983413824822915
DE,2040,42,94,91,0.08207949695154278
DE,2040,42,95,91,0.08121212646086585
DE,2040,42,96,91,0.08121551206308521
DE,2040,42,97,91,0.08121889780644598
DE,2040,42,98,91,0.08122228369094818
DE,2040,42,99,91,0.08122566971660708
DE,2040,42,100,91,0.08122905588342484
DE,2040,42,101,91,0.08770465582291924
DE,2040,42,102,91,0.08810043861667882
DE,2040,42,103,91,0.0881041113814979
DE,2040,42,104,91,0.12700460525192755
DE,2040,42,105,91,0.12290869347086349
DE,2040,42,106,91,0.12291381733553108
DE,2040,42,107,91,0.12291894141380222
DE,2040,42,108,91,0.12292406570569217
DE,2040,42,109,91,0.12292919021120312
DE,2040,42,110,91,0.12293431493034379
DE,2040,42,111,91,0.12293943986312943
DE,2040,42,112,91,0.1323439672820837
DE,2040,42,113,91,0.13476179212992015
DE,2040,42,114,91,0.13476741013110824
DE,2040,42,115,91,0.13477302836649058
DE,2040,42,116,91,0.13477864683609556
DE,2040,42,117,91,0.13478426553992093
DE,2040,42,118,91,0.12428732625923083
DE,2040,42,119,91,0.12429250759686547
DE,2040,42,120,91,0.12981191477935014
DE,2040,42,121,91,0.12981191477935014
DE,2040,42,122,91,0.1276825671234703
DE,2040,42,123,91,0.12470186823731935
DE,2040,42,124,91,0.1230060834347335
DE,2040,42,125,91,0.13340593500299747
DE,2040,42,126,91,0.13341149648068706
DE,2040,42,127,91,0.13341705819022492
DE,2040,42,128,91,0.1334226201316263
DE,2040,42,129,91,0.12428702108744683
DE,2040,42,130,91,0.13227644706318817
DE,2040,42,131,91,0.12197481558175384
DE,2040,42,132,91,0.12197990051456319
DE,2040,42,133,91,0.12198498565935177
DE,2040,42,134,91,0.12199007101613267
DE,2040,42,135,91,0.12199515658491678
DE,2040,42,136,91,0.13312859665277488
DE,2040,42,137,91,0.13347268803944493
DE,2040,42,138,91,0.13347825229996563
DE,2040,42,139,91,0.13348381679244575
DE,2040,42,140,91,0.13348938151690282
DE,2040,42,141,91,0.13349494647334328
DE,2040,42,142,91,0.12844159005584022
DE,2040,42,143,91,0.12969856516471787
DE,2040,42,144,91,0.12934987755918084
DE,2040,42,145,91,0.12975642282019478
DE,2040,42,146,91,0.12975642282019478
DE,2040,42,147,91,0.12934987755918084
DE,2040,42,148,91,0.12946694224303915
DE,2040,42,149,91,0.1335394744774725
DE,2040,42,150,91,0.13354504152220875
DE,2040,42,151,91,0.1335506087990244
DE,2040,42,152,91,0.1335561763079303
DE,2040,42,153,91,0.12719442819652177
DE,2040,42,154,91,0.12316001420392259
DE,2040,42,155,91,0.12316514854574737
DE,2040,42,156,91,0.12317028310160959
DE,2040,42,157,91,0.12317541787152668
DE,2040,42,158,91,0.12318055285550082
DE,2040,42,159,91,0.12318568805354728
DE,2040,42,160,91,0.13360072473562237
DE,2040,42,161,91,0.13360629433378118
DE,2040,42,162,91,0.1336118641641306
DE,2040,42,163,91,0.13361743422667274
DE,2040,42,164,91,0.1336230045214251
DE,2040,42,165,91,0.13362857504839198
DE,2040,42,166,91,0.1278662638604685
DE,2040,42,167,91,0.12777442955172386
DE,2040,52,0,91,0.0
DE,2040,52,1,91,0.2626682576076048
DE,2040,52,2,91,0.13222933538559772
DE,2040,52,3,91,0.13223484781275824
DE,2040,52,4,91,0.13224036046972848
DE,2040,52,5,91,0.13224587335649313
DE,2040,52,6,91,0.13225138647308926
DE,2040,52,7,91,0.14343290490381225
DE,2040,52,8,91,0.1434388843896663
DE,2040,52,9,91,0.1334483389705327
DE,2040,52,10,91,0.12037918585610055
DE,2040,52,11,91,0.12038420426968308
DE,2040,52,12,91,0.12038922289248023
DE,2040,52,13,91,0.12039424172449636
DE,2040,52,14,91,0.12039926076573365
DE,2040,52,15,91,0.12040428001621171
DE,2040,52,16,91,0.13058415572143262
DE,2040,52,17,91,0.13058959956370858
DE,2040,52,18,91,0.1305950436329315
DE,2040,52,19,91,0.13060048792910356
DE,2040,52,20,91,0.1280737368985493
DE,2040,52,21,91,3.6145311444049e-05
DE,2040,52,22,91,3.5806364042881095e-05
DE,2040,52,23,91,3.5806364042881095e-05
DE,2040,52,24,91,3.5806364042881095e-05
DE,2040,52,25,91,3.5708631993032076e-05
DE,2040,52,26,91,3.5708061553685025e-05
DE,2040,52,27,91,3.5708061553685025e-05
DE,2040,52,28,91,3.5708061553685025e-05
DE,2040,52,29,91,3.5708061553685025e-05
DE,2040,52,30,91,3.5708061553685025e-05
DE,2040,52,31,91,3.5708061553685025e-05
DE,2040,52,32,91,3.5708061553685025e-05
DE,2040,52,33,91,3.5708061553685025e-05
DE,2040,52,34,91,3.5708061553685025e-05
DE,2040,52,35,91,6.673114770008877e-05
DE,2040,52,36,91,3.547236184899826e-05
DE,2040,52,37,91,3.547236184899826e-05
DE,2040,52,38,91,3.547236184899826e-05
DE,2040,52,39,91,3.547236184899826e-05
DE,2040,52,40,91,3.547236184899826e-05
DE,2040,52,41,91,3.5708061553685025e-05
DE,2040,52,42,91,3.5588698755579364e-05
DE,2040,52,43,91,3.547236184899826e-05
DE,2040,52,44,91,3.547236184899826e-05
DE,2040,52,45,91,3.547236184899826e-05
DE,2040,52,46,91,3.547236184899826e-05
DE,2040,52,47,91,3.547236184899826e-05
DE,2040,52,48,91,3.547236184899826e-05
DE,2040,52,49,91,3.537621934408313e-05
DE,2040,52,50,91,3.456813233924197e-05
DE,2040,52,51,91,3.4365600384294154e-05
DE,2040,52,52,91,3.416305998611683e-05
DE,2040,52,53,91,3.396051114435759e-05
DE,2040,52,54,91,3.5382118822481315e-05
DE,2040,52,55,91,3.547236184899826e-05
DE,2040,52,56,91,3.547236184899826e-05
DE,2040,52,57,91,3.547236184899826e-05
DE,2040,52,58,91,3.547236184899826e-05
DE,2040,52,59,91,3.547236184899826e-05
DE,2040,52,60,91,3.547236184899826e-05
DE,2040,52,61,91,3.547236184899826e-05
DE,2040,52,62,91,3.547236184899826e-05
DE,2040,52,63,91,3.5395396246221384e-05
DE,2040,52,64,91,3.547236184899826e-05
DE,2040,52,65,91,3.547236184899826e-05
DE,2040,52,66,91,3.547236184899826e-05
DE,2040,52,67,91,3.5708061553685025e-05
DE,2040,52,68,91,3.5708061553685025e-05
DE,2040,52,69,91,3.5708061553685025e-05
DE,2040,52,70,91,3.562972281696963e-05
DE,2040,52,71,91,3.547236184899826e-05
DE,2040,52,72,91,2.1734127856496206e-05
DE,2040,52,73,91,2.1732487543122493e-05
DE,2040,52,74,91,2.1732487543122493e-05
DE,2040,52,75,91,2.1733393535383463e-05
DE,2040,52,76,91,2.1772786012966852e-05
DE,2040,52,77,91,2.1976776064416948e-05
DE,2040,52,78,91,2.1938772994507405e-05
DE,2040,52,79,91,2.220812885440687e-05
DE,2040,52,80,91,2.1939969399282504e-05
DE,2040,52,81,91,2.1938772994507405e-05
DE,2040,52,82,91,2.1938772994507405e-05
DE,2040,52,83,91,5.696610024256767e-06
DE,2040,52,84,91,1.9118203986819527e-05
DE,2040,52,85,91,1.9118203986819527e-05
DE,2040,52,86,91,2.1938772994507405e-05
DE,2040,52,87,91,2.1938772994507405e-05
DE,2040,52,88,91,2.2208128854375996e-05
DE,2040,52,89,91,2.1939969399282504e-05
DE,2040,52,90,91,3.6145311444049e-05
DE,2040,52,91,91,3.6145311444049e-05
DE,2040,52,92,91,3.609818300416731e-05
DE,2040,52,93,91,3.580636404288003e-05
DE,2040,52,94,91,3.5806364042881095e-05
DE,2040,52,95,91,3.5806364042881095e-05
DE,2040,52,96,91,2.2208128854375996e-05
DE,2040,52,97,91,3.562972281696963e-05
DE,2040,52,98,91,3.5708061553685025e-05
DE,2040,52,99,91,3.5588698755579364e-05
DE,2040,52,100,91,3.5588698755579364e-05
DE,2040,52,101,91,3.5708061553685025e-05
DE,2040,52,102,91,3.580636404288003e-05
DE,2040,52,103,91,3.5806364042881095e-05
DE,2040,52,104,91,3.5806364042881095e-05
DE,2040,52,105,91,3.5806364042881095e-05
DE,2040,52,106,91,3.580636404288003e-05
DE,2040,52,107,91,3.5806364042881095e-05
DE,2040,52,108,91,3.5806364042881095e-05
DE,2040,52,109,91,3.5708631993032076e-05
DE,2040,52,110,91,3.5708631993032076e-05
DE,2040,52,111,91,3.5806364042881095e-05
DE,2040,52,112,91,3.5806364042881095e-05
DE,2040,52,113,91,6.734087557671682e-05
DE,2040,52,114,91,6.734087557671682e-05
DE,2040,52,115,91,3.5806364042881095e-05
DE,2040,52,116,91,3.5806364042881095e-05
DE,2040,52,117,91,3.580636404288003e-05
DE,2040,52,118,91,3.5806364042881095e-05
DE,2040,52,119,91,3.5708061553685025e-05
DE,2040,52,120,91,3.5588698755579364e-05
DE,2040,52,121,91,3.5481081464818365e-05
DE,2040,52,122,91,3.548256061372614e-05
DE,2040,52,123,91,3.548403982429539e-05
DE,2040,52,124,91,3.548551909653251e-05
DE,2040,52,125,91,3.548699843043964e-05
DE,2040,52,126,91,3.5708061553685025e-05
DE,2040,52,127,91,3.5708631993032076e-05
DE,2040,52,128,91,3.580636404288003e-05
DE,2040,52,129,91,3.5708631993032076e-05
DE,2040,52,130,91,3.5708061553685025e-05
DE,2040,52,131,91,3.549587572905137e-05
DE,2040,52,132,91,3.549735549470917e-05
DE,2040,52,133,91,3.549883532205294e-05
DE,2040,52,134,91,3.55003152110912e-05
DE,2040,52,135,91,3.5708061553685025e-05
DE,2040,52,136,91,3.5806364042881095e-05
DE,2040,52,137,91,0.13014799855108078
DE,2040,52,138,91,0.13015342421067108
DE,2040,52,139,91,0.07997301068467687
DE,2040,52,140,91,0.0799763446301618
DE,2040,52,141,91,0.07997967871463403
DE,2040,52,142,91,0.07998301293809792
DE,2040,52,143,91,0.07998634730056219
DE,2040,52,144,91,0.07991702662675317
DE,2040,52,145,91,0.07751371813949202
DE,2040,52,146,91,0.07811992618317568
DE,2040,52,147,91,0.07800427779059534
DE,2040,52,148,91,0.07988350106014945
DE,2040,52,149,91,0.08000635639463706
DE,2040,52,150,91,0.08000969173025006
DE,2040,52,151,91,0.08001302720491142
DE,2040,52,152,91,0.08001636281861894
DE,2040,52,153,91,0.07987015916150621
DE,2040,52,154,91,0.1269546689927659
DE,2040,52,155,91,0.07379087575795301
DE,2040,52,156,91,0.07379395198023048
DE,2040,52,157,91,0.07379702833074639
DE,2040,52,158,91,0.07380010480951818
DE,2040,52,159,91,0.07380318141654149
DE,2040,52,160,91,0.1348999220486644
DE,2040,52,161,91,0.13490554580825498
DE,2040,52,162,91,0.1349111698022971
DE,2040,52,163,91,0.13491679403079945
DE,2040,52,164,91,0.13492241849375552
DE,2040,52,165,91,0.13492804319118712
DE,2040,52,166,91,0.13493366812310734
DE,2040,52,167,91,0.12271411121251319
GA,2050,11,0,91,0.0
GA,2050,11,1,91,5.335857427302396e-05
GA,2050,11,2,91,5.336079870569702e-05
GA,2050,11,3,91,5.336302323110185e-05
GA,2050,11,4,91,5.3365247849243755e-05
GA,2050,11,5,91,5.356209233052754e-05
GA,2050,11,6,91,5.370954606432111e-05
GA,2050,11,7,91,5.370954606432111e-05
GA,2050,11,8,91,5.370954606432111e-05
GA,2050,11,9,91,5.344458422545711e-05
GA,2050,11,10,91,5.344458422545711e-05
GA,2050,11,11,91,5.356209233052754e-05
GA,2050,11,12,91,5.338304813336852e-05
GA,2050,11,13,91,5.3385273586316624e-05
GA,2050,11,14,91,5.338749913204013e-05
GA,2050,11,15,91,5.3389724770543304e-05
GA,2050,11,16,91,5.3391950501827214e-05
GA,2050,11,17,91,5.356209233052754e-05
GA,2050,11,18,91,5.370954606432111e-05
GA,2050,11,19,91,5.370954606432111e-05
GA,2050,11,20,91,5.379014073792586e-05
GA,2050,11,21,91,5.379014073792586e-05
GA,2050,11,22,91,5.370954606432111e-05
GA,2050,11,23,91,3.331219328161243e-05
GA,2050,11,24,91,3.331219328161243e-05
GA,2050,11,25,91,3.290995409892482e-05
GA,2050,11,26,91,3.290995409892482e-05
GA,2050,11,27,91,0.0
GA,2050,11,28,91,0.0
GA,2050,11,29,91,0.0
GA,2050,11,30,91,0.12181565059548381
GA,2050,11,31,91,0.12296409294202033
GA,2050,11,32,91,0.12182580740214838
GA,2050,11,33,91,0.11660206282958263
GA,2050,11,34,91,0.19884899303123507
GA,2050,11,35,91,0.1892006396463118
GA,2050,11,36,91,0.19402481633877344
GA,2050,11,37,91,0.18337800947817212
GA,2050,11,38,91,0.1833856542108369
GA,2050,11,39,91,0.18339329926218675
GA,2050,11,40,91,0.18340094463226966
GA,2050,11,41,91,0.19890702813963423
GA,2050,11,42,91,0.19891532025196706
GA,2050,11,43,91,0.1989236127100032
GA,2050,11,44,91,0.1989319055137208
GA,2050,11,45,91,0.1989401986631548
GA,2050,11,46,91,0.1989484921583226
GA,2050,11,47,91,0.18800077532215714
GA,2050,11,48,91,5.379014073792586e-05
GA,2050,11,49,91,5.370954606432111e-05
GA,2050,11,50,91,5.356294798955184e-05
GA,2050,11,51,91,5.356294798955184e-05
GA,2050,11,52,91,5.356294798955184e-05
GA,2050,11,53,91,5.356294798955184e-05
GA,2050,11,54,91,5.370954606432111e-05
GA,2050,11,55,91,5.370954606432111e-05
GA,2050,11,56,91,3.331219328161243e-05
GA,2050,11,57,91,5.344458422545711e-05
GA,2050,11,58,91,5.356209233052754e-05
GA,2050,11,59,91,5.3558482363436226e-05
GA,2050,11,60,91,5.356071512995356e-05
GA,2050,11,61,91,5.344458422545711e-05
GA,2050,11,62,91,5.313793165573024e-05
GA,2050,11,63,91,5.283126630215467e-05
GA,2050,11,64,91,5.252458816419594e-05
GA,2050,11,65,91,3.331219328161243e-05
GA,2050,11,66,91,3.317635832114511e-05
GA,2050,11,67,91,3.331294079704114e-05
GA,2050,11,68,91,3.331294079704114e-05
GA,2050,11,69,91,3.3290811360197115e-05
GA,2050,11,70,91,3.3290811360197115e-05
GA,2050,11,71,91,0.0
GA,2050,11,72,91,2.2244084238762266e-05
GA,2050,11,73,91,3.290995409892482e-05
GA,2050,11,74,91,2.2244084238762266e-05
GA,2050,11,75,91,0.0
GA,2050,11,76,91,0.0
GA,2050,11,77,91,0.0
GA,2050,11,78,91,0.0
GA,2050,11,79,91,0.0
GA,2050,11,80,91,0.0
GA,2050,11,81,91,0.0
GA,2050,11,82,91,3.3290811360197115e-05
GA,2050,11,83,91,3.290995409892482e-05
GA,2050,11,84,91,3.260244547367605e-05
GA,2050,11,85,91,3.2294924028891135e-05
GA,2050,11,86,91,3.198738976403352e-05
GA,2050,11,87,91,3.167984267856876e-05
GA,2050,11,88,91,3.329219920028745e-05
GA,2050,11,89,91,0.0
GA,2050,11,90,91,0.0
GA,2050,11,91,91,0.0
GA,2050,11,92,91,0.0
GA,2050,11,93,91,0.0
GA,2050,11,94,91,0.0
GA,2050,11,95,91,0.0
GA,2050,11,96,91,0.0
GA,2050,11,97,91,0.0
GA,2050,11,98,91,0.0
GA,2050,11,99,91,0.0
GA,2050,11,100,91,0.0
GA,2050,11,101,91,0.0
GA,2050,11,102,91,0.0
GA,2050,11,103,91,0.0
GA,2050,11,104,91,0.0
GA,2050,11,105,91,0.09428917916102925
GA,2050,11,106,91,0.09429310992442928
GA,2050,11,107,91,0.1180429329259144
GA,2050,11,108,91,0.11804785394489817
GA,2050,11,109,91,0.09430490319785112
GA,2050,11,110,91,0.11805769659830642
GA,2050,11,111,91,0.11806261823275709
GA,2050,11,112,91,0.118067540072391
GA,2050,11,113,91,0.21907897796271977
GA,2050,11,114,91,0.2190881110110265
GA,2050,11,115,91,0.21909724444007822
GA,2050,11,116,91,0.2191063782498793
GA,2050,11,117,91,0.21911551244045155
GA,2050,11,118,91,0.21912464701182552
GA,2050,11,119,91,0.2191337819639968
GA,2050,11,120,91,0.18543428510543788
GA,2050,11,121,91,0.18544201556091236
GA,2050,11,122,91,0.19402481633877344
GA,2050,11,123,91,0.19402481633877344
GA,2050,11,124,91,0.19282721205556597
GA,2050,11,125,91,0.19522242062198963
GA,2050,11,126,91,0.19471787216901756
GA,2050,11,127,91,0.19572696907494863
GA,2050,11,128,91,0.19715060665173714
GA,2050,11,129,91,0.19588031646385698
GA,2050,11,130,91,0.1978118403827011
GA,2050,11,131,91,0.18551933784266758
GA,2050,11,132,91,0.18552707184384765
GA,2050,11,133,91,0.18553480616744109
GA,2050,11,134,91,0.18554254081346971
GA,2050,11,135,91,0.1855502757819466
GA,2050,11,136,91,0.18555801107287612
GA,2050,11,137,91,0.2012464690627084
GA,2050,11,138,91,0.2012548587025552
GA,2050,11,139,91,0.20126324869215625
GA,2050,11,140,91,0.20127163903151596
GA,2050,11,141,91,0.20128002972066047
GA,2050,11,142,91,0.20128842075959416
GA,2050,11,143,91,0.20129681214833883
GA,2050,11,144,91,0.19402481633877344
GA,2050,11,145,91,0.19282721205556597
GA,2050,11,146,91,0.1199497745925172
GA,2050,11,147,91,0.19522242062198963
GA,2050,11,148,91,0.19522242062198963
GA,2050,11,149,91,0.1962053429143421
GA,2050,11,150,91,0.1942394983296241
GA,2050,11,151,91,0.19471787216901756
GA,2050,11,152,91,0.19711049745215262
GA,2050,11,153,91,0.20138074527848066
GA,2050,11,154,91,0.20138914051609227
GA,2050,11,155,91,0.19927153693445265
GA,2050,11,156,91,0.1927748436975584
GA,2050,11,157,91,0.18277313757295552
GA,2050,11,158,91,0.18278075708947789
GA,2050,11,159,91,0.18278837692365624
GA,2050,11,160,91,0.18279599707548622
GA,2050,11,161,91,0.1949251577177308
GA,2050,11,162,91,0.19825919856605975
GA,2050,11,163,91,0.19826746367142956
GA,2050,11,164,91,0.19827572912136454
GA,2050,11,165,91,0.19828399491586474
GA,2050,11,166,91,0.19826746332685566
GA,2050,11,167,91,5.414727450625149e-05
GA,2050,21,0,91,0.0
GA,2050,21,1,91,0.0
GA,2050,21,2,91,0.0398091890667299
GA,2050,21,3,91,0.12345288127394394
GA,2050,21,4,91,0.12345802782493305
GA,2050,21,5,91,0.1338960901421509
GA,2050,21,6,91,0.13390167205362458
GA,2050,21,7,91,0.1339072541977794
GA,2050,21,8,91,0.11932432281435541
GA,2050,21,9,91,0.11932929725240646
GA,2050,21,10,91,0.12432231755188158
GA,2050,21,11,91,0.1261569727740121
GA,2050,21,12,91,0.12001703920137166
GA,2050,21,13,91,0.12345595740873486
GA,2050,21,14,91,0.11975822776009769
GA,2050,21,15,91,0.197595994816679
GA,2050,21,16,91,0.1948146910119965
GA,2050,21,17,91,0.19588031646385698
GA,2050,21,18,91,0.20274051367225418
GA,2050,21,19,91,0.21071179297531395
GA,2050,21,20,91,0.20888239427025937
GA,2050,21,21,91,0.1948553019449706
GA,2050,21,22,91,0.19788972813491754
GA,2050,21,23,91,0.19487154868846504
GA,2050,21,24,91,0.19487967256819277
GA,2050,21,25,91,0.1948877967865858
GA,2050,21,26,91,0.1948959213436703
GA,2050,21,27,91,0.1194188726070485
GA,2050,21,28,91,0.11942385098672499
GA,2050,21,29,91,0.12952083391059305
GA,2050,21,30,91,0.1295262334247052
GA,2050,21,31,91,0.12953163316391111
GA,2050,21,32,91,0.12816961011927336
GA,2050,21,33,91,0.11921393511586333
GA,2050,21,34,91,0.1281802967095663
GA,2050,21,35,91,0.12271956015723881
GA,2050,21,36,91,0.11804539343540192
GA,2050,21,37,91,0.11804539343540192
GA,2050,21,38,91,0.11804539343540192
GA,2050,21,39,91,0.11804293292591876
GA,2050,21,40,91,0.11804785394489381
GA,2050,21,41,91,0.11912825298932957
GA,2050,21,42,91,0.11931723706630466
GA,2050,21,43,91,0.1261569727740121
GA,2050,21,44,91,0.12456018382899045
GA,2050,21,45,91,0.11852138016391868
GA,2050,21,46,91,0.11933713488114871
GA,2050,21,47,91,0.11909073535057359
GA,2050,21,48,91,0.11894391376656117
GA,2050,21,49,91,0.0
GA,2050,21,50,91,0.0
GA,2050,21,51,91,0.0
GA,2050,21,52,91,0.0
GA,2050,21,53,91,0.0
GA,2050,21,54,91,0.0
GA,2050,21,55,91,0.0
GA,2050,21,56,91,0.0
GA,2050,21,57,91,0.0
GA,2050,21,58,91,0.0
GA,2050,21,59,91,0.0
GA,2050,21,60,91,0.0
GA,2050,21,61,91,0.0
GA,2050,21,62,91,0.0
GA,2050,21,63,91,0.0
GA,2050,21,64,91,0.0
GA,2050,21,65,91,0.0
GA,2050,21,66,91,0.11918422304330892
GA,2050,21,67,91,0.11918919164082356
GA,2050,21,68,91,0.11919416044547937
GA,2050,21,69,91,0.11689662642532885
GA,2050,21,70,91,0.11920409867621008
GA,2050,21,71,91,0.11688668819459813
GA,2050,21,72,91,0.1133712267135694
GA,2050,21,73,91,0.1192038926080691
GA,2050,21,74,91,0.1192239776236532
GA,2050,21,75,91,0.11919395189122153
GA,2050,21,76,91,0.1192339183404964
GA,2050,21,77,91,0.11923888900973222
GA,2050,21,78,91,0.11924385988618767
GA,2050,21,79,91,0.11924883096988022
GA,2050,21,80,91,0.11925380226078805
GA,2050,21,81,91,0.0
GA,2050,21,82,91,0.1182293470647711
GA,2050,21,83,91,3.126498374014226e-07
GA,2050,21,84,91,0.0
GA,2050,21,85,91,0.0
GA,2050,21,86,91,0.0
GA,2050,21,87,91,0.0
GA,2050,21,88,91,0.0
GA,2050,21,89,91,0.0
GA,2050,21,90,91,0.12007508563363706
GA,2050,21,91,91,0.12008009136977793
GA,2050,21,92,91,0.12008509731459924
GA,2050,21,93,91,0.11921393511586333
GA,2050,21,94,91,0.12009510983031808
GA,2050,21,95,91,0.12010011640122871
GA,2050,21,96,91,0.11744657911603447
GA,2050,21,97,91,0.11864420775476937
GA,2050,21,98,91,0.11804539343540192
GA,2050,21,99,91,0.12004098688655662
GA,2050,21,100,91,0.12012515238672103
GA,2050,21,101,91,0.12013016021006316
GA,2050,21,102,91,0.12013516824217295
GA,2050,21,103,91,0.12014017648305475
GA,2050,21,104,91,0.12014518493273038
GA,2050,21,105,91,0.1155189857112954
GA,2050,21,106,91,0.11911307227344703
GA,2050,21,107,91,0.0
GA,2050,21,108,91,0.0
GA,2050,21,109,91,0.0
GA,2050,21,110,91,0.0
GA,2050,21,111,91,0.0
GA,2050,21,112,91,0.0
GA,2050,21,113,91,0.11818578811344257
GA,2050,21,114,91,0.19617122551659083
GA,2050,21,115,91,0.19617940357773925
GA,2050,21,116,91,0.19618758197982047
GA,2050,21,117,91,0.19619576072284323
GA,2050,21,118,91,0.19620393980682496
GA,2050,21,119,91,0.12022033673797647
GA,2050,21,120,91,0.11921393511586333
GA,2050,21,121,91,0.11921393511586333
GA,2050,21,122,91,0.11921393511586333
GA,2050,21,123,91,0.12024038515729593
GA,2050,21,124,91,0.12024539778450498
GA,2050,21,125,91,0.12025041062068227
GA,2050,21,126,91,0.12025542366583652
GA,2050,21,127,91,0.0
GA,2050,21,128,91,0.0
GA,2050,21,129,91,0.0
GA,2050,21,130,91,0.10823837034042846
GA,2050,21,131,91,0.0
GA,2050,21,132,91,0.0
GA,2050,21,133,91,0.0
GA,2050,21,134,91,0.0
GA,2050,21,135,91,0.0
GA,2050,21,136,91,0.0
GA,2050,21,137,91,0.1151643924433806
GA,2050,21,138,91,0.19758058269487003
GA,2050,21,139,91,0.1975888195098415
GA,2050,21,140,91,0.19759705666819208
GA,2050,21,141,91,0.19760529416993486
GA,2050,21,142,91,0.19761353201510035
GA,2050,21,143,91,0.19762177020367108
GA,2050,21,144,91,0.19471787216901756
GA,2050,21,145,91,0.19522242062198963
GA,2050,21,146,91,0.19522242062198963
GA,2050,21,147,91,0.19522242062198963
GA,2050,21,148,91,0.1976629662983843
GA,2050,21,149,91,0.1976712065477922
GA,2050,21,150,91,0.19767944714072305
GA,2050,21,151,91,0.19768768807719872
GA,2050,21,152,91,0.19769592935722793
GA,2050,21,153,91,0.18229945738633194
GA,2050,21,154,91,0.19522242062198963
GA,2050,21,155,91,0.186279415280518
GA,2050,21,156,91,0.18232225764551963
GA,2050,21,157,91,0.18232985836560095
GA,2050,21,158,91,0.18233745940253593
GA,2050,21,159,91,0.18234506075634196
GA,2050,21,160,91,0.1823526624270496
GA,2050,21,161,91,0.1823602644146501
GA,2050,21,162,91,0.19777836105593338
GA,2050,21,163,91,0.19778660611595836
GA,2050,21,164,91,0.19779485151971565
GA,2050,21,165,91,0.19780309726720524
GA,2050,21,166,91,0.1978113433584446
GA,2050,21,167,91,0.1978118403827011
GA,2050,42,0,91,0.0
GA,2050,42,1,91,0.0
GA,2050,42,2,91,0.13806562511852474
GA,2050,42,3,91,0.1380713808511588
GA,2050,42,4,91,0.1380771368237475
GA,2050,42,5,91,0.14975120763260125
GA,2050,42,6,91,0.149757450518278
GA,2050,42,7,91,0.1497636936642079
GA,2050,42,8,91,0.12165522338601127
GA,2050,42,9,91,0.12029277695790194
GA,2050,42,10,91,0.12029779176927435
GA,2050,42,11,91,0.13046866416396258
GA,2050,42,12,91,0.12030782201913758
GA,2050,42,13,91,0.12031283745764147
GA,2050,42,14,91,0.12031785310527059
GA,2050,42,15,91,0.1203228689619944
GA,2050,42,16,91,0.1304958615695964
GA,2050,42,17,91,0.1305013017310364
GA,2050,42,18,91,0.13050674211929256
GA,2050,42,19,91,0.13051218273428636
GA,2050,42,20,91,0.1305176235761312
GA,2050,42,21,91,0.12406571519595111
GA,2050,42,22,91,0.12228526589297521
GA,2050,42,23,91,0.11792243197816525
GA,2050,42,24,91,0.1924697225871855
GA,2050,42,25,91,0.19402481633877344
GA,2050,42,26,91,0.19368809397669978
GA,2050,42,27,91,0.19249379484513343
GA,2050,42,28,91,0.19250181960014554
GA,2050,42,29,91,0.20220597406595364
GA,2050,42,30,91,0.20590132797421248
GA,2050,42,31,91,0.12792979982352323
GA,2050,42,32,91,0.12119056783444461
GA,2050,42,33,91,0.19266238508375924
GA,2050,42,34,91,0.1975911166285367
GA,2050,42,35,91,0.19088790805486083
GA,2050,42,36,91,0.12740977943166312
GA,2050,42,37,91,0.12741509093931971
GA,2050,42,38,91,0.12742040266840712
GA,2050,42,39,91,0.1274257146189297
GA,2050,42,40,91,0.1274310267909049
GA,2050,42,41,91,0.1279831416942851
GA,2050,42,42,91,0.12798847710449093
GA,2050,42,43,91,0.12799381273711744
GA,2050,42,44,91,0.1243201328108937
GA,2050,42,45,91,0.11803063123320498
GA,2050,42,46,91,0.11803555173934835
GA,2050,42,47,91,0.11804047245061829
GA,2050,42,48,91,0.1180453933670235
GA,2050,42,49,91,0.1926704167554188
GA,2050,42,50,91,0.11805523581527903
GA,2050,42,51,91,0.11806015734714242
GA,2050,42,52,91,0.1180650790841847
GA,2050,42,53,91,0.2010126556584603
GA,2050,42,54,91,0.2070319744376862
GA,2050,42,55,91,0.12805785768120198
GA,2050,42,56,91,0.11932987367800232
GA,2050,42,57,91,0.11808969084723211
GA,2050,42,58,91,0.12022644442450493
GA,2050,42,59,91,0.12142796102832842
GA,2050,42,60,91,0.11810446036765201
GA,2050,42,61,91,0.11810938395160955
GA,2050,42,62,91,0.1181143077408201
GA,2050,42,63,91,0.0
GA,2050,42,64,91,0.0
GA,2050,42,65,91,0.010005222135545135
GA,2050,42,66,91,0.010005639237075129
GA,2050,42,67,91,0.01000605635599952
GA,2050,42,68,91,0.0
GA,2050,42,69,91,0.0
GA,2050,42,70,91,0.0
GA,2050,42,71,91,0.00922794308858039
GA,2050,42,72,91,0.0046143562463148305
GA,2050,42,73,91,0.00922871250066187
GA,2050,42,74,91,0.00922909723075999
GA,2050,42,75,91,0.009229481976905084
GA,2050,42,76,91,0.1234636774811973
GA,2050,42,77,91,0.1339022174624934
GA,2050,42,78,91,0.1339077996294018
GA,2050,42,79,91,0.13391338202901315
GA,2050,42,80,91,0.13116855852859546
GA,2050,42,81,91,0.12241836615591188
GA,2050,42,82,91,0.12242346957962656
GA,2050,42,83,91,0.12242857321609447
GA,2050,42,84,91,0.1224336770653287
GA,2050,42,85,91,0.12243878112732925
GA,2050,42,86,91,0.12244388540210048
GA,2050,42,87,91,0.12244898988968163
GA,2050,42,88,91,0.13280174061530972
GA,2050,42,89,91,0.13280727690511573
GA,2050,42,90,91,0.13281281342571474
GA,2050,42,91,91,0.13281835017713292
GA,2050,42,92,91,0.13282388715936153
GA,2050,42,93,91,0.13282942437242237
GA,2050,42,94,91,0.12234633223699085
GA,2050,42,95,91,0.12235143265773654
GA,2050,42,96,91,0.12235653329109593
GA,2050,42,97,91,0.12236163413710391
GA,2050,42,98,91,0.12236673519574738
GA,2050,42,99,91,0.12237183646704816
GA,2050,42,100,91,0.12237693795101932
GA,2050,42,101,91,0.13272359686845683
GA,2050,42,102,91,0.13272912990057428
GA,2050,42,103,91,0.1327346631633452
GA,2050,42,104,91,0.18443940631702438
GA,2050,42,105,91,0.18318849665638356
GA,2050,42,106,91,0.18319613348856875
GA,2050,42,107,91,0.1832037706391076
GA,2050,42,108,91,0.18321140810803938
GA,2050,42,109,91,0.1832190458953597
GA,2050,42,110,91,0.18322668400108602
GA,2050,42,111,91,0.18323432242524015
GA,2050,42,112,91,0.19856882266197579
GA,2050,42,113,91,0.20085487372667707
GA,2050,42,114,91,0.20086324704154807
GA,2050,42,115,91,0.2008716207054844
GA,2050,42,116,91,0.20087999471850346
GA,2050,42,117,91,0.20088836908064017
GA,2050,42,118,91,0.18524327130909823
GA,2050,42,119,91,0.18651929460054328
GA,2050,42,120,91,0.19471787216901756
GA,2050,42,121,91,0.19266238508375924
GA,2050,42,122,91,0.19266238508375924
GA,2050,42,123,91,0.1849822784690986
GA,2050,42,124,91,0.18799088296276847
GA,2050,42,125,91,0.19883404491669576
GA,2050,42,126,91,0.19884233398647852
GA,2050,42,127,91,0.19885062340182066
GA,2050,42,128,91,0.19885891316273968
GA,2050,42,129,91,0.18619436612631618
GA,2050,42,130,91,0.19715060665173714
GA,2050,42,131,91,0.18179660417314863
GA,2050,42,132,91,0.18180418297958117
GA,2050,42,133,91,0.181811762101956
GA,2050,42,134,91,0.1818193415403036
GA,2050,42,135,91,0.18182692129461964
GA,2050,42,136,91,0.19892524369239714
GA,2050,42,137,91,0.19893353656410073
GA,2050,42,138,91,0.1989418297815425
GA,2050,42,139,91,0.19895012334470938
GA,2050,42,140,91,0.19895841725361443
GA,2050,42,141,91,0.19896671150828382
GA,2050,42,142,91,0.19287142655669237
GA,2050,42,143,91,0.19402481633877344
GA,2050,42,144,91,0.19402481633877344
GA,2050,42,145,91,0.19402481633877344
GA,2050,42,146,91,0.19402481633877344
GA,2050,42,147,91,0.19268856488597458
GA,2050,42,148,91,0.1953610677915767
GA,2050,42,149,91,0.19903307799469475
GA,2050,42,150,91,0.19904137536184935
GA,2050,42,151,91,0.19904967307489915
GA,2050,42,152,91,0.19905797113387463
GA,2050,42,153,91,0.19532787693933393
GA,2050,42,154,91,0.1819709966793279
GA,2050,42,155,91,0.1819785827559035
GA,2050,42,156,91,0.18198616914872665
GA,2050,42,157,91,0.18199375585782346
GA,2050,42,158,91,0.18200134288319395
GA,2050,42,159,91,0.1820089302248468
GA,2050,42,160,91,0.19912436806045086
GA,2050,42,161,91,0.19913266923334622
GA,2050,42,162,91,0.1991409707522937
GA,2050,42,163,91,0.19914927261732385
GA,2050,42,164,91,0.19915757482843666
GA,2050,42,165,91,0.19916587738566266
GA,2050,42,166,91,0.1956301916540132
GA,2050,42,167,91,0.1872783799766401
GA,2050,52,0,91,0.0
GA,2050,52,1,91,0.3893776185312349
GA,2050,52,2,91,0.19826333086033165
GA,2050,52,3,91,0.198271596137971
GA,2050,52,4,91,0.19827986176017984
GA,2050,52,5,91,0.1982881277269626
GA,2050,52,6,91,0.198679115435625
GA,2050,52,7,91,0.21506184991608962
GA,2050,52,8,91,0.2150708154968264
GA,2050,52,9,91,0.21321435134217956
GA,2050,52,10,91,0.17989289809244888
GA,2050,52,11,91,0.1659922263762887
GA,2050,52,12,91,0.16599914632376242
GA,2050,52,13,91,0.16600606655972414
GA,2050,52,14,91,0.16601298708418255
GA,2050,52,15,91,0.16601990789714202
GA,2050,52,16,91,0.18005646894595248
GA,2050,52,17,91,0.18006397520896464
GA,2050,52,18,91,0.1800714817848928
GA,2050,52,19,91,0.1800789886737675
GA,2050,52,20,91,5.4217967166074556e-05
GA,2050,52,21,91,5.4217967166074556e-05
GA,2050,52,22,91,5.370954606432111e-05
GA,2050,52,23,91,5.370954606432111e-05
GA,2050,52,24,91,5.370954606432111e-05
GA,2050,52,25,91,5.356209233052754e-05
GA,2050,52,26,91,5.356209233052754e-05
GA,2050,52,27,91,5.338304813336852e-05
GA,2050,52,28,91,5.3222319518593874e-05
GA,2050,52,29,91,5.3222319518593874e-05
GA,2050,52,30,91,5.356209233052754e-05
GA,2050,52,31,91,5.356209233052754e-05
GA,2050,52,32,91,5.356209233052754e-05
GA,2050,52,33,91,5.356209233052754e-05
GA,2050,52,34,91,0.00010009672155013581
GA,2050,52,35,91,7.734796126221236e-05
GA,2050,52,36,91,5.3208542773498465e-05
GA,2050,52,37,91,5.3208542773498465e-05
GA,2050,52,38,91,5.3208542773498465e-05
GA,2050,52,39,91,5.3208542773498465e-05
GA,2050,52,40,91,5.3208542773498465e-05
GA,2050,52,41,91,5.3208542773498465e-05
GA,2050,52,42,91,5.3208542773498465e-05
GA,2050,52,43,91,5.3208542773498465e-05
GA,2050,52,44,91,5.3208542773498465e-05
GA,2050,52,45,91,5.3208542773498465e-05
GA,2050,52,46,91,5.3208542773498465e-05
GA,2050,52,47,91,5.3208542773498465e-05
GA,2050,52,48,91,5.3208542773498465e-05
GA,2050,52,49,91,5.306432901612629e-05
GA,2050,52,50,91,5.185219850886294e-05
GA,2050,52,51,91,5.185219850886294e-05
GA,2050,52,52,91,5.185219850886294e-05
GA,2050,52,53,91,5.185219850886294e-05
GA,2050,52,54,91,5.185219850886294e-05
GA,2050,52,55,91,5.306432901612629e-05
GA,2050,52,56,91,5.3208542773498465e-05
GA,2050,52,57,91,5.3208542773498465e-05
GA,2050,52,58,91,5.3208542773498465e-05
GA,2050,52,59,91,5.3208542773498465e-05
GA,2050,52,60,91,5.3208542773498465e-05
GA,2050,52,61,91,5.3208542773498465e-05
GA,2050,52,62,91,5.307119616903304e-05
GA,2050,52,63,91,5.3073408621376134e-05
GA,2050,52,64,91,5.3208542773498465e-05
GA,2050,52,65,91,5.3208542773498465e-05
GA,2050,52,66,91,5.3208542773498465e-05
GA,2050,52,67,91,5.338304813336852e-05
GA,2050,52,68,91,5.356209233052754e-05
GA,2050,52,69,91,5.338304813336852e-05
GA,2050,52,70,91,5.338304813336852e-05
GA,2050,52,71,91,3.260119178474591e-05
GA,2050,52,72,91,3.2598731314683204e-05
GA,2050,52,73,91,3.259575598742467e-05
GA,2050,52,74,91,4.68983189084238e-05
GA,2050,52,75,91,4.69002740234976e-05
GA,2050,52,76,91,3.259983275043677e-05
GA,2050,52,77,91,3.260119178474591e-05
GA,2050,52,78,91,3.281833797623701e-05
GA,2050,52,79,91,3.331219328161243e-05
GA,2050,52,80,91,3.290995409892482e-05
GA,2050,52,81,91,3.290815949176164e-05
GA,2050,52,82,91,2.8677305980229825e-05
GA,2050,52,83,91,0.0
GA,2050,52,84,91,3.261070661140063e-05
GA,2050,52,85,91,3.261206609902174e-05
GA,2050,52,86,91,2.8677305980229825e-05
GA,2050,52,87,91,3.290815949176164e-05
GA,2050,52,88,91,3.331219328161243e-05
GA,2050,52,89,91,3.331219328156452e-05
GA,2050,52,90,91,5.370954606432005e-05
GA,2050,52,91,91,5.370954606432005e-05
GA,2050,52,92,91,5.370954606432005e-05
GA,2050,52,93,91,5.370954606432111e-05
GA,2050,52,94,91,5.370954606432111e-05
GA,2050,52,95,91,3.331219328161243e-05
GA,2050,52,96,91,5.344458422545711e-05
GA,2050,52,97,91,5.356209233052754e-05
GA,2050,52,98,91,5.3208542773498465e-05
GA,2050,52,99,91,5.3208542773498465e-05
GA,2050,52,100,91,5.3208542773498465e-05
GA,2050,52,101,91,5.356209233052754e-05
GA,2050,52,102,91,5.356294798955184e-05
GA,2050,52,103,91,5.370954606432111e-05
GA,2050,52,104,91,5.370954606432111e-05
GA,2050,52,105,91,5.370954606432111e-05
GA,2050,52,106,91,5.370954606432111e-05
GA,2050,52,107,91,5.370954606432111e-05
GA,2050,52,108,91,5.356294798955184e-05
GA,2050,52,109,91,5.356209233052754e-05
GA,2050,52,110,91,5.356209233052754e-05
GA,2050,52,111,91,5.356294798955184e-05
GA,2050,52,112,91,5.370954606432111e-05
GA,2050,52,113,91,0.00010101131336507469
GA,2050,52,114,91,5.370954606432111e-05
GA,2050,52,115,91,5.370954606432111e-05
GA,2050,52,116,91,5.370954606432111e-05
GA,2050,52,117,91,5.370954606432111e-05
GA,2050,52,118,91,5.370954606432111e-05
GA,2050,52,119,91,5.356209233052754e-05
GA,2050,52,120,91,5.3208542773498465e-05
GA,2050,52,121,91,5.3208542773498465e-05
GA,2050,52,122,91,5.3208542773498465e-05
GA,2050,52,123,91,5.3208542773498465e-05
GA,2050,52,124,91,5.3208542773498465e-05
GA,2050,52,125,91,5.3210760951599937e-05
GA,2050,52,126,91,5.3212979222173404e-05
GA,2050,52,127,91,5.356294798955184e-05
GA,2050,52,128,91,5.370954606432111e-05
GA,2050,52,129,91,5.356209233052754e-05
GA,2050,52,130,91,5.322185322926709e-05
GA,2050,52,131,91,5.32240719622591e-05
GA,2050,52,132,91,5.322629078774758e-05
GA,2050,52,133,91,5.322850970573575e-05
GA,2050,52,134,91,5.323072871622572e-05
GA,2050,52,135,91,5.3232947819222814e-05
GA,2050,52,136,91,5.370954606432005e-05
GA,2050,52,137,91,5.4217967166074556e-05
GA,2050,52,138,91,0.19472627691960304
GA,2050,52,139,91,0.11964991869496695
GA,2050,52,140,91,0.11965490670658292
GA,2050,52,141,91,0.11965989492614675
GA,2050,52,142,91,0.11966488335364536
GA,2050,52,143,91,0.11966987198912672
GA,2050,52,144,91,0.11842665143958771
GA,2050,52,145,91,0.11442016695924792
GA,2050,52,146,91,0.11453976839402644
GA,2050,52,147,91,0.1182471788918457
GA,2050,52,148,91,0.11969481828617012
GA,2050,52,149,91,0.11969980816957851
GA,2050,52,150,91,0.11970479826100017
GA,2050,52,151,91,0.11970978856046127
GA,2050,52,152,91,0.11971477906794872
GA,2050,52,153,91,0.11772637457403007
GA,2050,52,154,91,0.18017785414381438
GA,2050,52,155,91,0.11040064903497221
GA,2050,52,156,91,0.11040525145949437
GA,2050,52,157,91,0.11040985407587818
GA,2050,52,158,91,0.1104144568841498
GA,2050,52,159,91,0.11041905988430051
GA,2050,52,160,91,0.20019651308188918
GA,2050,52,161,91,0.2002048589507685
GA,2050,52,162,91,0.20021320516757066
GA,2050,52,163,91,0.20022155173231748
GA,2050,52,164,91,0.200229898645022
GA,2050,52,165,91,0.20023824590568862
GA,2050,52,166,91,0.20024659351434346
GA,2050,52,167,91,0.1851824224459107
DE,2050,11,0,91,5.291553166041762e-05
DE,2050,11,1,91,5.356209233052754e-05
DE,2050,11,2,91,5.356209233052754e-05
DE,2050,11,3,91,5.356209233052754e-05
DE,2050,11,4,91,5.356209233052754e-05
DE,2050,11,5,91,5.370954606432005e-05
DE,2050,11,6,91,5.370954606432111e-05
DE,2050,11,7,91,5.370954606432005e-05
DE,2050,11,8,91,5.370954606432111e-05
DE,2050,11,9,91,5.370954606432111e-05
DE,2050,11,10,91,3.331219328161243e-05
DE,2050,11,11,91,3.331219328161243e-05
DE,2050,11,12,91,5.356209233052754e-05
DE,2050,11,13,91,5.356209233052967e-05
DE,2050,11,14,91,5.356432524753743e-05
DE,2050,11,15,91,5.356655825763679e-05
DE,2050,11,16,91,5.3568791360823476e-05
DE,2050,11,17,91,5.3571024557106016e-05
DE,2050,11,18,91,5.370954606432111e-05
DE,2050,11,19,91,5.414727450625149e-05
DE,2050,11,20,91,5.4217967166074556e-05
DE,2050,11,21,91,5.4217967166074556e-05
DE,2050,11,22,91,5.414727450625149e-05
DE,2050,11,23,91,5.414727450625149e-05
DE,2050,11,24,91,5.414727450625149e-05
DE,2050,11,25,91,3.317635832114511e-05
DE,2050,11,26,91,3.3177741389871625e-05
DE,2050,11,27,91,0.0
DE,2050,11,28,91,0.0
DE,2050,11,29,91,0.0
DE,2050,11,30,91,0.1260886220063191
DE,2050,11,31,91,0.12609387843706837
DE,2050,11,32,91,0.12609913508694173
DE,2050,11,33,91,0.11627858994354077
DE,2050,11,34,91,0.12318029423068229
DE,2050,11,35,91,0.19333176050852932
DE,2050,11,36,91,0.1947178721690132
DE,2050,11,37,91,0.19522242062198963
DE,2050,11,38,91,0.19074804456482486
DE,2050,11,39,91,0.1898262520137955
DE,2050,11,40,91,0.1898341655632577
DE,2050,11,41,91,0.20449319892999956
DE,2050,11,42,91,0.2058927445193809
DE,2050,11,43,91,0.20590132785494597
DE,2050,11,44,91,0.20590991154833244
DE,2050,11,45,91,0.20591849559954462
DE,2050,11,46,91,0.20592708000861745
DE,2050,11,47,91,0.20593566477556396
DE,2050,11,48,91,0.12753988087678134
DE,2050,11,49,91,5.414727450625149e-05
DE,2050,11,50,91,5.370954606432005e-05
DE,2050,11,51,91,5.370954606432111e-05
DE,2050,11,52,91,5.370954606432111e-05
DE,2050,11,53,91,5.370954606432111e-05
DE,2050,11,54,91,5.414727450625149e-05
DE,2050,11,55,91,5.4217967166074556e-05
DE,2050,11,56,91,5.414727450625149e-05
DE,2050,11,57,91,3.331219328161243e-05
DE,2050,11,58,91,3.484946030047821e-05
DE,2050,11,59,91,3.454203253010794e-05
DE,2050,11,60,91,3.423459194356992e-05
DE,2050,11,61,91,3.392713854033076e-05
DE,2050,11,62,91,3.3619672319856056e-05
DE,2050,11,63,91,3.331219328161243e-05
DE,2050,11,64,91,3.300470142506546e-05
DE,2050,11,65,91,3.2911326061691194e-05
DE,2050,11,66,91,0.0
DE,2050,11,67,91,0.0
DE,2050,11,68,91,0.0
DE,2050,11,69,91,0.0
DE,2050,11,70,91,0.0
DE,2050,11,71,91,1.5631188592144152e-06
DE,2050,11,72,91,0.0
DE,2050,11,73,91,0.0
DE,2050,11,74,91,0.0
DE,2050,11,75,91,0.0
DE,2050,11,76,91,0.0
DE,2050,11,77,91,0.0
DE,2050,11,78,91,0.0
DE,2050,11,79,91,0.0
DE,2050,11,80,91,0.0
DE,2050,11,81,91,0.0
DE,2050,11,82,91,0.0
DE,2050,11,83,91,0.0
DE,2050,11,84,91,0.0
DE,2050,11,85,91,0.0
DE,2050,11,86,91,0.0
DE,2050,11,87,91,0.0
DE,2050,11,88,91,0.0
DE,2050,11,89,91,0.0
DE,2050,11,90,91,0.0
DE,2050,11,91,91,0.0
DE,2050,11,92,91,0.0
DE,2050,11,93,91,0.0
DE,2050,11,94,91,0.0
DE,2050,11,95,91,0.0
DE,2050,11,96,91,0.0
DE,2050,11,97,91,0.0
DE,2050,11,98,91,0.0
DE,2050,11,99,91,0.0
DE,2050,11,100,91,0.0
DE,2050,11,101,91,0.0
DE,2050,11,102,91,0.0
DE,2050,11,103,91,0.0
DE,2050,11,104,91,0.0
DE,2050,11,105,91,0.0
DE,2050,11,106,91,0.11899179068277464
DE,2050,11,107,91,0.11899675125807944
DE,2050,11,108,91,0.11900171204020707
DE,2050,11,109,91,0.11900667302914882
DE,2050,11,110,91,0.11901163422488287
DE,2050,11,111,91,0.11901659562745719
DE,2050,11,112,91,0.11902155723685871
DE,2050,11,113,91,0.17888005844016047
DE,2050,11,114,91,0.29507798138753455
DE,2050,11,115,91,0.2950902827113903
DE,2050,11,116,91,0.29510258454806904
DE,2050,11,117,91,0.29511488689757936
DE,2050,11,118,91,0.29512718975997376
DE,2050,11,119,91,0.14043098163873863
DE,2050,11,120,91,0.18836541917548608
DE,2050,11,121,91,0.18837327182518243
DE,2050,11,122,91,0.18838112480226324
DE,2050,11,123,91,0.19299995170367454
DE,2050,11,124,91,0.1883968317385477
DE,2050,11,125,91,0.19772280303954273
DE,2050,11,126,91,0.19657841026394024
DE,2050,11,127,91,0.19583227556474836
DE,2050,11,128,91,0.1964893729207775
DE,2050,11,129,91,0.1978118403827011
DE,2050,11,130,91,0.20193718362356963
DE,2050,11,131,91,0.18845181632954683
DE,2050,11,132,91,0.18845967258101726
DE,2050,11,133,91,0.18846752915998988
DE,2050,11,134,91,0.18847538606649958
DE,2050,11,135,91,0.18848324330055505
DE,2050,11,136,91,0.18849110086215198
DE,2050,11,137,91,0.20442754413526354
DE,2050,11,138,91,0.20443606638899064
DE,2050,11,139,91,0.20444458899798817
DE,2050,11,140,91,0.20445311196227794
DE,2050,11,141,91,0.20446163528187739
DE,2050,11,142,91,0.20447015895680834
DE,2050,11,143,91,0.20447868298707947
DE,2050,11,144,91,0.12134525250461319
DE,2050,11,145,91,0.15208255062192658
DE,2050,11,146,91,0.1199497745925172
DE,2050,11,147,91,0.1419292621613145
DE,2050,11,148,91,0.1978118403827011
DE,2050,11,149,91,0.19827572912136454
DE,2050,11,150,91,0.19514659679078822
DE,2050,11,151,91,0.19522242062198963
DE,2050,11,152,91,0.19816995623607359
DE,2050,11,153,91,0.2045639428365893
DE,2050,11,154,91,0.20457247077654891
DE,2050,11,155,91,0.20087957251108765
DE,2050,11,156,91,0.19481968920455037
DE,2050,11,157,91,0.18865618534533957
DE,2050,11,158,91,0.1886640501166156
DE,2050,11,159,91,0.18867191521576449
DE,2050,11,160,91,0.18867978064279492
DE,2050,11,161,91,0.18868764639772875
DE,2050,11,162,91,0.20280470638061296
DE,2050,11,163,91,0.20464923823621872
DE,2050,11,164,91,0.20465776973200486
DE,2050,11,165,91,0.20466630158346696
DE,2050,11,166,91,0.20467483379060067
DE,2050,11,167,91,0.1589227005887171
DE,2050,21,0,91,0.0
DE,2050,21,1,91,0.0
DE,2050,21,2,91,0.13212490252801765
DE,2050,21,3,91,0.1321304106015292
DE,2050,21,4,91,0.1321359189046651
DE,2050,21,5,91,0.14330767484610651
DE,2050,21,6,91,0.14331364911131708
DE,2050,21,7,91,0.14331962362558717
DE,2050,21,8,91,0.1218207288929671
DE,2050,21,9,91,0.12182580740214838
DE,2050,21,10,91,0.12508610741533005
DE,2050,21,11,91,0.1296448102451462
DE,2050,21,12,91,0.12184104420001958
DE,2050,21,13,91,0.12268859562084002
DE,2050,21,14,91,0.1230290647900409
DE,2050,21,15,91,0.12185628290356498
DE,2050,21,16,91,0.12186136289493732
DE,2050,21,17,91,0.12186644309809047
DE,2050,21,18,91,0.2151111654692794
DE,2050,21,19,91,0.13217545092493435
DE,2050,21,20,91,0.13218096110573205
DE,2050,21,21,91,0.1255152591713957
DE,2050,21,22,91,0.12154838188479677
DE,2050,21,23,91,0.12153318210811237
DE,2050,21,24,91,0.12153824862992858
DE,2050,21,25,91,0.12154331536297183
DE,2050,21,26,91,0.12154838230723776
DE,2050,21,27,91,0.12155344946272634
DE,2050,21,28,91,0.12155851682947248
DE,2050,21,29,91,0.1318359803221938
DE,2050,21,30,91,0.1318414763510247
DE,2050,21,31,91,0.13184697260895667
DE,2050,21,32,91,0.1304606038071971
DE,2050,21,33,91,0.12182580740214838
DE,2050,21,34,91,0.1304714814171223
DE,2050,21,35,91,0.1255426556098845
DE,2050,21,36,91,0.11924137439615176
DE,2050,21,37,91,0.11924634537621921
DE,2050,21,38,91,0.11925131656352812
DE,2050,21,39,91,0.11925628795805669
DE,2050,21,40,91,0.11926125955984414
DE,2050,21,41,91,0.1193097762670196
DE,2050,21,42,91,0.11931475009865196
DE,2050,21,43,91,0.12935528034252405
DE,2050,21,44,91,0.12936067295497183
DE,2050,21,45,91,0.09327274442347304
DE,2050,21,46,91,0.12082840791019518
DE,2050,21,47,91,0.11925380226078805
DE,2050,21,48,91,0.03275761502866971
DE,2050,21,49,91,0.0
DE,2050,21,50,91,0.0
DE,2050,21,51,91,0.0
DE,2050,21,52,91,0.0
DE,2050,21,53,91,0.0
DE,2050,21,54,91,0.0
DE,2050,21,55,91,0.0
DE,2050,21,56,91,0.0
DE,2050,21,57,91,0.0
DE,2050,21,58,91,0.0
DE,2050,21,59,91,8.721182071795201e-15
DE,2050,21,60,91,0.0
DE,2050,21,61,91,0.0
DE,2050,21,62,91,0.0
DE,2050,21,63,91,0.0
DE,2050,21,64,91,0.0
DE,2050,21,65,91,0.11381368222497407
DE,2050,21,66,91,0.12343633964585135
DE,2050,21,67,91,0.12344148550723917
DE,2050,21,68,91,0.12344663158314625
DE,2050,21,69,91,0.11694278527789247
DE,2050,21,70,91,0.12038247679632037
DE,2050,21,71,91,0.11804539343540192
DE,2050,21,72,91,0.11921393511586333
DE,2050,21,73,91,0.11804539343540192
DE,2050,21,74,91,0.11804539343540192
DE,2050,21,75,91,0.1138611382104961
DE,2050,21,76,91,0.12262479457672582
DE,2050,21,77,91,0.12349295592129524
DE,2050,21,78,91,0.123498104142914
DE,2050,21,79,91,0.12350325257915667
DE,2050,21,80,91,0.0
DE,2050,21,81,91,0.08578578512080315
DE,2050,21,82,91,0.12252464777148342
DE,2050,21,83,91,0.1137742773131951
DE,2050,21,84,91,0.11377902037883085
DE,2050,21,85,91,0.11378376364219323
DE,2050,21,86,91,0.11378850710329534
DE,2050,21,87,91,0.11379325076213281
DE,2050,21,88,91,0.1137979946187318
DE,2050,21,89,91,0.1138027386731054
DE,2050,21,90,91,0.12321695261730756
DE,2050,21,91,91,0.12342961621109007
DE,2050,21,92,91,0.12343476179218345
DE,2050,21,93,91,0.11499237147547867
DE,2050,21,94,91,0.12344505359791931
DE,2050,21,95,91,0.11921393511586333
DE,2050,21,96,91,0.11921393511586333
DE,2050,21,97,91,0.11921393511586333
DE,2050,21,98,91,0.11804539343540192
DE,2050,21,99,91,0.11764544698945764
DE,2050,21,100,91,0.12347593416408228
DE,2050,21,101,91,0.1234810816760977
DE,2050,21,102,91,0.12348622940270217
DE,2050,21,103,91,0.12349137734390875
DE,2050,21,104,91,0.12349652549972183
DE,2050,21,105,91,0.11387867044554446
DE,2050,21,106,91,0.1235068224552285
DE,2050,21,107,91,0.11343748393982087
DE,2050,21,108,91,0.11344221296508605
DE,2050,21,109,91,0.11344694218748484
DE,2050,21,110,91,0.11345167160704339
DE,2050,21,111,91,0.11345640122376172
DE,2050,21,112,91,0.11346113103765287
DE,2050,21,113,91,0.11935406992388815
DE,2050,21,114,91,0.12305911107361106
DE,2050,21,115,91,0.12306424120894156
DE,2050,21,116,91,0.12306937155814161
DE,2050,21,117,91,0.19625178530355847
DE,2050,21,118,91,0.12307963289818086
DE,2050,21,119,91,0.11935723626137687
DE,2050,21,120,91,0.11921393511586333
DE,2050,21,121,91,0.11921393511586333
DE,2050,21,122,91,0.1199497745925172
DE,2050,21,123,91,0.028084348758660505
DE,2050,21,124,91,0.0
DE,2050,21,125,91,0.0
DE,2050,21,126,91,0.123120686814803
DE,2050,21,127,91,0.0
DE,2050,21,128,91,0.0
DE,2050,21,129,91,0.0
DE,2050,21,130,91,0.12251569050369453
DE,2050,21,131,91,0.11347826172929783
DE,2050,21,132,91,0.0
DE,2050,21,133,91,0.0
DE,2050,21,134,91,0.0
DE,2050,21,135,91,0.0
DE,2050,21,136,91,0.08523399610874062
DE,2050,21,137,91,0.11681117819948543
DE,2050,21,138,91,0.20091749340863813
DE,2050,21,139,91,0.2009258693340162
DE,2050,21,140,91,0.2009342456085817
DE,2050,21,141,91,0.20006394050287343
DE,2050,21,142,91,0.2009509992052967
DE,2050,21,143,91,0.1962053429143421
DE,2050,21,144,91,0.1962053429143421
DE,2050,21,145,91,0.1981640821267799
DE,2050,21,146,91,0.1981143745956621
DE,2050,21,147,91,0.19833218929218435
DE,2050,21,148,91,0.1983806234762472
DE,2050,21,149,91,0.19827572912136454
DE,2050,21,150,91,0.20101802756223885
DE,2050,21,151,91,0.20102640767872923
DE,2050,21,152,91,0.19347800877718538
DE,2050,21,153,91,0.18537828732076825
DE,2050,21,154,91,0.19588031646385698
DE,2050,21,155,91,0.1978118403827011
DE,2050,21,156,91,0.19827572912136454
DE,2050,21,157,91,0.18540920173791164
DE,2050,21,158,91,0.18541693114769023
DE,2050,21,159,91,0.18542466087970338
DE,2050,21,160,91,0.18543239093395117
DE,2050,21,161,91,0.1854401213104597
DE,2050,21,162,91,0.2011186120206425
DE,2050,21,163,91,0.20112699633034262
DE,2050,21,164,91,0.20113538098956593
DE,2050,21,165,91,0.20100697871125392
DE,2050,21,166,91,0.20115215135665182
DE,2050,21,167,91,0.19539930688606857
DE,2050,42,0,91,0.0
DE,2050,42,1,91,0.0
DE,2050,42,2,91,0.0
DE,2050,42,3,91,0.0
DE,2050,42,4,91,0.0
DE,2050,42,5,91,0.0
DE,2050,42,6,91,2.6163546215385607e-14
DE,2050,42,7,91,8.721182071795201e-15
DE,2050,42,8,91,0.0
DE,2050,42,9,91,0.12453162775157031
DE,2050,42,10,91,0.12453681927373596
DE,2050,42,11,91,0.13506609066475778
DE,2050,42,12,91,0.12454720296737234
DE,2050,42,13,91,0.12455239513885616
DE,2050,42,14,91,0.12455758752678663
DE,2050,42,15,91,0.1245627801311812
DE,2050,42,16,91,0.13530798042119546
DE,2050,42,17,91,0.22084593252216855
DE,2050,42,18,91,0.22085513923195557
DE,2050,42,19,91,0.22086434632554436
DE,2050,42,20,91,0.2208735538029742
DE,2050,42,21,91,0.13356437934724402
DE,2050,42,22,91,0.11921393511586333
DE,2050,42,23,91,0.1940207721326615
DE,2050,42,24,91,0.19402886054488974
DE,2050,42,25,91,0.1943790488330232
DE,2050,42,26,91,0.19438715218122635
DE,2050,42,27,91,0.19405312780477973
DE,2050,42,28,91,0.19406121756586525
DE,2050,42,29,91,0.2034589364814789
DE,2050,42,30,91,0.21047737413785908
DE,2050,42,31,91,0.12896611973995104
DE,2050,42,32,91,0.12550049663113957
DE,2050,42,33,91,0.11921393511586333
DE,2050,42,34,91,0.12373036145968523
DE,2050,42,35,91,0.11820470612668792
DE,2050,42,36,91,0.11820963388971817
DE,2050,42,37,91,0.11821456185819766
DE,2050,42,38,91,0.11821949003211332
DE,2050,42,39,91,0.11822441841146515
DE,2050,42,40,91,0.11822934699628367
DE,2050,42,41,91,0.12878210469235044
DE,2050,42,42,91,0.1287874734100239
DE,2050,42,43,91,0.12879284235151778
DE,2050,42,44,91,0.12879821151683207
DE,2050,42,45,91,0.11876746348895584
DE,2050,42,46,91,0.11877241471244117
DE,2050,42,47,91,0.11877736614233507
DE,2050,42,48,91,0.11921145024957072
DE,2050,42,49,91,0.11921641998215157
DE,2050,42,50,91,0.11879222167055546
DE,2050,42,51,91,0.11879717392618397
DE,2050,42,52,91,0.11880212638824285
DE,2050,42,53,91,0.1254729822719956
DE,2050,42,54,91,0.1288519154823044
DE,2050,42,55,91,0.128857287110293
DE,2050,42,56,91,0.12345665843772684
DE,2050,42,57,91,0.11921393511586333
DE,2050,42,58,91,0.12021618484782327
DE,2050,42,59,91,0.12159061617758571
DE,2050,42,60,91,0.11884175351806084
DE,2050,42,61,91,0.11884670783858182
DE,2050,42,62,91,0.11885166236563348
DE,2050,42,63,91,0.11885661709923324
DE,2050,42,64,91,0.0
DE,2050,42,65,91,0.0
DE,2050,42,66,91,-1.3081773107692803e-14
DE,2050,42,67,91,-2.1802955179488004e-14
DE,2050,42,68,91,0.0
DE,2050,42,69,91,0.0
DE,2050,42,70,91,0.0
DE,2050,42,71,91,0.0
DE,2050,42,72,91,-1.7442364143590402e-14
DE,2050,42,73,91,0.0
DE,2050,42,74,91,0.0
DE,2050,42,75,91,0.0
DE,2050,42,76,91,0.0
DE,2050,42,77,91,0.15821201454157632
DE,2050,42,78,91,0.15821861014461716
DE,2050,42,79,91,0.15822520602260637
DE,2050,42,80,91,0.1582318021755701
DE,2050,42,81,91,0.0
DE,2050,42,82,91,0.0
DE,2050,42,83,91,1.3081773107692803e-14
DE,2050,42,84,91,0.0
DE,2050,42,85,91,0.0
DE,2050,42,86,91,8.721182071795201e-15
DE,2050,42,87,91,0.0
DE,2050,42,88,91,0.0
DE,2050,42,89,91,1.3953891314872322e-13
DE,2050,42,90,91,4.186167394461697e-13
DE,2050,42,91,91,1.3953891314872322e-13
DE,2050,42,92,91,0.0
DE,2050,42,93,91,0.0
DE,2050,42,94,91,0.0
DE,2050,42,95,91,0.0
DE,2050,42,96,91,0.0
DE,2050,42,97,91,0.12207156064897227
DE,2050,42,98,91,0.12207664961492498
DE,2050,42,99,91,0.1220817387930248
DE,2050,42,100,91,0.12208682818328917
DE,2050,42,101,91,0.13240895905757796
DE,2050,42,102,91,0.13241447897295472
DE,2050,42,103,91,0.13241999911844424
DE,2050,42,104,91,0.2013243740656061
DE,2050,42,105,91,0.1864824748096976
DE,2050,42,106,91,0.19008102941253152
DE,2050,42,107,91,0.18649802343938598
DE,2050,42,108,91,0.1865057982403881
DE,2050,42,109,91,0.18651357336551297
DE,2050,42,110,91,0.18652134881476054
DE,2050,42,111,91,0.18652912458815266
DE,2050,42,112,91,0.19929999682120267
DE,2050,42,113,91,0.2027048948410999
DE,2050,42,114,91,0.20271334528035354
DE,2050,42,115,91,0.20272179607189497
DE,2050,42,116,91,0.20273024721575034
DE,2050,42,117,91,0.20273869871189784
DE,2050,42,118,91,0.18857419710344114
DE,2050,42,119,91,0.18858205845676385
DE,2050,42,120,91,0.19470645963597982
DE,2050,42,121,91,0.19355572717898537
DE,2050,42,122,91,0.19381226220134645
DE,2050,42,123,91,0.18662245915721193
DE,2050,42,124,91,0.18663023914573448
DE,2050,42,125,91,0.20240935129261256
DE,2050,42,126,91,0.19884796049193326
DE,2050,42,127,91,0.20242622788142858
DE,2050,42,128,91,0.20243466670352261
DE,2050,42,129,91,0.18666914395365058
DE,2050,42,130,91,0.20083091588298074
DE,2050,42,131,91,0.18668470814753985
DE,2050,42,132,91,0.1866924907311199
DE,2050,42,133,91,0.18670027363914538
DE,2050,42,134,91,0.18670805687163372
DE,2050,42,135,91,0.18671584042858488
DE,2050,42,136,91,0.19710558199879177
DE,2050,42,137,91,0.2025106319350732
DE,2050,42,138,91,0.20251907427582844
DE,2050,42,139,91,0.20252751696852697
DE,2050,42,140,91,0.20253596001318627
DE,2050,42,141,91,0.20254440340983682
DE,2050,42,142,91,0.19402481633877344
DE,2050,42,143,91,0.19522242062198963
DE,2050,42,144,91,0.19522242062198963
DE,2050,42,145,91,0.19522242062198963
DE,2050,42,146,91,0.1953853337860711
DE,2050,42,147,91,0.19463463423029218
DE,2050,42,148,91,0.19463463423029218
DE,2050,42,149,91,0.20162642190232885
DE,2050,42,150,91,0.20262040982096027
DE,2050,42,151,91,0.2026288567381776
DE,2050,42,152,91,0.20263730400752572
DE,2050,42,153,91,0.1897125837599118
DE,2050,42,154,91,0.18686378967806178
DE,2050,42,155,91,0.18687157972726584
DE,2050,42,156,91,0.1868793701012249
DE,2050,42,157,91,0.18688716079994774
DE,2050,42,158,91,0.18689495182345175
DE,2050,42,159,91,0.18690274317175437
DE,2050,42,160,91,0.19859790825478688
DE,2050,42,161,91,0.20271334528034918
DE,2050,42,162,91,0.2027217960718906
DE,2050,42,163,91,0.20273024721574598
DE,2050,42,164,91,0.2027386987119022
DE,2050,42,165,91,0.20274715056038548
DE,2050,42,166,91,0.19266238508375924
DE,2050,42,167,91,0.19266238508375924
DE,2050,52,0,91,0.0
DE,2050,52,1,91,0.39319546173780245
DE,2050,52,2,91,0.19952053892356633
DE,2050,52,3,91,0.1995288566121697
DE,2050,52,4,91,0.19953717464753162
DE,2050,52,5,91,0.19954549302966082
DE,2050,52,6,91,0.20173291178583308
DE,2050,52,7,91,0.21642557910714358
DE,2050,52,8,91,0.21643460153953079
DE,2050,52,9,91,0.19536805440888985
DE,2050,52,10,91,0.1868598948158307
DE,2050,52,11,91,0.1868676847026638
DE,2050,52,12,91,0.18687547491424755
DE,2050,52,13,91,0.18688326545058634
DE,2050,52,14,91,0.1868910563117063
DE,2050,52,15,91,0.18689884749760743
DE,2050,52,16,91,0.20270066979759738
DE,2050,52,17,91,0.20270912006073108
DE,2050,52,18,91,0.20271757067612206
DE,2050,52,19,91,0.20272602164381393
DE,2050,52,20,91,0.20273447296381972
DE,2050,52,21,91,5.4217967166074556e-05
DE,2050,52,22,91,5.4217967166074556e-05
DE,2050,52,23,91,5.370954606432111e-05
DE,2050,52,24,91,5.370954606432111e-05
DE,2050,52,25,91,5.370954606432111e-05
DE,2050,52,26,91,5.356294798955184e-05
DE,2050,52,27,91,5.356209233052754e-05
DE,2050,52,28,91,5.356209233052754e-05
DE,2050,52,29,91,5.356209233052754e-05
DE,2050,52,30,91,5.356209233052754e-05
DE,2050,52,31,91,5.356294798955184e-05
DE,2050,52,32,91,5.356294798955184e-05
DE,2050,52,33,91,5.356294798955184e-05
DE,2050,52,34,91,5.356294798955184e-05
DE,2050,52,35,91,5.356209233052754e-05
DE,2050,52,36,91,5.356209233052754e-05
DE,2050,52,37,91,5.356209233052754e-05
DE,2050,52,38,91,5.356209233052754e-05
DE,2050,52,39,91,7.734796126221236e-05
DE,2050,52,40,91,5.356209233052754e-05
DE,2050,52,41,91,5.356209233052754e-05
DE,2050,52,42,91,5.356209233052754e-05
DE,2050,52,43,91,5.356209233052754e-05
DE,2050,52,44,91,5.3208542773498465e-05
DE,2050,52,45,91,5.3208542773498465e-05
DE,2050,52,46,91,5.3208542773498465e-05
DE,2050,52,47,91,5.3208542773498465e-05
DE,2050,52,48,91,5.3208542773498465e-05
DE,2050,52,49,91,5.3208542773498465e-05
DE,2050,52,50,91,5.317971487140317e-05
DE,2050,52,51,91,5.318193184771574e-05
DE,2050,52,52,91,5.3184148916451345e-05
DE,2050,52,53,91,5.31863660776121e-05
DE,2050,52,54,91,5.3208542773498465e-05
DE,2050,52,55,91,5.3208542773498465e-05
DE,2050,52,56,91,5.3208542773498465e-05
DE,2050,52,57,91,5.3208542773498465e-05
DE,2050,52,58,91,5.3208542773498465e-05
DE,2050,52,59,91,5.3208542773498465e-05
DE,2050,52,60,91,5.3208542773498465e-05
DE,2050,52,61,91,5.3208542773498465e-05
DE,2050,52,62,91,5.3208542773498465e-05
DE,2050,52,63,91,5.3208542773498465e-05
DE,2050,52,64,91,5.3210760951599937e-05
DE,2050,52,65,91,5.3212979222173404e-05
DE,2050,52,66,91,5.356209233052754e-05
DE,2050,52,67,91,5.356209233052754e-05
DE,2050,52,68,91,5.344458422545711e-05
DE,2050,52,69,91,5.344458422545711e-05
DE,2050,52,70,91,5.344458422545711e-05
DE,2050,52,71,91,5.338304813336852e-05
DE,2050,52,72,91,5.3228509705734684e-05
DE,2050,52,73,91,5.323072871622678e-05
DE,2050,52,74,91,5.323294781922494e-05
DE,2050,52,75,91,5.32351670147313e-05
DE,2050,52,76,91,5.323738630275543e-05
DE,2050,52,77,91,3.2799944649073065e-05
DE,2050,52,78,91,3.331219328161243e-05
DE,2050,52,79,91,3.331219328161243e-05
DE,2050,52,80,91,3.317635832114511e-05
DE,2050,52,81,91,3.290995409892482e-05
DE,2050,52,82,91,3.290815949176164e-05
DE,2050,52,83,91,1.2685947032392334e-05
DE,2050,52,84,91,1.2685947032392334e-05
DE,2050,52,85,91,3.290815949176164e-05
DE,2050,52,86,91,3.290815949176164e-05
DE,2050,52,87,91,3.331219328161243e-05
DE,2050,52,88,91,3.331219328156452e-05
DE,2050,52,89,91,3.331294079704114e-05
DE,2050,52,90,91,3.50222364239934e-05
DE,2050,52,91,91,3.50236964443925e-05
DE,2050,52,92,91,5.4217967166074556e-05
DE,2050,52,93,91,5.4217967166074556e-05
DE,2050,52,94,91,5.370954606432111e-05
DE,2050,52,95,91,5.370954606432111e-05
DE,2050,52,96,91,3.331219328161243e-05
DE,2050,52,97,91,5.344458422545711e-05
DE,2050,52,98,91,5.344458422545711e-05
DE,2050,52,99,91,5.356209233052754e-05
DE,2050,52,100,91,5.356209233052754e-05
DE,2050,52,101,91,5.344458422545711e-05
DE,2050,52,102,91,5.370954606432111e-05
DE,2050,52,103,91,5.370954606432111e-05
DE,2050,52,104,91,5.370954606432005e-05
DE,2050,52,105,91,5.370954606432111e-05
DE,2050,52,106,91,5.370954606432111e-05
DE,2050,52,107,91,5.370954606432111e-05
DE,2050,52,108,91,5.370954606432005e-05
DE,2050,52,109,91,5.370954606432111e-05
DE,2050,52,110,91,5.370954606432111e-05
DE,2050,52,111,91,5.370954606432111e-05
DE,2050,52,112,91,0.00010101131336507469
DE,2050,52,113,91,0.0001011628874227178
DE,2050,52,114,91,0.0001011628874227178
DE,2050,52,115,91,0.0001011628874227178
DE,2050,52,116,91,0.00010101131336507469
DE,2050,52,117,91,5.370954606432111e-05
DE,2050,52,118,91,5.370954606432111e-05
DE,2050,52,119,91,5.370954606432111e-05
DE,2050,52,120,91,5.356209233052754e-05
DE,2050,52,121,91,5.356209233052754e-05
DE,2050,52,122,91,5.338304813336852e-05
DE,2050,52,123,91,5.334179726746731e-05
DE,2050,52,124,91,5.334402100073501e-05
DE,2050,52,125,91,5.334624482670359e-05
DE,2050,52,126,91,5.356294798955184e-05
DE,2050,52,127,91,5.370954606432111e-05
DE,2050,52,128,91,5.370954606432111e-05
DE,2050,52,129,91,5.370954606432111e-05
DE,2050,52,130,91,5.356294798955184e-05
DE,2050,52,131,91,5.335958972951682e-05
DE,2050,52,132,91,5.3361814204520414e-05
DE,2050,52,133,91,5.336403877226002e-05
DE,2050,52,134,91,5.338304813336852e-05
DE,2050,52,135,91,5.356209233052754e-05
DE,2050,52,136,91,5.379014073792586e-05
DE,2050,52,137,91,0.19925481441798978
DE,2050,52,138,91,0.12243248688278134
DE,2050,52,139,91,0.12243759089516272
DE,2050,52,140,91,0.12244269512033659
DE,2050,52,141,91,0.1224477995582855
DE,2050,52,142,91,0.12245290420902688
DE,2050,52,143,91,0.11930480264273334
DE,2050,52,144,91,0.11804539343540192
DE,2050,52,145,91,0.11804539343540192
DE,2050,52,146,91,0.11921393511586333
DE,2050,52,147,91,0.11915054382660767
DE,2050,52,148,91,0.11885000282402385
DE,2050,52,149,91,0.11930480264273334
DE,2050,52,150,91,0.12249374907669958
DE,2050,52,151,91,0.12249885564300936
DE,2050,52,152,91,0.1225039624222032
DE,2050,52,153,91,0.11484650571233904
DE,2050,52,154,91,0.1962053429143421
DE,2050,52,155,91,0.11297282646355908
DE,2050,52,156,91,0.11297753611799746
DE,2050,52,157,91,0.11298224596877582
DE,2050,52,158,91,0.1129869560158985
DE,2050,52,159,91,0.1129916662593786
DE,2050,52,160,91,0.2032701954119353
DE,2050,52,161,91,0.2032786694176587
DE,2050,52,162,91,0.20328714377665102
DE,2050,52,163,91,0.20329561848892969
DE,2050,52,164,91,0.2033040935544991
DE,2050,52,165,91,0.20331256897338104
DE,2050,52,166,91,0.20332104474558857
DE,2050,52,167,91,0.18472858793194524
NT,2025,11,0,92,0.0
NT,2025,11,1,92,4.121470197750511e-05
NT,2025,11,2,92,0.0
NT,2025,11,3,92,0.0
NT,2025,11,4,92,0.0
NT,2025,11,5,92,4.121470197750511e-05
NT,2025,11,6,92,4.14885572433667e-05
NT,2025,11,7,92,4.14885572433667e-05
NT,2025,11,8,92,4.121470197750511e-05
NT,2025,11,9,92,3.561952165261362e-05
NT,2025,11,10,92,3.623131325241514e-05
NT,2025,11,11,92,3.684313035681966e-05
NT,2025,11,12,92,3.7454972966891765e-05
NT,2025,11,13,92,3.806684108368967e-05
NT,2025,11,14,92,3.806842802873719e-05
NT,2025,11,15,92,3.8070015039934535e-05
NT,2025,11,16,92,4.110813648937753e-05
NT,2025,11,17,92,4.121470197750511e-05
NT,2025,11,18,92,4.121470197750511e-05
NT,2025,11,19,92,4.14885572433667e-05
NT,2025,11,20,92,4.14885572433667e-05
NT,2025,11,21,92,4.1252492498440194e-05
NT,2025,11,22,92,4.14885572433667e-05
NT,2025,11,23,92,4.134987174584807e-05
NT,2025,11,24,92,4.14885572433667e-05
NT,2025,11,25,92,4.1252492498440194e-05
NT,2025,11,26,92,0.0
NT,2025,11,27,92,0.0
NT,2025,11,28,92,0.0
NT,2025,11,29,92,0.0
NT,2025,11,30,92,0.0
NT,2025,11,31,92,0.0
NT,2025,11,32,92,0.0
NT,2025,11,33,92,8.080675797015871e-07
NT,2025,11,34,92,8.080675797015871e-07
NT,2025,11,35,92,8.080675797015871e-07
NT,2025,11,36,92,4.160277314511895e-05
NT,2025,11,37,92,4.160277314511895e-05
NT,2025,11,38,92,4.160277314511895e-05
NT,2025,11,39,92,4.160277314511895e-05
NT,2025,11,40,92,4.160277314511682e-05
NT,2025,11,41,92,4.1941832370212764e-05
NT,2025,11,42,92,4.463021373481157e-05
NT,2025,11,43,92,4.463207429624952e-05
NT,2025,11,44,92,4.4633934935249775e-05
NT,2025,11,45,92,4.463579565181447e-05
NT,2025,11,46,92,4.1941832370212764e-05
NT,2025,11,47,92,4.160277314511895e-05
NT,2025,11,48,92,4.148922002662967e-05
NT,2025,11,49,92,4.121470197750511e-05
NT,2025,11,50,92,4.121470197750511e-05
NT,2025,11,51,92,4.121470197750511e-05
NT,2025,11,52,92,4.121470197750511e-05
NT,2025,11,53,92,4.121470197750511e-05
NT,2025,11,54,92,4.14885572433667e-05
NT,2025,11,55,92,4.1252492498440194e-05
NT,2025,11,56,92,4.14885572433667e-05
NT,2025,11,57,92,4.121470197750511e-05
NT,2025,11,58,92,4.1102995722808934e-05
NT,2025,11,59,92,3.867873470828224e-05
NT,2025,11,60,92,0.0
NT,2025,11,61,92,0.0
NT,2025,11,62,92,0.0
NT,2025,11,63,92,0.0
NT,2025,11,64,92,4.1106422829084716e-05
NT,2025,11,65,92,4.134987174584807e-05
NT,2025,11,66,92,8.080675796057734e-07
NT,2025,11,67,92,0.0
NT,2025,11,68,92,0.0
NT,2025,11,69,92,0.0
NT,2025,11,70,92,0.0
NT,2025,11,71,92,0.0
NT,2025,11,72,92,0.0
NT,2025,11,73,92,0.0
NT,2025,11,74,92,0.0
NT,2025,11,75,92,0.0
NT,2025,11,76,92,0.0
NT,2025,11,77,92,0.0
NT,2025,11,78,92,0.0
NT,2025,11,79,92,0.0
NT,2025,11,80,92,0.0
NT,2025,11,81,92,0.0
NT,2025,11,82,92,0.0
NT,2025,11,83,92,0.0
NT,2025,11,84,92,0.0
NT,2025,11,85,92,0.0
NT,2025,11,86,92,0.0
NT,2025,11,87,92,0.0
NT,2025,11,88,92,0.0
NT,2025,11,89,92,0.0
NT,2025,11,90,92,0.0
NT,2025,11,91,92,0.0
NT,2025,11,92,92,0.0
NT,2025,11,93,92,0.0
NT,2025,11,94,92,0.0
NT,2025,11,95,92,0.0
NT,2025,11,96,92,0.0
NT,2025,11,97,92,0.0
NT,2025,11,98,92,0.0
NT,2025,11,99,92,0.0
NT,2025,11,100,92,0.0
NT,2025,11,101,92,0.0
NT,2025,11,102,92,0.0
NT,2025,11,103,92,0.0
NT,2025,11,104,92,0.0
NT,2025,11,105,92,0.0
NT,2025,11,106,92,0.0
NT,2025,11,107,92,0.0
NT,2025,11,108,92,0.0
NT,2025,11,109,92,0.0
NT,2025,11,110,92,0.0
NT,2025,11,111,92,0.0
NT,2025,11,112,92,0.15839110646704085
NT,2025,11,113,92,0.15839770953611124
NT,2025,11,114,92,0.15840431288049192
NT,2025,11,115,92,0.1584109165001131
NT,2025,11,116,92,0.15841752039506202
NT,2025,11,117,92,0.0
NT,2025,11,118,92,0.15843072901083832
NT,2025,11,119,92,0.1584373337317355
NT,2025,11,120,92,0.1518796239651362
NT,2025,11,121,92,0.15702915602673223
NT,2025,11,122,92,0.15702915602673223
NT,2025,11,123,92,0.14253476476669424
NT,2025,11,124,92,0.1228442243273492
NT,2025,11,125,92,0.1332303911196741
NT,2025,11,126,92,4.2378702403546886e-05
NT,2025,11,127,92,4.2380469103117995e-05
NT,2025,11,128,92,4.199659006051354e-05
NT,2025,11,129,92,4.1941832370212764e-05
NT,2025,11,130,92,4.193833561454571e-05
NT,2025,11,131,92,4.194008395593487e-05
NT,2025,11,132,92,4.1941832370212764e-05
NT,2025,11,133,92,4.1943580857377254e-05
NT,2025,11,134,92,4.1945329417434735e-05
NT,2025,11,135,92,4.1947078050385196e-05
NT,2025,11,136,92,4.199659006051354e-05
NT,2025,11,137,92,0.15080727726965473
NT,2025,11,138,92,0.1508135641811624
NT,2025,11,139,92,0.15081985135475032
NT,2025,11,140,92,0.15082613879046208
NT,2025,11,141,92,0.15083242648828024
NT,2025,11,142,92,0.15083871444822225
NT,2025,11,143,92,0.1508450026702794
NT,2025,11,144,92,0.150851291154504
NT,2025,11,145,92,0.14961276753755343
NT,2025,11,146,92,0.0
NT,2025,11,147,92,0.0
NT,2025,11,148,92,0.0
NT,2025,11,149,92,0.1508261390525772
NT,2025,11,150,92,0.15075696022009302
NT,2025,11,151,92,0.15089531788505267
NT,2025,11,152,92,0.1509016084668262
NT,2025,11,153,92,0.1509078993108544
NT,2025,11,154,92,0.15091419041713727
NT,2025,11,155,92,4.1941832370212764e-05
NT,2025,11,156,92,4.160277314511895e-05
NT,2025,11,157,92,4.1252492498440194e-05
NT,2025,11,158,92,4.14885572433667e-05
NT,2025,11,159,92,4.14885572433667e-05
NT,2025,11,160,92,4.160277314511895e-05
NT,2025,11,161,92,4.166520081707531e-05
NT,2025,11,162,92,4.1941832370212764e-05
NT,2025,11,163,92,4.1941832370212764e-05
NT,2025,11,164,92,4.1941832370212764e-05
NT,2025,11,165,92,4.166520081707531e-05
NT,2025,11,166,92,4.160277314511682e-05
NT,2025,11,167,92,4.160277314511682e-05
NT,2025,21,0,92,0.0
NT,2025,21,1,92,0.0
NT,2025,21,2,92,0.0
NT,2025,21,3,92,0.0
NT,2025,21,4,92,0.0
NT,2025,21,5,92,0.0
NT,2025,21,6,92,0.0
NT,2025,21,7,92,0.0
NT,2025,21,8,92,0.0
NT,2025,21,9,92,0.0
NT,2025,21,10,92,0.0
NT,2025,21,11,92,0.0
NT,2025,21,12,92,0.0
NT,2025,21,13,92,0.15121695626045562
NT,2025,21,14,92,0.14923398329671464
NT,2025,21,15,92,0.14923398329671464
NT,2025,21,16,92,0.15082613905256848
NT,2025,21,17,92,0.15080779649320056
NT,2025,21,18,92,0.15084448161193642
NT,2025,21,19,92,0.15886640532119986
NT,2025,21,20,92,0.1529552793490862
NT,2025,21,21,92,0.1503141278065314
NT,2025,21,22,92,0.1535820125707301
NT,2025,21,23,92,0.14894405529507634
NT,2025,21,24,92,0.1502893062808279
NT,2025,21,25,92,0.15048918206364834
NT,2025,21,26,92,0.15008943049799872
NT,2025,21,27,92,0.1470463432416767
NT,2025,21,28,92,0.14879989708674968
NT,2025,21,29,92,0.0
NT,2025,21,30,92,0.0
NT,2025,21,31,92,0.0
NT,2025,21,32,92,0.0
NT,2025,21,33,92,8.721182071795201e-15
NT,2025,21,34,92,0.0
NT,2025,21,35,92,0.15509892179722168
NT,2025,21,36,92,0.14711747076071457
NT,2025,21,37,92,1.7442364143590402e-14
NT,2025,21,38,92,0.0
NT,2025,21,39,92,0.0
NT,2025,21,40,92,0.0
NT,2025,21,41,92,0.0
NT,2025,21,42,92,0.1483170758132486
NT,2025,21,43,92,0.0
NT,2025,21,44,92,0.0
NT,2025,21,45,92,0.0
NT,2025,21,46,92,0.0
NT,2025,21,47,92,0.0
NT,2025,21,48,92,0.0
NT,2025,21,49,92,0.0
NT,2025,21,50,92,0.0
NT,2025,21,51,92,0.0
NT,2025,21,52,92,0.0
NT,2025,21,53,92,0.0
NT,2025,21,54,92,0.0
NT,2025,21,55,92,0.0
NT,2025,21,56,92,0.0
NT,2025,21,57,92,0.0
NT,2025,21,58,92,0.0
NT,2025,21,59,92,8.080675797015871e-07
NT,2025,21,60,92,0.0
NT,2025,21,61,92,5.748960546343318e-06
NT,2025,21,62,92,8.080675797015871e-07
NT,2025,21,63,92,8.080675797015871e-07
NT,2025,21,64,92,8.080675797015871e-07
NT,2025,21,65,92,8.080675797015871e-07
NT,2025,21,66,92,8.080675797015871e-07
NT,2025,21,67,92,0.0
NT,2025,21,68,92,8.080675796057734e-07
NT,2025,21,69,92,8.080675797015871e-07
NT,2025,21,70,92,1.903400907040649e-07
NT,2025,21,71,92,0.0
NT,2025,21,72,92,0.0
NT,2025,21,73,92,0.0
NT,2025,21,74,92,0.0
NT,2025,21,75,92,0.0
NT,2025,21,76,92,0.0
NT,2025,21,77,92,0.0
NT,2025,21,78,92,0.0
NT,2025,21,79,92,0.0
NT,2025,21,80,92,0.0
NT,2025,21,81,92,8.080675796057734e-07
NT,2025,21,82,92,8.080675796057734e-07
NT,2025,21,83,92,8.080675797015871e-07
NT,2025,21,84,92,8.080675797015871e-07
NT,2025,21,85,92,8.080675796057734e-07
NT,2025,21,86,92,8.080675796057734e-07
NT,2025,21,87,92,6.177354236401151e-07
NT,2025,21,88,92,0.0
NT,2025,21,89,92,0.0
NT,2025,21,90,92,0.0
NT,2025,21,91,92,0.0
NT,2025,21,92,92,0.0
NT,2025,21,93,92,0.0
NT,2025,21,94,92,0.0
NT,2025,21,95,92,0.0
NT,2025,21,96,92,0.0
NT,2025,21,97,92,0.0
NT,2025,21,98,92,0.0
NT,2025,21,99,92,0.0
NT,2025,21,100,92,0.0
NT,2025,21,101,92,0.0
NT,2025,21,102,92,0.0
NT,2025,21,103,92,0.0
NT,2025,21,104,92,0.0
NT,2025,21,105,92,8.080675796057734e-07
NT,2025,21,106,92,8.080675796057734e-07
NT,2025,21,107,92,8.080675796057734e-07
NT,2025,21,108,92,0.0
NT,2025,21,109,92,0.0
NT,2025,21,110,92,0.0
NT,2025,21,111,92,0.0
NT,2025,21,112,92,0.0
NT,2025,21,113,92,0.0
NT,2025,21,114,92,0.0
NT,2025,21,115,92,0.0
NT,2025,21,116,92,0.0
NT,2025,21,117,92,0.0
NT,2025,21,118,92,0.0
NT,2025,21,119,92,0.0
NT,2025,21,120,92,0.0
NT,2025,21,121,92,0.0
NT,2025,21,122,92,0.0
NT,2025,21,123,92,0.0
NT,2025,21,124,92,0.0
NT,2025,21,125,92,0.0
NT,2025,21,126,92,0.0
NT,2025,21,127,92,0.0
NT,2025,21,128,92,0.0
NT,2025,21,129,92,0.0
NT,2025,21,130,92,8.080675797015871e-07
NT,2025,21,131,92,0.0
NT,2025,21,132,92,0.0
NT,2025,21,133,92,0.0
NT,2025,21,134,92,0.0
NT,2025,21,135,92,0.0
NT,2025,21,136,92,0.0
NT,2025,21,137,92,0.0
NT,2025,21,138,92,0.0
NT,2025,21,139,92,0.15079470423288013
NT,2025,21,140,92,0.1508009906202273
NT,2025,21,141,92,0.15080727726965473
NT,2025,21,142,92,0.15081356418114497
NT,2025,21,143,92,0.1508198513547416
NT,2025,21,144,92,0.15082613879044462
NT,2025,21,145,92,0.15083242648827153
NT,2025,21,146,92,0.15083871444821353
NT,2025,21,147,92,0.1508450026702794
NT,2025,21,148,92,0.150851291154504
NT,2025,21,149,92,0.15085757990089604
NT,2025,21,150,92,0.15086386890942938
NT,2025,21,151,92,0.15087015818014762
NT,2025,21,152,92,4.160277314511682e-05
NT,2025,21,153,92,4.148922002662967e-05
NT,2025,21,154,92,4.124905321411102e-05
NT,2025,21,155,92,4.1250772820429545e-05
NT,2025,21,156,92,4.1252492498440194e-05
NT,2025,21,157,92,4.1254212248138703e-05
NT,2025,21,158,92,4.1255932069533585e-05
NT,2025,21,159,92,4.149440909840985e-05
NT,2025,21,160,92,4.149613893322284e-05
NT,2025,21,161,92,4.160277314511895e-05
NT,2025,21,162,92,4.166520081707531e-05
NT,2025,21,163,92,4.500828437205782e-05
NT,2025,21,164,92,4.5010160694645535e-05
NT,2025,21,165,92,4.5012037095457737e-05
NT,2025,21,166,92,4.5013913574494426e-05
NT,2025,21,167,92,4.5015790131755605e-05
NT,2025,42,0,92,0.0
NT,2025,42,1,92,0.0
NT,2025,42,2,92,0.0
NT,2025,42,3,92,0.0
NT,2025,42,4,92,0.0
NT,2025,42,5,92,0.0
NT,2025,42,6,92,0.0
NT,2025,42,7,92,0.0
NT,2025,42,8,92,0.0
NT,2025,42,9,92,0.0
NT,2025,42,10,92,0.0
NT,2025,42,11,92,0.0
NT,2025,42,12,92,0.0
NT,2025,42,13,92,-8.721182071795201e-15
NT,2025,42,14,92,0.0
NT,2025,42,15,92,0.0
NT,2025,42,16,92,0.0
NT,2025,42,17,92,0.0
NT,2025,42,18,92,0.0
NT,2025,42,19,92,0.0
NT,2025,42,20,92,0.0
NT,2025,42,21,92,0.15146848347034989
NT,2025,42,22,92,0.15765801762105458
NT,2025,42,23,92,0.14501894333194063
NT,2025,42,24,92,0.14502498893715746
NT,2025,42,25,92,0.14923398329671464
NT,2025,42,26,92,0.14923398329671464
NT,2025,42,27,92,0.14923398329671464
NT,2025,42,28,92,0.1450491738784814
NT,2025,42,29,92,0.15509892179722168
NT,2025,42,30,92,0.15503156789920017
NT,2025,42,31,92,0.15732582919006446
NT,2025,42,32,92,0.15192655331554666
NT,2025,42,33,92,0.14439848627575572
NT,2025,42,34,92,0.14382710355088643
NT,2025,42,35,92,-8.721182071795201e-15
NT,2025,42,36,92,0.0
NT,2025,42,37,92,-8.721182071795201e-15
NT,2025,42,38,92,8.721182071795201e-15
NT,2025,42,39,92,0.0
NT,2025,42,40,92,0.14386308281664364
NT,2025,42,41,92,0.026828992098322884
NT,2025,42,42,92,0.026830110555631906
NT,2025,42,43,92,0.02683122905954692
NT,2025,42,44,92,0.15704552223327084
NT,2025,42,45,92,0.14515200488241345
NT,2025,42,46,92,0.1456313223937984
NT,2025,42,47,92,0.1451641074393754
NT,2025,42,48,92,0.14517015909625539
NT,2025,42,49,92,0.14517621100542172
NT,2025,42,50,92,0.14518226316688312
NT,2025,42,51,92,0.14518831558064835
NT,2025,42,52,92,0.1451943682467348
NT,2025,42,53,92,0.15710445482447588
NT,2025,42,54,92,0.15509892179722168
NT,2025,42,55,92,0.02684465474416705
NT,2025,42,56,92,0.14906983685001274
NT,2025,42,57,92,0.0
NT,2025,42,58,92,0.0
NT,2025,42,59,92,0.0
NT,2025,42,60,92,0.0
NT,2025,42,61,92,0.0
NT,2025,42,62,92,0.0
NT,2025,42,63,92,0.0
NT,2025,42,64,92,0.0
NT,2025,42,65,92,0.0
NT,2025,42,66,92,0.0
NT,2025,42,67,92,0.0
NT,2025,42,68,92,0.0
NT,2025,42,69,92,0.0
NT,2025,42,70,92,0.0
NT,2025,42,71,92,0.0
NT,2025,42,72,92,0.0
NT,2025,42,73,92,0.0
NT,2025,42,74,92,0.0
NT,2025,42,75,92,0.0
NT,2025,42,76,92,0.0
NT,2025,42,77,92,0.0
NT,2025,42,78,92,0.0
NT,2025,42,79,92,0.0
NT,2025,42,80,92,0.0
NT,2025,42,81,92,0.0
NT,2025,42,82,92,0.0
NT,2025,42,83,92,0.0
NT,2025,42,84,92,0.0
NT,2025,42,85,92,0.0
NT,2025,42,86,92,0.0
NT,2025,42,87,92,0.0
NT,2025,42,88,92,0.0
NT,2025,42,89,92,0.0
NT,2025,42,90,92,0.0
NT,2025,42,91,92,0.0
NT,2025,42,92,92,0.0
NT,2025,42,93,92,0.0
NT,2025,42,94,92,0.0
NT,2025,42,95,92,0.0
NT,2025,42,96,92,0.0
NT,2025,42,97,92,0.0
NT,2025,42,98,92,0.0
NT,2025,42,99,92,0.0
NT,2025,42,100,92,0.0
NT,2025,42,101,92,0.010949476832157004
NT,2025,42,102,92,0.010949933298137668
NT,2025,42,103,92,0.010950389783147952
NT,2025,42,104,92,0.15514136681034843
NT,2025,42,105,92,4.160277314511682e-05
NT,2025,42,106,92,4.160277314511895e-05
NT,2025,42,107,92,4.160277314511895e-05
NT,2025,42,108,92,4.160103886508369e-05
NT,2025,42,109,92,4.160277314511895e-05
NT,2025,42,110,92,4.1604507497451015e-05
NT,2025,42,111,92,4.160624192208629e-05
NT,2025,42,112,92,4.160797641902688e-05
NT,2025,42,113,92,4.560726591445242e-05
NT,2025,42,114,92,4.5609167207613386e-05
NT,2025,42,115,92,4.561106858004001e-05
NT,2025,42,116,92,4.561297003172592e-05
NT,2025,42,117,92,4.561487156268175e-05
NT,2025,42,118,92,4.2023846628707184e-05
NT,2025,42,119,92,4.2025598534913586e-05
NT,2025,42,120,92,4.199659006051354e-05
NT,2025,42,121,92,4.160277314511895e-05
NT,2025,42,122,92,4.160277314511895e-05
NT,2025,42,123,92,4.160277314511682e-05
NT,2025,42,124,92,4.1941832370212764e-05
NT,2025,42,125,92,4.199659006051354e-05
NT,2025,42,126,92,4.5108897546940365e-05
NT,2025,42,127,92,4.5110778063931196e-05
NT,2025,42,128,92,4.199659006051354e-05
NT,2025,42,129,92,4.160277314511682e-05
NT,2025,42,130,92,4.160277314511682e-05
NT,2025,42,131,92,4.160277314511895e-05
NT,2025,42,132,92,4.160277314511682e-05
NT,2025,42,133,92,4.1604507497451015e-05
NT,2025,42,134,92,4.1606241922088415e-05
NT,2025,42,135,92,4.1607976419029015e-05
NT,2025,42,136,92,4.199659006051354e-05
NT,2025,42,137,92,0.15112872798356014
NT,2025,42,138,92,0.15113502829581815
NT,2025,42,139,92,0.15114132887074072
NT,2025,42,140,92,0.15114762970832785
NT,2025,42,141,92,0.15115393080857084
NT,2025,42,142,92,0.14962168130970693
NT,2025,42,143,92,0.14923398329671464
NT,2025,42,144,92,0.14923398329671464
NT,2025,42,145,92,0.14923398329671464
NT,2025,42,146,92,0.14923398329671464
NT,2025,42,147,92,0.14923398329671464
NT,2025,42,148,92,0.15119804586606544
NT,2025,42,149,92,0.15120434906809588
NT,2025,42,150,92,0.15121065253286062
NT,2025,42,151,92,0.15121695626045562
NT,2025,42,152,92,0.14985738302369983
NT,2025,42,153,92,4.160277314511895e-05
NT,2025,42,154,92,4.160277314511682e-05
NT,2025,42,155,92,4.160277314511895e-05
NT,2025,42,156,92,4.1604507497451015e-05
NT,2025,42,157,92,4.1606241922088415e-05
NT,2025,42,158,92,4.160797641902688e-05
NT,2025,42,159,92,4.160971098827919e-05
NT,2025,42,160,92,0.14502522130004178
NT,2025,42,161,92,0.15027677634103906
NT,2025,42,162,92,0.15028304113681507
NT,2025,42,163,92,0.15028930619377306
NT,2025,42,164,92,0.15029557151191297
NT,2025,42,165,92,0.15030183709122616
NT,2025,42,166,92,0.15030810293174746
NT,2025,42,167,92,0.14709200986715287
NT,2025,52,0,92,0.0
NT,2025,52,1,92,0.297654810026753
NT,2025,52,2,92,0.1532131088157307
NT,2025,52,3,92,0.15321949602247176
NT,2025,52,4,92,0.15322588349547053
NT,2025,52,5,92,0.15323227123476188
NT,2025,52,6,92,0.16082604081872
NT,2025,52,7,92,0.16619459821605195
NT,2025,52,8,92,0.16620152660010068
NT,2025,52,9,92,4.199659006051354e-05
NT,2025,52,10,92,4.160277314511682e-05
NT,2025,52,11,92,4.160277314511895e-05
NT,2025,52,12,92,4.160277314511682e-05
NT,2025,52,13,92,4.160277314511682e-05
NT,2025,52,14,92,4.160277314511895e-05
NT,2025,52,15,92,4.160277314511895e-05
NT,2025,52,16,92,4.199659006051354e-05
NT,2025,52,17,92,4.199659006051354e-05
NT,2025,52,18,92,4.199659006051354e-05
NT,2025,52,19,92,4.199659006051354e-05
NT,2025,52,20,92,4.160277314511895e-05
NT,2025,52,21,92,4.160277314511895e-05
NT,2025,52,22,92,4.160277314511895e-05
NT,2025,52,23,92,4.160277314511682e-05
NT,2025,52,24,92,4.14885572433667e-05
NT,2025,52,25,92,4.121470197750511e-05
NT,2025,52,26,92,4.121470197750511e-05
NT,2025,52,27,92,4.121470197750511e-05
NT,2025,52,28,92,4.121470197750511e-05
NT,2025,52,29,92,4.121470197750511e-05
NT,2025,52,30,92,4.121470197750511e-05
NT,2025,52,31,92,4.121470197750511e-05
NT,2025,52,32,92,4.121470197750511e-05
NT,2025,52,33,92,4.121470197750511e-05
NT,2025,52,34,92,4.121470197750511e-05
NT,2025,52,35,92,4.121470197750511e-05
NT,2025,52,36,92,4.121470197750511e-05
NT,2025,52,37,92,4.121470197750511e-05
NT,2025,52,38,92,4.121470197750511e-05
NT,2025,52,39,92,4.121470197750511e-05
NT,2025,52,40,92,4.121470197750511e-05
NT,2025,52,41,92,4.121470197750511e-05
NT,2025,52,42,92,4.121470197750511e-05
NT,2025,52,43,92,4.121470197750511e-05
NT,2025,52,44,92,4.1102995722808934e-05
NT,2025,52,45,92,3.867873470828224e-05
NT,2025,52,46,92,3.867873470828224e-05
NT,2025,52,47,92,3.867873470828224e-05
NT,2025,52,48,92,-6.343769936753601e-08
NT,2025,52,49,92,0.0
NT,2025,52,50,92,-6.343769936753601e-08
NT,2025,52,51,92,-6.343769936753601e-08
NT,2025,52,52,92,-6.343769936753601e-08
NT,2025,52,53,92,-6.343769936753601e-08
NT,2025,52,54,92,-6.343769936753601e-08
NT,2025,52,55,92,-6.343769936753601e-08
NT,2025,52,56,92,3.867873470828224e-05
NT,2025,52,57,92,4.1102995722808934e-05
NT,2025,52,58,92,4.1102995722808934e-05
NT,2025,52,59,92,4.1102995722808934e-05
NT,2025,52,60,92,4.1102995722808934e-05
NT,2025,52,61,92,4.1102995722808934e-05
NT,2025,52,62,92,0.0
NT,2025,52,63,92,0.0
NT,2025,52,64,92,0.0
NT,2025,52,65,92,4.1102995722808934e-05
NT,2025,52,66,92,4.121470197750511e-05
NT,2025,52,67,92,0.0
NT,2025,52,68,92,0.0
NT,2025,52,69,92,0.0
NT,2025,52,70,92,0.0
NT,2025,52,71,92,0.0
NT,2025,52,72,92,0.0
NT,2025,52,73,92,0.0
NT,2025,52,74,92,0.0
NT,2025,52,75,92,0.0
NT,2025,52,76,92,0.0
NT,2025,52,77,92,0.0
NT,2025,52,78,92,0.0
NT,2025,52,79,92,0.0
NT,2025,52,80,92,0.0
NT,2025,52,81,92,0.0
NT,2025,52,82,92,0.0
NT,2025,52,83,92,0.0
NT,2025,52,84,92,0.0
NT,2025,52,85,92,0.0
NT,2025,52,86,92,0.0
NT,2025,52,87,92,0.0
NT,2025,52,88,92,0.0
NT,2025,52,89,92,8.080675797015871e-07
NT,2025,52,90,92,8.080675797015871e-07
NT,2025,52,91,92,8.080675797015871e-07
NT,2025,52,92,92,8.080675797015871e-07
NT,2025,52,93,92,8.080675797015871e-07
NT,2025,52,94,92,8.080675796057734e-07
NT,2025,52,95,92,4.1252492498440194e-05
NT,2025,52,96,92,4.121470197750511e-05
NT,2025,52,97,92,3.867873470828224e-05
NT,2025,52,98,92,3.841477447429247e-06
NT,2025,52,99,92,4.451944271956202e-06
NT,2025,52,100,92,5.062436545861226e-06
NT,2025,52,101,92,4.121470197750511e-05
NT,2025,52,102,92,4.121470197750511e-05
NT,2025,52,103,92,4.14885572433667e-05
NT,2025,52,104,92,4.14885572433667e-05
NT,2025,52,105,92,4.14885572433667e-05
NT,2025,52,106,92,4.121470197750511e-05
NT,2025,52,107,92,4.1102995722808934e-05
NT,2025,52,108,92,4.121470197750511e-05
NT,2025,52,109,92,4.121470197750511e-05
NT,2025,52,110,92,4.121470197750511e-05
NT,2025,52,111,92,4.121470197750511e-05
NT,2025,52,112,92,4.14885572433667e-05
NT,2025,52,113,92,4.148922002662967e-05
NT,2025,52,114,92,4.148922002662967e-05
NT,2025,52,115,92,4.14885572433667e-05
NT,2025,52,116,92,4.14885572433667e-05
NT,2025,52,117,92,4.121470197750511e-05
NT,2025,52,118,92,4.121470197750511e-05
NT,2025,52,119,92,4.121470197750511e-05
NT,2025,52,120,92,4.121470197750511e-05
NT,2025,52,121,92,4.121470197750511e-05
NT,2025,52,122,92,4.121470197750511e-05
NT,2025,52,123,92,4.121470197750511e-05
NT,2025,52,124,92,4.121470197750511e-05
NT,2025,52,125,92,4.121470197750511e-05
NT,2025,52,126,92,4.121470197750511e-05
NT,2025,52,127,92,4.121470197750511e-05
NT,2025,52,128,92,4.121470197750511e-05
NT,2025,52,129,92,4.1102995722808934e-05
NT,2025,52,130,92,4.109620834307519e-05
NT,2025,52,131,92,2.583109311009944e-05
NT,2025,52,132,92,2.5832169966600215e-05
NT,2025,52,133,92,2.5833246867990803e-05
NT,2025,52,134,92,2.5834323814277594e-05
NT,2025,52,135,92,3.806842802873719e-05
NT,2025,52,136,92,4.14885572433667e-05
NT,2025,52,137,92,4.160277314511895e-05
NT,2025,52,138,92,4.160277314511682e-05
NT,2025,52,139,92,4.1941832370212764e-05
NT,2025,52,140,92,4.199659006051354e-05
NT,2025,52,141,92,4.199659006051354e-05
NT,2025,52,142,92,4.199659006051354e-05
NT,2025,52,143,92,4.1941832370212764e-05
NT,2025,52,144,92,0.0
NT,2025,52,145,92,0.0
NT,2025,52,146,92,0.0
NT,2025,52,147,92,0.0
NT,2025,52,148,92,0.0
NT,2025,52,149,92,0.0
NT,2025,52,150,92,0.0
NT,2025,52,151,92,0.0
NT,2025,52,152,92,0.0
NT,2025,52,153,92,4.1252492498440194e-05
NT,2025,52,154,92,4.113727964704699e-05
NT,2025,52,155,92,2.5856950060163317e-05
NT,2025,52,156,92,2.5858027994596657e-05
NT,2025,52,157,92,2.585910597396453e-05
NT,2025,52,158,92,4.114413986267178e-05
NT,2025,52,159,92,8.080675797015871e-07
NT,2025,52,160,92,0.1492184309606896
NT,2025,52,161,92,0.15080733918135242
NT,2025,52,162,92,0.1508136260954503
NT,2025,52,163,92,0.1508199132716284
NT,2025,52,164,92,0.1508262007099129
NT,2025,52,165,92,0.15083248841032126
NT,2025,52,166,92,0.15083877637281856
NT,2025,52,167,92,0.14919665405936128
NT,2030,11,0,92,0.0
NT,2030,11,1,92,4.121470197750511e-05
NT,2030,11,2,92,4.121470197750511e-05
NT,2030,11,3,92,4.121470197750511e-05
NT,2030,11,4,92,4.121470197750511e-05
NT,2030,11,5,92,4.121470197750511e-05
NT,2030,11,6,92,4.1252492498440194e-05
NT,2030,11,7,92,4.1252492498440194e-05
NT,2030,11,8,92,4.14885572433667e-05
NT,2030,11,9,92,4.1102995722808934e-05
NT,2030,11,10,92,4.1102995722808934e-05
NT,2030,11,11,92,4.1102995722808934e-05
NT,2030,11,12,92,4.110470924023065e-05
NT,2030,11,13,92,4.110642282908259e-05
NT,2030,11,14,92,4.110813648937753e-05
NT,2030,11,15,92,4.110985022110697e-05
NT,2030,11,16,92,4.111156402428153e-05
NT,2030,11,17,92,4.121642015178042e-05
NT,2030,11,18,92,4.14885572433667e-05
NT,2030,11,19,92,4.148922002662967e-05
NT,2030,11,20,92,4.1252492498440194e-05
NT,2030,11,21,92,4.1252492498440194e-05
NT,2030,11,22,92,4.14885572433667e-05
NT,2030,11,23,92,4.14885572433667e-05
NT,2030,11,24,92,4.1252492498440194e-05
NT,2030,11,25,92,4.1252492498440194e-05
NT,2030,11,26,92,0.0
NT,2030,11,27,92,0.0
NT,2030,11,28,92,0.0
NT,2030,11,29,92,0.0
NT,2030,11,30,92,0.0
NT,2030,11,31,92,0.0
NT,2030,11,32,92,0.0
NT,2030,11,33,92,0.0
NT,2030,11,34,92,0.0
NT,2030,11,35,92,4.160277314511895e-05
NT,2030,11,36,92,4.160277314511682e-05
NT,2030,11,37,92,4.160277314511682e-05
NT,2030,11,38,92,4.160277314511682e-05
NT,2030,11,39,92,4.160277314511682e-05
NT,2030,11,40,92,4.166520081707531e-05
NT,2030,11,41,92,4.199659006051354e-05
NT,2030,11,42,92,4.474590957797495e-05
NT,2030,11,43,92,4.474777496258429e-05
NT,2030,11,44,92,4.4749640424956076e-05
NT,2030,11,45,92,4.475150596509884e-05
NT,2030,11,46,92,4.475337158301257e-05
NT,2030,11,47,92,4.166520081707531e-05
NT,2030,11,48,92,4.160277314511895e-05
NT,2030,11,49,92,4.14885572433667e-05
NT,2030,11,50,92,4.121470197750511e-05
NT,2030,11,51,92,4.121470197750511e-05
NT,2030,11,52,92,4.121470197750511e-05
NT,2030,11,53,92,4.14885572433667e-05
NT,2030,11,54,92,4.14885572433667e-05
NT,2030,11,55,92,4.1252492498440194e-05
NT,2030,11,56,92,4.1252492498440194e-05
NT,2030,11,57,92,4.121470197750511e-05
NT,2030,11,58,92,4.1102995722808934e-05
NT,2030,11,59,92,4.1102995722808934e-05
NT,2030,11,60,92,3.867873470828224e-05
NT,2030,11,61,92,0.0
NT,2030,11,62,92,3.7458095906489096e-05
NT,2030,11,63,92,3.684773834048614e-05
NT,2030,11,64,92,4.1219856715215763e-05
NT,2030,11,65,92,4.1252492498440194e-05
NT,2030,11,66,92,0.0
NT,2030,11,67,92,0.0
NT,2030,11,68,92,0.0
NT,2030,11,69,92,0.0
NT,2030,11,70,92,0.0
NT,2030,11,71,92,0.0
NT,2030,11,72,92,0.0
NT,2030,11,73,92,0.0
NT,2030,11,74,92,0.0
NT,2030,11,75,92,0.0
NT,2030,11,76,92,0.0
NT,2030,11,77,92,0.0
NT,2030,11,78,92,0.0
NT,2030,11,79,92,0.0
NT,2030,11,80,92,0.0
NT,2030,11,81,92,0.0
NT,2030,11,82,92,0.0
NT,2030,11,83,92,0.0
NT,2030,11,84,92,0.0
NT,2030,11,85,92,0.0
NT,2030,11,86,92,0.0
NT,2030,11,87,92,0.0
NT,2030,11,88,92,0.0
NT,2030,11,89,92,0.0
NT,2030,11,90,92,0.0
NT,2030,11,91,92,0.0
NT,2030,11,92,92,0.0
NT,2030,11,93,92,0.0
NT,2030,11,94,92,0.0
NT,2030,11,95,92,0.0
NT,2030,11,96,92,0.0
NT,2030,11,97,92,0.0
NT,2030,11,98,92,0.0
NT,2030,11,99,92,0.0
NT,2030,11,100,92,0.0
NT,2030,11,101,92,0.0
NT,2030,11,102,92,0.0
NT,2030,11,103,92,0.0
NT,2030,11,104,92,0.0
NT,2030,11,105,92,0.0
NT,2030,11,106,92,0.0
NT,2030,11,107,92,0.0
NT,2030,11,108,92,0.0
NT,2030,11,109,92,0.0
NT,2030,11,110,92,0.0
NT,2030,11,111,92,8.721182071795201e-15
NT,2030,11,112,92,0.0
NT,2030,11,113,92,0.15944882326199172
NT,2030,11,114,92,0.15945547042557673
NT,2030,11,115,92,0.159462117866286
NT,2030,11,116,92,0.1594687655841021
NT,2030,11,117,92,0.1594754135790425
NT,2030,11,118,92,0.15948206185113334
NT,2030,11,119,92,0.15948871040040077
NT,2030,11,120,92,0.1473442917284233
NT,2030,11,121,92,0.15702915602673223
NT,2030,11,122,92,0.15702915602673223
NT,2030,11,123,92,0.13905087927471382
NT,2030,11,124,92,0.13905667608100197
NT,2030,11,125,92,0.1502893062808279
NT,2030,11,126,92,0.150819851616848
NT,2030,11,127,92,0.15082613905256848
NT,2030,11,128,92,4.199659006051354e-05
NT,2030,11,129,92,4.199659006051354e-05
NT,2030,11,130,92,4.199133818863187e-05
NT,2030,11,131,92,4.199308873961427e-05
NT,2030,11,132,92,4.199483936357483e-05
NT,2030,11,133,92,4.199659006051354e-05
NT,2030,11,134,92,4.19983408304368e-05
NT,2030,11,135,92,4.2000091673350976e-05
NT,2030,11,136,92,4.200184258925183e-05
NT,2030,11,137,92,0.15194980858228044
NT,2030,11,138,92,0.1519561431240792
NT,2030,11,139,92,0.15196247792993794
NT,2030,11,140,92,0.1519688129998915
NT,2030,11,141,92,0.15197514833395734
NT,2030,11,142,92,0.151981483932118
NT,2030,11,143,92,0.1519878197944084
NT,2030,11,144,92,0.15199415592082852
NT,2030,11,145,92,0.14814617332094837
NT,2030,11,146,92,0.15072758960072424
NT,2030,11,147,92,0.1502893062808279
NT,2030,11,148,92,0.0
NT,2030,11,149,92,0.15121695626045562
NT,2030,11,150,92,0.15043532184469008
NT,2030,11,151,92,0.15117069249443074
NT,2030,11,152,92,0.15204485444223728
NT,2030,11,153,92,0.1520511929463307
NT,2030,11,154,92,0.15205753171467595
NT,2030,11,155,92,0.14525670095860968
NT,2030,11,156,92,4.1941832370212764e-05
NT,2030,11,157,92,4.160277314511895e-05
NT,2030,11,158,92,4.160103886508369e-05
NT,2030,11,159,92,4.160277314511895e-05
NT,2030,11,160,92,4.1604507497451015e-05
NT,2030,11,161,92,4.166520081707531e-05
NT,2030,11,162,92,4.1941832370212764e-05
NT,2030,11,163,92,4.5125825022373904e-05
NT,2030,11,164,92,4.5127706245039525e-05
NT,2030,11,165,92,4.1941832370212764e-05
NT,2030,11,166,92,4.166520081707531e-05
NT,2030,11,167,92,4.160277314511895e-05
NT,2030,21,0,92,0.0
NT,2030,21,1,92,0.0
NT,2030,21,2,92,0.0
NT,2030,21,3,92,0.0
NT,2030,21,4,92,0.0
NT,2030,21,5,92,0.0
NT,2030,21,6,92,0.0
NT,2030,21,7,92,0.0
NT,2030,21,8,92,0.0
NT,2030,21,9,92,0.0
NT,2030,21,10,92,0.0
NT,2030,21,11,92,0.0
NT,2030,21,12,92,0.0
NT,2030,21,13,92,0.0
NT,2030,21,14,92,0.15002795313218098
NT,2030,21,15,92,0.14923398329671464
NT,2030,21,16,92,0.15082613905256848
NT,2030,21,17,92,0.1502893062808279
NT,2030,21,18,92,0.15239901871392833
NT,2030,21,19,92,0.15948871040040077
NT,2030,21,20,92,0.15544372117764807
NT,2030,21,21,92,0.1502893062808279
NT,2030,21,22,92,0.15321048862243725
NT,2030,21,23,92,0.148441789482691
NT,2030,21,24,92,0.15082613905256848
NT,2030,21,25,92,0.15082613905256848
NT,2030,21,26,92,0.1497524735090873
NT,2030,21,27,92,0.14846654422322175
NT,2030,21,28,92,0.15057397124460606
NT,2030,21,29,92,0.0
NT,2030,21,30,92,0.0
NT,2030,21,31,92,0.0
NT,2030,21,32,92,0.0
NT,2030,21,33,92,0.0
NT,2030,21,34,92,0.0
NT,2030,21,35,92,0.15656018300242563
NT,2030,21,36,92,0.14695442203726075
NT,2030,21,37,92,0.14696054832945873
NT,2030,21,38,92,0.03736534616053625
NT,2030,21,39,92,0.1469728016800542
NT,2030,21,40,92,0.03366820054758535
NT,2030,21,41,92,0.14717673653860203
NT,2030,21,42,92,0.07241578402418494
NT,2030,21,43,92,0.0
NT,2030,21,44,92,0.0
NT,2030,21,45,92,0.0
NT,2030,21,46,92,0.0
NT,2030,21,47,92,0.0
NT,2030,21,48,92,0.0
NT,2030,21,49,92,0.0
NT,2030,21,50,92,0.0
NT,2030,21,51,92,0.0
NT,2030,21,52,92,0.0
NT,2030,21,53,92,0.0
NT,2030,21,54,92,0.0
NT,2030,21,55,92,0.0
NT,2030,21,56,92,0.0
NT,2030,21,57,92,0.0
NT,2030,21,58,92,0.0
NT,2030,21,59,92,8.080675796057734e-07
NT,2030,21,60,92,8.080675797015871e-07
NT,2030,21,61,92,8.080675796057734e-07
NT,2030,21,62,92,6.17735423637986e-07
NT,2030,21,63,92,0.0
NT,2030,21,64,92,0.0
NT,2030,21,65,92,0.0
NT,2030,21,66,92,0.0
NT,2030,21,67,92,0.0
NT,2030,21,68,92,0.0
NT,2030,21,69,92,0.0
NT,2030,21,70,92,0.0
NT,2030,21,71,92,0.0
NT,2030,21,72,92,0.0
NT,2030,21,73,92,0.0
NT,2030,21,74,92,0.0
NT,2030,21,75,92,0.0
NT,2030,21,76,92,0.0
NT,2030,21,77,92,0.0
NT,2030,21,78,92,0.0
NT,2030,21,79,92,0.0
NT,2030,21,80,92,0.0
NT,2030,21,81,92,0.0
NT,2030,21,82,92,8.080675796057734e-07
NT,2030,21,83,92,8.080675796057734e-07
NT,2030,21,84,92,8.080675796057734e-07
NT,2030,21,85,92,8.080675796057734e-07
NT,2030,21,86,92,1.9034009060612193e-07
NT,2030,21,87,92,0.0
NT,2030,21,88,92,0.0
NT,2030,21,89,92,0.0
NT,2030,21,90,92,0.0
NT,2030,21,91,92,0.0
NT,2030,21,92,92,0.0
NT,2030,21,93,92,0.0
NT,2030,21,94,92,0.0
NT,2030,21,95,92,0.0
NT,2030,21,96,92,0.0
NT,2030,21,97,92,0.0
NT,2030,21,98,92,0.0
NT,2030,21,99,92,0.0
NT,2030,21,100,92,8.721182071795201e-15
NT,2030,21,101,92,8.721182071795201e-15
NT,2030,21,102,92,1.7442364143590402e-14
NT,2030,21,103,92,0.0
NT,2030,21,104,92,0.0
NT,2030,21,105,92,0.0
NT,2030,21,106,92,0.0
NT,2030,21,107,92,6.177354236358567e-07
NT,2030,21,108,92,0.0
NT,2030,21,109,92,0.0
NT,2030,21,110,92,0.0
NT,2030,21,111,92,0.0
NT,2030,21,112,92,0.0
NT,2030,21,113,92,0.0
NT,2030,21,114,92,0.0
NT,2030,21,115,92,0.14921532036384247
NT,2030,21,116,92,0.1492215409092302
NT,2030,21,117,92,0.14922776171396845
NT,2030,21,118,92,0.14923398277802233
NT,2030,21,119,92,0.14924020410142674
NT,2030,21,120,92,0.14924642568418164
NT,2030,21,121,92,0.0
NT,2030,21,122,92,0.0
NT,2030,21,123,92,0.0
NT,2030,21,124,92,0.0
NT,2030,21,125,92,0.0
NT,2030,21,126,92,0.0
NT,2030,21,127,92,0.0
NT,2030,21,128,92,0.0
NT,2030,21,129,92,0.0
NT,2030,21,130,92,0.0
NT,2030,21,131,92,8.080675797015871e-07
NT,2030,21,132,92,0.0
NT,2030,21,133,92,0.0
NT,2030,21,134,92,0.0
NT,2030,21,135,92,0.0
NT,2030,21,136,92,0.0
NT,2030,21,137,92,0.0
NT,2030,21,138,92,0.0
NT,2030,21,139,92,0.15081042057251318
NT,2030,21,140,92,0.15081670761507404
NT,2030,21,141,92,0.15082299491971515
NT,2030,21,142,92,0.15082928248646268
NT,2030,21,143,92,0.15083557031534275
NT,2030,21,144,92,0.150841858406338
NT,2030,21,145,92,0.15082613905256848
NT,2030,21,146,92,0.15082613905256848
NT,2030,21,147,92,0.1508607242522237
NT,2030,21,148,92,0.15086701339184513
NT,2030,21,149,92,0.15087330279366018
NT,2030,21,150,92,0.15087959245766883
NT,2030,21,151,92,0.15088588238387984
NT,2030,21,152,92,0.14900065265114976
NT,2030,21,153,92,4.160277314511682e-05
NT,2030,21,154,92,3.9125184001978166e-05
NT,2030,21,155,92,4.159757052189509e-05
NT,2030,21,156,92,4.1599304657343115e-05
NT,2030,21,157,92,4.160103886507943e-05
NT,2030,21,158,92,4.160277314511682e-05
NT,2030,21,159,92,4.1604507497451015e-05
NT,2030,21,160,92,4.1606241922088415e-05
NT,2030,21,161,92,4.199659006051354e-05
NT,2030,21,162,92,4.560726591445242e-05
NT,2030,21,163,92,4.5609167207615514e-05
NT,2030,21,164,92,4.561106858003788e-05
NT,2030,21,165,92,4.561297003172805e-05
NT,2030,21,166,92,4.561487156268388e-05
NT,2030,21,167,92,4.561677317291389e-05
NT,2030,42,0,92,0.0
NT,2030,42,1,92,0.0
NT,2030,42,2,92,0.0
NT,2030,42,3,92,0.0
NT,2030,42,4,92,0.0
NT,2030,42,5,92,0.0
NT,2030,42,6,92,0.0
NT,2030,42,7,92,0.0
NT,2030,42,8,92,0.0
NT,2030,42,9,92,0.0
NT,2030,42,10,92,1.7442364143590402e-14
NT,2030,42,11,92,0.0
NT,2030,42,12,92,0.0
NT,2030,42,13,92,0.0
NT,2030,42,14,92,0.0
NT,2030,42,15,92,0.0
NT,2030,42,16,92,0.0
NT,2030,42,17,92,0.0
NT,2030,42,18,92,0.0
NT,2030,42,19,92,0.0
NT,2030,42,20,92,0.0
NT,2030,42,21,92,0.0
NT,2030,42,22,92,0.15702915602673223
NT,2030,42,23,92,0.14697851879576498
NT,2030,42,24,92,0.14698464609252979
NT,2030,42,25,92,0.1481786603126014
NT,2030,42,26,92,0.1502893062808279
NT,2030,42,27,92,0.14923398329671464
NT,2030,42,28,92,0.14700915783404936
NT,2030,42,29,92,0.1546247777117284
NT,2030,42,30,92,0.1555730658827237
NT,2030,42,31,92,0.15945170204243256
NT,2030,42,32,92,0.15071874882063488
NT,2030,42,33,92,0.14576449753606302
NT,2030,42,34,92,0.145770574222221
NT,2030,42,35,92,-1.7442364143590402e-14
NT,2030,42,36,92,-8.721182071795201e-15
NT,2030,42,37,92,0.0
NT,2030,42,38,92,-8.721182071795201e-15
NT,2030,42,39,92,0.0
NT,2030,42,40,92,0.14580703965954342
NT,2030,42,41,92,-1.7442364143590402e-14
NT,2030,42,42,92,0.0
NT,2030,42,43,92,0.0
NT,2030,42,44,92,0.15635325092343544
NT,2030,42,45,92,0.1471133783468559
NT,2030,42,46,92,0.14844586490268102
NT,2030,42,47,92,0.14626260794907903
NT,2030,42,48,92,0.14585567443288697
NT,2030,42,49,92,0.14586175492008494
NT,2030,42,50,92,0.14586783566076406
NT,2030,42,51,92,0.14587391665493307
NT,2030,42,52,92,0.14715631414820152
NT,2030,42,53,92,0.15758146558605465
NT,2030,42,54,92,0.15619573291173702
NT,2030,42,55,92,0.0
NT,2030,42,56,92,0.0
NT,2030,42,57,92,0.0
NT,2030,42,58,92,0.0
NT,2030,42,59,92,0.0
NT,2030,42,60,92,0.0
NT,2030,42,61,92,0.0
NT,2030,42,62,92,0.0
NT,2030,42,63,92,0.0
NT,2030,42,64,92,0.0
NT,2030,42,65,92,0.0
NT,2030,42,66,92,0.0
NT,2030,42,67,92,0.0
NT,2030,42,68,92,0.0
NT,2030,42,69,92,0.0
NT,2030,42,70,92,0.0
NT,2030,42,71,92,0.0
NT,2030,42,72,92,0.0
NT,2030,42,73,92,0.0
NT,2030,42,74,92,0.0
NT,2030,42,75,92,0.0
NT,2030,42,76,92,0.0
NT,2030,42,77,92,0.0
NT,2030,42,78,92,0.0
NT,2030,42,79,92,0.0
NT,2030,42,80,92,0.0
NT,2030,42,81,92,0.0
NT,2030,42,82,92,0.0
NT,2030,42,83,92,0.0
NT,2030,42,84,92,0.0
NT,2030,42,85,92,0.0
NT,2030,42,86,92,0.0
NT,2030,42,87,92,0.0
NT,2030,42,88,92,0.0
NT,2030,42,89,92,0.0
NT,2030,42,90,92,0.0
NT,2030,42,91,92,0.0
NT,2030,42,92,92,0.0
NT,2030,42,93,92,0.0
NT,2030,42,94,92,0.0
NT,2030,42,95,92,0.0
NT,2030,42,96,92,0.0
NT,2030,42,97,92,0.0
NT,2030,42,98,92,0.0
NT,2030,42,99,92,0.0
NT,2030,42,100,92,0.0
NT,2030,42,101,92,0.16472475986167084
NT,2030,42,102,92,0.16473162697055482
NT,2030,42,103,92,0.1647384943656767
NT,2030,42,104,92,0.1647453620470801
NT,2030,42,105,92,4.199659006051354e-05
NT,2030,42,106,92,4.193309102765946e-05
NT,2030,42,107,92,4.193483915041013e-05
NT,2030,42,108,92,4.193658734603888e-05
NT,2030,42,109,92,4.193833561454571e-05
NT,2030,42,110,92,4.194008395593487e-05
NT,2030,42,111,92,4.1941832370212764e-05
NT,2030,42,112,92,4.199659006051354e-05
NT,2030,42,113,92,0.1502736440954883
NT,2030,42,114,92,0.15027990876068206
NT,2030,42,115,92,0.15028617368706648
NT,2030,42,116,92,0.15029243887460672
NT,2030,42,117,92,0.15029870432332892
NT,2030,42,118,92,4.2729878379047676e-05
NT,2030,42,119,92,4.273165971857501e-05
NT,2030,42,120,92,4.2282337002180223e-05
NT,2030,42,121,92,4.228409968443548e-05
NT,2030,42,122,92,4.228586244017138e-05
NT,2030,42,123,92,4.228762526939218e-05
NT,2030,42,124,92,4.228938817210427e-05
NT,2030,42,125,92,4.5864848406441624e-05
NT,2030,42,126,92,4.586676043779861e-05
NT,2030,42,127,92,4.5868672548866264e-05
NT,2030,42,128,92,4.547273995237834e-05
NT,2030,42,129,92,4.199659006051354e-05
NT,2030,42,130,92,4.1941832370212764e-05
NT,2030,42,131,92,4.193483915041013e-05
NT,2030,42,132,92,4.193658734603888e-05
NT,2030,42,133,92,4.193833561454571e-05
NT,2030,42,134,92,4.194008395593487e-05
NT,2030,42,135,92,4.1941832370212764e-05
NT,2030,42,136,92,0.1299551131954415
NT,2030,42,137,92,0.15263095031837545
NT,2030,42,138,92,0.15263731325588084
NT,2030,42,139,92,0.15264367645860608
NT,2030,42,140,92,0.1526500399266384
NT,2030,42,141,92,0.15265640365994293
NT,2030,42,142,92,0.14834442519476806
NT,2030,42,143,92,0.15121695626045562
NT,2030,42,144,92,0.14923398329671464
NT,2030,42,145,92,0.14923398329671464
NT,2030,42,146,92,0.14923398329671464
NT,2030,42,147,92,0.14969375801942178
NT,2030,42,148,92,0.15270095722191698
NT,2030,42,149,92,0.15270732307788745
NT,2030,42,150,92,0.15271368919922604
NT,2030,42,151,92,0.15272005558596763
NT,2030,42,152,92,0.15140179532719567
NT,2030,42,153,92,4.199659006051354e-05
NT,2030,42,154,92,4.199133818863187e-05
NT,2030,42,155,92,4.199308873961427e-05
NT,2030,42,156,92,4.199483936357483e-05
NT,2030,42,157,92,4.1996590060517803e-05
NT,2030,42,158,92,4.1998340830438925e-05
NT,2030,42,159,92,4.200009167334885e-05
NT,2030,42,160,92,0.15119804577847862
NT,2030,42,161,92,0.15120434898048288
NT,2030,42,162,92,0.15121065244529122
NT,2030,42,163,92,0.1512169561728339
NT,2030,42,164,92,0.1512232601632243
NT,2030,42,165,92,0.15122956441637517
NT,2030,42,166,92,0.1512358689323563
NT,2030,42,167,92,0.14723209766107298
NT,2030,52,0,92,0.0
NT,2030,52,1,92,0.2972987107314784
NT,2030,52,2,92,0.15356920811099656
NT,2030,52,3,92,0.15357561016292504
NT,2030,52,4,92,0.1535820124817653
NT,2030,52,5,92,0.15358841506749116
NT,2030,52,6,92,0.16046989698600816
NT,2030,52,7,92,0.16658086920655452
NT,2030,52,8,92,0.16658781369359443
NT,2030,52,9,92,0.12068947039678066
NT,2030,52,10,92,4.199659006051354e-05
NT,2030,52,11,92,4.160277314511682e-05
NT,2030,52,12,92,4.160277314511895e-05
NT,2030,52,13,92,4.160277314511682e-05
NT,2030,52,14,92,4.160277314511895e-05
NT,2030,52,15,92,4.160277314511895e-05
NT,2030,52,16,92,4.199659006051354e-05
NT,2030,52,17,92,4.199659006051354e-05
NT,2030,52,18,92,4.199659006051354e-05
NT,2030,52,19,92,4.199659006051354e-05
NT,2030,52,20,92,4.160277314511895e-05
NT,2030,52,21,92,4.160277314511895e-05
NT,2030,52,22,92,4.160277314511895e-05
NT,2030,52,23,92,4.160277314511895e-05
NT,2030,52,24,92,4.14885572433667e-05
NT,2030,52,25,92,4.122537327977891e-05
NT,2030,52,26,92,4.121470197750511e-05
NT,2030,52,27,92,4.121470197750511e-05
NT,2030,52,28,92,4.121470197750511e-05
NT,2030,52,29,92,4.121470197750511e-05
NT,2030,52,30,92,4.121470197750511e-05
NT,2030,52,31,92,4.121470197750511e-05
NT,2030,52,32,92,4.121470197750511e-05
NT,2030,52,33,92,4.121470197750511e-05
NT,2030,52,34,92,4.121470197750511e-05
NT,2030,52,35,92,4.121470197750511e-05
NT,2030,52,36,92,4.121470197750511e-05
NT,2030,52,37,92,4.121470197750511e-05
NT,2030,52,38,92,4.121470197750511e-05
NT,2030,52,39,92,4.121470197750511e-05
NT,2030,52,40,92,4.121470197750511e-05
NT,2030,52,41,92,4.121470197750511e-05
NT,2030,52,42,92,4.121470197750511e-05
NT,2030,52,43,92,4.121470197750511e-05
NT,2030,52,44,92,4.121470197750511e-05
NT,2030,52,45,92,4.1102995722808934e-05
NT,2030,52,46,92,4.1102995722808934e-05
NT,2030,52,47,92,3.867873470828224e-05
NT,2030,52,48,92,3.867873470828224e-05
NT,2030,52,49,92,-6.343769936753601e-08
NT,2030,52,50,92,-6.343769936753601e-08
NT,2030,52,51,92,-6.343769936753601e-08
NT,2030,52,52,92,-6.343769936753601e-08
NT,2030,52,53,92,-6.343769936753601e-08
NT,2030,52,54,92,-6.343769936753601e-08
NT,2030,52,55,92,-6.343769936753601e-08
NT,2030,52,56,92,3.867873470828224e-05
NT,2030,52,57,92,4.1102995722808934e-05
NT,2030,52,58,92,4.121470197750511e-05
NT,2030,52,59,92,4.1102995722808934e-05
NT,2030,52,60,92,4.1102995722808934e-05
NT,2030,52,61,92,4.1102995722808934e-05
NT,2030,52,62,92,4.1102995722808934e-05
NT,2030,52,63,92,4.1102995722808934e-05
NT,2030,52,64,92,4.1102995722808934e-05
NT,2030,52,65,92,4.1102995722808934e-05
NT,2030,52,66,92,4.121470197750511e-05
NT,2030,52,67,92,4.121470197750511e-05
NT,2030,52,68,92,4.121470197750511e-05
NT,2030,52,69,92,0.0
NT,2030,52,70,92,0.0
NT,2030,52,71,92,0.0
NT,2030,52,72,92,0.0
NT,2030,52,73,92,0.0
NT,2030,52,74,92,0.0
NT,2030,52,75,92,0.0
NT,2030,52,76,92,0.0
NT,2030,52,77,92,0.0
NT,2030,52,78,92,0.0
NT,2030,52,79,92,0.0
NT,2030,52,80,92,0.0
NT,2030,52,81,92,0.0
NT,2030,52,82,92,0.0
NT,2030,52,83,92,0.0
NT,2030,52,84,92,0.0
NT,2030,52,85,92,0.0
NT,2030,52,86,92,0.0
NT,2030,52,87,92,0.0
NT,2030,52,88,92,8.080675797015871e-07
NT,2030,52,89,92,8.080675797015871e-07
NT,2030,52,90,92,8.080675797015871e-07
NT,2030,52,91,92,8.080675797015871e-07
NT,2030,52,92,92,8.080675797015871e-07
NT,2030,52,93,92,8.080675797015871e-07
NT,2030,52,94,92,8.080675796057734e-07
NT,2030,52,95,92,8.080675796057734e-07
NT,2030,52,96,92,4.121470197750511e-05
NT,2030,52,97,92,4.1102995722808934e-05
NT,2030,52,98,92,3.867873470828224e-05
NT,2030,52,99,92,3.867873470828224e-05
NT,2030,52,100,92,3.867873470828224e-05
NT,2030,52,101,92,4.121470197750511e-05
NT,2030,52,102,92,4.14885572433667e-05
NT,2030,52,103,92,4.14885572433667e-05
NT,2030,52,104,92,4.148922002662967e-05
NT,2030,52,105,92,4.14885572433667e-05
NT,2030,52,106,92,4.14885572433667e-05
NT,2030,52,107,92,4.121470197750511e-05
NT,2030,52,108,92,4.121470197750511e-05
NT,2030,52,109,92,4.121470197750511e-05
NT,2030,52,110,92,4.121470197750511e-05
NT,2030,52,111,92,4.121470197750511e-05
NT,2030,52,112,92,4.14885572433667e-05
NT,2030,52,113,92,4.160277314511895e-05
NT,2030,52,114,92,4.160277314511682e-05
NT,2030,52,115,92,4.160277314511682e-05
NT,2030,52,116,92,4.148922002662967e-05
NT,2030,52,117,92,4.14885572433667e-05
NT,2030,52,118,92,4.14885572433667e-05
NT,2030,52,119,92,4.121470197750511e-05
NT,2030,52,120,92,4.121470197750511e-05
NT,2030,52,121,92,4.121470197750511e-05
NT,2030,52,122,92,4.121470197750511e-05
NT,2030,52,123,92,4.121470197750511e-05
NT,2030,52,124,92,4.121470197750511e-05
NT,2030,52,125,92,4.121470197750511e-05
NT,2030,52,126,92,4.121470197750511e-05
NT,2030,52,127,92,4.121470197750511e-05
NT,2030,52,128,92,4.14885572433667e-05
NT,2030,52,129,92,4.121470197750511e-05
NT,2030,52,130,92,4.1102995722808934e-05
NT,2030,52,131,92,4.109956890225194e-05
NT,2030,52,132,92,2.987015480860934e-05
NT,2030,52,133,92,2.9871400047058982e-05
NT,2030,52,134,92,3.806842802873719e-05
NT,2030,52,135,92,4.1106422829084716e-05
NT,2030,52,136,92,4.14885572433667e-05
NT,2030,52,137,92,4.160277314511682e-05
NT,2030,52,138,92,4.1941832370212764e-05
NT,2030,52,139,92,4.199659006051354e-05
NT,2030,52,140,92,0.0
NT,2030,52,141,92,0.0
NT,2030,52,142,92,0.0
NT,2030,52,143,92,0.0
NT,2030,52,144,92,0.0
NT,2030,52,145,92,0.0
NT,2030,52,146,92,0.0
NT,2030,52,147,92,0.0
NT,2030,52,148,92,0.0
NT,2030,52,149,92,0.0
NT,2030,52,150,92,0.0
NT,2030,52,151,92,0.0
NT,2030,52,152,92,0.0
NT,2030,52,153,92,8.080675797015871e-07
NT,2030,52,154,92,3.896318781362987e-06
NT,2030,52,155,92,0.0
NT,2030,52,156,92,0.0
NT,2030,52,157,92,2.043445305810769e-06
NT,2030,52,158,92,1.4257693177099448e-06
NT,2030,52,159,92,8.080675797015871e-07
NT,2030,52,160,92,0.15171390475873037
NT,2030,52,161,92,0.15172022946607072
NT,2030,52,162,92,0.1517265544370873
NT,2030,52,163,92,0.1517328796717714
NT,2030,52,164,92,0.15173920517014913
NT,2030,52,165,92,0.15174553093222926
NT,2030,52,166,92,0.15175185695800306
NT,2030,52,167,92,0.14671610963543497
NT,2040,11,0,92,0.0
NT,2040,11,1,92,1.3815689562041232e-05
NT,2040,11,2,92,1.3816265515796391e-05
NT,2040,11,3,92,1.3816841493563547e-05
NT,2040,11,4,92,1.3817417495340567e-05
NT,2040,11,5,92,1.3829519081121522e-05
NT,2040,11,6,92,1.3867591048373692e-05
NT,2040,11,7,92,1.3867591048373692e-05
NT,2040,11,8,92,1.3867591048373692e-05
NT,2040,11,9,92,1.3750830832812334e-05
NT,2040,11,10,92,1.3750830832812334e-05
NT,2040,11,11,92,1.3829519081121522e-05
NT,2040,11,12,92,1.3822026374100331e-05
NT,2040,11,13,92,1.3822602592026825e-05
NT,2040,11,14,92,1.3823178833974896e-05
NT,2040,11,15,92,1.3823755099945605e-05
NT,2040,11,16,92,1.3824331389942152e-05
NT,2040,11,17,92,1.3829519081121522e-05
NT,2040,11,18,92,1.3867591048373692e-05
NT,2040,11,19,92,1.3867591048371564e-05
NT,2040,11,20,92,1.3888400272359501e-05
NT,2040,11,21,92,1.3888400272359501e-05
NT,2040,11,22,92,1.3867591048373692e-05
NT,2040,11,23,92,2.6935585989946443e-07
NT,2040,11,24,92,2.6935585989946443e-07
NT,2040,11,25,92,0.0
NT,2040,11,26,92,0.0
NT,2040,11,27,92,0.0
NT,2040,11,28,92,0.0
NT,2040,11,29,92,0.0
NT,2040,11,30,92,0.0
NT,2040,11,31,92,0.0
NT,2040,11,32,92,0.0
NT,2040,11,33,92,0.0
NT,2040,11,34,92,0.05163223148551318
NT,2040,11,35,92,0.04891852788286872
NT,2040,11,36,92,0.05027537968419313
NT,2040,11,37,92,0.04974466109890416
NT,2040,11,38,92,0.047755952322934295
NT,2040,11,39,92,0.04775794319135575
NT,2040,11,40,92,0.04775993414277888
NT,2040,11,41,92,0.05179791512815078
NT,2040,11,42,92,0.0518000744994664
NT,2040,11,43,92,0.05180223396080205
NT,2040,11,44,92,0.05180439351216865
NT,2040,11,45,92,0.0518065531535553
NT,2040,11,46,92,0.05180871288497724
NT,2040,11,47,92,0.04935635721027952
NT,2040,11,48,92,1.3980610790070922e-05
NT,2040,11,49,92,1.3867591048373692e-05
NT,2040,11,50,92,1.3867591048373692e-05
NT,2040,11,51,92,1.3829740008874783e-05
NT,2040,11,52,92,1.3829740008874783e-05
NT,2040,11,53,92,1.3829740008874783e-05
NT,2040,11,54,92,1.3867591048371564e-05
NT,2040,11,55,92,1.3888400272359501e-05
NT,2040,11,56,92,2.6935585989946443e-07
NT,2040,11,57,92,1.3750830832812334e-05
NT,2040,11,58,92,1.3829519081121522e-05
NT,2040,11,59,92,1.3829163493414602e-05
NT,2040,11,60,92,1.3750830832812334e-05
NT,2040,11,61,92,1.3545483690702449e-05
NT,2040,11,62,92,1.334012798800395e-05
NT,2040,11,63,92,1.3134763724357e-05
NT,2040,11,64,92,1.2929390899406026e-05
NT,2040,11,65,92,2.6935585989946443e-07
NT,2040,11,66,92,0.0
NT,2040,11,67,92,0.0
NT,2040,11,68,92,0.0
NT,2040,11,69,92,0.0
NT,2040,11,70,92,0.0
NT,2040,11,71,92,0.0
NT,2040,11,72,92,0.0
NT,2040,11,73,92,0.0
NT,2040,11,74,92,0.0
NT,2040,11,75,92,0.0
NT,2040,11,76,92,0.0
NT,2040,11,77,92,0.0
NT,2040,11,78,92,0.0
NT,2040,11,79,92,0.0
NT,2040,11,80,92,0.0
NT,2040,11,81,92,0.0
NT,2040,11,82,92,0.0
NT,2040,11,83,92,0.0
NT,2040,11,84,92,0.0
NT,2040,11,85,92,0.0
NT,2040,11,86,92,0.0
NT,2040,11,87,92,0.0
NT,2040,11,88,92,0.0
NT,2040,11,89,92,0.0
NT,2040,11,90,92,0.0
NT,2040,11,91,92,0.0
NT,2040,11,92,92,0.0
NT,2040,11,93,92,0.0
NT,2040,11,94,92,0.0
NT,2040,11,95,92,0.0
NT,2040,11,96,92,0.0
NT,2040,11,97,92,0.0
NT,2040,11,98,92,0.0
NT,2040,11,99,92,0.0
NT,2040,11,100,92,0.0
NT,2040,11,101,92,0.0
NT,2040,11,102,92,0.0
NT,2040,11,103,92,0.0
NT,2040,11,104,92,0.0
NT,2040,11,105,92,0.0
NT,2040,11,106,92,0.0
NT,2040,11,107,92,0.0
NT,2040,11,108,92,0.0
NT,2040,11,109,92,0.0
NT,2040,11,110,92,0.0
NT,2040,11,111,92,0.0
NT,2040,11,112,92,0.0
NT,2040,11,113,92,0.05710671629434391
NT,2040,11,114,92,0.05710909698099734
NT,2040,11,115,92,0.057111477766889095
NT,2040,11,116,92,0.05711385865204535
NT,2040,11,117,92,0.05711623963644429
NT,2040,11,118,92,0.057118620720116454
NT,2040,11,119,92,0.05712100190304002
NT,2040,11,120,92,0.04803239661477326
NT,2040,11,121,92,0.04803439900771356
NT,2040,11,122,92,0.04974466109890416
NT,2040,11,123,92,0.05009643542694336
NT,2040,11,124,92,0.04978721876707181
NT,2040,11,125,92,0.050405652086817083
NT,2040,11,126,92,0.050405652086817083
NT,2040,11,127,92,0.050405652086817083
NT,2040,11,128,92,0.05117442677878306
NT,2040,11,129,92,0.05090350204618485
NT,2040,11,130,92,0.05148317940959726
NT,2040,11,131,92,0.048054427528882115
NT,2040,11,132,92,0.048056430840252275
NT,2040,11,133,92,0.048058434235138656
NT,2040,11,134,92,0.04806043771354344
NT,2040,11,135,92,0.04806244127547098
NT,2040,11,136,92,0.04806444492092346
NT,2040,11,137,92,0.05212817151826484
NT,2040,11,138,92,0.05213034465743806
NT,2040,11,139,92,0.052132517887206915
NT,2040,11,140,92,0.05213469120756705
NT,2040,11,141,92,0.05213686461853154
NT,2040,11,142,92,0.05213903812010476
NT,2040,11,143,92,0.05200758626973398
NT,2040,11,144,92,0.05024543693368679
NT,2040,11,145,92,0.04963821726033056
NT,2040,11,146,92,0.0
NT,2040,11,147,92,0.050405652086817083
NT,2040,11,148,92,0.0
NT,2040,11,149,92,0.050659438711013284
NT,2040,11,150,92,0.05017052155367559
NT,2040,11,151,92,0.05027537968419313
NT,2040,11,152,92,0.05114368026806821
NT,2040,11,153,92,0.052162952618473105
NT,2040,11,154,92,0.05216512720761043
NT,2040,11,155,92,0.05161661173191196
NT,2040,11,156,92,0.04986276527581594
NT,2040,11,157,92,0.047878471348364454
NT,2040,11,158,92,0.04788046732440942
NT,2040,11,159,92,0.04788246338365883
NT,2040,11,160,92,0.047884459526121394
NT,2040,11,161,92,0.04934462648390657
NT,2040,11,162,92,0.05193513381749597
NT,2040,11,163,92,0.05193729890923768
NT,2040,11,164,92,0.05169964059907389
NT,2040,11,165,92,0.051941629363498526
NT,2040,11,166,92,0.05194379472603075
NT,2040,11,167,92,1.3980610790070922e-05
NT,2040,21,0,92,0.0
NT,2040,21,1,92,0.0
NT,2040,21,2,92,0.0
NT,2040,21,3,92,0.0
NT,2040,21,4,92,0.0
NT,2040,21,5,92,0.0
NT,2040,21,6,92,0.0
NT,2040,21,7,92,0.0
NT,2040,21,8,92,0.0
NT,2040,21,9,92,0.0
NT,2040,21,10,92,0.0
NT,2040,21,11,92,0.0
NT,2040,21,12,92,0.0
NT,2040,21,13,92,0.0
NT,2040,21,14,92,0.0
NT,2040,21,15,92,0.051074229964039146
NT,2040,21,16,92,0.05045632840505127
NT,2040,21,17,92,0.050458431847783834
NT,2040,21,18,92,0.05272974396250104
NT,2040,21,19,92,0.05457362260489676
NT,2040,21,20,92,0.05448268148097418
NT,2040,21,21,92,0.050466846495650725
NT,2040,21,22,92,0.0510341033848154
NT,2040,21,23,92,0.05047105434579413
NT,2040,21,24,92,0.05047315840243032
NT,2040,21,25,92,0.050475262546781974
NT,2040,21,26,92,0.0
NT,2040,21,27,92,0.0
NT,2040,21,28,92,0.0
NT,2040,21,29,92,0.0
NT,2040,21,30,92,0.0
NT,2040,21,31,92,0.0
NT,2040,21,32,92,0.0
NT,2040,21,33,92,0.0
NT,2040,21,34,92,0.0
NT,2040,21,35,92,0.0
NT,2040,21,36,92,0.0
NT,2040,21,37,92,0.0
NT,2040,21,38,92,0.0
NT,2040,21,39,92,0.04714952580378699
NT,2040,21,40,92,0.0
NT,2040,21,41,92,0.0
NT,2040,21,42,92,0.0
NT,2040,21,43,92,0.0
NT,2040,21,44,92,0.0
NT,2040,21,45,92,0.0
NT,2040,21,46,92,0.0
NT,2040,21,47,92,0.0
NT,2040,21,48,92,0.0
NT,2040,21,49,92,0.0
NT,2040,21,50,92,0.0
NT,2040,21,51,92,0.0
NT,2040,21,52,92,0.0
NT,2040,21,53,92,0.0
NT,2040,21,54,92,0.0
NT,2040,21,55,92,0.0
NT,2040,21,56,92,0.0
NT,2040,21,57,92,0.0
NT,2040,21,58,92,0.0
NT,2040,21,59,92,0.0
NT,2040,21,60,92,0.0
NT,2040,21,61,92,0.0
NT,2040,21,62,92,0.0
NT,2040,21,63,92,0.0
NT,2040,21,64,92,0.0
NT,2040,21,65,92,0.0
NT,2040,21,66,92,0.0
NT,2040,21,67,92,0.0
NT,2040,21,68,92,0.0
NT,2040,21,69,92,0.0
NT,2040,21,70,92,0.0
NT,2040,21,71,92,0.0
NT,2040,21,72,92,0.0
NT,2040,21,73,92,0.0
NT,2040,21,74,92,0.0
NT,2040,21,75,92,0.0
NT,2040,21,76,92,0.0
NT,2040,21,77,92,0.0
NT,2040,21,78,92,0.0
NT,2040,21,79,92,0.0
NT,2040,21,80,92,0.0
NT,2040,21,81,92,0.0
NT,2040,21,82,92,0.0
NT,2040,21,83,92,0.0
NT,2040,21,84,92,0.0
NT,2040,21,85,92,0.0
NT,2040,21,86,92,0.0
NT,2040,21,87,92,0.0
NT,2040,21,88,92,0.0
NT,2040,21,89,92,0.0
NT,2040,21,90,92,0.0
NT,2040,21,91,92,0.0
NT,2040,21,92,92,0.0
NT,2040,21,93,92,0.0
NT,2040,21,94,92,0.0
NT,2040,21,95,92,0.0
NT,2040,21,96,92,0.0
NT,2040,21,97,92,0.0
NT,2040,21,98,92,0.0
NT,2040,21,99,92,0.0
NT,2040,21,100,92,0.0
NT,2040,21,101,92,0.0
NT,2040,21,102,92,0.0
NT,2040,21,103,92,0.0
NT,2040,21,104,92,0.0
NT,2040,21,105,92,0.0
NT,2040,21,106,92,0.0
NT,2040,21,107,92,0.0
NT,2040,21,108,92,0.0
NT,2040,21,109,92,0.0
NT,2040,21,110,92,0.0
NT,2040,21,111,92,0.0
NT,2040,21,112,92,0.0
NT,2040,21,113,92,0.0
NT,2040,21,114,92,0.050792231003189754
NT,2040,21,115,92,0.05079434844915589
NT,2040,21,116,92,0.05079646598340656
NT,2040,21,117,92,0.05079858360592867
NT,2040,21,118,92,0.050800701316730944
NT,2040,21,119,92,0.0
NT,2040,21,120,92,0.0
NT,2040,21,121,92,0.0
NT,2040,21,122,92,0.0
NT,2040,21,123,92,0.0
NT,2040,21,124,92,0.0
NT,2040,21,125,92,0.0
NT,2040,21,126,92,0.0
NT,2040,21,127,92,0.0
NT,2040,21,128,92,0.0
NT,2040,21,129,92,0.0
NT,2040,21,130,92,0.0
NT,2040,21,131,92,0.0
NT,2040,21,132,92,0.0
NT,2040,21,133,92,0.0
NT,2040,21,134,92,0.0
NT,2040,21,135,92,0.0
NT,2040,21,136,92,0.0
NT,2040,21,137,92,0.0
NT,2040,21,138,92,0.05114067818425865
NT,2040,21,139,92,0.05114281015642188
NT,2040,21,140,92,0.05114494221747575
NT,2040,21,141,92,0.051147074367407196
NT,2040,21,142,92,0.05114920660622492
NT,2040,21,143,92,0.05115133893392894
NT,2040,21,144,92,0.050405652086817083
NT,2040,21,145,92,0.050405652086817083
NT,2040,21,146,92,0.050405652086817083
NT,2040,21,147,92,0.050575518174990945
NT,2040,21,148,92,0.05099714587122964
NT,2040,21,149,92,0.051164134767061595
NT,2040,21,150,92,0.051166267717098264
NT,2040,21,151,92,0.05116840075605828
NT,2040,21,152,92,0.05117053388393294
NT,2040,21,153,92,0.04718539522558449
NT,2040,21,154,92,0.050405652086817083
NT,2040,21,155,92,0.050405652086817083
NT,2040,21,156,92,0.047191296720063586
NT,2040,21,157,92,0.047193264048902686
NT,2040,21,158,92,0.04719523145976668
NT,2040,21,159,92,0.04719719895264249
NT,2040,21,160,92,0.04719916652754538
NT,2040,21,161,92,0.04720113418446881
NT,2040,21,162,92,0.05119187005430762
NT,2040,21,163,92,0.051194004160583347
NT,2040,21,164,92,0.05119613835583257
NT,2040,21,165,92,0.05119827264004875
NT,2040,21,166,92,0.051200407013236256
NT,2040,21,167,92,0.05082401023883243
NT,2040,42,0,92,0.0
NT,2040,42,1,92,0.0
NT,2040,42,2,92,0.0
NT,2040,42,3,92,0.0
NT,2040,42,4,92,0.0
NT,2040,42,5,92,0.0
NT,2040,42,6,92,0.0
NT,2040,42,7,92,0.0
NT,2040,42,8,92,0.0
NT,2040,42,9,92,0.0
NT,2040,42,10,92,0.0
NT,2040,42,11,92,0.0
NT,2040,42,12,92,0.0
NT,2040,42,13,92,0.0
NT,2040,42,14,92,0.0
NT,2040,42,15,92,0.0
NT,2040,42,16,92,0.0
NT,2040,42,17,92,0.0
NT,2040,42,18,92,8.721182071795201e-15
NT,2040,42,19,92,0.0
NT,2040,42,20,92,8.721182071795201e-15
NT,2040,42,21,92,0.0
NT,2040,42,22,92,0.0
NT,2040,42,23,92,0.04969595226656665
NT,2040,42,24,92,0.04974466109890416
NT,2040,42,25,92,0.05009643542694336
NT,2040,42,26,92,0.05009643542694336
NT,2040,42,27,92,0.04970423976031843
NT,2040,42,28,92,0.049706311849695026
NT,2040,42,29,92,0.052202561684156816
NT,2040,42,30,92,0.05316290346680171
NT,2040,42,31,92,0.0
NT,2040,42,32,92,0.0
NT,2040,42,33,92,0.04974466109890416
NT,2040,42,34,92,0.05163223148551318
NT,2040,42,35,92,0.04930704879085101
NT,2040,42,36,92,0.04930910432197983
NT,2040,42,37,92,0.04931115993880081
NT,2040,42,38,92,0.04931321564131394
NT,2040,42,39,92,0.04931527142952577
NT,2040,42,40,92,0.04931732730343848
NT,2040,42,41,92,0.0
NT,2040,42,42,92,0.0
NT,2040,42,43,92,0.0
NT,2040,42,44,92,0.0
NT,2040,42,45,92,0.0
NT,2040,42,46,92,0.0
NT,2040,42,47,92,0.0
NT,2040,42,48,92,0.04974777178223053
NT,2040,42,49,92,0.049749845686389176
NT,2040,42,50,92,0.0
NT,2040,42,51,92,0.0
NT,2040,42,52,92,0.0
NT,2040,42,53,92,0.052257612863273566
NT,2040,42,54,92,0.0
NT,2040,42,55,92,0.0
NT,2040,42,56,92,0.0
NT,2040,42,57,92,0.0
NT,2040,42,58,92,0.0
NT,2040,42,59,92,0.0
NT,2040,42,60,92,0.0
NT,2040,42,61,92,0.0
NT,2040,42,62,92,0.0
NT,2040,42,63,92,0.0
NT,2040,42,64,92,0.0
NT,2040,42,65,92,0.0
NT,2040,42,66,92,0.0
NT,2040,42,67,92,0.0
NT,2040,42,68,92,0.0
NT,2040,42,69,92,0.0
NT,2040,42,70,92,0.0
NT,2040,42,71,92,0.0
NT,2040,42,72,92,0.0
NT,2040,42,73,92,0.0
NT,2040,42,74,92,0.0
NT,2040,42,75,92,0.0
NT,2040,42,76,92,0.0
NT,2040,42,77,92,0.0
NT,2040,42,78,92,0.0
NT,2040,42,79,92,0.0
NT,2040,42,80,92,0.0
NT,2040,42,81,92,0.0
NT,2040,42,82,92,0.0
NT,2040,42,83,92,0.0
NT,2040,42,84,92,0.0
NT,2040,42,85,92,0.0
NT,2040,42,86,92,0.0
NT,2040,42,87,92,0.0
NT,2040,42,88,92,0.0
NT,2040,42,89,92,0.0
NT,2040,42,90,92,0.0
NT,2040,42,91,92,0.0
NT,2040,42,92,92,0.0
NT,2040,42,93,92,0.0
NT,2040,42,94,92,0.0
NT,2040,42,95,92,0.0
NT,2040,42,96,92,0.0
NT,2040,42,97,92,0.0
NT,2040,42,98,92,0.0
NT,2040,42,99,92,0.0
NT,2040,42,100,92,0.0
NT,2040,42,101,92,0.0
NT,2040,42,102,92,0.0
NT,2040,42,103,92,0.0
NT,2040,42,104,92,0.047490217646721754
NT,2040,42,105,92,0.047492197437094395
NT,2040,42,106,92,0.0474941773100043
NT,2040,42,107,92,0.04749615726545147
NT,2040,42,108,92,0.04749813730343591
NT,2040,42,109,92,0.047500117423968514
NT,2040,42,110,92,0.04750209762705147
NT,2040,42,111,92,0.0475040779126826
NT,2040,42,112,92,0.05098698293141776
NT,2040,42,113,92,0.05207226159578717
NT,2040,42,114,92,0.05207443240416124
NT,2040,42,115,92,0.052076603303035034
NT,2040,42,116,92,0.05207877429241288
NT,2040,42,117,92,0.0520809453722948
NT,2040,42,118,92,0.04802490426790714
NT,2040,42,119,92,0.04802690634850266
NT,2040,42,120,92,0.05027537968419313
NT,2040,42,121,92,0.05023239627514862
NT,2040,42,122,92,0.04974466109890416
NT,2040,42,123,92,0.047761688135169726
NT,2040,42,124,92,0.048118096628638946
NT,2040,42,125,92,0.0515483553321184
NT,2040,42,126,92,0.05155050429969173
NT,2040,42,127,92,0.05155265335684904
NT,2040,42,128,92,0.051554802503599055
NT,2040,42,129,92,0.04810950040000316
NT,2040,42,130,92,0.05111191863488005
NT,2040,42,131,92,0.047131344906335144
NT,2040,42,132,92,0.047133309735884046
NT,2040,42,133,92,0.047135274647344474
NT,2040,42,134,92,0.0471372396407186
NT,2040,42,135,92,0.04713920471600861
NT,2040,42,136,92,0.051437314313137
NT,2040,42,137,92,0.05157414885653975
NT,2040,42,138,92,0.05157629889940212
NT,2040,42,139,92,0.05157844903189863
NT,2040,42,140,92,0.05158059925402708
NT,2040,42,141,92,0.0515827495657962
NT,2040,42,142,92,0.050034218909254434
NT,2040,42,143,92,0.05009643542694336
NT,2040,42,144,92,0.05009643542694336
NT,2040,42,145,92,0.05009643542694336
NT,2040,42,146,92,0.05009643542694336
NT,2040,42,147,92,0.05009643542694336
NT,2040,42,148,92,0.05009643542694336
NT,2040,42,149,92,0.05159995528740793
NT,2040,42,150,92,0.05160210640609788
NT,2040,42,151,92,0.05160425761446339
NT,2040,42,152,92,0.05160640891251099
NT,2040,42,153,92,0.049499839611582365
NT,2040,42,154,92,0.04749610653368345
NT,2040,42,155,92,0.047498086569553004
NT,2040,42,156,92,0.0475000666879729
NT,2040,42,157,92,0.0475020468889388
NT,2040,42,158,92,0.04750402717245067
NT,2040,42,159,92,0.04750600753852598
NT,2040,42,160,92,0.05162362252583316
NT,2040,42,161,92,0.051625774631172246
NT,2040,42,162,92,0.051627926826228306
NT,2040,42,163,92,0.05163007911100789
NT,2040,42,164,92,0.05163223148551318
NT,2040,42,165,92,0.051634383949744164
NT,2040,42,166,92,0.04987932221470675
NT,2040,42,167,92,0.04877560011637697
NT,2040,52,0,92,0.0
NT,2040,52,1,92,0.10115103634998189
NT,2040,52,2,92,0.05121163225424499
NT,2040,52,3,92,0.05121376718437808
NT,2040,52,4,92,0.05121590220351084
NT,2040,52,5,92,0.05121803731164761
NT,2040,52,6,92,0.05122017250879496
NT,2040,52,7,92,0.05555070784914203
NT,2040,52,8,92,0.05555302366832346
NT,2040,52,9,92,0.05197414193849497
NT,2040,52,10,92,0.0461785810772021
NT,2040,52,11,92,0.04618050618756626
NT,2040,52,12,92,0.04618243137818927
NT,2040,52,13,92,0.04618435664907113
NT,2040,52,14,92,0.04618628200021186
NT,2040,52,15,92,0.046188207431617986
NT,2040,52,16,92,0.05009330292023026
NT,2040,52,17,92,0.05009539122901926
NT,2040,52,18,92,0.05009747962486528
NT,2040,52,19,92,0.05009956810778139
NT,2040,52,20,92,1.3998863353504514e-05
NT,2040,52,21,92,1.3998863353504514e-05
NT,2040,52,22,92,1.3867591048373692e-05
NT,2040,52,23,92,1.3867591048371564e-05
NT,2040,52,24,92,1.3867591048373692e-05
NT,2040,52,25,92,1.3829740008874783e-05
NT,2040,52,26,92,1.3829519081121522e-05
NT,2040,52,27,92,1.3829519081121522e-05
NT,2040,52,28,92,1.3741791093258927e-05
NT,2040,52,29,92,1.3741791093258927e-05
NT,2040,52,30,92,1.3829519081121522e-05
NT,2040,52,31,92,1.3829519081121522e-05
NT,2040,52,32,92,1.3829519081121522e-05
NT,2040,52,33,92,1.3829519081121522e-05
NT,2040,52,34,92,1.3829519081121522e-05
NT,2040,52,35,92,1.3829279638311499e-05
NT,2040,52,36,92,1.3738233992502059e-05
NT,2040,52,37,92,1.3738233992502059e-05
NT,2040,52,38,92,1.3738233992502059e-05
NT,2040,52,39,92,1.3738233992502059e-05
NT,2040,52,40,92,1.3738233992502059e-05
NT,2040,52,41,92,1.3783290581949002e-05
NT,2040,52,42,92,1.3738233992502059e-05
NT,2040,52,43,92,1.3738233992502059e-05
NT,2040,52,44,92,1.3738233992502059e-05
NT,2040,52,45,92,1.3738233992502059e-05
NT,2040,52,46,92,1.3738233992502059e-05
NT,2040,52,47,92,1.3738233992502059e-05
NT,2040,52,48,92,1.3738233992502059e-05
NT,2040,52,49,92,1.3700998574268226e-05
NT,2040,52,50,92,1.289291156942706e-05
NT,2040,52,51,92,1.289291156942706e-05
NT,2040,52,52,92,1.289291156942706e-05
NT,2040,52,53,92,1.289291156942706e-05
NT,2040,52,54,92,1.289291156942706e-05
NT,2040,52,55,92,1.3700998574268226e-05
NT,2040,52,56,92,1.3738233992502059e-05
NT,2040,52,57,92,1.3738233992502059e-05
NT,2040,52,58,92,1.3738233992502059e-05
NT,2040,52,59,92,1.3738233992502059e-05
NT,2040,52,60,92,1.3738233992502059e-05
NT,2040,52,61,92,1.3738233992502059e-05
NT,2040,52,62,92,1.3704485456435096e-05
NT,2040,52,63,92,1.370505677427197e-05
NT,2040,52,64,92,1.3738233992502059e-05
NT,2040,52,65,92,1.3738233992502059e-05
NT,2040,52,66,92,1.3738233992502059e-05
NT,2040,52,67,92,1.3783290581949002e-05
NT,2040,52,68,92,1.3829519081121522e-05
NT,2040,52,69,92,1.3829519081121522e-05
NT,2040,52,70,92,1.3783290581949002e-05
NT,2040,52,71,92,1.3738233992502059e-05
NT,2040,52,72,92,0.0
NT,2040,52,73,92,0.0
NT,2040,52,74,92,9.004609770438075e-06
NT,2040,52,75,92,0.0
NT,2040,52,76,92,0.0
NT,2040,52,77,92,3.8658156470645054e-08
NT,2040,52,78,92,0.0
NT,2040,52,79,92,2.6935585989946443e-07
NT,2040,52,80,92,0.0
NT,2040,52,81,92,0.0
NT,2040,52,82,92,0.0
NT,2040,52,83,92,0.0
NT,2040,52,84,92,0.0
NT,2040,52,85,92,0.0
NT,2040,52,86,92,0.0
NT,2040,52,87,92,0.0
NT,2040,52,88,92,2.6935585989946443e-07
NT,2040,52,89,92,2.6935585989946443e-07
NT,2040,52,90,92,1.3867591048371564e-05
NT,2040,52,91,92,1.3867591048371564e-05
NT,2040,52,92,92,1.3867591048371564e-05
NT,2040,52,93,92,1.3867591048373692e-05
NT,2040,52,94,92,1.3867591048373692e-05
NT,2040,52,95,92,2.6935585989946443e-07
NT,2040,52,96,92,2.6935585989946443e-07
NT,2040,52,97,92,1.3829519081121522e-05
NT,2040,52,98,92,1.3783290581949002e-05
NT,2040,52,99,92,1.3738233992502059e-05
NT,2040,52,100,92,1.3738233992502059e-05
NT,2040,52,101,92,1.3829519081121522e-05
NT,2040,52,102,92,1.3867591048373692e-05
NT,2040,52,103,92,1.3867591048373692e-05
NT,2040,52,104,92,1.3867591048373692e-05
NT,2040,52,105,92,1.3867591048373692e-05
NT,2040,52,106,92,1.3867591048373692e-05
NT,2040,52,107,92,1.3867591048373692e-05
NT,2040,52,108,92,1.3867591048373692e-05
NT,2040,52,109,92,1.3829519081121522e-05
NT,2040,52,110,92,1.3829740008874783e-05
NT,2040,52,111,92,1.3867591048373692e-05
NT,2040,52,112,92,1.3867591048371564e-05
NT,2040,52,113,92,1.3955880511948787e-05
NT,2040,52,114,92,1.3955880511948787e-05
NT,2040,52,115,92,1.3867591048373692e-05
NT,2040,52,116,92,1.3867591048371564e-05
NT,2040,52,117,92,1.3867591048373692e-05
NT,2040,52,118,92,1.3867591048371564e-05
NT,2040,52,119,92,1.3829519081121522e-05
NT,2040,52,120,92,1.3738233992502059e-05
NT,2040,52,121,92,1.3738233992502059e-05
NT,2040,52,122,92,1.3738806717259784e-05
NT,2040,52,123,92,1.3739379465895367e-05
NT,2040,52,124,92,1.373995223840561e-05
NT,2040,52,125,92,1.3740525034794772e-05
NT,2040,52,126,92,1.3829519081121522e-05
NT,2040,52,127,92,1.3829740008874783e-05
NT,2040,52,128,92,1.3867591048373692e-05
NT,2040,52,129,92,1.3829519081121522e-05
NT,2040,52,130,92,1.3743389374943553e-05
NT,2040,52,131,92,1.3743962314620077e-05
NT,2040,52,132,92,1.3744535278184039e-05
NT,2040,52,133,92,1.3745108265632241e-05
NT,2040,52,134,92,1.3745681276968948e-05
NT,2040,52,135,92,1.3783290581949002e-05
NT,2040,52,136,92,1.3867591048373692e-05
NT,2040,52,137,92,0.04860848201230373
NT,2040,52,138,92,0.0503982981102497
NT,2040,52,139,92,0.0
NT,2040,52,140,92,0.0
NT,2040,52,141,92,0.0
NT,2040,52,142,92,0.0
NT,2040,52,143,92,0.0
NT,2040,52,144,92,0.0
NT,2040,52,145,92,0.0
NT,2040,52,146,92,0.0
NT,2040,52,147,92,0.0
NT,2040,52,148,92,0.0
NT,2040,52,149,92,0.0
NT,2040,52,150,92,0.0
NT,2040,52,151,92,0.0
NT,2040,52,152,92,0.0
NT,2040,52,153,92,0.0
NT,2040,52,154,92,0.04663293187572298
NT,2040,52,155,92,0.0
NT,2040,52,156,92,0.0
NT,2040,52,157,92,0.0
NT,2040,52,158,92,0.0
NT,2040,52,159,92,0.0
NT,2040,52,160,92,0.05209435718091685
NT,2040,52,161,92,0.05209652891042218
NT,2040,52,162,92,0.0520987007304621
NT,2040,52,163,92,0.05210087264104097
NT,2040,52,164,92,0.052103044642167515
NT,2040,52,165,92,0.05210521673384391
NT,2040,52,166,92,0.052107388916063625
NT,2040,52,167,92,0.047765710483132315
GA,2040,11,0,92,0.0
GA,2040,11,1,92,1.3738233992502059e-05
GA,2040,11,2,92,1.3738233992502059e-05
GA,2040,11,3,92,1.3738233992502059e-05
GA,2040,11,4,92,1.3738233992502059e-05
GA,2040,11,5,92,1.3829519081121522e-05
GA,2040,11,6,92,1.3867591048371564e-05
GA,2040,11,7,92,1.3867591048373692e-05
GA,2040,11,8,92,1.3829740008874783e-05
GA,2040,11,9,92,1.3750830832812334e-05
GA,2040,11,10,92,1.3783290581949002e-05
GA,2040,11,11,92,1.3737088614608463e-05
GA,2040,11,12,92,1.3737661291618996e-05
GA,2040,11,13,92,1.3738233992502059e-05
GA,2040,11,14,92,1.3738806717259784e-05
GA,2040,11,15,92,1.3739379465895367e-05
GA,2040,11,16,92,1.373995223840561e-05
GA,2040,11,17,92,1.3740525034794772e-05
GA,2040,11,18,92,1.3829740008874783e-05
GA,2040,11,19,92,1.3867591048373692e-05
GA,2040,11,20,92,1.3867591048371564e-05
GA,2040,11,21,92,2.6935585989946443e-07
GA,2040,11,22,92,1.3750830832812334e-05
GA,2040,11,23,92,1.3750830832812334e-05
GA,2040,11,24,92,1.3750830832812334e-05
GA,2040,11,25,92,2.6935585989946443e-07
GA,2040,11,26,92,0.0
GA,2040,11,27,92,0.0
GA,2040,11,28,92,0.0
GA,2040,11,29,92,0.0
GA,2040,11,30,92,0.0
GA,2040,11,31,92,1.5176103793769471e-05
GA,2040,11,32,92,0.0
GA,2040,11,33,92,1.3994778904805924e-05
GA,2040,11,34,92,1.3998863353504514e-05
GA,2040,11,35,92,1.3995945768529225e-05
GA,2040,11,36,92,1.399652923687516e-05
GA,2040,11,37,92,1.3997112729543955e-05
GA,2040,11,38,92,1.3997696246539865e-05
GA,2040,11,39,92,1.3998279787857567e-05
GA,2040,11,40,92,1.3998863353504514e-05
GA,2040,11,41,92,0.050459233373946005
GA,2040,11,42,92,0.050461336937785255
GA,2040,11,43,92,0.05046344058931381
GA,2040,11,44,92,0.05046554432854694
GA,2040,11,45,92,0.05046764815547809
GA,2040,11,46,92,0.05028376377642404
GA,2040,11,47,92,1.3980610790070922e-05
GA,2040,11,48,92,1.3867591048373692e-05
GA,2040,11,49,92,1.3867591048373692e-05
GA,2040,11,50,92,1.3829519081121522e-05
GA,2040,11,51,92,1.3829519081121522e-05
GA,2040,11,52,92,1.3829519081121522e-05
GA,2040,11,53,92,1.3829519081121522e-05
GA,2040,11,54,92,1.3750830832812334e-05
GA,2040,11,55,92,2.693558598675265e-07
GA,2040,11,56,92,2.6935585989946443e-07
GA,2040,11,57,92,1.3829519081121522e-05
GA,2040,11,58,92,1.3782141447619149e-05
GA,2040,11,59,92,1.3782716002808419e-05
GA,2040,11,60,92,1.3783290581949002e-05
GA,2040,11,61,92,1.3578633131552447e-05
GA,2040,11,62,92,1.3373967149317794e-05
GA,2040,11,63,92,1.3785014463096725e-05
GA,2040,11,64,92,1.3785589138057464e-05
GA,2040,11,65,92,1.3750830832812334e-05
GA,2040,11,66,92,0.0
GA,2040,11,67,92,0.0
GA,2040,11,68,92,0.0
GA,2040,11,69,92,0.0
GA,2040,11,70,92,0.0
GA,2040,11,71,92,0.0
GA,2040,11,72,92,0.0
GA,2040,11,73,92,0.0
GA,2040,11,74,92,0.0
GA,2040,11,75,92,0.0
GA,2040,11,76,92,0.0
GA,2040,11,77,92,0.0
GA,2040,11,78,92,0.0
GA,2040,11,79,92,0.0
GA,2040,11,80,92,0.0
GA,2040,11,81,92,0.0
GA,2040,11,82,92,0.0
GA,2040,11,83,92,0.0
GA,2040,11,84,92,0.0
GA,2040,11,85,92,0.0
GA,2040,11,86,92,0.0
GA,2040,11,87,92,0.0
GA,2040,11,88,92,0.0
GA,2040,11,89,92,0.0
GA,2040,11,90,92,0.0
GA,2040,11,91,92,0.0
GA,2040,11,92,92,0.0
GA,2040,11,93,92,0.0
GA,2040,11,94,92,0.0
GA,2040,11,95,92,0.0
GA,2040,11,96,92,0.0
GA,2040,11,97,92,0.0
GA,2040,11,98,92,0.0
GA,2040,11,99,92,0.0
GA,2040,11,100,92,0.0
GA,2040,11,101,92,0.0
GA,2040,11,102,92,0.0
GA,2040,11,103,92,0.0
GA,2040,11,104,92,0.0
GA,2040,11,105,92,0.0
GA,2040,11,106,92,0.0
GA,2040,11,107,92,0.0
GA,2040,11,108,92,0.0
GA,2040,11,109,92,0.0
GA,2040,11,110,92,0.0
GA,2040,11,111,92,0.0
GA,2040,11,112,92,0.0
GA,2040,11,113,92,0.05377602781424703
GA,2040,11,114,92,0.053778269649881444
GA,2040,11,115,92,0.05378051157897205
GA,2040,11,116,92,0.05378275360153192
GA,2040,11,117,92,0.05378499571755016
GA,2040,11,118,92,0.05378723792704421
GA,2040,11,119,92,0.05378948023000753
GA,2040,11,120,92,0.05067004985786821
GA,2040,11,121,92,0.04826257409382061
GA,2040,11,122,92,0.05234305200891438
GA,2040,11,123,92,0.049886531564303456
GA,2040,11,124,92,0.04719475650804363
GA,2040,11,125,92,0.05027537968419313
GA,2040,11,126,92,0.05027537968419313
GA,2040,11,127,92,0.050659438711013284
GA,2040,11,128,92,0.05090350204618485
GA,2040,11,129,92,0.049907802127449316
GA,2040,11,130,92,0.04858002350338273
GA,2040,11,131,92,0.04671018632872446
GA,2040,11,132,92,0.04671213360085503
GA,2040,11,133,92,0.046714080954166716
GA,2040,11,134,92,0.04671602838865516
GA,2040,11,135,92,0.04671797590433346
GA,2040,11,136,92,0.04671992350119942
GA,2040,11,137,92,0.0512105648485032
GA,2040,11,138,92,0.051212699734143
GA,2040,11,139,92,0.0512148347087781
GA,2040,11,140,92,0.051216969772410685
GA,2040,11,141,92,0.05121910492505602
GA,2040,11,142,92,0.05122124016671409
GA,2040,11,143,92,0.05122337549737837
GA,2040,11,144,92,0.05111229617182351
GA,2040,11,145,92,0.04865940631000472
GA,2040,11,146,92,0.0
GA,2040,11,147,92,0.05027537968419313
GA,2040,11,148,92,0.05027537968419313
GA,2040,11,149,92,0.05053592448944322
GA,2040,11,150,92,0.050014834878936494
GA,2040,11,151,92,0.05034475911370682
GA,2040,11,152,92,0.05124259747968259
GA,2040,11,153,92,0.05124473370070543
GA,2040,11,154,92,0.05124687001078026
GA,2040,11,155,92,0.050708009994772735
GA,2040,11,156,92,0.04934775779627341
GA,2040,11,157,92,0.046182431378191446
GA,2040,11,158,92,0.04618435664907113
GA,2040,11,159,92,0.04618628200021404
GA,2040,11,160,92,0.04618820743161363
GA,2040,11,161,92,0.04619013294328951
GA,2040,11,162,92,0.05009539122902144
GA,2040,11,163,92,0.05009747962486746
GA,2040,11,164,92,0.050099568107777034
GA,2040,11,165,92,0.050101656677752356
GA,2040,11,166,92,1.3998863353504514e-05
GA,2040,11,167,92,1.3867591048371564e-05
GA,2040,21,0,92,0.0
GA,2040,21,1,92,0.0
GA,2040,21,2,92,0.0
GA,2040,21,3,92,0.0
GA,2040,21,4,92,0.0
GA,2040,21,5,92,0.0
GA,2040,21,6,92,0.0
GA,2040,21,7,92,0.0
GA,2040,21,8,92,0.0
GA,2040,21,9,92,0.0
GA,2040,21,10,92,0.0
GA,2040,21,11,92,0.0
GA,2040,21,12,92,0.0
GA,2040,21,13,92,0.0
GA,2040,21,14,92,0.05009643542694336
GA,2040,21,15,92,0.050575518174990945
GA,2040,21,16,92,0.05027537968419313
GA,2040,21,17,92,0.05021614962420338
GA,2040,21,18,92,0.051570707360665685
GA,2040,21,19,92,0.05418887975850818
GA,2040,21,20,92,0.052753302665239796
GA,2040,21,21,92,0.050224523868128826
GA,2040,21,22,92,0.050712865062487934
GA,2040,21,23,92,0.05022871151377019
GA,2040,21,24,92,0.05027537968419313
GA,2040,21,25,92,0.05027537968419313
GA,2040,21,26,92,0.000745900672796617
GA,2040,21,27,92,0.0
GA,2040,21,28,92,0.0
GA,2040,21,29,92,0.0
GA,2040,21,30,92,0.0
GA,2040,21,31,92,0.0
GA,2040,21,32,92,0.0
GA,2040,21,33,92,0.0
GA,2040,21,34,92,0.0
GA,2040,21,35,92,0.0
GA,2040,21,36,92,0.0
GA,2040,21,37,92,0.0
GA,2040,21,38,92,0.0
GA,2040,21,39,92,0.04974466109890416
GA,2040,21,40,92,0.0
GA,2040,21,41,92,0.0
GA,2040,21,42,92,0.0
GA,2040,21,43,92,0.0
GA,2040,21,44,92,0.0
GA,2040,21,45,92,0.0
GA,2040,21,46,92,0.0
GA,2040,21,47,92,0.0
GA,2040,21,48,92,0.0
GA,2040,21,49,92,0.0
GA,2040,21,50,92,0.0
GA,2040,21,51,92,0.0
GA,2040,21,52,92,0.0
GA,2040,21,53,92,0.0
GA,2040,21,54,92,0.0
GA,2040,21,55,92,0.0
GA,2040,21,56,92,0.0
GA,2040,21,57,92,0.0
GA,2040,21,58,92,0.0
GA,2040,21,59,92,0.0
GA,2040,21,60,92,0.0
GA,2040,21,61,92,0.0
GA,2040,21,62,92,0.0
GA,2040,21,63,92,0.0
GA,2040,21,64,92,0.0
GA,2040,21,65,92,0.0
GA,2040,21,66,92,0.0
GA,2040,21,67,92,0.0
GA,2040,21,68,92,0.0
GA,2040,21,69,92,0.0
GA,2040,21,70,92,0.0
GA,2040,21,71,92,0.0
GA,2040,21,72,92,0.0
GA,2040,21,73,92,0.0
GA,2040,21,74,92,0.0
GA,2040,21,75,92,0.0
GA,2040,21,76,92,0.0
GA,2040,21,77,92,0.0
GA,2040,21,78,92,0.0
GA,2040,21,79,92,0.0
GA,2040,21,80,92,0.0
GA,2040,21,81,92,0.0
GA,2040,21,82,92,0.0
GA,2040,21,83,92,0.0
GA,2040,21,84,92,0.0
GA,2040,21,85,92,0.0
GA,2040,21,86,92,0.0
GA,2040,21,87,92,0.0
GA,2040,21,88,92,0.0
GA,2040,21,89,92,0.0
GA,2040,21,90,92,0.0
GA,2040,21,91,92,0.0
GA,2040,21,92,92,0.0
GA,2040,21,93,92,0.0
GA,2040,21,94,92,0.0007502544396143779
GA,2040,21,95,92,0.0
GA,2040,21,96,92,0.0
GA,2040,21,97,92,0.0
GA,2040,21,98,92,0.0
GA,2040,21,99,92,0.0
GA,2040,21,100,92,0.0007504421205448909
GA,2040,21,101,92,0.0007504734052607913
GA,2040,21,102,92,0.0007505046912783281
GA,2040,21,103,92,0.0
GA,2040,21,104,92,0.0
GA,2040,21,105,92,0.0
GA,2040,21,106,92,0.0
GA,2040,21,107,92,0.0
GA,2040,21,108,92,0.0
GA,2040,21,109,92,0.0
GA,2040,21,110,92,0.0
GA,2040,21,111,92,0.0
GA,2040,21,112,92,0.0
GA,2040,21,113,92,0.0
GA,2040,21,114,92,0.05044432712512725
GA,2040,21,115,92,0.05044643006754522
GA,2040,21,116,92,0.050448533097630685
GA,2040,21,117,92,0.050450636215398914
GA,2040,21,118,92,0.05045273942083465
GA,2040,21,119,92,0.0
GA,2040,21,120,92,0.0
GA,2040,21,121,92,0.0
GA,2040,21,122,92,0.0
GA,2040,21,123,92,0.0
GA,2040,21,124,92,0.0
GA,2040,21,125,92,0.0
GA,2040,21,126,92,0.0
GA,2040,21,127,92,0.0
GA,2040,21,128,92,0.0
GA,2040,21,129,92,0.0
GA,2040,21,130,92,0.0
GA,2040,21,131,92,0.0
GA,2040,21,132,92,0.0
GA,2040,21,133,92,0.0
GA,2040,21,134,92,0.0
GA,2040,21,135,92,0.0
GA,2040,21,136,92,0.0
GA,2040,21,137,92,0.0
GA,2040,21,138,92,0.050788502285852334
GA,2040,21,139,92,0.05079061957637867
GA,2040,21,140,92,0.05079273695517863
GA,2040,21,141,92,0.050794854422239126
GA,2040,21,142,92,0.05079697197757761
GA,2040,21,143,92,0.0507990896211919
GA,2040,21,144,92,0.05027537968419313
GA,2040,21,145,92,0.05027537968419313
GA,2040,21,146,92,0.05027537968419313
GA,2040,21,147,92,0.05080756107850086
GA,2040,21,148,92,0.05080967916355522
GA,2040,21,149,92,0.05081179733691374
GA,2040,21,150,92,0.05081391559857421
GA,2040,21,151,92,0.05081603394854103
GA,2040,21,152,92,0.05028170416681916
GA,2040,21,153,92,0.0465538420771951
GA,2040,21,154,92,0.04584858329500492
GA,2040,21,155,92,0.045850494648297394
GA,2040,21,156,92,0.04585240608127531
GA,2040,21,157,92,0.0458543175939343
GA,2040,21,158,92,0.04585622918627874
GA,2040,21,159,92,0.045858140858315154
GA,2040,21,160,92,0.045860052610045735
GA,2040,21,161,92,0.046351259098416246
GA,2040,21,162,92,0.05027014019084063
GA,2040,21,163,92,0.05027223587168844
GA,2040,21,164,92,0.05027433163990287
GA,2040,21,165,92,0.0502764274954861
GA,2040,21,166,92,0.05027852343844468
GA,2040,21,167,92,0.0502806194687786
GA,2040,42,0,92,0.0
GA,2040,42,1,92,0.0
GA,2040,42,2,92,0.0
GA,2040,42,3,92,0.0
GA,2040,42,4,92,0.0
GA,2040,42,5,92,0.0
GA,2040,42,6,92,0.0
GA,2040,42,7,92,0.0
GA,2040,42,8,92,0.0
GA,2040,42,9,92,0.0
GA,2040,42,10,92,1.0901477589744002e-14
GA,2040,42,11,92,0.0
GA,2040,42,12,92,0.0
GA,2040,42,13,92,0.0
GA,2040,42,14,92,0.0
GA,2040,42,15,92,0.0
GA,2040,42,16,92,0.0
GA,2040,42,17,92,0.0
GA,2040,42,18,92,0.0
GA,2040,42,19,92,0.0
GA,2040,42,20,92,0.0
GA,2040,42,21,92,0.0
GA,2040,42,22,92,0.0
GA,2040,42,23,92,0.049630678739257535
GA,2040,42,24,92,0.04963274776198961
GA,2040,42,25,92,0.04974466109890416
GA,2040,42,26,92,0.04985036685007045
GA,2040,42,27,92,0.04963895534773786
GA,2040,42,28,92,0.04964102471551043
GA,2040,42,29,92,0.05125539479445251
GA,2040,42,30,92,0.05274808470537103
GA,2040,42,31,92,0.05384253606128349
GA,2040,42,32,92,0.0
GA,2040,42,33,92,0.049651372848481125
GA,2040,42,34,92,0.04948791394857592
GA,2040,42,35,92,0.0
GA,2040,42,36,92,0.0
GA,2040,42,37,92,0.0
GA,2040,42,38,92,0.0
GA,2040,42,39,92,0.0
GA,2040,42,40,92,0.0
GA,2040,42,41,92,0.0
GA,2040,42,42,92,0.0
GA,2040,42,43,92,0.0
GA,2040,42,44,92,0.0
GA,2040,42,45,92,0.0
GA,2040,42,46,92,0.0
GA,2040,42,47,92,0.0
GA,2040,42,48,92,0.04968243019218054
GA,2040,42,49,92,0.04974466109890416
GA,2040,42,50,92,0.04925563102271416
GA,2040,42,51,92,0.0
GA,2040,42,52,92,0.0
GA,2040,42,53,92,0.051672044595251806
GA,2040,42,54,92,0.0
GA,2040,42,55,92,0.0
GA,2040,42,56,92,0.0
GA,2040,42,57,92,0.0
GA,2040,42,58,92,0.0
GA,2040,42,59,92,0.0
GA,2040,42,60,92,0.0
GA,2040,42,61,92,0.0
GA,2040,42,62,92,0.0
GA,2040,42,63,92,0.0
GA,2040,42,64,92,0.0
GA,2040,42,65,92,0.0
GA,2040,42,66,92,0.0
GA,2040,42,67,92,0.0
GA,2040,42,68,92,0.0
GA,2040,42,69,92,0.0
GA,2040,42,70,92,0.0
GA,2040,42,71,92,0.0
GA,2040,42,72,92,0.0
GA,2040,42,73,92,0.0
GA,2040,42,74,92,0.0
GA,2040,42,75,92,0.0
GA,2040,42,76,92,0.0
GA,2040,42,77,92,0.0
GA,2040,42,78,92,0.0
GA,2040,42,79,92,0.0
GA,2040,42,80,92,0.0
GA,2040,42,81,92,0.0
GA,2040,42,82,92,0.0
GA,2040,42,83,92,0.0
GA,2040,42,84,92,0.0
GA,2040,42,85,92,0.0
GA,2040,42,86,92,0.0
GA,2040,42,87,92,0.0
GA,2040,42,88,92,0.0
GA,2040,42,89,92,0.0
GA,2040,42,90,92,0.0
GA,2040,42,91,92,0.0
GA,2040,42,92,92,0.0
GA,2040,42,93,92,0.0
GA,2040,42,94,92,0.0
GA,2040,42,95,92,0.0
GA,2040,42,96,92,0.0
GA,2040,42,97,92,0.0
GA,2040,42,98,92,0.0
GA,2040,42,99,92,0.0
GA,2040,42,100,92,0.0
GA,2040,42,101,92,0.0
GA,2040,42,102,92,0.010849284419806928
GA,2040,42,103,92,0.010849736708930061
GA,2040,42,104,92,0.05556196421939852
GA,2040,42,105,92,0.04181624949777222
GA,2040,42,106,92,0.04218386184933983
GA,2040,42,107,92,0.0418197360740796
GA,2040,42,108,92,0.041821479471243705
GA,2040,42,109,92,0.04182322294109451
GA,2040,42,110,92,0.04182496648362546
GA,2040,42,111,92,0.04182671009883656
GA,2040,42,112,92,0.050645142606812785
GA,2040,42,113,92,0.051187602138295984
GA,2040,42,114,92,0.05118973606664869
GA,2040,42,115,92,0.05119187008396618
GA,2040,42,116,92,0.051194004190244086
GA,2040,42,117,92,0.05119613838549113
GA,2040,42,118,92,0.0480405956875713
GA,2040,42,119,92,0.04995500344446909
GA,2040,42,120,92,0.05009643542694336
GA,2040,42,121,92,0.04671649854968682
GA,2040,42,122,92,0.04671844608496379
GA,2040,42,123,92,0.04672039370142843
GA,2040,42,124,92,0.04788667772525277
GA,2040,42,125,92,0.05067259655642598
GA,2040,42,126,92,0.05067470901503153
GA,2040,42,127,92,0.05067682156169922
GA,2040,42,128,92,0.05067893419643995
GA,2040,42,129,92,0.04746297006239548
GA,2040,42,130,92,0.04632869567514175
GA,2040,42,131,92,0.046140364183621656
GA,2040,42,132,92,0.04614228770078719
GA,2040,42,133,92,0.046144211298143986
GA,2040,42,134,92,0.046146134975689874
GA,2040,42,135,92,0.04614805873343139
GA,2040,42,136,92,0.04966790115040691
GA,2040,42,137,92,0.051037916932717996
GA,2040,42,138,92,0.051040044620936295
GA,2040,42,139,92,0.051042172397859915
GA,2040,42,140,92,0.05104430026348014
GA,2040,42,141,92,0.05104642821781223
GA,2040,42,142,92,0.04974466109890416
GA,2040,42,143,92,0.05009643542694336
GA,2040,42,144,92,0.05009643542694336
GA,2040,42,145,92,0.05009643542694336
GA,2040,42,146,92,0.05009643542694336
GA,2040,42,147,92,0.04974466109890416
GA,2040,42,148,92,0.05071805677505443
GA,2040,42,149,92,0.05106345504636639
GA,2040,42,150,92,0.051065583799227356
GA,2040,42,151,92,0.051067712640837246
GA,2040,42,152,92,0.051069841571189524
GA,2040,42,153,92,0.04835856654457193
GA,2040,42,154,92,0.046686047878557
GA,2040,42,155,92,0.04668799414439615
GA,2040,42,156,92,0.04668994049137064
GA,2040,42,157,92,0.046691886919482645
GA,2040,42,158,92,0.04669383342874089
GA,2040,42,159,92,0.04669578001914319
GA,2040,42,160,92,0.05108687620940307
GA,2040,42,161,92,0.05108900593865487
GA,2040,42,162,92,0.05109113575669485
GA,2040,42,163,92,0.051093265663520814
GA,2040,42,164,92,0.05109539565914368
GA,2040,42,165,92,0.0510975257435569
GA,2040,42,166,92,0.051099655916773554
GA,2040,42,167,92,0.048092124620501796
GA,2040,52,0,92,0.0
GA,2040,52,1,92,0.09971838225495808
GA,2040,52,2,92,0.051190803008584945
GA,2040,52,3,92,0.0511929370703652
GA,2040,52,4,92,0.05119507122114075
GA,2040,52,5,92,0.05119720546086583
GA,2040,52,6,92,0.05276339116305174
GA,2040,52,7,92,0.05552811377648103
GA,2040,52,8,92,0.05553042865375299
GA,2040,52,9,92,0.055051096997101305
GA,2040,52,10,92,0.0372844652946385
GA,2040,52,11,92,1.3998863353504514e-05
GA,2040,52,12,92,1.3997112729543955e-05
GA,2040,52,13,92,1.3997696246539865e-05
GA,2040,52,14,92,1.3998279787857567e-05
GA,2040,52,15,92,1.3998863353504514e-05
GA,2040,52,16,92,1.518243165301991e-05
GA,2040,52,17,92,1.5183064584042875e-05
GA,2040,52,18,92,1.5183697541451888e-05
GA,2040,52,19,92,1.3998863353504514e-05
GA,2040,52,20,92,1.3998863353504514e-05
GA,2040,52,21,92,1.3867591048373692e-05
GA,2040,52,22,92,1.3867591048373692e-05
GA,2040,52,23,92,1.3867591048373692e-05
GA,2040,52,24,92,1.3829740008874783e-05
GA,2040,52,25,92,1.3829519081121522e-05
GA,2040,52,26,92,1.3741791093258927e-05
GA,2040,52,27,92,1.3741791093258927e-05
GA,2040,52,28,92,1.3738233992502059e-05
GA,2040,52,29,92,1.3738233992502059e-05
GA,2040,52,30,92,1.3738233992502059e-05
GA,2040,52,31,92,1.3741791093258927e-05
GA,2040,52,32,92,1.3829519081121522e-05
GA,2040,52,33,92,1.3741791093258927e-05
GA,2040,52,34,92,1.3738233992502059e-05
GA,2040,52,35,92,1.3738233992502059e-05
GA,2040,52,36,92,1.3738233992502059e-05
GA,2040,52,37,92,1.3738233992502059e-05
GA,2040,52,38,92,1.3738233992502059e-05
GA,2040,52,39,92,1.3738233992502059e-05
GA,2040,52,40,92,1.3738233992502059e-05
GA,2040,52,41,92,1.3738233992502059e-05
GA,2040,52,42,92,1.3738233992502059e-05
GA,2040,52,43,92,1.3738233992502059e-05
GA,2040,52,44,92,1.3738233992502059e-05
GA,2040,52,45,92,1.3738233992502059e-05
GA,2040,52,46,92,1.3738233992502059e-05
GA,2040,52,47,92,1.3738233992502059e-05
GA,2040,52,48,92,1.3700998574268226e-05
GA,2040,52,49,92,1.289291156942706e-05
GA,2040,52,50,92,-2.114589978917867e-08
GA,2040,52,51,92,0.0
GA,2040,52,52,92,0.0
GA,2040,52,53,92,-2.114589978917867e-08
GA,2040,52,54,92,1.289291156942706e-05
GA,2040,52,55,92,1.289291156942706e-05
GA,2040,52,56,92,1.3700998574268226e-05
GA,2040,52,57,92,1.3700998574268226e-05
GA,2040,52,58,92,1.3738233992502059e-05
GA,2040,52,59,92,1.3738233992502059e-05
GA,2040,52,60,92,1.3738233992502059e-05
GA,2040,52,61,92,1.3700998574268226e-05
GA,2040,52,62,92,1.3700998574268226e-05
GA,2040,52,63,92,1.3700998574268226e-05
GA,2040,52,64,92,1.3700998574268226e-05
GA,2040,52,65,92,1.3738233992502059e-05
GA,2040,52,66,92,1.3738233992502059e-05
GA,2040,52,67,92,1.3738233992502059e-05
GA,2040,52,68,92,1.3738233992502059e-05
GA,2040,52,69,92,1.3738233992502059e-05
GA,2040,52,70,92,1.3738233992502059e-05
GA,2040,52,71,92,0.0
GA,2040,52,72,92,0.0
GA,2040,52,73,92,0.0
GA,2040,52,74,92,-2.114589978917867e-08
GA,2040,52,75,92,0.0
GA,2040,52,76,92,0.0
GA,2040,52,77,92,0.0
GA,2040,52,78,92,0.0
GA,2040,52,79,92,0.0
GA,2040,52,80,92,0.0
GA,2040,52,81,92,0.0
GA,2040,52,82,92,0.0
GA,2040,52,83,92,0.0
GA,2040,52,84,92,0.0
GA,2040,52,85,92,0.0
GA,2040,52,86,92,0.0
GA,2040,52,87,92,0.0
GA,2040,52,88,92,2.693558598675265e-07
GA,2040,52,89,92,2.693558598675265e-07
GA,2040,52,90,92,2.6935585989946443e-07
GA,2040,52,91,92,2.6935585989946443e-07
GA,2040,52,92,92,2.6935585989946443e-07
GA,2040,52,93,92,2.6935585989946443e-07
GA,2040,52,94,92,2.6935585989946443e-07
GA,2040,52,95,92,2.6935585989946443e-07
GA,2040,52,96,92,1.3750830832812334e-05
GA,2040,52,97,92,1.3738233992502059e-05
GA,2040,52,98,92,1.3738233992502059e-05
GA,2040,52,99,92,1.371471328755655e-05
GA,2040,52,100,92,1.3738233992502059e-05
GA,2040,52,101,92,1.3738233992502059e-05
GA,2040,52,102,92,1.3829519081121522e-05
GA,2040,52,103,92,1.3867591048371564e-05
GA,2040,52,104,92,1.3867591048373692e-05
GA,2040,52,105,92,1.3867591048373692e-05
GA,2040,52,106,92,1.3867591048373692e-05
GA,2040,52,107,92,1.3829519081121522e-05
GA,2040,52,108,92,1.3829519081121522e-05
GA,2040,52,109,92,1.3738233992502059e-05
GA,2040,52,110,92,1.3738233992502059e-05
GA,2040,52,111,92,1.3829519081121522e-05
GA,2040,52,112,92,1.3867591048371564e-05
GA,2040,52,113,92,1.3867591048373692e-05
GA,2040,52,114,92,1.3867591048373692e-05
GA,2040,52,115,92,1.3867591048373692e-05
GA,2040,52,116,92,1.3867591048373692e-05
GA,2040,52,117,92,1.3829740008874783e-05
GA,2040,52,118,92,1.3829519081121522e-05
GA,2040,52,119,92,1.3738233992502059e-05
GA,2040,52,120,92,1.3738233992502059e-05
GA,2040,52,121,92,1.3738233992502059e-05
GA,2040,52,122,92,1.3738233992502059e-05
GA,2040,52,123,92,1.3738233992502059e-05
GA,2040,52,124,92,1.3738233992502059e-05
GA,2040,52,125,92,1.3738233992502059e-05
GA,2040,52,126,92,1.3738233992502059e-05
GA,2040,52,127,92,1.3829519081121522e-05
GA,2040,52,128,92,1.3829740008874783e-05
GA,2040,52,129,92,1.3783290581949002e-05
GA,2040,52,130,92,1.373244844610089e-05
GA,2040,52,131,92,1.3733020929668748e-05
GA,2040,52,132,92,1.3733593437103815e-05
GA,2040,52,133,92,1.0796192557623706e-06
GA,2040,52,134,92,1.3734738523573446e-05
GA,2040,52,135,92,1.3740525034794772e-05
GA,2040,52,136,92,1.3867591048373692e-05
GA,2040,52,137,92,1.3998863353504514e-05
GA,2040,52,138,92,1.3998863353504514e-05
GA,2040,52,139,92,0.0
GA,2040,52,140,92,0.0
GA,2040,52,141,92,0.0
GA,2040,52,142,92,0.0
GA,2040,52,143,92,0.0
GA,2040,52,144,92,0.0
GA,2040,52,145,92,0.0
GA,2040,52,146,92,0.0
GA,2040,52,147,92,0.0
GA,2040,52,148,92,0.0
GA,2040,52,149,92,0.0
GA,2040,52,150,92,0.0
GA,2040,52,151,92,0.0
GA,2040,52,152,92,0.0
GA,2040,52,153,92,0.0
GA,2040,52,154,92,0.0
GA,2040,52,155,92,0.0
GA,2040,52,156,92,0.0
GA,2040,52,157,92,0.0
GA,2040,52,158,92,0.0
GA,2040,52,159,92,1.4040508090214744e-05
GA,2040,52,160,92,0.05171685320392872
GA,2040,52,161,92,0.05171900919590402
GA,2040,52,162,92,0.05172116527775982
GA,2040,52,163,92,0.05172332144950048
GA,2040,52,164,92,0.05172547771112819
GA,2040,52,165,92,0.05172763406264294
GA,2040,52,166,92,0.051729790504053456
GA,2040,52,167,92,0.04775953169375703
DE,2040,11,0,92,1.3662579689187193e-05
DE,2040,11,1,92,1.3820874010305685e-05
DE,2040,11,2,92,1.3821450180193284e-05
DE,2040,11,3,92,1.3822026374100331e-05
DE,2040,11,4,92,1.3822602592026825e-05
DE,2040,11,5,92,1.3750830832812334e-05
DE,2040,11,6,92,1.3867591048373692e-05
DE,2040,11,7,92,1.3867591048373692e-05
DE,2040,11,8,92,1.3867591048373692e-05
DE,2040,11,9,92,2.6935585989946443e-07
DE,2040,11,10,92,1.3750830832812334e-05
DE,2040,11,11,92,1.3750830832812334e-05
DE,2040,11,12,92,1.3827213200304945e-05
DE,2040,11,13,92,1.382778963446182e-05
DE,2040,11,14,92,1.3828366092650918e-05
DE,2040,11,15,92,1.3828942574870108e-05
DE,2040,11,16,92,1.3829519081121522e-05
DE,2040,11,17,92,1.383009561140835e-05
DE,2040,11,18,92,1.3867591048373692e-05
DE,2040,11,19,92,1.3867591048371564e-05
DE,2040,11,20,92,1.3980610790070922e-05
DE,2040,11,21,92,1.3980610790070922e-05
DE,2040,11,22,92,1.3888400272359501e-05
DE,2040,11,23,92,1.7109788907445389e-06
DE,2040,11,24,92,1.9169593816541605e-06
DE,2040,11,25,92,0.0
DE,2040,11,26,92,0.0
DE,2040,11,27,92,0.0
DE,2040,11,28,92,0.0
DE,2040,11,29,92,0.0
DE,2040,11,30,92,0.0
DE,2040,11,31,92,0.0
DE,2040,11,32,92,0.0
DE,2040,11,33,92,0.0
DE,2040,11,34,92,0.05163223148551318
DE,2040,11,35,92,0.04891852788286872
DE,2040,11,36,92,0.050405652086817083
DE,2040,11,37,92,0.04965947058459054
DE,2040,11,38,92,0.04970095439633739
DE,2040,11,39,92,0.048157378795296406
DE,2040,11,40,92,0.04815938639853905
DE,2040,11,41,92,0.05223114005639591
DE,2040,11,42,92,0.05223331748815457
DE,2040,11,43,92,0.052235495010692
DE,2040,11,44,92,0.05223767262400387
DE,2040,11,45,92,0.05223985032809887
DE,2040,11,46,92,0.052242028122981385
DE,2040,11,47,92,0.05224420600864704
DE,2040,11,48,92,1.3980610790070922e-05
DE,2040,11,49,92,1.3867591048371564e-05
DE,2040,11,50,92,1.3867591048373692e-05
DE,2040,11,51,92,1.3867591048373692e-05
DE,2040,11,52,92,1.3829740008874783e-05
DE,2040,11,53,92,1.3867591048371564e-05
DE,2040,11,54,92,1.3867591048373692e-05
DE,2040,11,55,92,1.3980610790070922e-05
DE,2040,11,56,92,2.693558598675265e-07
DE,2040,11,57,92,1.3750830832812334e-05
DE,2040,11,58,92,1.3829519081121522e-05
DE,2040,11,59,92,1.3829519081121522e-05
DE,2040,11,60,92,1.362417521939932e-05
DE,2040,11,61,92,1.3418822797221575e-05
DE,2040,11,62,92,1.321346181423378e-05
DE,2040,11,63,92,1.3008092270079293e-05
DE,2040,11,64,92,1.280271416440041e-05
DE,2040,11,65,92,2.6935585989946443e-07
DE,2040,11,66,92,0.0
DE,2040,11,67,92,0.0
DE,2040,11,68,92,0.0
DE,2040,11,69,92,0.0
DE,2040,11,70,92,0.0
DE,2040,11,71,92,0.0
DE,2040,11,72,92,0.0
DE,2040,11,73,92,0.0
DE,2040,11,74,92,0.0
DE,2040,11,75,92,0.0
DE,2040,11,76,92,0.0
DE,2040,11,77,92,0.0
DE,2040,11,78,92,0.0
DE,2040,11,79,92,0.0
DE,2040,11,80,92,0.0
DE,2040,11,81,92,0.0
DE,2040,11,82,92,0.0
DE,2040,11,83,92,0.0
DE,2040,11,84,92,0.0
DE,2040,11,85,92,0.0
DE,2040,11,86,92,0.0
DE,2040,11,87,92,0.0
DE,2040,11,88,92,0.0
DE,2040,11,89,92,0.0
DE,2040,11,90,92,0.0
DE,2040,11,91,92,0.0
DE,2040,11,92,92,0.0
DE,2040,11,93,92,0.0
DE,2040,11,94,92,0.0
DE,2040,11,95,92,0.0
DE,2040,11,96,92,0.0
DE,2040,11,97,92,0.0
DE,2040,11,98,92,0.0
DE,2040,11,99,92,0.0
DE,2040,11,100,92,0.0
DE,2040,11,101,92,0.0
DE,2040,11,102,92,0.0
DE,2040,11,103,92,0.0
DE,2040,11,104,92,0.0
DE,2040,11,105,92,0.0
DE,2040,11,106,92,0.0
DE,2040,11,107,92,0.0
DE,2040,11,108,92,0.0
DE,2040,11,109,92,0.0
DE,2040,11,110,92,0.0
DE,2040,11,111,92,0.0
DE,2040,11,112,92,0.0
DE,2040,11,113,92,0.05863410871142935
DE,2040,11,114,92,0.05863655307259736
DE,2040,11,115,92,0.058638997535676744
DE,2040,11,116,92,0.05864144210065442
DE,2040,11,117,92,0.05864388676753475
DE,2040,11,118,92,0.05864633153634825
DE,2040,11,119,92,0.05864877640705569
DE,2040,11,120,92,0.04817291727696064
DE,2040,11,121,92,0.04817492552797998
DE,2040,11,122,92,0.04817693386271831
DE,2040,11,123,92,0.05009643542694336
DE,2040,11,124,92,0.04953343214287343
DE,2040,11,125,92,0.050659438711013284
DE,2040,11,126,92,0.050405652086817083
DE,2040,11,127,92,0.050405652086817083
DE,2040,11,128,92,0.05116701195940132
DE,2040,11,129,92,0.05090350204618485
DE,2040,11,130,92,0.051338237083566794
DE,2040,11,131,92,0.048195012643371796
DE,2040,11,132,92,0.04819702181551149
DE,2040,11,133,92,0.04819903107140724
DE,2040,11,134,92,0.04820104041106775
DE,2040,11,135,92,0.04820304983449086
DE,2040,11,136,92,0.048205059341687465
DE,2040,11,137,92,0.052280674530743136
DE,2040,11,138,92,0.05228285402751855
DE,2040,11,139,92,0.05228503361514905
DE,2040,11,140,92,0.05228721329364772
DE,2040,11,141,92,0.05228939306301458
DE,2040,11,142,92,0.05229157292325179
DE,2040,11,143,92,0.052293752874359355
DE,2040,11,144,92,0.05009643542694336
DE,2040,11,145,92,0.04978721876707181
DE,2040,11,146,92,0.0
DE,2040,11,147,92,0.0
DE,2040,11,148,92,0.0
DE,2040,11,149,92,0.05098994771346702
DE,2040,11,150,92,0.05027537968419313
DE,2040,11,151,92,0.050405652086817083
DE,2040,11,152,92,0.050477224455406415
DE,2040,11,153,92,0.05231555738442095
DE,2040,11,154,92,0.05231773833540987
DE,2040,11,155,92,0.05176761815614679
DE,2040,11,156,92,0.049496656079175604
DE,2040,11,157,92,0.048247278349758865
DE,2040,11,158,92,0.04824928970076598
DE,2040,11,159,92,0.04825130113562726
DE,2040,11,160,92,0.04825331265433835
DE,2040,11,161,92,0.048909452367860005
DE,2040,11,162,92,0.05233518921673182
DE,2040,11,163,92,0.05233737098614262
DE,2040,11,164,92,0.052339552846495725
DE,2040,11,165,92,0.05234173479781076
DE,2040,11,166,92,0.052343916840089905
DE,2040,11,167,92,1.3998863353504514e-05
DE,2040,21,0,92,0.0
DE,2040,21,1,92,0.0
DE,2040,21,2,92,0.0
DE,2040,21,3,92,0.0
DE,2040,21,4,92,0.0
DE,2040,21,5,92,0.0
DE,2040,21,6,92,0.0
DE,2040,21,7,92,0.0
DE,2040,21,8,92,0.0
DE,2040,21,9,92,0.0
DE,2040,21,10,92,0.0
DE,2040,21,11,92,0.0
DE,2040,21,12,92,0.0
DE,2040,21,13,92,0.0
DE,2040,21,14,92,0.0
DE,2040,21,15,92,0.051194004190244086
DE,2040,21,16,92,0.050659438711013284
DE,2040,21,17,92,0.05063832442243245
DE,2040,21,18,92,0.05403324056432404
DE,2040,21,19,92,0.014684101556385066
DE,2040,21,20,92,0.05481158356592802
DE,2040,21,21,92,0.050659438711013284
DE,2040,21,22,92,0.050790039432801165
DE,2040,21,23,92,0.05065099192171607
DE,2040,21,24,92,0.05065310347966117
DE,2040,21,25,92,0.050655215125631335
DE,2040,21,26,92,0.0
DE,2040,21,27,92,0.0
DE,2040,21,28,92,0.0
DE,2040,21,29,92,0.0
DE,2040,21,30,92,0.0
DE,2040,21,31,92,0.0
DE,2040,21,32,92,0.0
DE,2040,21,33,92,0.0
DE,2040,21,34,92,0.0
DE,2040,21,35,92,0.0
DE,2040,21,36,92,0.0
DE,2040,21,37,92,0.0
DE,2040,21,38,92,0.0
DE,2040,21,39,92,0.0
DE,2040,21,40,92,0.0
DE,2040,21,41,92,0.0
DE,2040,21,42,92,0.0
DE,2040,21,43,92,0.0
DE,2040,21,44,92,0.0
DE,2040,21,45,92,0.0
DE,2040,21,46,92,0.0
DE,2040,21,47,92,0.0
DE,2040,21,48,92,0.0
DE,2040,21,49,92,0.0
DE,2040,21,50,92,0.0
DE,2040,21,51,92,0.0
DE,2040,21,52,92,0.0
DE,2040,21,53,92,0.0
DE,2040,21,54,92,0.0
DE,2040,21,55,92,0.0
DE,2040,21,56,92,0.0
DE,2040,21,57,92,0.0
DE,2040,21,58,92,0.0
DE,2040,21,59,92,0.0
DE,2040,21,60,92,0.0
DE,2040,21,61,92,0.0
DE,2040,21,62,92,0.0
DE,2040,21,63,92,0.0
DE,2040,21,64,92,0.0
DE,2040,21,65,92,0.0
DE,2040,21,66,92,0.0
DE,2040,21,67,92,0.0
DE,2040,21,68,92,0.0
DE,2040,21,69,92,0.0
DE,2040,21,70,92,0.0
DE,2040,21,71,92,0.0
DE,2040,21,72,92,0.0
DE,2040,21,73,92,0.0
DE,2040,21,74,92,0.0
DE,2040,21,75,92,0.0
DE,2040,21,76,92,0.0
DE,2040,21,77,92,0.0
DE,2040,21,78,92,0.0
DE,2040,21,79,92,0.0
DE,2040,21,80,92,0.0
DE,2040,21,81,92,0.0
DE,2040,21,82,92,0.0
DE,2040,21,83,92,0.0
DE,2040,21,84,92,0.0
DE,2040,21,85,92,0.0
DE,2040,21,86,92,0.0
DE,2040,21,87,92,0.0
DE,2040,21,88,92,0.0
DE,2040,21,89,92,0.0
DE,2040,21,90,92,0.0
DE,2040,21,91,92,0.0
DE,2040,21,92,92,0.0
DE,2040,21,93,92,0.0
DE,2040,21,94,92,0.0
DE,2040,21,95,92,0.0
DE,2040,21,96,92,0.0
DE,2040,21,97,92,0.0
DE,2040,21,98,92,0.0
DE,2040,21,99,92,0.0
DE,2040,21,100,92,0.0
DE,2040,21,101,92,0.0
DE,2040,21,102,92,0.0
DE,2040,21,103,92,0.0
DE,2040,21,104,92,0.0
DE,2040,21,105,92,0.0
DE,2040,21,106,92,0.0
DE,2040,21,107,92,0.0
DE,2040,21,108,92,0.0
DE,2040,21,109,92,0.0
DE,2040,21,110,92,0.0
DE,2040,21,111,92,0.0
DE,2040,21,112,92,0.0
DE,2040,21,113,92,0.0
DE,2040,21,114,92,0.022344578008363744
DE,2040,21,115,92,0.022345509517685654
DE,2040,21,116,92,0.02234644106584081
DE,2040,21,117,92,0.05107955312450317
DE,2040,21,118,92,0.0
DE,2040,21,119,92,0.0
DE,2040,21,120,92,0.0
DE,2040,21,121,92,0.0
DE,2040,21,122,92,0.0
DE,2040,21,123,92,0.0
DE,2040,21,124,92,0.0
DE,2040,21,125,92,0.0
DE,2040,21,126,92,0.0
DE,2040,21,127,92,0.0
DE,2040,21,128,92,0.0
DE,2040,21,129,92,0.0
DE,2040,21,130,92,0.0
DE,2040,21,131,92,0.0
DE,2040,21,132,92,0.0
DE,2040,21,133,92,0.0
DE,2040,21,134,92,0.0
DE,2040,21,135,92,0.0
DE,2040,21,136,92,0.0
DE,2040,21,137,92,0.0
DE,2040,21,138,92,0.05120458689478641
DE,2040,21,139,92,0.05120672153120317
DE,2040,21,140,92,0.051208856256613054
DE,2040,21,141,92,0.051210991071020416
DE,2040,21,142,92,0.05121312597441436
DE,2040,21,143,92,0.05099714587122964
DE,2040,21,144,92,0.050405652086817083
DE,2040,21,145,92,0.050575518174990945
DE,2040,21,146,92,0.050575518174990945
DE,2040,21,147,92,0.05074335924703344
DE,2040,21,148,92,0.0511237313743095
DE,2040,21,149,92,0.05122807279045689
DE,2040,21,150,92,0.051230208405970236
DE,2040,21,151,92,0.05123234411050505
DE,2040,21,152,92,0.05123447990408531
DE,2040,21,153,92,0.04724436115782718
DE,2040,21,154,92,0.050405652086817083
DE,2040,21,155,92,0.050659438711013284
DE,2040,21,156,92,0.04753692624888055
DE,2040,21,157,92,0.047252239814541984
DE,2040,21,158,92,0.047254209684005316
DE,2040,21,159,92,0.04725617963558948
DE,2040,21,160,92,0.04725814966929447
DE,2040,21,161,92,0.047260119785131206
DE,2040,21,162,92,0.05125584273751846
DE,2040,21,163,92,0.051257979510718574
DE,2040,21,164,92,0.05126011637298813
DE,2040,21,165,92,0.05126225332434674
DE,2040,21,166,92,0.05126439036478568
DE,2040,21,167,92,0.051055368881602024
DE,2040,42,0,92,0.0
DE,2040,42,1,92,0.0
DE,2040,42,2,92,0.0
DE,2040,42,3,92,0.0
DE,2040,42,4,92,0.0
DE,2040,42,5,92,0.0
DE,2040,42,6,92,0.0
DE,2040,42,7,92,0.0
DE,2040,42,8,92,0.0
DE,2040,42,9,92,0.0
DE,2040,42,10,92,0.0
DE,2040,42,11,92,0.0
DE,2040,42,12,92,0.0
DE,2040,42,13,92,0.0
DE,2040,42,14,92,0.0
DE,2040,42,15,92,0.0
DE,2040,42,16,92,0.0
DE,2040,42,17,92,0.0
DE,2040,42,18,92,0.0
DE,2040,42,19,92,0.0
DE,2040,42,20,92,0.0
DE,2040,42,21,92,0.0
DE,2040,42,22,92,0.0
DE,2040,42,23,92,0.0
DE,2040,42,24,92,0.04974466109890416
DE,2040,42,25,92,0.05009643542694336
DE,2040,42,26,92,0.05009643542694336
DE,2040,42,27,92,0.0497425874108782
DE,2040,42,28,92,0.04974466109890416
DE,2040,42,29,92,0.05220918697719529
DE,2040,42,30,92,0.05316290346680171
DE,2040,42,31,92,0.0
DE,2040,42,32,92,0.0
DE,2040,42,33,92,0.04956553556062161
DE,2040,42,34,92,0.05163203391811985
DE,2040,42,35,92,0.04932760798724926
DE,2040,42,36,92,0.049329664375456606
DE,2040,42,37,92,0.049331720849391
DE,2040,42,38,92,0.04933377740905243
DE,2040,42,39,92,0.04933583405444962
DE,2040,42,40,92,0.0
DE,2040,42,41,92,0.0
DE,2040,42,42,92,0.0
DE,2040,42,43,92,0.0
DE,2040,42,44,92,0.0
DE,2040,42,45,92,0.0
DE,2040,42,46,92,0.0
DE,2040,42,47,92,0.0
DE,2040,42,48,92,0.04978615301847016
DE,2040,42,49,92,0.04978822852267575
DE,2040,42,50,92,0.0
DE,2040,42,51,92,0.0
DE,2040,42,52,92,0.0
DE,2040,42,53,92,0.05247031191062346
DE,2040,42,54,92,0.053855495022975604
DE,2040,42,55,92,0.0
DE,2040,42,56,92,0.0
DE,2040,42,57,92,0.0
DE,2040,42,58,92,0.0
DE,2040,42,59,92,0.0
DE,2040,42,60,92,0.0
DE,2040,42,61,92,0.0
DE,2040,42,62,92,0.0
DE,2040,42,63,92,0.0
DE,2040,42,64,92,0.0
DE,2040,42,65,92,0.0
DE,2040,42,66,92,0.0
DE,2040,42,67,92,0.0
DE,2040,42,68,92,0.0
DE,2040,42,69,92,0.0
DE,2040,42,70,92,0.0
DE,2040,42,71,92,0.0
DE,2040,42,72,92,0.0
DE,2040,42,73,92,0.0
DE,2040,42,74,92,0.0
DE,2040,42,75,92,0.0
DE,2040,42,76,92,0.0
DE,2040,42,77,92,0.0
DE,2040,42,78,92,0.0
DE,2040,42,79,92,0.0
DE,2040,42,80,92,0.0
DE,2040,42,81,92,0.0
DE,2040,42,82,92,0.0
DE,2040,42,83,92,0.0
DE,2040,42,84,92,0.0
DE,2040,42,85,92,0.0
DE,2040,42,86,92,0.0
DE,2040,42,87,92,0.0
DE,2040,42,88,92,0.0
DE,2040,42,89,92,0.0
DE,2040,42,90,92,0.0
DE,2040,42,91,92,0.0
DE,2040,42,92,92,0.0
DE,2040,42,93,92,0.0
DE,2040,42,94,92,0.0
DE,2040,42,95,92,0.0
DE,2040,42,96,92,0.0
DE,2040,42,97,92,0.0
DE,2040,42,98,92,0.0
DE,2040,42,99,92,0.0
DE,2040,42,100,92,0.0
DE,2040,42,101,92,0.0
DE,2040,42,102,92,0.0
DE,2040,42,103,92,0.0
DE,2040,42,104,92,0.04918812546240544
DE,2040,42,105,92,0.04760180328006791
DE,2040,42,106,92,0.04760378772226674
DE,2040,42,107,92,0.04760577224719252
DE,2040,42,108,92,0.047607756854851795
DE,2040,42,109,92,0.04760974154524674
DE,2040,42,110,92,0.047611726318377366
DE,2040,42,111,92,0.047613711174252386
DE,2040,42,112,92,0.051256028503458353
DE,2040,42,113,92,0.0521924376338662
DE,2040,42,114,92,0.052194613452188725
DE,2040,42,115,92,0.052196789361213726
DE,2040,42,116,92,0.05219896536095429
DE,2040,42,117,92,0.05220114145140168
DE,2040,42,118,92,0.0481357395292805
DE,2040,42,119,92,0.048137746230414974
DE,2040,42,120,92,0.05027537968419313
DE,2040,42,121,92,0.05027537968419313
DE,2040,42,122,92,0.049450696048170165
DE,2040,42,123,92,0.048296289162793334
DE,2040,42,124,92,0.047639521831708456
DE,2040,42,125,92,0.05166732226237101
DE,2040,42,126,92,0.05166947618948435
DE,2040,42,127,92,0.05167163020638663
DE,2040,42,128,92,0.051673784313088736
DE,2040,42,129,92,0.048135621338068105
DE,2040,42,130,92,0.05122987832574238
DE,2040,42,131,92,0.04724011794838364
DE,2040,42,132,92,0.04724208731250462
DE,2040,42,133,92,0.04724405675872681
DE,2040,42,134,92,0.047246026287050207
DE,2040,42,135,92,0.047247995897481354
DE,2040,42,136,92,0.05155991077489775
DE,2040,42,137,92,0.05169317531490596
DE,2040,42,138,92,0.05169533031979171
DE,2040,42,139,92,0.051697485414512176
DE,2040,42,140,92,0.05169964059907389
DE,2040,42,141,92,0.0517017958734856
DE,2040,42,142,92,0.04974466109890416
DE,2040,42,143,92,0.05023148005508362
DE,2040,42,144,92,0.05009643542694336
DE,2040,42,145,92,0.05025388797966869
DE,2040,42,146,92,0.05025388797966869
DE,2040,42,147,92,0.05009643542694336
DE,2040,42,148,92,0.05014177388018571
DE,2040,42,149,92,0.05171904130367493
DE,2040,42,150,92,0.051721197386869436
DE,2040,42,151,92,0.051723353559946623
DE,2040,42,152,92,0.051725509822908675
DE,2040,42,153,92,0.04926164275569926
DE,2040,42,154,92,0.04769913829972777
DE,2040,42,155,92,0.04770112679966587
DE,2040,42,156,92,0.04770311538250098
DE,2040,42,157,92,0.047705104048241825
DE,2040,42,158,92,0.04770709279687751
DE,2040,42,159,92,0.04770908162842765
DE,2040,42,160,92,0.05174276316302483
DE,2040,42,161,92,0.05174492023514469
DE,2040,42,162,92,0.05174707739719084
DE,2040,42,163,92,0.0517492346491611
DE,2040,42,164,92,0.05175139199106637
DE,2040,42,165,92,0.05175354942290882
DE,2040,42,166,92,0.049521840697835696
DE,2040,42,167,92,0.04948627381826155
DE,2040,52,0,92,0.0
DE,2040,52,1,92,0.10172984817806399
DE,2040,52,2,92,0.051211632254242814
DE,2040,52,3,92,0.05121376718437808
DE,2040,52,4,92,0.05121590220352174
DE,2040,52,5,92,0.0512180373116498
DE,2040,52,6,92,0.05122017250879714
DE,2040,52,7,92,0.05555070784914203
DE,2040,52,8,92,0.055553023668327824
DE,2040,52,9,92,0.0516837450658688
DE,2040,52,10,92,0.04662214008072057
DE,2040,52,11,92,0.04662408368234325
DE,2040,52,12,92,0.04662602736499444
DE,2040,52,13,92,0.0466279711286763
DE,2040,52,14,92,0.04662991497338449
DE,2040,52,15,92,0.04663185889913209
DE,2040,52,16,92,0.05057446399118038
DE,2040,52,17,92,0.050576572358801516
DE,2040,52,18,92,0.05057868081431037
DE,2040,52,19,92,0.050580789357717836
DE,2040,52,20,92,0.04960219376698006
DE,2040,52,21,92,1.3998863353504514e-05
DE,2040,52,22,92,1.3867591048373692e-05
DE,2040,52,23,92,1.3867591048373692e-05
DE,2040,52,24,92,1.3867591048373692e-05
DE,2040,52,25,92,1.3829740008874783e-05
DE,2040,52,26,92,1.3829519081121522e-05
DE,2040,52,27,92,1.3829519081121522e-05
DE,2040,52,28,92,1.3829519081121522e-05
DE,2040,52,29,92,1.3829519081121522e-05
DE,2040,52,30,92,1.3829519081121522e-05
DE,2040,52,31,92,1.3829519081121522e-05
DE,2040,52,32,92,1.3829519081121522e-05
DE,2040,52,33,92,1.3829519081121522e-05
DE,2040,52,34,92,1.3829519081121522e-05
DE,2040,52,35,92,1.3829519081121522e-05
DE,2040,52,36,92,1.3738233992502059e-05
DE,2040,52,37,92,1.3738233992502059e-05
DE,2040,52,38,92,1.3738233992502059e-05
DE,2040,52,39,92,1.3738233992502059e-05
DE,2040,52,40,92,1.3738233992502059e-05
DE,2040,52,41,92,1.3829519081121522e-05
DE,2040,52,42,92,1.3783290581949002e-05
DE,2040,52,43,92,1.3738233992502059e-05
DE,2040,52,44,92,1.3738233992502059e-05
DE,2040,52,45,92,1.3738233992502059e-05
DE,2040,52,46,92,1.3738233992502059e-05
DE,2040,52,47,92,1.3738233992502059e-05
DE,2040,52,48,92,1.3738233992502059e-05
DE,2040,52,49,92,1.3700998574268226e-05
DE,2040,52,50,92,1.289291156942706e-05
DE,2040,52,51,92,1.2689476009578e-05
DE,2040,52,52,92,1.2486031968830763e-05
DE,2040,52,53,92,1.2282579446828712e-05
DE,2040,52,54,92,1.3703283407035655e-05
DE,2040,52,55,92,1.3738233992502059e-05
DE,2040,52,56,92,1.3738233992502059e-05
DE,2040,52,57,92,1.3738233992502059e-05
DE,2040,52,58,92,1.3738233992502059e-05
DE,2040,52,59,92,1.3738233992502059e-05
DE,2040,52,60,92,1.3738233992502059e-05
DE,2040,52,61,92,1.3738233992502059e-05
DE,2040,52,62,92,1.3738233992502059e-05
DE,2040,52,63,92,1.3708425673990371e-05
DE,2040,52,64,92,1.3738233992502059e-05
DE,2040,52,65,92,1.3738233992502059e-05
DE,2040,52,66,92,1.3738233992502059e-05
DE,2040,52,67,92,1.3829519081121522e-05
DE,2040,52,68,92,1.3829519081121522e-05
DE,2040,52,69,92,1.3829519081121522e-05
DE,2040,52,70,92,1.3750830832812334e-05
DE,2040,52,71,92,1.3738233992502059e-05
DE,2040,52,72,92,0.0
DE,2040,52,73,92,0.0
DE,2040,52,74,92,0.0
DE,2040,52,75,92,0.0
DE,2040,52,76,92,3.8658156470645054e-08
DE,2040,52,77,92,2.4264820792074205e-07
DE,2040,52,78,92,0.0
DE,2040,52,79,92,2.6935585989946443e-07
DE,2040,52,80,92,0.0
DE,2040,52,81,92,0.0
DE,2040,52,82,92,0.0
DE,2040,52,83,92,0.0
DE,2040,52,84,92,0.0
DE,2040,52,85,92,0.0
DE,2040,52,86,92,0.0
DE,2040,52,87,92,0.0
DE,2040,52,88,92,2.693558598675265e-07
DE,2040,52,89,92,0.0
DE,2040,52,90,92,1.3998863353504514e-05
DE,2040,52,91,92,1.3998863353504514e-05
DE,2040,52,92,92,1.3980610790070922e-05
DE,2040,52,93,92,1.3867591048371564e-05
DE,2040,52,94,92,1.3867591048373692e-05
DE,2040,52,95,92,1.3867591048373692e-05
DE,2040,52,96,92,2.693558598675265e-07
DE,2040,52,97,92,1.3750830832812334e-05
DE,2040,52,98,92,1.3829519081121522e-05
DE,2040,52,99,92,1.3783290581949002e-05
DE,2040,52,100,92,1.3783290581949002e-05
DE,2040,52,101,92,1.3829519081121522e-05
DE,2040,52,102,92,1.3867591048371564e-05
DE,2040,52,103,92,1.3867591048373692e-05
DE,2040,52,104,92,1.3867591048373692e-05
DE,2040,52,105,92,1.3867591048373692e-05
DE,2040,52,106,92,1.3867591048371564e-05
DE,2040,52,107,92,1.3867591048373692e-05
DE,2040,52,108,92,1.3867591048373692e-05
DE,2040,52,109,92,1.3829740008874783e-05
DE,2040,52,110,92,1.3829740008874783e-05
DE,2040,52,111,92,1.3867591048373692e-05
DE,2040,52,112,92,1.3867591048373692e-05
DE,2040,52,113,92,1.3955880511948787e-05
DE,2040,52,114,92,1.3955880511948787e-05
DE,2040,52,115,92,1.3867591048373692e-05
DE,2040,52,116,92,1.3867591048373692e-05
DE,2040,52,117,92,1.3867591048371564e-05
DE,2040,52,118,92,1.3867591048373692e-05
DE,2040,52,119,92,1.3829519081121522e-05
DE,2040,52,120,92,1.3783290581949002e-05
DE,2040,52,121,92,1.3741611047657364e-05
DE,2040,52,122,92,1.3742183913200646e-05
DE,2040,52,123,92,1.3742756802622848e-05
DE,2040,52,124,92,1.3743329715929295e-05
DE,2040,52,125,92,1.3743902653121049e-05
DE,2040,52,126,92,1.3829519081121522e-05
DE,2040,52,127,92,1.3829740008874783e-05
DE,2040,52,128,92,1.3867591048371564e-05
DE,2040,52,129,92,1.3829740008874783e-05
DE,2040,52,130,92,1.3829519081121522e-05
DE,2040,52,131,92,1.374734077788113e-05
DE,2040,52,132,92,1.3747913882287072e-05
DE,2040,52,133,92,1.3748487010582579e-05
DE,2040,52,134,92,1.3749060162772975e-05
DE,2040,52,135,92,1.3829519081121522e-05
DE,2040,52,136,92,1.3867591048373692e-05
DE,2040,52,137,92,0.05040554292273673
DE,2040,52,138,92,0.050407644248308583
DE,2040,52,139,92,0.0
DE,2040,52,140,92,0.0
DE,2040,52,141,92,0.0
DE,2040,52,142,92,0.0
DE,2040,52,143,92,0.0
DE,2040,52,144,92,0.0
DE,2040,52,145,92,0.0
DE,2040,52,146,92,0.0
DE,2040,52,147,92,0.0
DE,2040,52,148,92,0.0
DE,2040,52,149,92,0.0
DE,2040,52,150,92,0.0
DE,2040,52,151,92,0.0
DE,2040,52,152,92,0.0
DE,2040,52,153,92,0.0
DE,2040,52,154,92,0.049168785447326536
DE,2040,52,155,92,0.0
DE,2040,52,156,92,0.0
DE,2040,52,157,92,0.0
DE,2040,52,158,92,0.0
DE,2040,52,159,92,0.0
DE,2040,52,160,92,0.05224593452683134
DE,2040,52,161,92,0.052248112575349816
DE,2040,52,162,92,0.052250290714671056
DE,2040,52,163,92,0.052252468944799416
DE,2040,52,164,92,0.052254647265724014
DE,2040,52,165,92,0.052256825677462274
DE,2040,52,166,92,0.05225900418001638
DE,2040,52,167,92,0.04752644273295828
GA,2050,11,0,92,0.0
GA,2050,11,1,92,2.0665457292909397e-05
GA,2050,11,2,92,2.0666318802404345e-05
GA,2050,11,3,92,2.0667180347814547e-05
GA,2050,11,4,92,2.0668041929141073e-05
GA,2050,11,5,92,2.074427862168335e-05
GA,2050,11,6,92,2.0801386572559475e-05
GA,2050,11,7,92,2.0801386572559475e-05
GA,2050,11,8,92,2.0801386572559475e-05
GA,2050,11,9,92,2.0626246249220097e-05
GA,2050,11,10,92,2.0626246249220097e-05
GA,2050,11,11,92,2.074427862168335e-05
GA,2050,11,12,92,2.0674935872924034e-05
GA,2050,11,13,92,2.067579777756667e-05
GA,2050,11,14,92,2.0676659718140532e-05
GA,2050,11,15,92,2.0677521694646686e-05
GA,2050,11,16,92,2.0678383707086196e-05
GA,2050,11,17,92,2.074427862168335e-05
GA,2050,11,18,92,2.0801386572559475e-05
GA,2050,11,19,92,2.0801386572559475e-05
GA,2050,11,20,92,2.0832600408537656e-05
GA,2050,11,21,92,2.0832600408537656e-05
GA,2050,11,22,92,2.0801386572559475e-05
GA,2050,11,23,92,4.0403378985079354e-07
GA,2050,11,24,92,4.0403378985079354e-07
GA,2050,11,25,92,0.0
GA,2050,11,26,92,0.0
GA,2050,11,27,92,0.0
GA,2050,11,28,92,0.0
GA,2050,11,29,92,0.0
GA,2050,11,30,92,0.0
GA,2050,11,31,92,0.0011433640490532237
GA,2050,11,32,92,0.0
GA,2050,11,33,92,0.0
GA,2050,11,34,92,0.07701302797556919
GA,2050,11,35,92,0.0732762783052587
GA,2050,11,36,92,0.07514465314041395
GA,2050,11,37,92,0.071021208399224
GA,2050,11,38,92,0.07102416915854955
GA,2050,11,39,92,0.07102713004129727
GA,2050,11,40,92,0.0710300910474933
GA,2050,11,41,92,0.07703550462661415
GA,2050,11,42,92,0.07703871611222346
GA,2050,11,43,92,0.07704192773171598
GA,2050,11,44,92,0.07704513948509174
GA,2050,11,45,92,0.07704835137235944
GA,2050,11,46,92,0.07705156339353217
GA,2050,11,47,92,0.07281157801508327
GA,2050,11,48,92,2.0832600408537656e-05
GA,2050,11,49,92,2.0801386572559475e-05
GA,2050,11,50,92,2.0744610013314835e-05
GA,2050,11,51,92,2.0744610013314835e-05
GA,2050,11,52,92,2.0744610013314835e-05
GA,2050,11,53,92,2.0744610013314835e-05
GA,2050,11,54,92,2.0801386572559475e-05
GA,2050,11,55,92,2.0801386572559475e-05
GA,2050,11,56,92,4.0403378985079354e-07
GA,2050,11,57,92,2.0626246249220097e-05
GA,2050,11,58,92,2.074427862168335e-05
GA,2050,11,59,92,2.074288050297837e-05
GA,2050,11,60,92,2.0743745240121903e-05
GA,2050,11,61,92,2.0626246249220097e-05
GA,2050,11,62,92,2.0318225536056337e-05
GA,2050,11,63,92,2.001019198200699e-05
GA,2050,11,64,92,1.9702145586536566e-05
GA,2050,11,65,92,4.0403378985079354e-07
GA,2050,11,66,92,0.0
GA,2050,11,67,92,0.0
GA,2050,11,68,92,0.0
GA,2050,11,69,92,0.0
GA,2050,11,70,92,0.0
GA,2050,11,71,92,0.0
GA,2050,11,72,92,0.0
GA,2050,11,73,92,0.0
GA,2050,11,74,92,0.0
GA,2050,11,75,92,0.0
GA,2050,11,76,92,0.0
GA,2050,11,77,92,0.0
GA,2050,11,78,92,0.0
GA,2050,11,79,92,0.0
GA,2050,11,80,92,0.0
GA,2050,11,81,92,0.0
GA,2050,11,82,92,0.0
GA,2050,11,83,92,0.0
GA,2050,11,84,92,0.0
GA,2050,11,85,92,0.0
GA,2050,11,86,92,0.0
GA,2050,11,87,92,0.0
GA,2050,11,88,92,0.0
GA,2050,11,89,92,0.0
GA,2050,11,90,92,0.0
GA,2050,11,91,92,0.0
GA,2050,11,92,92,0.0
GA,2050,11,93,92,0.0
GA,2050,11,94,92,0.0
GA,2050,11,95,92,0.0
GA,2050,11,96,92,0.0
GA,2050,11,97,92,0.0
GA,2050,11,98,92,0.0
GA,2050,11,99,92,0.0
GA,2050,11,100,92,0.0
GA,2050,11,101,92,0.0
GA,2050,11,102,92,0.0
GA,2050,11,103,92,0.0
GA,2050,11,104,92,0.0
GA,2050,11,105,92,0.0
GA,2050,11,106,92,0.0
GA,2050,11,107,92,0.0
GA,2050,11,108,92,0.0
GA,2050,11,109,92,0.0
GA,2050,11,110,92,0.0
GA,2050,11,111,92,0.0
GA,2050,11,112,92,0.0
GA,2050,11,113,92,0.08484798037700735
GA,2050,11,114,92,0.08485151755210434
GA,2050,11,115,92,0.08485505487465472
GA,2050,11,116,92,0.08485859234465849
GA,2050,11,117,92,0.08486212996214182
GA,2050,11,118,92,0.0848656677271134
GA,2050,11,119,92,0.08486920563955583
GA,2050,11,120,92,0.07181759167476341
GA,2050,11,121,92,0.07182058563402441
GA,2050,11,122,92,0.07514465314041395
GA,2050,11,123,92,0.07514465314041395
GA,2050,11,124,92,0.07468082815060881
GA,2050,11,125,92,0.07560847813022781
GA,2050,11,126,92,0.07541306952628424
GA,2050,11,127,92,0.075803886734167
GA,2050,11,128,92,0.07635525306927402
GA,2050,11,129,92,0.07586327726248533
GA,2050,11,130,92,0.07661134494605654
GA,2050,11,131,92,0.07185053209217124
GA,2050,11,132,92,0.07185352742466083
GA,2050,11,133,92,0.07185652288202032
GA,2050,11,134,92,0.07185951846425405
GA,2050,11,135,92,0.07186251417137511
GA,2050,11,136,92,0.07186551000337041
GA,2050,11,137,92,0.07794155613087116
GA,2050,11,138,92,0.07794480538830376
GA,2050,11,139,92,0.07794805478118938
GA,2050,11,140,92,0.07795130430954113
GA,2050,11,141,92,0.07795455397335899
GA,2050,11,142,92,0.07795780377264298
GA,2050,11,143,92,0.07796105370741054
GA,2050,11,144,92,0.07514465314041395
GA,2050,11,145,92,0.07468082815060881
GA,2050,11,146,92,0.0
GA,2050,11,147,92,0.07560847813022781
GA,2050,11,148,92,0.07560847813022781
GA,2050,11,149,92,0.07598915806651883
GA,2050,11,150,92,0.07522779819393241
GA,2050,11,151,92,0.07541306952628424
GA,2050,11,152,92,0.07633971901571149
GA,2050,11,153,92,0.07799356050768064
GA,2050,11,154,92,0.07799681193309443
GA,2050,11,155,92,0.07717667670692195
GA,2050,11,156,92,0.07466054619816195
GA,2050,11,157,92,0.07078694512110566
GA,2050,11,158,92,0.07078989611436866
GA,2050,11,159,92,0.07079284723066138
GA,2050,11,160,92,0.0707957984699751
GA,2050,11,161,92,0.07549334998191388
GA,2050,11,162,92,0.07678460409997631
GA,2050,11,163,92,0.07678780512594928
GA,2050,11,164,92,0.07679100628536505
GA,2050,11,165,92,0.07679420757823234
GA,2050,11,166,92,0.07678780499249338
GA,2050,11,167,92,2.0970916185106382e-05
GA,2050,21,0,92,0.0
GA,2050,21,1,92,0.0
GA,2050,21,2,92,0.0
GA,2050,21,3,92,0.0
GA,2050,21,4,92,0.0
GA,2050,21,5,92,0.0
GA,2050,21,6,92,0.0
GA,2050,21,7,92,0.0
GA,2050,21,8,92,0.0
GA,2050,21,9,92,0.0
GA,2050,21,10,92,0.0
GA,2050,21,11,92,0.0
GA,2050,21,12,92,0.0
GA,2050,21,13,92,0.0
GA,2050,21,14,92,0.0
GA,2050,21,15,92,0.07652774924682576
GA,2050,21,16,92,0.0754505668862119
GA,2050,21,17,92,0.07586327726248533
GA,2050,21,18,92,0.0785201906894811
GA,2050,21,19,92,0.08160741957914655
GA,2050,21,20,92,0.08089890438124077
GA,2050,21,21,92,0.07546629525812844
GA,2050,21,22,92,0.07664151040754055
GA,2050,21,23,92,0.07547258752489977
GA,2050,21,24,92,0.07547573385502003
GA,2050,21,25,92,0.07547888031631124
GA,2050,21,26,92,0.07548202690876467
GA,2050,21,27,92,0.0
GA,2050,21,28,92,-8.721182071795201e-15
GA,2050,21,29,92,0.0
GA,2050,21,30,92,0.0
GA,2050,21,31,92,0.0
GA,2050,21,32,92,0.0
GA,2050,21,33,92,0.0
GA,2050,21,34,92,0.0
GA,2050,21,35,92,0.0
GA,2050,21,36,92,0.0
GA,2050,21,37,92,0.0
GA,2050,21,38,92,0.0
GA,2050,21,39,92,0.0
GA,2050,21,40,92,0.0
GA,2050,21,41,92,0.0
GA,2050,21,42,92,0.0
GA,2050,21,43,92,0.0
GA,2050,21,44,92,0.0
GA,2050,21,45,92,0.0
GA,2050,21,46,92,0.0
GA,2050,21,47,92,0.0
GA,2050,21,48,92,0.0
GA,2050,21,49,92,0.0
GA,2050,21,50,92,0.0
GA,2050,21,51,92,0.0
GA,2050,21,52,92,0.0
GA,2050,21,53,92,0.0
GA,2050,21,54,92,0.0
GA,2050,21,55,92,0.0
GA,2050,21,56,92,0.0
GA,2050,21,57,92,0.0
GA,2050,21,58,92,0.0
GA,2050,21,59,92,0.0
GA,2050,21,60,92,0.0
GA,2050,21,61,92,0.0
GA,2050,21,62,92,0.0
GA,2050,21,63,92,0.0
GA,2050,21,64,92,0.0
GA,2050,21,65,92,0.0
GA,2050,21,66,92,0.0
GA,2050,21,67,92,0.0
GA,2050,21,68,92,0.0
GA,2050,21,69,92,0.0
GA,2050,21,70,92,0.0
GA,2050,21,71,92,0.0
GA,2050,21,72,92,0.0
GA,2050,21,73,92,0.0
GA,2050,21,74,92,0.0
GA,2050,21,75,92,0.0
GA,2050,21,76,92,0.0
GA,2050,21,77,92,0.0
GA,2050,21,78,92,0.0
GA,2050,21,79,92,0.0
GA,2050,21,80,92,0.0
GA,2050,21,81,92,0.0
GA,2050,21,82,92,0.0
GA,2050,21,83,92,0.0
GA,2050,21,84,92,0.0
GA,2050,21,85,92,0.0
GA,2050,21,86,92,0.0
GA,2050,21,87,92,0.0
GA,2050,21,88,92,0.0
GA,2050,21,89,92,0.0
GA,2050,21,90,92,0.0
GA,2050,21,91,92,0.0
GA,2050,21,92,92,0.0
GA,2050,21,93,92,0.0
GA,2050,21,94,92,0.0
GA,2050,21,95,92,0.0
GA,2050,21,96,92,0.0
GA,2050,21,97,92,0.0
GA,2050,21,98,92,0.0
GA,2050,21,99,92,0.0
GA,2050,21,100,92,0.0
GA,2050,21,101,92,0.0
GA,2050,21,102,92,0.0
GA,2050,21,103,92,0.0
GA,2050,21,104,92,0.0
GA,2050,21,105,92,0.0
GA,2050,21,106,92,0.0
GA,2050,21,107,92,0.0
GA,2050,21,108,92,0.0
GA,2050,21,109,92,0.0
GA,2050,21,110,92,0.0
GA,2050,21,111,92,0.0
GA,2050,21,112,92,0.0
GA,2050,21,113,92,0.0
GA,2050,21,114,92,0.07597594460203129
GA,2050,21,115,92,0.07597911191630112
GA,2050,21,116,92,0.07598227936260528
GA,2050,21,117,92,0.0759854469409525
GA,2050,21,118,92,0.0759886146513515
GA,2050,21,119,92,0.0
GA,2050,21,120,92,0.0
GA,2050,21,121,92,0.0
GA,2050,21,122,92,0.0
GA,2050,21,123,92,0.0
GA,2050,21,124,92,0.0
GA,2050,21,125,92,0.0
GA,2050,21,126,92,0.0
GA,2050,21,127,92,0.0
GA,2050,21,128,92,0.0
GA,2050,21,129,92,0.0
GA,2050,21,130,92,0.0
GA,2050,21,131,92,0.0
GA,2050,21,132,92,0.0
GA,2050,21,133,92,0.0
GA,2050,21,134,92,0.0
GA,2050,21,135,92,0.0
GA,2050,21,136,92,0.0
GA,2050,21,137,92,0.0
GA,2050,21,138,92,0.07652178022405291
GA,2050,21,139,92,0.0765249702933214
GA,2050,21,140,92,0.07652816049557919
GA,2050,21,141,92,0.07653135083082628
GA,2050,21,142,92,0.07653454129908449
GA,2050,21,143,92,0.07653773190034072
GA,2050,21,144,92,0.07541306952628424
GA,2050,21,145,92,0.07560847813022781
GA,2050,21,146,92,0.07560847813022781
GA,2050,21,147,92,0.07560847813022781
GA,2050,21,148,92,0.07655368690189751
GA,2050,21,149,92,0.07655687830130324
GA,2050,21,150,92,0.07656006983375496
GA,2050,21,151,92,0.0765632614992614
GA,2050,21,152,92,0.07656645329782256
GA,2050,21,153,92,0.07060349161244867
GA,2050,21,154,92,0.07560847813022781
GA,2050,21,155,92,0.07214490554658232
GA,2050,21,156,92,0.07061232201672968
GA,2050,21,157,92,0.07061526573024322
GA,2050,21,158,92,0.07061820956647252
GA,2050,21,159,92,0.07062115352543066
GA,2050,21,160,92,0.07062409760711327
GA,2050,21,161,92,0.07062704181153343
GA,2050,21,162,92,0.07659837860265563
GA,2050,21,163,92,0.07660157186518056
GA,2050,21,164,92,0.0766047652608387
GA,2050,21,165,92,0.07660795878962133
GA,2050,21,166,92,0.07661115245152846
GA,2050,21,167,92,0.07661134494605654
GA,2050,42,0,92,0.0
GA,2050,42,1,92,0.0
GA,2050,42,2,92,0.0
GA,2050,42,3,92,0.0
GA,2050,42,4,92,0.0
GA,2050,42,5,92,0.0
GA,2050,42,6,92,0.0
GA,2050,42,7,92,0.0
GA,2050,42,8,92,0.0
GA,2050,42,9,92,0.0
GA,2050,42,10,92,3.4884728287180805e-14
GA,2050,42,11,92,0.0
GA,2050,42,12,92,0.0
GA,2050,42,13,92,0.0
GA,2050,42,14,92,0.0
GA,2050,42,15,92,0.0
GA,2050,42,16,92,0.0
GA,2050,42,17,92,0.0
GA,2050,42,18,92,3.4884728287180805e-14
GA,2050,42,19,92,0.0
GA,2050,42,20,92,0.0
GA,2050,42,21,92,0.0
GA,2050,42,22,92,0.0
GA,2050,42,23,92,0.0
GA,2050,42,24,92,0.07454237461352894
GA,2050,42,25,92,0.07514465314041395
GA,2050,42,26,92,0.07501424257964273
GA,2050,42,27,92,0.07455169765533368
GA,2050,42,28,92,0.07455480559504593
GA,2050,42,29,92,0.07831316669088452
GA,2050,42,30,92,0.07974435520020039
GA,2050,42,31,92,0.0
GA,2050,42,32,92,0.0
GA,2050,42,33,92,0.07461699164835732
GA,2050,42,34,92,0.07652585995367177
GA,2050,42,35,92,0.07392974728776956
GA,2050,42,36,92,0.010446742867986969
GA,2050,42,37,92,0.010447178375802836
GA,2050,42,38,92,0.010447613901767485
GA,2050,42,39,92,0.010448049445893995
GA,2050,42,40,92,0.010448485008182365
GA,2050,42,41,92,0.0
GA,2050,42,42,92,0.0
GA,2050,42,43,92,0.0
GA,2050,42,44,92,0.0
GA,2050,42,45,92,0.0
GA,2050,42,46,92,0.0
GA,2050,42,47,92,0.0
GA,2050,42,48,92,0.0
GA,2050,42,49,92,0.07462010226684607
GA,2050,42,50,92,0.0
GA,2050,42,51,92,0.0
GA,2050,42,52,92,8.721182071795201e-15
GA,2050,42,53,92,0.07785100159515124
GA,2050,42,54,92,0.08018224782613163
GA,2050,42,55,92,0.0
GA,2050,42,56,92,0.0
GA,2050,42,57,92,0.0
GA,2050,42,58,92,0.0
GA,2050,42,59,92,0.0
GA,2050,42,60,92,0.0
GA,2050,42,61,92,0.0
GA,2050,42,62,92,0.0
GA,2050,42,63,92,0.0
GA,2050,42,64,92,0.0
GA,2050,42,65,92,0.0
GA,2050,42,66,92,0.0
GA,2050,42,67,92,0.0
GA,2050,42,68,92,0.0
GA,2050,42,69,92,0.0
GA,2050,42,70,92,0.0
GA,2050,42,71,92,0.0
GA,2050,42,72,92,0.0
GA,2050,42,73,92,0.0
GA,2050,42,74,92,0.0
GA,2050,42,75,92,0.0
GA,2050,42,76,92,0.0
GA,2050,42,77,92,0.0
GA,2050,42,78,92,0.0
GA,2050,42,79,92,0.0
GA,2050,42,80,92,0.0
GA,2050,42,81,92,0.0
GA,2050,42,82,92,0.0
GA,2050,42,83,92,0.0
GA,2050,42,84,92,0.0
GA,2050,42,85,92,0.0
GA,2050,42,86,92,0.0
GA,2050,42,87,92,0.0
GA,2050,42,88,92,0.0
GA,2050,42,89,92,0.0
GA,2050,42,90,92,0.0
GA,2050,42,91,92,0.0
GA,2050,42,92,92,0.0
GA,2050,42,93,92,0.0
GA,2050,42,94,92,0.0
GA,2050,42,95,92,0.0
GA,2050,42,96,92,0.0
GA,2050,42,97,92,0.0
GA,2050,42,98,92,0.0
GA,2050,42,99,92,0.0
GA,2050,42,100,92,0.0
GA,2050,42,101,92,0.0
GA,2050,42,102,92,0.0
GA,2050,42,103,92,0.0
GA,2050,42,104,92,0.07143228105891629
GA,2050,42,105,92,0.07094781121463835
GA,2050,42,106,92,0.07095076891415461
GA,2050,42,107,92,0.07095372673696658
GA,2050,42,108,92,0.0709566846830917
GA,2050,42,109,92,0.07095964275253433
GA,2050,42,110,92,0.0709626009452814
GA,2050,42,111,92,0.07096555926136341
GA,2050,42,112,92,0.07690451966403225
GA,2050,42,113,92,0.07778989359484549
GA,2050,42,114,92,0.07779313652971324
GA,2050,42,115,92,0.07779637959976803
GA,2050,42,116,92,0.07779962280502294
GA,2050,42,117,92,0.0778028661454867
GA,2050,42,118,92,0.0717436131716935
GA,2050,42,119,92,0.07223780937527295
GA,2050,42,120,92,0.07541306952628424
GA,2050,42,121,92,0.07461699164835732
GA,2050,42,122,92,0.07461699164835732
GA,2050,42,123,92,0.07164253220275459
GA,2050,42,124,92,0.07280774676334459
GA,2050,42,125,92,0.07700723866004384
GA,2050,42,126,92,0.07701044896729063
GA,2050,42,127,92,0.07701365940836395
GA,2050,42,128,92,0.07701686998328126
GA,2050,42,129,92,0.07211196651686282
GA,2050,42,130,92,0.07635525306927402
GA,2050,42,131,92,0.0704087395647579
GA,2050,42,132,92,0.07041167479124875
GA,2050,42,133,92,0.0704146101400978
GA,2050,42,134,92,0.07041754561132682
GA,2050,42,135,92,0.07042048120492275
GA,2050,42,136,92,0.0770425594014609
GA,2050,42,137,92,0.0770457711811659
GA,2050,42,138,92,0.07704898309477594
GA,2050,42,139,92,0.07705219514228227
GA,2050,42,140,92,0.07705540732368929
GA,2050,42,141,92,0.07705861963901442
GA,2050,42,142,92,0.07469795216295333
GA,2050,42,143,92,0.07514465314041395
GA,2050,42,144,92,0.07514465314041395
GA,2050,42,145,92,0.07514465314041395
GA,2050,42,146,92,0.07514465314041395
GA,2050,42,147,92,0.07462713092947511
GA,2050,42,148,92,0.07566217535135714
GA,2050,42,149,92,0.07708432298302932
GA,2050,42,150,92,0.07708753650379624
GA,2050,42,151,92,0.07709075015852486
GA,2050,42,152,92,0.07709396394723264
GA,2050,42,153,92,0.07564932073241647
GA,2050,42,154,92,0.0704762807413691
GA,2050,42,155,92,0.07047921878354155
GA,2050,42,156,92,0.07048215694819428
GA,2050,42,157,92,0.07048509523533601
GA,2050,42,158,92,0.07048803364497547
GA,2050,42,159,92,0.07049097217710393
GA,2050,42,160,92,0.07711967908053712
GA,2050,42,161,92,0.07712289407524921
GA,2050,42,162,92,0.0771261092039797
GA,2050,42,163,92,0.0771293244667504
GA,2050,42,164,92,0.07713253986355259
GA,2050,42,165,92,0.07713575539440806
GA,2050,42,166,92,0.07576640541675347
GA,2050,42,167,92,0.07253179861008902
GA,2050,52,0,92,0.0
GA,2050,52,1,92,0.1508036272745775
GA,2050,52,2,92,0.07678620451287414
GA,2050,52,3,92,0.07678940560556852
GA,2050,52,4,92,0.07679260683171005
GA,2050,52,5,92,0.0767958081913031
GA,2050,52,6,92,0.07694723539687476
GA,2050,52,7,92,0.08329217066472154
GA,2050,52,8,92,0.08329564298062295
GA,2050,52,9,92,0.08257664549565523
GA,2050,52,10,92,0.06967144556383324
GA,2050,52,11,92,0.06428779838797584
GA,2050,52,12,92,0.0642904784423249
GA,2050,52,13,92,0.06429315860840538
GA,2050,52,14,92,0.06429583888621729
GA,2050,52,15,92,0.06429851927575626
GA,2050,52,16,92,0.06973479557896534
GA,2050,52,17,92,0.06973770270982803
GA,2050,52,18,92,0.06974060996186716
GA,2050,52,19,92,0.06974351733512203
GA,2050,52,20,92,2.099829503025677e-05
GA,2050,52,21,92,2.099829503025677e-05
GA,2050,52,22,92,2.0801386572559475e-05
GA,2050,52,23,92,2.0801386572559475e-05
GA,2050,52,24,92,2.0801386572559475e-05
GA,2050,52,25,92,2.074427862168335e-05
GA,2050,52,26,92,2.074427862168335e-05
GA,2050,52,27,92,2.0674935872924034e-05
GA,2050,52,28,92,2.0612686639889456e-05
GA,2050,52,29,92,2.0612686639889456e-05
GA,2050,52,30,92,2.074427862168335e-05
GA,2050,52,31,92,2.074427862168335e-05
GA,2050,52,32,92,2.074427862168335e-05
GA,2050,52,33,92,2.074427862168335e-05
GA,2050,52,34,92,2.074427862168335e-05
GA,2050,52,35,92,2.0674935872924034e-05
GA,2050,52,36,92,2.0607350988752556e-05
GA,2050,52,37,92,2.0607350988752556e-05
GA,2050,52,38,92,2.0607350988752556e-05
GA,2050,52,39,92,2.0607350988752556e-05
GA,2050,52,40,92,2.0607350988752556e-05
GA,2050,52,41,92,2.0607350988752556e-05
GA,2050,52,42,92,2.0607350988752556e-05
GA,2050,52,43,92,2.0607350988752556e-05
GA,2050,52,44,92,2.0607350988752556e-05
GA,2050,52,45,92,2.0607350988752556e-05
GA,2050,52,46,92,2.0607350988752556e-05
GA,2050,52,47,92,2.0607350988752556e-05
GA,2050,52,48,92,2.0607350988752556e-05
GA,2050,52,49,92,2.0551497861404467e-05
GA,2050,52,50,92,1.933936735414112e-05
GA,2050,52,51,92,1.933936735414112e-05
GA,2050,52,52,92,1.933936735414112e-05
GA,2050,52,53,92,1.933936735414112e-05
GA,2050,52,54,92,1.933936735414112e-05
GA,2050,52,55,92,2.0551497861404467e-05
GA,2050,52,56,92,2.0607350988752556e-05
GA,2050,52,57,92,2.0607350988752556e-05
GA,2050,52,58,92,2.0607350988752556e-05
GA,2050,52,59,92,2.0607350988752556e-05
GA,2050,52,60,92,2.0607350988752556e-05
GA,2050,52,61,92,2.0607350988752556e-05
GA,2050,52,62,92,2.0554157468731685e-05
GA,2050,52,63,92,2.055501433831717e-05
GA,2050,52,64,92,2.0607350988752556e-05
GA,2050,52,65,92,2.0607350988752556e-05
GA,2050,52,66,92,2.0607350988752556e-05
GA,2050,52,67,92,2.0674935872924034e-05
GA,2050,52,68,92,2.074427862168335e-05
GA,2050,52,69,92,2.0674935872924034e-05
GA,2050,52,70,92,2.0674935872924034e-05
GA,2050,52,71,92,0.0
GA,2050,52,72,92,0.0
GA,2050,52,73,92,0.0
GA,2050,52,74,92,1.4365009484712607e-05
GA,2050,52,75,92,1.4365608338727995e-05
GA,2050,52,76,92,0.0
GA,2050,52,77,92,0.0
GA,2050,52,78,92,0.0
GA,2050,52,79,92,4.0403378985079354e-07
GA,2050,52,80,92,0.0
GA,2050,52,81,92,0.0
GA,2050,52,82,92,0.0
GA,2050,52,83,92,0.0
GA,2050,52,84,92,0.0
GA,2050,52,85,92,0.0
GA,2050,52,86,92,0.0
GA,2050,52,87,92,0.0
GA,2050,52,88,92,4.0403378985079354e-07
GA,2050,52,89,92,4.040337898028867e-07
GA,2050,52,90,92,2.080138657255841e-05
GA,2050,52,91,92,2.080138657255841e-05
GA,2050,52,92,92,2.080138657255841e-05
GA,2050,52,93,92,2.0801386572559475e-05
GA,2050,52,94,92,2.0801386572559475e-05
GA,2050,52,95,92,4.0403378985079354e-07
GA,2050,52,96,92,2.0626246249220097e-05
GA,2050,52,97,92,2.074427862168335e-05
GA,2050,52,98,92,2.0607350988752556e-05
GA,2050,52,99,92,2.0607350988752556e-05
GA,2050,52,100,92,2.0607350988752556e-05
GA,2050,52,101,92,2.074427862168335e-05
GA,2050,52,102,92,2.0744610013314835e-05
GA,2050,52,103,92,2.0801386572559475e-05
GA,2050,52,104,92,2.0801386572559475e-05
GA,2050,52,105,92,2.0801386572559475e-05
GA,2050,52,106,92,2.0801386572559475e-05
GA,2050,52,107,92,2.0801386572559475e-05
GA,2050,52,108,92,2.0744610013314835e-05
GA,2050,52,109,92,2.074427862168335e-05
GA,2050,52,110,92,2.074427862168335e-05
GA,2050,52,111,92,2.0744610013314835e-05
GA,2050,52,112,92,2.0801386572559475e-05
GA,2050,52,113,92,2.0933820767924245e-05
GA,2050,52,114,92,2.0801386572559475e-05
GA,2050,52,115,92,2.0801386572559475e-05
GA,2050,52,116,92,2.0801386572559475e-05
GA,2050,52,117,92,2.0801386572559475e-05
GA,2050,52,118,92,2.0801386572559475e-05
GA,2050,52,119,92,2.074427862168335e-05
GA,2050,52,120,92,2.0607350988752556e-05
GA,2050,52,121,92,2.0607350988752556e-05
GA,2050,52,122,92,2.0607350988752556e-05
GA,2050,52,123,92,2.0607350988752556e-05
GA,2050,52,124,92,2.0607350988752556e-05
GA,2050,52,125,92,2.060821007589021e-05
GA,2050,52,126,92,2.060906919884092e-05
GA,2050,52,127,92,2.0744610013314835e-05
GA,2050,52,128,92,2.0801386572559475e-05
GA,2050,52,129,92,2.074427862168335e-05
GA,2050,52,130,92,2.0612506048816917e-05
GA,2050,52,131,92,2.0613365350858464e-05
GA,2050,52,132,92,2.0614224688725846e-05
GA,2050,52,133,92,2.0615084062416928e-05
GA,2050,52,134,92,2.0615943471932776e-05
GA,2050,52,135,92,2.061680291727659e-05
GA,2050,52,136,92,2.080138657255841e-05
GA,2050,52,137,92,2.099829503025677e-05
GA,2050,52,138,92,0.07541632463601373
GA,2050,52,139,92,0.0
GA,2050,52,140,92,0.0
GA,2050,52,141,92,0.0
GA,2050,52,142,92,0.0
GA,2050,52,143,92,0.0
GA,2050,52,144,92,0.0
GA,2050,52,145,92,0.0
GA,2050,52,146,92,0.0
GA,2050,52,147,92,0.0
GA,2050,52,148,92,0.0
GA,2050,52,149,92,0.0
GA,2050,52,150,92,0.0
GA,2050,52,151,92,0.0
GA,2050,52,152,92,0.0
GA,2050,52,153,92,0.0
GA,2050,52,154,92,0.06978180734149833
GA,2050,52,155,92,-8.721182071795201e-15
GA,2050,52,156,92,0.0
GA,2050,52,157,92,0.0
GA,2050,52,158,92,-8.721182071795201e-15
GA,2050,52,159,92,0.0
GA,2050,52,160,92,0.07753491444719059
GA,2050,52,161,92,0.07753814675239382
GA,2050,52,162,92,0.07754137919233496
GA,2050,52,163,92,0.07754461176703581
GA,2050,52,164,92,0.07754784447650508
GA,2050,52,165,92,0.07755107732072969
GA,2050,52,166,92,0.07755431029972709
GA,2050,52,167,92,0.07172004677021791
DE,2050,11,0,92,2.0493869533782385e-05
DE,2050,11,1,92,2.074427862168335e-05
DE,2050,11,2,92,2.074427862168335e-05
DE,2050,11,3,92,2.074427862168335e-05
DE,2050,11,4,92,2.074427862168335e-05
DE,2050,11,5,92,2.080138657255841e-05
DE,2050,11,6,92,2.0801386572559475e-05
DE,2050,11,7,92,2.080138657255841e-05
DE,2050,11,8,92,2.0801386572559475e-05
DE,2050,11,9,92,2.0801386572559475e-05
DE,2050,11,10,92,4.0403378985079354e-07
DE,2050,11,11,92,4.0403378985079354e-07
DE,2050,11,12,92,2.074427862168335e-05
DE,2050,11,13,92,2.0744278621685477e-05
DE,2050,11,14,92,2.074514341711146e-05
DE,2050,11,15,92,2.0746008248594296e-05
DE,2050,11,16,92,2.0746873116126532e-05
DE,2050,11,17,92,2.0747738019715615e-05
DE,2050,11,18,92,2.0801386572559475e-05
DE,2050,11,19,92,2.0970916185106382e-05
DE,2050,11,20,92,2.099829503025677e-05
DE,2050,11,21,92,2.099829503025677e-05
DE,2050,11,22,92,2.0970916185106382e-05
DE,2050,11,23,92,2.0970916185106382e-05
DE,2050,11,24,92,2.0970916185106382e-05
DE,2050,11,25,92,0.0
DE,2050,11,26,92,0.0
DE,2050,11,27,92,0.0
DE,2050,11,28,92,0.0
DE,2050,11,29,92,0.0
DE,2050,11,30,92,0.0
DE,2050,11,31,92,0.0
DE,2050,11,32,92,0.0
DE,2050,11,33,92,0.0
DE,2050,11,34,92,0.0
DE,2050,11,35,92,0.074876236754548
DE,2050,11,36,92,0.07541306952627988
DE,2050,11,37,92,0.07560847813022781
DE,2050,11,38,92,0.07387557899299356
DE,2050,11,39,92,0.07351857424060429
DE,2050,11,40,92,0.07352163911107286
DE,2050,11,41,92,0.0791989952271843
DE,2050,11,42,92,0.07974103087938364
DE,2050,11,43,92,0.07974435515400428
DE,2050,11,44,92,0.07974767956721324
DE,2050,11,45,92,0.07975100411901048
DE,2050,11,46,92,0.0797543288094004
DE,2050,11,47,92,0.0797576536383917
DE,2050,11,48,92,0.0493954345165925
DE,2050,11,49,92,2.0970916185106382e-05
DE,2050,11,50,92,2.080138657255841e-05
DE,2050,11,51,92,2.0801386572559475e-05
DE,2050,11,52,92,2.0801386572559475e-05
DE,2050,11,53,92,2.0801386572559475e-05
DE,2050,11,54,92,2.0970916185106382e-05
DE,2050,11,55,92,2.099829503025677e-05
DE,2050,11,56,92,2.0970916185106382e-05
DE,2050,11,57,92,4.0403378985079354e-07
DE,2050,11,58,92,1.948159390679364e-06
DE,2050,11,59,92,1.6393600182815556e-06
DE,2050,11,60,92,1.3305477725353933e-06
DE,2050,11,61,92,1.0217226529053845e-06
DE,2050,11,62,92,7.12884658856037e-07
DE,2050,11,63,92,4.0403378985079354e-07
DE,2050,11,64,92,9.517004535203245e-08
DE,2050,11,65,92,0.0
DE,2050,11,66,92,0.0
DE,2050,11,67,92,0.0
DE,2050,11,68,92,0.0
DE,2050,11,69,92,0.0
DE,2050,11,70,92,0.0
DE,2050,11,71,92,0.0
DE,2050,11,72,92,0.0
DE,2050,11,73,92,0.0
DE,2050,11,74,92,0.0
DE,2050,11,75,92,0.0
DE,2050,11,76,92,0.0
DE,2050,11,77,92,0.0
DE,2050,11,78,92,0.0
DE,2050,11,79,92,0.0
DE,2050,11,80,92,0.0
DE,2050,11,81,92,0.0
DE,2050,11,82,92,0.0
DE,2050,11,83,92,0.0
DE,2050,11,84,92,0.0
DE,2050,11,85,92,0.0
DE,2050,11,86,92,0.0
DE,2050,11,87,92,0.0
DE,2050,11,88,92,0.0
DE,2050,11,89,92,0.0
DE,2050,11,90,92,0.0
DE,2050,11,91,92,0.0
DE,2050,11,92,92,0.0
DE,2050,11,93,92,0.0
DE,2050,11,94,92,0.0
DE,2050,11,95,92,0.0
DE,2050,11,96,92,0.0
DE,2050,11,97,92,0.0
DE,2050,11,98,92,0.0
DE,2050,11,99,92,0.0
DE,2050,11,100,92,0.0
DE,2050,11,101,92,0.0
DE,2050,11,102,92,0.0
DE,2050,11,103,92,0.0
DE,2050,11,104,92,0.0
DE,2050,11,105,92,0.0
DE,2050,11,106,92,0.0
DE,2050,11,107,92,0.0
DE,2050,11,108,92,0.0
DE,2050,11,109,92,0.0
DE,2050,11,110,92,0.0
DE,2050,11,111,92,0.0
DE,2050,11,112,92,0.0
DE,2050,11,113,92,0.0
DE,2050,11,114,92,0.11428194072878135
DE,2050,11,115,92,0.11428670495807475
DE,2050,11,116,92,0.11429146938599306
DE,2050,11,117,92,0.11429623401250141
DE,2050,11,118,92,0.11430099883766957
DE,2050,11,119,92,0.0
DE,2050,11,120,92,0.0729528024027431
DE,2050,11,121,92,0.07295584368709307
DE,2050,11,122,92,0.0729588850982403
DE,2050,11,123,92,0.07474772918515193
DE,2050,11,124,92,0.07296496830090042
DE,2050,11,125,92,0.07657686131455667
DE,2050,11,126,92,0.07613364482400879
DE,2050,11,127,92,0.07584467130904196
DE,2050,11,128,92,0.0760991611925002
DE,2050,11,129,92,0.07661134494605654
DE,2050,11,130,92,0.07820906575708336
DE,2050,11,131,92,0.07298626350476073
DE,2050,11,132,92,0.07298930618405941
DE,2050,11,133,92,0.07299234899019896
DE,2050,11,134,92,0.07299539192318374
DE,2050,11,135,92,0.07299843498303557
DE,2050,11,136,92,0.07300147816973263
DE,2050,11,137,92,0.07917356751710118
DE,2050,11,138,92,0.07917686813510119
DE,2050,11,139,92,0.07918016889069093
DE,2050,11,140,92,0.07918346978387913
DE,2050,11,141,92,0.07918677081467886
DE,2050,11,142,92,0.0791900719831032
DE,2050,11,143,92,0.07919337328913907
DE,2050,11,144,92,0.0
DE,2050,11,145,92,0.03546316979085694
DE,2050,11,146,92,0.0
DE,2050,11,147,92,0.022077549984205438
DE,2050,11,148,92,0.07661134494605654
DE,2050,11,149,92,0.07679100628536505
DE,2050,11,150,92,0.07557911201303409
DE,2050,11,151,92,0.07560847813022781
DE,2050,11,152,92,0.07675004107830455
DE,2050,11,153,92,0.07922639391989808
DE,2050,11,154,92,0.07922969674013174
DE,2050,11,155,92,0.07779945928660484
DE,2050,11,156,92,0.07545250265635481
DE,2050,11,157,92,0.07306541440460097
DE,2050,11,158,92,0.07306846038356761
DE,2050,11,159,92,0.07307150648951903
DE,2050,11,160,92,0.07307455272245521
DE,2050,11,161,92,0.07307759908238924
DE,2050,11,162,92,0.07854505214222564
DE,2050,11,163,92,0.07925942831900525
DE,2050,11,164,92,0.07926273251639206
DE,2050,11,165,92,0.07926603685153429
DE,2050,11,166,92,0.07926934132442325
DE,2050,11,167,92,0.06154981325185336
DE,2050,21,0,92,0.0
DE,2050,21,1,92,0.0
DE,2050,21,2,92,0.0
DE,2050,21,3,92,0.0
DE,2050,21,4,92,0.0
DE,2050,21,5,92,0.0
DE,2050,21,6,92,0.0
DE,2050,21,7,92,0.0
DE,2050,21,8,92,0.0
DE,2050,21,9,92,0.0
DE,2050,21,10,92,0.0
DE,2050,21,11,92,0.0
DE,2050,21,12,92,0.0
DE,2050,21,13,92,0.0
DE,2050,21,14,92,0.0
DE,2050,21,15,92,0.0
DE,2050,21,16,92,0.0
DE,2050,21,17,92,0.0
DE,2050,21,18,92,0.08331127028408607
DE,2050,21,19,92,1.3081773107692803e-14
DE,2050,21,20,92,1.3081773107692803e-14
DE,2050,21,21,92,0.003992209473330622
DE,2050,21,22,92,0.0
DE,2050,21,23,92,0.0
DE,2050,21,24,92,0.0
DE,2050,21,25,92,0.0
DE,2050,21,26,92,0.0
DE,2050,21,27,92,0.0
DE,2050,21,28,92,0.0
DE,2050,21,29,92,0.0
DE,2050,21,30,92,0.0
DE,2050,21,31,92,0.0
DE,2050,21,32,92,0.0
DE,2050,21,33,92,0.0
DE,2050,21,34,92,0.0
DE,2050,21,35,92,0.0
DE,2050,21,36,92,0.0
DE,2050,21,37,92,0.0
DE,2050,21,38,92,0.0
DE,2050,21,39,92,0.0
DE,2050,21,40,92,0.0
DE,2050,21,41,92,0.0
DE,2050,21,42,92,0.0
DE,2050,21,43,92,0.0
DE,2050,21,44,92,0.0
DE,2050,21,45,92,0.0
DE,2050,21,46,92,0.0
DE,2050,21,47,92,0.0
DE,2050,21,48,92,0.0
DE,2050,21,49,92,0.0
DE,2050,21,50,92,0.0
DE,2050,21,51,92,0.0
DE,2050,21,52,92,0.0
DE,2050,21,53,92,0.0
DE,2050,21,54,92,0.0
DE,2050,21,55,92,0.0
DE,2050,21,56,92,0.0
DE,2050,21,57,92,0.0
DE,2050,21,58,92,0.0
DE,2050,21,59,92,0.0
DE,2050,21,60,92,0.0
DE,2050,21,61,92,0.0
DE,2050,21,62,92,0.0
DE,2050,21,63,92,0.0
DE,2050,21,64,92,0.0
DE,2050,21,65,92,0.0
DE,2050,21,66,92,0.0
DE,2050,21,67,92,0.0
DE,2050,21,68,92,0.0
DE,2050,21,69,92,0.0
DE,2050,21,70,92,0.0
DE,2050,21,71,92,0.0
DE,2050,21,72,92,0.0
DE,2050,21,73,92,0.0
DE,2050,21,74,92,0.0
DE,2050,21,75,92,0.0
DE,2050,21,76,92,0.0
DE,2050,21,77,92,0.0
DE,2050,21,78,92,0.0
DE,2050,21,79,92,0.0
DE,2050,21,80,92,0.0
DE,2050,21,81,92,0.0
DE,2050,21,82,92,0.0
DE,2050,21,83,92,0.0
DE,2050,21,84,92,0.0
DE,2050,21,85,92,0.0
DE,2050,21,86,92,0.0
DE,2050,21,87,92,0.0
DE,2050,21,88,92,0.0
DE,2050,21,89,92,0.0
DE,2050,21,90,92,0.0
DE,2050,21,91,92,0.0
DE,2050,21,92,92,0.0
DE,2050,21,93,92,0.0
DE,2050,21,94,92,0.0
DE,2050,21,95,92,0.0
DE,2050,21,96,92,0.0
DE,2050,21,97,92,0.0
DE,2050,21,98,92,0.0
DE,2050,21,99,92,0.0
DE,2050,21,100,92,0.0
DE,2050,21,101,92,0.0
DE,2050,21,102,92,0.0
DE,2050,21,103,92,0.0
DE,2050,21,104,92,0.0
DE,2050,21,105,92,0.0
DE,2050,21,106,92,0.0
DE,2050,21,107,92,0.0
DE,2050,21,108,92,0.0
DE,2050,21,109,92,0.0
DE,2050,21,110,92,0.0
DE,2050,21,111,92,0.0
DE,2050,21,112,92,0.0
DE,2050,21,113,92,0.0
DE,2050,21,114,92,0.0
DE,2050,21,115,92,0.0
DE,2050,21,116,92,0.0
DE,2050,21,117,92,0.07600714492662843
DE,2050,21,118,92,0.0
DE,2050,21,119,92,0.0
DE,2050,21,120,92,0.0
DE,2050,21,121,92,0.0
DE,2050,21,122,92,0.0
DE,2050,21,123,92,0.0
DE,2050,21,124,92,0.0
DE,2050,21,125,92,0.0
DE,2050,21,126,92,0.0
DE,2050,21,127,92,0.0
DE,2050,21,128,92,0.0
DE,2050,21,129,92,0.0
DE,2050,21,130,92,0.0
DE,2050,21,131,92,0.0
DE,2050,21,132,92,0.0
DE,2050,21,133,92,0.0
DE,2050,21,134,92,0.0
DE,2050,21,135,92,0.0
DE,2050,21,136,92,0.0
DE,2050,21,137,92,0.0
DE,2050,21,138,92,0.07781414582386538
DE,2050,21,139,92,0.07781738976976232
DE,2050,21,140,92,0.07782063385090734
DE,2050,21,141,92,0.07748356987873219
DE,2050,21,142,92,0.07782712241890244
DE,2050,21,143,92,0.07598915806651883
DE,2050,21,144,92,0.07598915806651883
DE,2050,21,145,92,0.07674776607084087
DE,2050,21,146,92,0.07672851464076987
DE,2050,21,147,92,0.0768128729724881
DE,2050,21,148,92,0.07683163124284588
DE,2050,21,149,92,0.07679100628536505
DE,2050,21,150,92,0.07785308210142132
DE,2050,21,151,92,0.07785632767050903
DE,2050,21,152,92,0.07493287783596839
DE,2050,21,153,92,0.07179590406703688
DE,2050,21,154,92,0.07586327726248533
DE,2050,21,155,92,0.07661134494605654
DE,2050,21,156,92,0.07679100628536505
DE,2050,21,157,92,0.07180787703625965
DE,2050,21,158,92,0.07181087059052639
DE,2050,21,159,92,0.07181386426959326
DE,2050,21,160,92,0.07181685807345586
DE,2050,21,161,92,0.0718198520021273
DE,2050,21,162,92,0.07789203786171864
DE,2050,21,163,92,0.0778952850548169
DE,2050,21,164,92,0.077898532383281
DE,2050,21,165,92,0.07784880294738386
DE,2050,21,166,92,0.0779050274463459
DE,2050,21,167,92,0.07567698512438853
DE,2050,42,0,92,0.0
DE,2050,42,1,92,0.0
DE,2050,42,2,92,0.0
DE,2050,42,3,92,0.0
DE,2050,42,4,92,0.0
DE,2050,42,5,92,0.0
DE,2050,42,6,92,0.0
DE,2050,42,7,92,0.0
DE,2050,42,8,92,0.0
DE,2050,42,9,92,0.0
DE,2050,42,10,92,0.0
DE,2050,42,11,92,0.0
DE,2050,42,12,92,0.0
DE,2050,42,13,92,0.0
DE,2050,42,14,92,0.0
DE,2050,42,15,92,0.0
DE,2050,42,16,92,0.0
DE,2050,42,17,92,0.0855323113300846
DE,2050,42,18,92,0.08553587703382518
DE,2050,42,19,92,0.08553944288620959
DE,2050,42,20,92,0.0855430088872509
DE,2050,42,21,92,0.0
DE,2050,42,22,92,0.0
DE,2050,42,23,92,0.07514308684352888
DE,2050,42,24,92,0.07514621943730336
DE,2050,42,25,92,0.0752818452708534
DE,2050,42,26,92,0.07528498364924403
DE,2050,42,27,92,0.07515561800219012
DE,2050,42,28,92,0.07515875111837213
DE,2050,42,29,92,0.0787984315548802
DE,2050,42,30,92,0.08151663056275588
DE,2050,42,31,92,0.0
DE,2050,42,32,92,0.0
DE,2050,42,33,92,0.0
DE,2050,42,34,92,0.0
DE,2050,42,35,92,0.0
DE,2050,42,36,92,0.0
DE,2050,42,37,92,0.0
DE,2050,42,38,92,0.0
DE,2050,42,39,92,0.0
DE,2050,42,40,92,0.0
DE,2050,42,41,92,1.3081773107692803e-14
DE,2050,42,42,92,0.0
DE,2050,42,43,92,0.0
DE,2050,42,44,92,0.0
DE,2050,42,45,92,0.0
DE,2050,42,46,92,0.0
DE,2050,42,47,92,0.0
DE,2050,42,48,92,0.0
DE,2050,42,49,92,0.0
DE,2050,42,50,92,0.0
DE,2050,42,51,92,1.3081773107692803e-14
DE,2050,42,52,92,0.0
DE,2050,42,53,92,0.0
DE,2050,42,54,92,0.0
DE,2050,42,55,92,0.0
DE,2050,42,56,92,0.0
DE,2050,42,57,92,0.0
DE,2050,42,58,92,0.0
DE,2050,42,59,92,0.0
DE,2050,42,60,92,0.0
DE,2050,42,61,92,0.0
DE,2050,42,62,92,0.0
DE,2050,42,63,92,0.0
DE,2050,42,64,92,0.0
DE,2050,42,65,92,0.0
DE,2050,42,66,92,0.0
DE,2050,42,67,92,0.0
DE,2050,42,68,92,0.0
DE,2050,42,69,92,0.0
DE,2050,42,70,92,0.0
DE,2050,42,71,92,0.0
DE,2050,42,72,92,0.0
DE,2050,42,73,92,0.0
DE,2050,42,74,92,0.0
DE,2050,42,75,92,0.0
DE,2050,42,76,92,0.0
DE,2050,42,77,92,0.0
DE,2050,42,78,92,0.0
DE,2050,42,79,92,0.0
DE,2050,42,80,92,0.0
DE,2050,42,81,92,0.0
DE,2050,42,82,92,0.0
DE,2050,42,83,92,0.0
DE,2050,42,84,92,0.0
DE,2050,42,85,92,0.0
DE,2050,42,86,92,0.0
DE,2050,42,87,92,0.0
DE,2050,42,88,92,0.0
DE,2050,42,89,92,0.0
DE,2050,42,90,92,0.0
DE,2050,42,91,92,0.0
DE,2050,42,92,92,0.0
DE,2050,42,93,92,0.0
DE,2050,42,94,92,0.0
DE,2050,42,95,92,0.0
DE,2050,42,96,92,0.0
DE,2050,42,97,92,0.0
DE,2050,42,98,92,0.0
DE,2050,42,99,92,0.0
DE,2050,42,100,92,0.0
DE,2050,42,101,92,0.0
DE,2050,42,102,92,0.0
DE,2050,42,103,92,0.0
DE,2050,42,104,92,0.07797172827344345
DE,2050,42,105,92,0.0722235492900755
DE,2050,42,106,92,0.07361724800624907
DE,2050,42,107,92,0.07222957118153492
DE,2050,42,108,92,0.07223258231555058
DE,2050,42,109,92,0.07223559357509894
DE,2050,42,110,92,0.07223860496017999
DE,2050,42,111,92,0.07224161647079373
DE,2050,42,112,92,0.07718769905116472
DE,2050,42,113,92,0.07850639572879778
DE,2050,42,114,92,0.07850966853347428
DE,2050,42,115,92,0.07851294147458933
DE,2050,42,116,92,0.07851621455216035
DE,2050,42,117,92,0.07851948776616553
DE,2050,42,118,92,0.07303366084794255
DE,2050,42,119,92,0.07303670550316022
DE,2050,42,120,92,0.0754086495203684
DE,2050,42,121,92,0.07496297770903952
DE,2050,42,122,92,0.07506233219182956
DE,2050,42,123,92,0.07227776439223368
DE,2050,42,124,92,0.07228077753534806
DE,2050,42,125,92,0.07839193347670839
DE,2050,42,126,92,0.07701262807926568
DE,2050,42,127,92,0.07839846967881012
DE,2050,42,128,92,0.07840173798423751
DE,2050,42,129,92,0.07229584513520981
DE,2050,42,130,92,0.07778061486500058
DE,2050,42,131,92,0.07230187305459329
DE,2050,42,132,92,0.07230488720275413
DE,2050,42,133,92,0.07230790147657412
DE,2050,42,134,92,0.07231091587605327
DE,2050,42,135,92,0.07231393040119594
DE,2050,42,136,92,0.07633781528996485
DE,2050,42,137,92,0.07843115886494285
DE,2050,42,138,92,0.07843442853312035
DE,2050,42,139,92,0.07843769833759685
DE,2050,42,140,92,0.07844096827839851
DE,2050,42,141,92,0.07844423835552097
DE,2050,42,142,92,0.07514465314041395
DE,2050,42,143,92,0.07560847813022781
DE,2050,42,144,92,0.07560847813022781
DE,2050,42,145,92,0.07560847813022781
DE,2050,42,146,92,0.07567157342616579
DE,2050,42,147,92,0.07538083196950413
DE,2050,42,148,92,0.07538083196950413
DE,2050,42,149,92,0.07808870959753557
DE,2050,42,150,92,0.07847367518482638
DE,2050,42,151,92,0.0784769466254446
DE,2050,42,152,92,0.07848021820243596
DE,2050,42,153,92,0.07347455120441375
DE,2050,42,154,92,0.07237123026233884
DE,2050,42,155,92,0.07237424730188986
DE,2050,42,156,92,0.07237726446722213
DE,2050,42,157,92,0.07238028175833565
DE,2050,42,158,92,0.07238329917522605
DE,2050,42,159,92,0.07238631671791515
DE,2050,42,160,92,0.07691578434049953
DE,2050,42,161,92,0.07850966853346993
DE,2050,42,162,92,0.0785129414745806
DE,2050,42,163,92,0.07851621455215597
DE,2050,42,164,92,0.07851948776616989
DE,2050,42,165,92,0.07852276111663105
DE,2050,42,166,92,0.07461699164835732
DE,2050,42,167,92,0.07461699164835732
DE,2050,52,0,92,0.0
DE,2050,52,1,92,0.15228225515794877
DE,2050,52,2,92,0.07727311369089439
DE,2050,52,3,92,0.07727633508203101
DE,2050,52,4,92,0.07727955660747819
DE,2050,52,5,92,0.07728277826721414
DE,2050,52,6,92,0.0781299524937311
DE,2050,52,7,92,0.08382033483966464
DE,2050,52,8,92,0.08382382917386465
DE,2050,52,9,92,0.07566488122653175
DE,2050,52,10,92,0.07236972180544522
DE,2050,52,11,92,0.07237273878211653
DE,2050,52,12,92,0.07237575588456036
DE,2050,52,13,92,0.07237877311278107
DE,2050,52,14,92,0.07238179046678303
DE,2050,52,15,92,0.0723848079465706
DE,2050,52,16,92,0.07850475939466789
DE,2050,52,17,92,0.07850803213113602
DE,2050,52,18,92,0.07851130500403398
DE,2050,52,19,92,0.07851457801336612
DE,2050,52,20,92,0.07851785115915857
DE,2050,52,21,92,2.099829503025677e-05
DE,2050,52,22,92,2.099829503025677e-05
DE,2050,52,23,92,2.0801386572559475e-05
DE,2050,52,24,92,2.0801386572559475e-05
DE,2050,52,25,92,2.0801386572559475e-05
DE,2050,52,26,92,2.0744610013314835e-05
DE,2050,52,27,92,2.074427862168335e-05
DE,2050,52,28,92,2.074427862168335e-05
DE,2050,52,29,92,2.074427862168335e-05
DE,2050,52,30,92,2.074427862168335e-05
DE,2050,52,31,92,2.0744610013314835e-05
DE,2050,52,32,92,2.0744610013314835e-05
DE,2050,52,33,92,2.0744610013314835e-05
DE,2050,52,34,92,2.0744610013314835e-05
DE,2050,52,35,92,2.074427862168335e-05
DE,2050,52,36,92,2.074427862168335e-05
DE,2050,52,37,92,2.074427862168335e-05
DE,2050,52,38,92,2.074427862168335e-05
DE,2050,52,39,92,2.0674935872924034e-05
DE,2050,52,40,92,2.074427862168335e-05
DE,2050,52,41,92,2.074427862168335e-05
DE,2050,52,42,92,2.074427862168335e-05
DE,2050,52,43,92,2.074427862168335e-05
DE,2050,52,44,92,2.0607350988752556e-05
DE,2050,52,45,92,2.0607350988752556e-05
DE,2050,52,46,92,2.0607350988752556e-05
DE,2050,52,47,92,2.0607350988752556e-05
DE,2050,52,48,92,2.0607350988752556e-05
DE,2050,52,49,92,2.0607350988752556e-05
DE,2050,52,50,92,2.0596186114359358e-05
DE,2050,52,51,92,2.0597044736051824e-05
DE,2050,52,52,92,2.0597903393538185e-05
DE,2050,52,53,92,2.059876208682057e-05
DE,2050,52,54,92,2.0607350988752556e-05
DE,2050,52,55,92,2.0607350988752556e-05
DE,2050,52,56,92,2.0607350988752556e-05
DE,2050,52,57,92,2.0607350988752556e-05
DE,2050,52,58,92,2.0607350988752556e-05
DE,2050,52,59,92,2.0607350988752556e-05
DE,2050,52,60,92,2.0607350988752556e-05
DE,2050,52,61,92,2.0607350988752556e-05
DE,2050,52,62,92,2.0607350988752556e-05
DE,2050,52,63,92,2.0607350988752556e-05
DE,2050,52,64,92,2.060821007589021e-05
DE,2050,52,65,92,2.060906919884092e-05
DE,2050,52,66,92,2.074427862168335e-05
DE,2050,52,67,92,2.074427862168335e-05
DE,2050,52,68,92,2.0626246249220097e-05
DE,2050,52,69,92,2.0626246249220097e-05
DE,2050,52,70,92,2.0626246249220097e-05
DE,2050,52,71,92,2.0674935872924034e-05
DE,2050,52,72,92,2.0615084062415864e-05
DE,2050,52,73,92,2.061594347193384e-05
DE,2050,52,74,92,2.061680291727872e-05
DE,2050,52,75,92,2.0617662398449428e-05
DE,2050,52,76,92,2.0618521915454487e-05
DE,2050,52,77,92,0.0
DE,2050,52,78,92,4.0403378985079354e-07
DE,2050,52,79,92,4.0403378985079354e-07
DE,2050,52,80,92,0.0
DE,2050,52,81,92,0.0
DE,2050,52,82,92,0.0
DE,2050,52,83,92,0.0
DE,2050,52,84,92,0.0
DE,2050,52,85,92,0.0
DE,2050,52,86,92,0.0
DE,2050,52,87,92,4.0403378985079354e-07
DE,2050,52,88,92,4.040337898028867e-07
DE,2050,52,89,92,0.0
DE,2050,52,90,92,0.0
DE,2050,52,91,92,0.0
DE,2050,52,92,92,2.099829503025677e-05
DE,2050,52,93,92,2.099829503025677e-05
DE,2050,52,94,92,2.0801386572559475e-05
DE,2050,52,95,92,2.0801386572559475e-05
DE,2050,52,96,92,4.0403378985079354e-07
DE,2050,52,97,92,2.0626246249220097e-05
DE,2050,52,98,92,2.0626246249220097e-05
DE,2050,52,99,92,2.074427862168335e-05
DE,2050,52,100,92,2.074427862168335e-05
DE,2050,52,101,92,2.0626246249220097e-05
DE,2050,52,102,92,2.0801386572559475e-05
DE,2050,52,103,92,2.0801386572559475e-05
DE,2050,52,104,92,2.080138657255841e-05
DE,2050,52,105,92,2.0801386572559475e-05
DE,2050,52,106,92,2.0801386572559475e-05
DE,2050,52,107,92,2.0801386572559475e-05
DE,2050,52,108,92,2.080138657255841e-05
DE,2050,52,109,92,2.0801386572559475e-05
DE,2050,52,110,92,2.0801386572559475e-05
DE,2050,52,111,92,2.0801386572559475e-05
DE,2050,52,112,92,2.0933820767924245e-05
DE,2050,52,113,92,2.0965233330041774e-05
DE,2050,52,114,92,2.0965233330041774e-05
DE,2050,52,115,92,2.0965233330041774e-05
DE,2050,52,116,92,2.0933820767922114e-05
DE,2050,52,117,92,2.0801386572559475e-05
DE,2050,52,118,92,2.0801386572559475e-05
DE,2050,52,119,92,2.0801386572559475e-05
DE,2050,52,120,92,2.074427862168335e-05
DE,2050,52,121,92,2.074427862168335e-05
DE,2050,52,122,92,2.0674935872924034e-05
DE,2050,52,123,92,2.065895965880679e-05
DE,2050,52,124,92,2.0659820897426633e-05
DE,2050,52,125,92,2.0660682171950024e-05
DE,2050,52,126,92,2.0744610013314835e-05
DE,2050,52,127,92,2.0801386572559475e-05
DE,2050,52,128,92,2.0801386572559475e-05
DE,2050,52,129,92,2.0801386572559475e-05
DE,2050,52,130,92,2.0744610013314835e-05
DE,2050,52,131,92,2.066585057314791e-05
DE,2050,52,132,92,2.0666712099037656e-05
DE,2050,52,133,92,2.066757366084266e-05
DE,2050,52,134,92,2.0674935872924034e-05
DE,2050,52,135,92,2.074427862168335e-05
DE,2050,52,136,92,2.0832600408537656e-05
DE,2050,52,137,92,0.07717020017612039
DE,2050,52,138,92,-8.721182071795201e-15
DE,2050,52,139,92,-8.721182071795201e-15
DE,2050,52,140,92,0.0
DE,2050,52,141,92,0.0
DE,2050,52,142,92,0.0
DE,2050,52,143,92,0.0
DE,2050,52,144,92,0.0
DE,2050,52,145,92,0.0
DE,2050,52,146,92,0.0
DE,2050,52,147,92,0.0
DE,2050,52,148,92,0.0
DE,2050,52,149,92,0.0
DE,2050,52,150,92,0.0
DE,2050,52,151,92,0.0
DE,2050,52,152,92,0.0
DE,2050,52,153,92,0.0
DE,2050,52,154,92,0.07598915806651883
DE,2050,52,155,92,0.0
DE,2050,52,156,92,0.0
DE,2050,52,157,92,0.0
DE,2050,52,158,92,0.0
DE,2050,52,159,92,0.0
DE,2050,52,160,92,0.07872533326533264
DE,2050,52,161,92,0.07872861519715788
DE,2050,52,162,92,0.07873189726581412
DE,2050,52,163,92,0.07873517947128825
DE,2050,52,164,92,0.07873846181359337
DE,2050,52,165,92,0.07874174429272947
DE,2050,52,166,92,0.07874502690870964
DE,2050,52,167,92,0.07154427937211824
NT,2025,11,0,93,0.0
NT,2025,11,1,93,0.0
NT,2025,11,2,93,0.0
NT,2025,11,3,93,0.0
NT,2025,11,4,93,0.0
NT,2025,11,5,93,0.0
NT,2025,11,6,93,0.0
NT,2025,11,7,93,0.0
NT,2025,11,8,93,0.0
NT,2025,11,9,93,0.0
NT,2025,11,10,93,0.0
NT,2025,11,11,93,0.0
NT,2025,11,12,93,0.0
NT,2025,11,13,93,0.0
NT,2025,11,14,93,0.0
NT,2025,11,15,93,0.0
NT,2025,11,16,93,0.0
NT,2025,11,17,93,0.0
NT,2025,11,18,93,0.0
NT,2025,11,19,93,0.0
NT,2025,11,20,93,0.0
NT,2025,11,21,93,0.0
NT,2025,11,22,93,0.0
NT,2025,11,23,93,0.0
NT,2025,11,24,93,0.0
NT,2025,11,25,93,0.0
NT,2025,11,26,93,0.0
NT,2025,11,27,93,0.0
NT,2025,11,28,93,0.0
NT,2025,11,29,93,0.0
NT,2025,11,30,93,0.0
NT,2025,11,31,93,0.0
NT,2025,11,32,93,0.0
NT,2025,11,33,93,0.0
NT,2025,11,34,93,0.0
NT,2025,11,35,93,0.0
NT,2025,11,36,93,0.0
NT,2025,11,37,93,0.0
NT,2025,11,38,93,0.0
NT,2025,11,39,93,0.0
NT,2025,11,40,93,0.0
NT,2025,11,41,93,0.0
NT,2025,11,42,93,0.0
NT,2025,11,43,93,0.0
NT,2025,11,44,93,0.0
NT,2025,11,45,93,0.0
NT,2025,11,46,93,0.0
NT,2025,11,47,93,0.0
NT,2025,11,48,93,0.0
NT,2025,11,49,93,0.0
NT,2025,11,50,93,0.0
NT,2025,11,51,93,0.0
NT,2025,11,52,93,0.0
NT,2025,11,53,93,0.0
NT,2025,11,54,93,0.0
NT,2025,11,55,93,0.0
NT,2025,11,56,93,0.0
NT,2025,11,57,93,0.0
NT,2025,11,58,93,0.0
NT,2025,11,59,93,0.0
NT,2025,11,60,93,0.0
NT,2025,11,61,93,0.0
NT,2025,11,62,93,0.0
NT,2025,11,63,93,0.0
NT,2025,11,64,93,0.0
NT,2025,11,65,93,0.0
NT,2025,11,66,93,0.0
NT,2025,11,67,93,0.0
NT,2025,11,68,93,0.0
NT,2025,11,69,93,0.0
NT,2025,11,70,93,0.0
NT,2025,11,71,93,0.0
NT,2025,11,72,93,0.0
NT,2025,11,73,93,0.0
NT,2025,11,74,93,0.0
NT,2025,11,75,93,0.0
NT,2025,11,76,93,0.0
NT,2025,11,77,93,0.0
NT,2025,11,78,93,0.0
NT,2025,11,79,93,0.0
NT,2025,11,80,93,0.0
NT,2025,11,81,93,0.0
NT,2025,11,82,93,0.0
NT,2025,11,83,93,0.0
NT,2025,11,84,93,0.0
NT,2025,11,85,93,0.0
NT,2025,11,86,93,0.0
NT,2025,11,87,93,0.0
NT,2025,11,88,93,0.0
NT,2025,11,89,93,0.0
NT,2025,11,90,93,0.0
NT,2025,11,91,93,0.0
NT,2025,11,92,93,0.0
NT,2025,11,93,93,0.0
NT,2025,11,94,93,0.0
NT,2025,11,95,93,0.0
NT,2025,11,96,93,0.0
NT,2025,11,97,93,0.0
NT,2025,11,98,93,0.0
NT,2025,11,99,93,0.0
NT,2025,11,100,93,0.0
NT,2025,11,101,93,0.0
NT,2025,11,102,93,0.0
NT,2025,11,103,93,0.0
NT,2025,11,104,93,0.0
NT,2025,11,105,93,0.0
NT,2025,11,106,93,0.0
NT,2025,11,107,93,0.0
NT,2025,11,108,93,0.0
NT,2025,11,109,93,0.0
NT,2025,11,110,93,0.0
NT,2025,11,111,93,0.0
NT,2025,11,112,93,0.0
NT,2025,11,113,93,0.0
NT,2025,11,114,93,0.0
NT,2025,11,115,93,0.0
NT,2025,11,116,93,0.0
NT,2025,11,117,93,0.0
NT,2025,11,118,93,0.0
NT,2025,11,119,93,0.0
NT,2025,11,120,93,0.0
NT,2025,11,121,93,0.0
NT,2025,11,122,93,0.0
NT,2025,11,123,93,0.0
NT,2025,11,124,93,0.0
NT,2025,11,125,93,0.0
NT,2025,11,126,93,0.0
NT,2025,11,127,93,0.0
NT,2025,11,128,93,0.0
NT,2025,11,129,93,0.0
NT,2025,11,130,93,0.0
NT,2025,11,131,93,0.0
NT,2025,11,132,93,0.0
NT,2025,11,133,93,0.0
NT,2025,11,134,93,0.0
NT,2025,11,135,93,0.0
NT,2025,11,136,93,0.0
NT,2025,11,137,93,0.0
NT,2025,11,138,93,0.0
NT,2025,11,139,93,0.0
NT,2025,11,140,93,0.0
NT,2025,11,141,93,0.0
NT,2025,11,142,93,0.0
NT,2025,11,143,93,0.0
NT,2025,11,144,93,0.0
NT,2025,11,145,93,0.0
NT,2025,11,146,93,0.0
NT,2025,11,147,93,0.0
NT,2025,11,148,93,0.0
NT,2025,11,149,93,0.0
NT,2025,11,150,93,0.0
NT,2025,11,151,93,0.0
NT,2025,11,152,93,0.0
NT,2025,11,153,93,0.0
NT,2025,11,154,93,0.0
NT,2025,11,155,93,0.0
NT,2025,11,156,93,0.0
NT,2025,11,157,93,0.0
NT,2025,11,158,93,0.0
NT,2025,11,159,93,0.0
NT,2025,11,160,93,0.0
NT,2025,11,161,93,0.0
NT,2025,11,162,93,0.0
NT,2025,11,163,93,0.0
NT,2025,11,164,93,0.0
NT,2025,11,165,93,0.0
NT,2025,11,166,93,0.0
NT,2025,11,167,93,0.0
NT,2025,21,0,93,0.0
NT,2025,21,1,93,0.0
NT,2025,21,2,93,0.0
NT,2025,21,3,93,0.0
NT,2025,21,4,93,0.0
NT,2025,21,5,93,0.0
NT,2025,21,6,93,0.0
NT,2025,21,7,93,0.0
NT,2025,21,8,93,0.0
NT,2025,21,9,93,0.0
NT,2025,21,10,93,0.0
NT,2025,21,11,93,0.0
NT,2025,21,12,93,0.0
NT,2025,21,13,93,0.0
NT,2025,21,14,93,0.0
NT,2025,21,15,93,0.0
NT,2025,21,16,93,0.0
NT,2025,21,17,93,0.0
NT,2025,21,18,93,0.0
NT,2025,21,19,93,0.0
NT,2025,21,20,93,0.0
NT,2025,21,21,93,0.0
NT,2025,21,22,93,0.0
NT,2025,21,23,93,0.0
NT,2025,21,24,93,0.0
NT,2025,21,25,93,0.0
NT,2025,21,26,93,0.0
NT,2025,21,27,93,0.0
NT,2025,21,28,93,0.0
NT,2025,21,29,93,0.0
NT,2025,21,30,93,0.0
NT,2025,21,31,93,0.0
NT,2025,21,32,93,0.0
NT,2025,21,33,93,0.0
NT,2025,21,34,93,0.0
NT,2025,21,35,93,0.0
NT,2025,21,36,93,0.0
NT,2025,21,37,93,0.0
NT,2025,21,38,93,0.0
NT,2025,21,39,93,0.0
NT,2025,21,40,93,0.0
NT,2025,21,41,93,0.0
NT,2025,21,42,93,0.0
NT,2025,21,43,93,0.0
NT,2025,21,44,93,0.0
NT,2025,21,45,93,0.0
NT,2025,21,46,93,0.0
NT,2025,21,47,93,0.0
NT,2025,21,48,93,0.0
NT,2025,21,49,93,0.0
NT,2025,21,50,93,0.0
NT,2025,21,51,93,0.0
NT,2025,21,52,93,0.0
NT,2025,21,53,93,0.0
NT,2025,21,54,93,0.0
NT,2025,21,55,93,0.0
NT,2025,21,56,93,0.0
NT,2025,21,57,93,0.0
NT,2025,21,58,93,0.0
NT,2025,21,59,93,0.0
NT,2025,21,60,93,0.0
NT,2025,21,61,93,0.0
NT,2025,21,62,93,0.0
NT,2025,21,63,93,0.0
NT,2025,21,64,93,0.0
NT,2025,21,65,93,0.0
NT,2025,21,66,93,0.0
NT,2025,21,67,93,0.0
NT,2025,21,68,93,0.0
NT,2025,21,69,93,0.0
NT,2025,21,70,93,0.0
NT,2025,21,71,93,0.0
NT,2025,21,72,93,0.0
NT,2025,21,73,93,0.0
NT,2025,21,74,93,0.0
NT,2025,21,75,93,0.0
NT,2025,21,76,93,0.0
NT,2025,21,77,93,0.0
NT,2025,21,78,93,0.0
NT,2025,21,79,93,0.0
NT,2025,21,80,93,0.0
NT,2025,21,81,93,0.0
NT,2025,21,82,93,0.0
NT,2025,21,83,93,0.0
NT,2025,21,84,93,0.0
NT,2025,21,85,93,0.0
NT,2025,21,86,93,0.0
NT,2025,21,87,93,0.0
NT,2025,21,88,93,0.0
NT,2025,21,89,93,0.0
NT,2025,21,90,93,0.0
NT,2025,21,91,93,0.0
NT,2025,21,92,93,0.0
NT,2025,21,93,93,0.0
NT,2025,21,94,93,0.0
NT,2025,21,95,93,0.0
NT,2025,21,96,93,0.0
NT,2025,21,97,93,0.0
NT,2025,21,98,93,0.0
NT,2025,21,99,93,0.0
NT,2025,21,100,93,0.0
NT,2025,21,101,93,0.0
NT,2025,21,102,93,0.0
NT,2025,21,103,93,0.0
NT,2025,21,104,93,0.0
NT,2025,21,105,93,0.0
NT,2025,21,106,93,0.0
NT,2025,21,107,93,0.0
NT,2025,21,108,93,0.0
NT,2025,21,109,93,0.0
NT,2025,21,110,93,0.0
NT,2025,21,111,93,0.0
NT,2025,21,112,93,0.0
NT,2025,21,113,93,0.0
NT,2025,21,114,93,0.0
NT,2025,21,115,93,0.0
NT,2025,21,116,93,0.0
NT,2025,21,117,93,0.0
NT,2025,21,118,93,0.0
NT,2025,21,119,93,0.0
NT,2025,21,120,93,0.0
NT,2025,21,121,93,0.0
NT,2025,21,122,93,0.0
NT,2025,21,123,93,0.0
NT,2025,21,124,93,0.0
NT,2025,21,125,93,0.0
NT,2025,21,126,93,0.0
NT,2025,21,127,93,0.0
NT,2025,21,128,93,0.0
NT,2025,21,129,93,0.0
NT,2025,21,130,93,0.0
NT,2025,21,131,93,0.0
NT,2025,21,132,93,0.0
NT,2025,21,133,93,0.0
NT,2025,21,134,93,0.0
NT,2025,21,135,93,0.0
NT,2025,21,136,93,0.0
NT,2025,21,137,93,0.0
NT,2025,21,138,93,0.0
NT,2025,21,139,93,0.0
NT,2025,21,140,93,0.0
NT,2025,21,141,93,0.0
NT,2025,21,142,93,0.0
NT,2025,21,143,93,0.0
NT,2025,21,144,93,0.0
NT,2025,21,145,93,0.0
NT,2025,21,146,93,0.0
NT,2025,21,147,93,0.0
NT,2025,21,148,93,0.0
NT,2025,21,149,93,0.0
NT,2025,21,150,93,0.0
NT,2025,21,151,93,0.0
NT,2025,21,152,93,0.0
NT,2025,21,153,93,0.0
NT,2025,21,154,93,0.0
NT,2025,21,155,93,0.0
NT,2025,21,156,93,0.0
NT,2025,21,157,93,0.0
NT,2025,21,158,93,0.0
NT,2025,21,159,93,0.0
NT,2025,21,160,93,0.0
NT,2025,21,161,93,0.0
NT,2025,21,162,93,0.0
NT,2025,21,163,93,0.0
NT,2025,21,164,93,0.0
NT,2025,21,165,93,0.0
NT,2025,21,166,93,0.0
NT,2025,21,167,93,0.0
NT,2025,42,0,93,0.0
NT,2025,42,1,93,0.0
NT,2025,42,2,93,0.0
NT,2025,42,3,93,0.0
NT,2025,42,4,93,0.0
NT,2025,42,5,93,0.0
NT,2025,42,6,93,0.0
NT,2025,42,7,93,0.0
NT,2025,42,8,93,0.0
NT,2025,42,9,93,0.0
NT,2025,42,10,93,0.0
NT,2025,42,11,93,0.0
NT,2025,42,12,93,0.0
NT,2025,42,13,93,0.0
NT,2025,42,14,93,0.0
NT,2025,42,15,93,0.0
NT,2025,42,16,93,0.0
NT,2025,42,17,93,0.0
NT,2025,42,18,93,0.0
NT,2025,42,19,93,0.0
NT,2025,42,20,93,0.0
NT,2025,42,21,93,0.0
NT,2025,42,22,93,0.0
NT,2025,42,23,93,0.0
NT,2025,42,24,93,0.0
NT,2025,42,25,93,0.0
NT,2025,42,26,93,0.0
NT,2025,42,27,93,0.0
NT,2025,42,28,93,0.0
NT,2025,42,29,93,0.0
NT,2025,42,30,93,0.0
NT,2025,42,31,93,0.0
NT,2025,42,32,93,0.0
NT,2025,42,33,93,0.0
NT,2025,42,34,93,0.0
NT,2025,42,35,93,0.0
NT,2025,42,36,93,0.0
NT,2025,42,37,93,0.0
NT,2025,42,38,93,0.0
NT,2025,42,39,93,0.0
NT,2025,42,40,93,0.0
NT,2025,42,41,93,0.0
NT,2025,42,42,93,0.0
NT,2025,42,43,93,0.0
NT,2025,42,44,93,0.0
NT,2025,42,45,93,0.0
NT,2025,42,46,93,0.0
NT,2025,42,47,93,0.0
NT,2025,42,48,93,0.0
NT,2025,42,49,93,0.0
NT,2025,42,50,93,0.0
NT,2025,42,51,93,0.0
NT,2025,42,52,93,0.0
NT,2025,42,53,93,0.0
NT,2025,42,54,93,0.0
NT,2025,42,55,93,0.0
NT,2025,42,56,93,0.0
NT,2025,42,57,93,0.0
NT,2025,42,58,93,0.0
NT,2025,42,59,93,0.0
NT,2025,42,60,93,0.0
NT,2025,42,61,93,0.0
NT,2025,42,62,93,0.0
NT,2025,42,63,93,0.0
NT,2025,42,64,93,0.0
NT,2025,42,65,93,0.0
NT,2025,42,66,93,0.0
NT,2025,42,67,93,0.0
NT,2025,42,68,93,0.0
NT,2025,42,69,93,0.0
NT,2025,42,70,93,0.0
NT,2025,42,71,93,0.0
NT,2025,42,72,93,0.0
NT,2025,42,73,93,0.0
NT,2025,42,74,93,0.0
NT,2025,42,75,93,0.0
NT,2025,42,76,93,0.0
NT,2025,42,77,93,0.0
NT,2025,42,78,93,0.0
NT,2025,42,79,93,0.0
NT,2025,42,80,93,0.0
NT,2025,42,81,93,0.0
NT,2025,42,82,93,0.0
NT,2025,42,83,93,0.0
NT,2025,42,84,93,0.0
NT,2025,42,85,93,0.0
NT,2025,42,86,93,0.0
NT,2025,42,87,93,0.0
NT,2025,42,88,93,0.0
NT,2025,42,89,93,0.0
NT,2025,42,90,93,0.0
NT,2025,42,91,93,0.0
NT,2025,42,92,93,0.0
NT,2025,42,93,93,0.0
NT,2025,42,94,93,0.0
NT,2025,42,95,93,0.0
NT,2025,42,96,93,0.0
NT,2025,42,97,93,0.0
NT,2025,42,98,93,0.0
NT,2025,42,99,93,0.0
NT,2025,42,100,93,0.0
NT,2025,42,101,93,0.0
NT,2025,42,102,93,0.0
NT,2025,42,103,93,0.0
NT,2025,42,104,93,0.0
NT,2025,42,105,93,0.0
NT,2025,42,106,93,0.0
NT,2025,42,107,93,0.0
NT,2025,42,108,93,0.0
NT,2025,42,109,93,0.0
NT,2025,42,110,93,0.0
NT,2025,42,111,93,0.0
NT,2025,42,112,93,0.0
NT,2025,42,113,93,0.0
NT,2025,42,114,93,0.0
NT,2025,42,115,93,0.0
NT,2025,42,116,93,0.0
NT,2025,42,117,93,0.0
NT,2025,42,118,93,0.0
NT,2025,42,119,93,0.0
NT,2025,42,120,93,0.0
NT,2025,42,121,93,0.0
NT,2025,42,122,93,0.0
NT,2025,42,123,93,0.0
NT,2025,42,124,93,0.0
NT,2025,42,125,93,0.0
NT,2025,42,126,93,0.0
NT,2025,42,127,93,0.0
NT,2025,42,128,93,0.0
NT,2025,42,129,93,0.0
NT,2025,42,130,93,0.0
NT,2025,42,131,93,0.0
NT,2025,42,132,93,0.0
NT,2025,42,133,93,0.0
NT,2025,42,134,93,0.0
NT,2025,42,135,93,0.0
NT,2025,42,136,93,0.0
NT,2025,42,137,93,0.0
NT,2025,42,138,93,0.0
NT,2025,42,139,93,0.0
NT,2025,42,140,93,0.0
NT,2025,42,141,93,0.0
NT,2025,42,142,93,0.0
NT,2025,42,143,93,0.0
NT,2025,42,144,93,0.0
NT,2025,42,145,93,0.0
NT,2025,42,146,93,0.0
NT,2025,42,147,93,0.0
NT,2025,42,148,93,0.0
NT,2025,42,149,93,0.0
NT,2025,42,150,93,0.0
NT,2025,42,151,93,0.0
NT,2025,42,152,93,0.0
NT,2025,42,153,93,0.0
NT,2025,42,154,93,0.0
NT,2025,42,155,93,0.0
NT,2025,42,156,93,0.0
NT,2025,42,157,93,0.0
NT,2025,42,158,93,0.0
NT,2025,42,159,93,0.0
NT,2025,42,160,93,0.0
NT,2025,42,161,93,0.0
NT,2025,42,162,93,0.0
NT,2025,42,163,93,0.0
NT,2025,42,164,93,0.0
NT,2025,42,165,93,0.0
NT,2025,42,166,93,0.0
NT,2025,42,167,93,0.0
NT,2025,52,0,93,0.0
NT,2025,52,1,93,0.0
NT,2025,52,2,93,0.0
NT,2025,52,3,93,0.0
NT,2025,52,4,93,0.0
NT,2025,52,5,93,0.0
NT,2025,52,6,93,0.0
NT,2025,52,7,93,0.0
NT,2025,52,8,93,0.0
NT,2025,52,9,93,0.0
NT,2025,52,10,93,0.0
NT,2025,52,11,93,0.0
NT,2025,52,12,93,0.0
NT,2025,52,13,93,0.0
NT,2025,52,14,93,0.0
NT,2025,52,15,93,0.0
NT,2025,52,16,93,0.0
NT,2025,52,17,93,0.0
NT,2025,52,18,93,0.0
NT,2025,52,19,93,0.0
NT,2025,52,20,93,0.0
NT,2025,52,21,93,0.0
NT,2025,52,22,93,0.0
NT,2025,52,23,93,0.0
NT,2025,52,24,93,0.0
NT,2025,52,25,93,0.0
NT,2025,52,26,93,0.0
NT,2025,52,27,93,0.0
NT,2025,52,28,93,0.0
NT,2025,52,29,93,0.0
NT,2025,52,30,93,0.0
NT,2025,52,31,93,0.0
NT,2025,52,32,93,0.0
NT,2025,52,33,93,0.0
NT,2025,52,34,93,0.0
NT,2025,52,35,93,0.0
NT,2025,52,36,93,0.0
NT,2025,52,37,93,0.0
NT,2025,52,38,93,0.0
NT,2025,52,39,93,0.0
NT,2025,52,40,93,0.0
NT,2025,52,41,93,0.0
NT,2025,52,42,93,0.0
NT,2025,52,43,93,0.0
NT,2025,52,44,93,0.0
NT,2025,52,45,93,0.0
NT,2025,52,46,93,0.0
NT,2025,52,47,93,0.0
NT,2025,52,48,93,0.0
NT,2025,52,49,93,0.0
NT,2025,52,50,93,0.0
NT,2025,52,51,93,0.0
NT,2025,52,52,93,0.0
NT,2025,52,53,93,0.0
NT,2025,52,54,93,0.0
NT,2025,52,55,93,0.0
NT,2025,52,56,93,0.0
NT,2025,52,57,93,0.0
NT,2025,52,58,93,0.0
NT,2025,52,59,93,0.0
NT,2025,52,60,93,0.0
NT,2025,52,61,93,0.0
NT,2025,52,62,93,0.0
NT,2025,52,63,93,0.0
NT,2025,52,64,93,0.0
NT,2025,52,65,93,0.0
NT,2025,52,66,93,0.0
NT,2025,52,67,93,0.0
NT,2025,52,68,93,0.0
NT,2025,52,69,93,0.0
NT,2025,52,70,93,0.0
NT,2025,52,71,93,0.0
NT,2025,52,72,93,0.0
NT,2025,52,73,93,0.0
NT,2025,52,74,93,0.0
NT,2025,52,75,93,0.0
NT,2025,52,76,93,0.0
NT,2025,52,77,93,0.0
NT,2025,52,78,93,0.0
NT,2025,52,79,93,0.0
NT,2025,52,80,93,0.0
NT,2025,52,81,93,0.0
NT,2025,52,82,93,0.0
NT,2025,52,83,93,0.0
NT,2025,52,84,93,0.0
NT,2025,52,85,93,0.0
NT,2025,52,86,93,0.0
NT,2025,52,87,93,0.0
NT,2025,52,88,93,0.0
NT,2025,52,89,93,0.0
NT,2025,52,90,93,0.0
NT,2025,52,91,93,0.0
NT,2025,52,92,93,0.0
NT,2025,52,93,93,0.0
NT,2025,52,94,93,0.0
NT,2025,52,95,93,0.0
NT,2025,52,96,93,0.0
NT,2025,52,97,93,0.0
NT,2025,52,98,93,0.0
NT,2025,52,99,93,0.0
NT,2025,52,100,93,0.0
NT,2025,52,101,93,0.0
NT,2025,52,102,93,0.0
NT,2025,52,103,93,0.0
NT,2025,52,104,93,0.0
NT,2025,52,105,93,0.0
NT,2025,52,106,93,0.0
NT,2025,52,107,93,0.0
NT,2025,52,108,93,0.0
NT,2025,52,109,93,0.0
NT,2025,52,110,93,0.0
NT,2025,52,111,93,0.0
NT,2025,52,112,93,0.0
NT,2025,52,113,93,0.0
NT,2025,52,114,93,0.0
NT,2025,52,115,93,0.0
NT,2025,52,116,93,0.0
NT,2025,52,117,93,0.0
NT,2025,52,118,93,0.0
NT,2025,52,119,93,0.0
NT,2025,52,120,93,0.0
NT,2025,52,121,93,0.0
NT,2025,52,122,93,0.0
NT,2025,52,123,93,0.0
NT,2025,52,124,93,0.0
NT,2025,52,125,93,0.0
NT,2025,52,126,93,0.0
NT,2025,52,127,93,0.0
NT,2025,52,128,93,0.0
NT,2025,52,129,93,0.0
NT,2025,52,130,93,0.0
NT,2025,52,131,93,0.0
NT,2025,52,132,93,0.0
NT,2025,52,133,93,0.0
NT,2025,52,134,93,0.0
NT,2025,52,135,93,0.0
NT,2025,52,136,93,0.0
NT,2025,52,137,93,0.0
NT,2025,52,138,93,0.0
NT,2025,52,139,93,0.0
NT,2025,52,140,93,0.0
NT,2025,52,141,93,0.0
NT,2025,52,142,93,0.0
NT,2025,52,143,93,0.0
NT,2025,52,144,93,0.0
NT,2025,52,145,93,0.0
NT,2025,52,146,93,0.0
NT,2025,52,147,93,0.0
NT,2025,52,148,93,0.0
NT,2025,52,149,93,0.0
NT,2025,52,150,93,0.0
NT,2025,52,151,93,0.0
NT,2025,52,152,93,0.0
NT,2025,52,153,93,0.0
NT,2025,52,154,93,0.0
NT,2025,52,155,93,0.0
NT,2025,52,156,93,0.0
NT,2025,52,157,93,0.0
NT,2025,52,158,93,0.0
NT,2025,52,159,93,0.0
NT,2025,52,160,93,0.0
NT,2025,52,161,93,0.0
NT,2025,52,162,93,0.0
NT,2025,52,163,93,0.0
NT,2025,52,164,93,0.0
NT,2025,52,165,93,0.0
NT,2025,52,166,93,0.0
NT,2025,52,167,93,0.0
NT,2030,11,0,93,0.0
NT,2030,11,1,93,0.0
NT,2030,11,2,93,0.0
NT,2030,11,3,93,0.0
NT,2030,11,4,93,0.0
NT,2030,11,5,93,0.0
NT,2030,11,6,93,0.0
NT,2030,11,7,93,0.0
NT,2030,11,8,93,0.0
NT,2030,11,9,93,0.0
NT,2030,11,10,93,0.0
NT,2030,11,11,93,0.0
NT,2030,11,12,93,0.0
NT,2030,11,13,93,0.0
NT,2030,11,14,93,0.0
NT,2030,11,15,93,0.0
NT,2030,11,16,93,0.0
NT,2030,11,17,93,0.0
NT,2030,11,18,93,0.0
NT,2030,11,19,93,0.0
NT,2030,11,20,93,0.0
NT,2030,11,21,93,0.0
NT,2030,11,22,93,0.0
NT,2030,11,23,93,0.0
NT,2030,11,24,93,0.0
NT,2030,11,25,93,0.0
NT,2030,11,26,93,0.0
NT,2030,11,27,93,0.0
NT,2030,11,28,93,0.0
NT,2030,11,29,93,0.0
NT,2030,11,30,93,0.0
NT,2030,11,31,93,0.0
NT,2030,11,32,93,0.0
NT,2030,11,33,93,0.0
NT,2030,11,34,93,0.0
NT,2030,11,35,93,0.0
NT,2030,11,36,93,0.0
NT,2030,11,37,93,0.0
NT,2030,11,38,93,0.0
NT,2030,11,39,93,0.0
NT,2030,11,40,93,0.0
NT,2030,11,41,93,0.0
NT,2030,11,42,93,0.0
NT,2030,11,43,93,0.0
NT,2030,11,44,93,0.0
NT,2030,11,45,93,0.0
NT,2030,11,46,93,0.0
NT,2030,11,47,93,0.0
NT,2030,11,48,93,0.0
NT,2030,11,49,93,0.0
NT,2030,11,50,93,0.0
NT,2030,11,51,93,0.0
NT,2030,11,52,93,0.0
NT,2030,11,53,93,0.0
NT,2030,11,54,93,0.0
NT,2030,11,55,93,0.0
NT,2030,11,56,93,0.0
NT,2030,11,57,93,0.0
NT,2030,11,58,93,0.0
NT,2030,11,59,93,0.0
NT,2030,11,60,93,0.0
NT,2030,11,61,93,0.0
NT,2030,11,62,93,0.0
NT,2030,11,63,93,0.0
NT,2030,11,64,93,0.0
NT,2030,11,65,93,0.0
NT,2030,11,66,93,0.0
NT,2030,11,67,93,0.0
NT,2030,11,68,93,0.0
NT,2030,11,69,93,0.0
NT,2030,11,70,93,0.0
NT,2030,11,71,93,0.0
NT,2030,11,72,93,0.0
NT,2030,11,73,93,0.0
NT,2030,11,74,93,0.0
NT,2030,11,75,93,0.0
NT,2030,11,76,93,0.0
NT,2030,11,77,93,0.0
NT,2030,11,78,93,0.0
NT,2030,11,79,93,0.0
NT,2030,11,80,93,0.0
NT,2030,11,81,93,0.0
NT,2030,11,82,93,0.0
NT,2030,11,83,93,0.0
NT,2030,11,84,93,0.0
NT,2030,11,85,93,0.0
NT,2030,11,86,93,0.0
NT,2030,11,87,93,0.0
NT,2030,11,88,93,0.0
NT,2030,11,89,93,0.0
NT,2030,11,90,93,0.0
NT,2030,11,91,93,0.0
NT,2030,11,92,93,0.0
NT,2030,11,93,93,0.0
NT,2030,11,94,93,0.0
NT,2030,11,95,93,0.0
NT,2030,11,96,93,0.0
NT,2030,11,97,93,0.0
NT,2030,11,98,93,0.0
NT,2030,11,99,93,0.0
NT,2030,11,100,93,0.0
NT,2030,11,101,93,0.0
NT,2030,11,102,93,0.0
NT,2030,11,103,93,0.0
NT,2030,11,104,93,0.0
NT,2030,11,105,93,0.0
NT,2030,11,106,93,0.0
NT,2030,11,107,93,0.0
NT,2030,11,108,93,0.0
NT,2030,11,109,93,0.0
NT,2030,11,110,93,0.0
NT,2030,11,111,93,0.0
NT,2030,11,112,93,0.0
NT,2030,11,113,93,0.0
NT,2030,11,114,93,0.0
NT,2030,11,115,93,0.0
NT,2030,11,116,93,0.0
NT,2030,11,117,93,0.0
NT,2030,11,118,93,0.0
NT,2030,11,119,93,0.0
NT,2030,11,120,93,0.0
NT,2030,11,121,93,0.0
NT,2030,11,122,93,0.0
NT,2030,11,123,93,0.0
NT,2030,11,124,93,0.0
NT,2030,11,125,93,0.0
NT,2030,11,126,93,0.0
NT,2030,11,127,93,0.0
NT,2030,11,128,93,0.0
NT,2030,11,129,93,0.0
NT,2030,11,130,93,0.0
NT,2030,11,131,93,0.0
NT,2030,11,132,93,0.0
NT,2030,11,133,93,0.0
NT,2030,11,134,93,0.0
NT,2030,11,135,93,0.0
NT,2030,11,136,93,0.0
NT,2030,11,137,93,0.0
NT,2030,11,138,93,0.0
NT,2030,11,139,93,0.0
NT,2030,11,140,93,0.0
NT,2030,11,141,93,0.0
NT,2030,11,142,93,0.0
NT,2030,11,143,93,0.0
NT,2030,11,144,93,0.0
NT,2030,11,145,93,0.0
NT,2030,11,146,93,0.0
NT,2030,11,147,93,0.0
NT,2030,11,148,93,0.0
NT,2030,11,149,93,0.0
NT,2030,11,150,93,0.0
NT,2030,11,151,93,0.0
NT,2030,11,152,93,0.0
NT,2030,11,153,93,0.0
NT,2030,11,154,93,0.0
NT,2030,11,155,93,0.0
NT,2030,11,156,93,0.0
NT,2030,11,157,93,0.0
NT,2030,11,158,93,0.0
NT,2030,11,159,93,0.0
NT,2030,11,160,93,0.0
NT,2030,11,161,93,0.0
NT,2030,11,162,93,0.0
NT,2030,11,163,93,0.0
NT,2030,11,164,93,0.0
NT,2030,11,165,93,0.0
NT,2030,11,166,93,0.0
NT,2030,11,167,93,0.0
NT,2030,21,0,93,0.0
NT,2030,21,1,93,0.0
NT,2030,21,2,93,0.0
NT,2030,21,3,93,0.0
NT,2030,21,4,93,0.0
NT,2030,21,5,93,0.0
NT,2030,21,6,93,0.0
NT,2030,21,7,93,0.0
NT,2030,21,8,93,0.0
NT,2030,21,9,93,0.0
NT,2030,21,10,93,0.0
NT,2030,21,11,93,0.0
NT,2030,21,12,93,0.0
NT,2030,21,13,93,0.0
NT,2030,21,14,93,0.0
NT,2030,21,15,93,0.0
NT,2030,21,16,93,0.0
NT,2030,21,17,93,0.0
NT,2030,21,18,93,0.0
NT,2030,21,19,93,0.0
NT,2030,21,20,93,0.0
NT,2030,21,21,93,0.0
NT,2030,21,22,93,0.0
NT,2030,21,23,93,0.0
NT,2030,21,24,93,0.0
NT,2030,21,25,93,0.0
NT,2030,21,26,93,0.0
NT,2030,21,27,93,0.0
NT,2030,21,28,93,0.0
NT,2030,21,29,93,0.0
NT,2030,21,30,93,0.0
NT,2030,21,31,93,0.0
NT,2030,21,32,93,0.0
NT,2030,21,33,93,0.0
NT,2030,21,34,93,0.0
NT,2030,21,35,93,0.0
NT,2030,21,36,93,0.0
NT,2030,21,37,93,0.0
NT,2030,21,38,93,0.0
NT,2030,21,39,93,0.0
NT,2030,21,40,93,0.0
NT,2030,21,41,93,0.0
NT,2030,21,42,93,0.0
NT,2030,21,43,93,0.0
NT,2030,21,44,93,0.0
NT,2030,21,45,93,0.0
NT,2030,21,46,93,0.0
NT,2030,21,47,93,0.0
NT,2030,21,48,93,0.0
NT,2030,21,49,93,0.0
NT,2030,21,50,93,0.0
NT,2030,21,51,93,0.0
NT,2030,21,52,93,0.0
NT,2030,21,53,93,0.0
NT,2030,21,54,93,0.0
NT,2030,21,55,93,0.0
NT,2030,21,56,93,0.0
NT,2030,21,57,93,0.0
NT,2030,21,58,93,0.0
NT,2030,21,59,93,0.0
NT,2030,21,60,93,0.0
NT,2030,21,61,93,0.0
NT,2030,21,62,93,0.0
NT,2030,21,63,93,0.0
NT,2030,21,64,93,0.0
NT,2030,21,65,93,0.0
NT,2030,21,66,93,0.0
NT,2030,21,67,93,0.0
NT,2030,21,68,93,0.0
NT,2030,21,69,93,0.0
NT,2030,21,70,93,0.0
NT,2030,21,71,93,0.0
NT,2030,21,72,93,0.0
NT,2030,21,73,93,0.0
NT,2030,21,74,93,0.0
NT,2030,21,75,93,0.0
NT,2030,21,76,93,0.0
NT,2030,21,77,93,0.0
NT,2030,21,78,93,0.0
NT,2030,21,79,93,0.0
NT,2030,21,80,93,0.0
NT,2030,21,81,93,0.0
NT,2030,21,82,93,0.0
NT,2030,21,83,93,0.0
NT,2030,21,84,93,0.0
NT,2030,21,85,93,0.0
NT,2030,21,86,93,0.0
NT,2030,21,87,93,0.0
NT,2030,21,88,93,0.0
NT,2030,21,89,93,0.0
NT,2030,21,90,93,0.0
NT,2030,21,91,93,0.0
NT,2030,21,92,93,0.0
NT,2030,21,93,93,0.0
NT,2030,21,94,93,0.0
NT,2030,21,95,93,0.0
NT,2030,21,96,93,0.0
NT,2030,21,97,93,0.0
NT,2030,21,98,93,0.0
NT,2030,21,99,93,0.0
NT,2030,21,100,93,0.0
NT,2030,21,101,93,0.0
NT,2030,21,102,93,0.0
NT,2030,21,103,93,0.0
NT,2030,21,104,93,0.0
NT,2030,21,105,93,0.0
NT,2030,21,106,93,0.0
NT,2030,21,107,93,0.0
NT,2030,21,108,93,0.0
NT,2030,21,109,93,0.0
NT,2030,21,110,93,0.0
NT,2030,21,111,93,0.0
NT,2030,21,112,93,0.0
NT,2030,21,113,93,0.0
NT,2030,21,114,93,0.0
NT,2030,21,115,93,0.0
NT,2030,21,116,93,0.0
NT,2030,21,117,93,0.0
NT,2030,21,118,93,0.0
NT,2030,21,119,93,0.0
NT,2030,21,120,93,0.0
NT,2030,21,121,93,0.0
NT,2030,21,122,93,0.0
NT,2030,21,123,93,0.0
NT,2030,21,124,93,0.0
NT,2030,21,125,93,0.0
NT,2030,21,126,93,0.0
NT,2030,21,127,93,0.0
NT,2030,21,128,93,0.0
NT,2030,21,129,93,0.0
NT,2030,21,130,93,0.0
NT,2030,21,131,93,0.0
NT,2030,21,132,93,0.0
NT,2030,21,133,93,0.0
NT,2030,21,134,93,0.0
NT,2030,21,135,93,0.0
NT,2030,21,136,93,0.0
NT,2030,21,137,93,0.0
NT,2030,21,138,93,0.0
NT,2030,21,139,93,0.0
NT,2030,21,140,93,0.0
NT,2030,21,141,93,0.0
NT,2030,21,142,93,0.0
NT,2030,21,143,93,0.0
NT,2030,21,144,93,0.0
NT,2030,21,145,93,0.0
NT,2030,21,146,93,0.0
NT,2030,21,147,93,0.0
NT,2030,21,148,93,0.0
NT,2030,21,149,93,0.0
NT,2030,21,150,93,0.0
NT,2030,21,151,93,0.0
NT,2030,21,152,93,0.0
NT,2030,21,153,93,0.0
NT,2030,21,154,93,0.0
NT,2030,21,155,93,0.0
NT,2030,21,156,93,0.0
NT,2030,21,157,93,0.0
NT,2030,21,158,93,0.0
NT,2030,21,159,93,0.0
NT,2030,21,160,93,0.0
NT,2030,21,161,93,0.0
NT,2030,21,162,93,0.0
NT,2030,21,163,93,0.0
NT,2030,21,164,93,0.0
NT,2030,21,165,93,0.0
NT,2030,21,166,93,0.0
NT,2030,21,167,93,0.0
NT,2030,42,0,93,0.0
NT,2030,42,1,93,0.0
NT,2030,42,2,93,0.0
NT,2030,42,3,93,0.0
NT,2030,42,4,93,0.0
NT,2030,42,5,93,0.0
NT,2030,42,6,93,0.0
NT,2030,42,7,93,0.0
NT,2030,42,8,93,0.0
NT,2030,42,9,93,0.0
NT,2030,42,10,93,0.0
NT,2030,42,11,93,0.0
NT,2030,42,12,93,0.0
NT,2030,42,13,93,0.0
NT,2030,42,14,93,0.0
NT,2030,42,15,93,0.0
NT,2030,42,16,93,0.0
NT,2030,42,17,93,0.0
NT,2030,42,18,93,0.0
NT,2030,42,19,93,0.0
NT,2030,42,20,93,0.0
NT,2030,42,21,93,0.0
NT,2030,42,22,93,0.0
NT,2030,42,23,93,0.0
NT,2030,42,24,93,0.0
NT,2030,42,25,93,0.0
NT,2030,42,26,93,0.0
NT,2030,42,27,93,0.0
NT,2030,42,28,93,0.0
NT,2030,42,29,93,0.0
NT,2030,42,30,93,0.0
NT,2030,42,31,93,0.0
NT,2030,42,32,93,0.0
NT,2030,42,33,93,0.0
NT,2030,42,34,93,0.0
NT,2030,42,35,93,0.0
NT,2030,42,36,93,0.0
NT,2030,42,37,93,0.0
NT,2030,42,38,93,0.0
NT,2030,42,39,93,0.0
NT,2030,42,40,93,0.0
NT,2030,42,41,93,0.0
NT,2030,42,42,93,0.0
NT,2030,42,43,93,0.0
NT,2030,42,44,93,0.0
NT,2030,42,45,93,0.0
NT,2030,42,46,93,0.0
NT,2030,42,47,93,0.0
NT,2030,42,48,93,0.0
NT,2030,42,49,93,0.0
NT,2030,42,50,93,0.0
NT,2030,42,51,93,0.0
NT,2030,42,52,93,0.0
NT,2030,42,53,93,0.0
NT,2030,42,54,93,0.0
NT,2030,42,55,93,0.0
NT,2030,42,56,93,0.0
NT,2030,42,57,93,0.0
NT,2030,42,58,93,0.0
NT,2030,42,59,93,0.0
NT,2030,42,60,93,0.0
NT,2030,42,61,93,0.0
NT,2030,42,62,93,0.0
NT,2030,42,63,93,0.0
NT,2030,42,64,93,0.0
NT,2030,42,65,93,0.0
NT,2030,42,66,93,0.0
NT,2030,42,67,93,0.0
NT,2030,42,68,93,0.0
NT,2030,42,69,93,0.0
NT,2030,42,70,93,0.0
NT,2030,42,71,93,0.0
NT,2030,42,72,93,0.0
NT,2030,42,73,93,0.0
NT,2030,42,74,93,0.0
NT,2030,42,75,93,0.0
NT,2030,42,76,93,0.0
NT,2030,42,77,93,0.0
NT,2030,42,78,93,0.0
NT,2030,42,79,93,0.0
NT,2030,42,80,93,0.0
NT,2030,42,81,93,0.0
NT,2030,42,82,93,0.0
NT,2030,42,83,93,0.0
NT,2030,42,84,93,0.0
NT,2030,42,85,93,0.0
NT,2030,42,86,93,0.0
NT,2030,42,87,93,0.0
NT,2030,42,88,93,0.0
NT,2030,42,89,93,0.0
NT,2030,42,90,93,0.0
NT,2030,42,91,93,0.0
NT,2030,42,92,93,0.0
NT,2030,42,93,93,0.0
NT,2030,42,94,93,0.0
NT,2030,42,95,93,0.0
NT,2030,42,96,93,0.0
NT,2030,42,97,93,0.0
NT,2030,42,98,93,0.0
NT,2030,42,99,93,0.0
NT,2030,42,100,93,0.0
NT,2030,42,101,93,0.0
NT,2030,42,102,93,0.0
NT,2030,42,103,93,0.0
NT,2030,42,104,93,0.0
NT,2030,42,105,93,0.0
NT,2030,42,106,93,0.0
NT,2030,42,107,93,0.0
NT,2030,42,108,93,0.0
NT,2030,42,109,93,0.0
NT,2030,42,110,93,0.0
NT,2030,42,111,93,0.0
NT,2030,42,112,93,0.0
NT,2030,42,113,93,0.0
NT,2030,42,114,93,0.0
NT,2030,42,115,93,0.0
NT,2030,42,116,93,0.0
NT,2030,42,117,93,0.0
NT,2030,42,118,93,0.0
NT,2030,42,119,93,0.0
NT,2030,42,120,93,0.0
NT,2030,42,121,93,0.0
NT,2030,42,122,93,0.0
NT,2030,42,123,93,0.0
NT,2030,42,124,93,0.0
NT,2030,42,125,93,0.0
NT,2030,42,126,93,0.0
NT,2030,42,127,93,0.0
NT,2030,42,128,93,0.0
NT,2030,42,129,93,0.0
NT,2030,42,130,93,0.0
NT,2030,42,131,93,0.0
NT,2030,42,132,93,0.0
NT,2030,42,133,93,0.0
NT,2030,42,134,93,0.0
NT,2030,42,135,93,0.0
NT,2030,42,136,93,0.0
NT,2030,42,137,93,0.0
NT,2030,42,138,93,0.0
NT,2030,42,139,93,0.0
NT,2030,42,140,93,0.0
NT,2030,42,141,93,0.0
NT,2030,42,142,93,0.0
NT,2030,42,143,93,0.0
NT,2030,42,144,93,0.0
NT,2030,42,145,93,0.0
NT,2030,42,146,93,0.0
NT,2030,42,147,93,0.0
NT,2030,42,148,93,0.0
NT,2030,42,149,93,0.0
NT,2030,42,150,93,0.0
NT,2030,42,151,93,0.0
NT,2030,42,152,93,0.0
NT,2030,42,153,93,0.0
NT,2030,42,154,93,0.0
NT,2030,42,155,93,0.0
NT,2030,42,156,93,0.0
NT,2030,42,157,93,0.0
NT,2030,42,158,93,0.0
NT,2030,42,159,93,0.0
NT,2030,42,160,93,0.0
NT,2030,42,161,93,0.0
NT,2030,42,162,93,0.0
NT,2030,42,163,93,0.0
NT,2030,42,164,93,0.0
NT,2030,42,165,93,0.0
NT,2030,42,166,93,0.0
NT,2030,42,167,93,0.0
NT,2030,52,0,93,0.0
NT,2030,52,1,93,0.0
NT,2030,52,2,93,0.0
NT,2030,52,3,93,0.0
NT,2030,52,4,93,0.0
NT,2030,52,5,93,0.0
NT,2030,52,6,93,0.0
NT,2030,52,7,93,0.0
NT,2030,52,8,93,0.0
NT,2030,52,9,93,0.0
NT,2030,52,10,93,0.0
NT,2030,52,11,93,0.0
NT,2030,52,12,93,0.0
NT,2030,52,13,93,0.0
NT,2030,52,14,93,0.0
NT,2030,52,15,93,0.0
NT,2030,52,16,93,0.0
NT,2030,52,17,93,0.0
NT,2030,52,18,93,0.0
NT,2030,52,19,93,0.0
NT,2030,52,20,93,0.0
NT,2030,52,21,93,0.0
NT,2030,52,22,93,0.0
NT,2030,52,23,93,0.0
NT,2030,52,24,93,0.0
NT,2030,52,25,93,0.0
NT,2030,52,26,93,0.0
NT,2030,52,27,93,0.0
NT,2030,52,28,93,0.0
NT,2030,52,29,93,0.0
NT,2030,52,30,93,0.0
NT,2030,52,31,93,0.0
NT,2030,52,32,93,0.0
NT,2030,52,33,93,0.0
NT,2030,52,34,93,0.0
NT,2030,52,35,93,0.0
NT,2030,52,36,93,0.0
NT,2030,52,37,93,0.0
NT,2030,52,38,93,0.0
NT,2030,52,39,93,0.0
NT,2030,52,40,93,0.0
NT,2030,52,41,93,0.0
NT,2030,52,42,93,0.0
NT,2030,52,43,93,0.0
NT,2030,52,44,93,0.0
NT,2030,52,45,93,0.0
NT,2030,52,46,93,0.0
NT,2030,52,47,93,0.0
NT,2030,52,48,93,0.0
NT,2030,52,49,93,0.0
NT,2030,52,50,93,0.0
NT,2030,52,51,93,0.0
NT,2030,52,52,93,0.0
NT,2030,52,53,93,0.0
NT,2030,52,54,93,0.0
NT,2030,52,55,93,0.0
NT,2030,52,56,93,0.0
NT,2030,52,57,93,0.0
NT,2030,52,58,93,0.0
NT,2030,52,59,93,0.0
NT,2030,52,60,93,0.0
NT,2030,52,61,93,0.0
NT,2030,52,62,93,0.0
NT,2030,52,63,93,0.0
NT,2030,52,64,93,0.0
NT,2030,52,65,93,0.0
NT,2030,52,66,93,0.0
NT,2030,52,67,93,0.0
NT,2030,52,68,93,0.0
NT,2030,52,69,93,0.0
NT,2030,52,70,93,0.0
NT,2030,52,71,93,0.0
NT,2030,52,72,93,0.0
NT,2030,52,73,93,0.0
NT,2030,52,74,93,0.0
NT,2030,52,75,93,0.0
NT,2030,52,76,93,0.0
NT,2030,52,77,93,0.0
NT,2030,52,78,93,0.0
NT,2030,52,79,93,0.0
NT,2030,52,80,93,0.0
NT,2030,52,81,93,0.0
NT,2030,52,82,93,0.0
NT,2030,52,83,93,0.0
NT,2030,52,84,93,0.0
NT,2030,52,85,93,0.0
NT,2030,52,86,93,0.0
NT,2030,52,87,93,0.0
NT,2030,52,88,93,0.0
NT,2030,52,89,93,0.0
NT,2030,52,90,93,0.0
NT,2030,52,91,93,0.0
NT,2030,52,92,93,0.0
NT,2030,52,93,93,0.0
NT,2030,52,94,93,0.0
NT,2030,52,95,93,0.0
NT,2030,52,96,93,0.0
NT,2030,52,97,93,0.0
NT,2030,52,98,93,0.0
NT,2030,52,99,93,0.0
NT,2030,52,100,93,0.0
NT,2030,52,101,93,0.0
NT,2030,52,102,93,0.0
NT,2030,52,103,93,0.0
NT,2030,52,104,93,0.0
NT,2030,52,105,93,0.0
NT,2030,52,106,93,0.0
NT,2030,52,107,93,0.0
NT,2030,52,108,93,0.0
NT,2030,52,109,93,0.0
NT,2030,52,110,93,0.0
NT,2030,52,111,93,0.0
NT,2030,52,112,93,0.0
NT,2030,52,113,93,0.0
NT,2030,52,114,93,0.0
NT,2030,52,115,93,0.0
NT,2030,52,116,93,0.0
NT,2030,52,117,93,0.0
NT,2030,52,118,93,0.0
NT,2030,52,119,93,0.0
NT,2030,52,120,93,0.0
NT,2030,52,121,93,0.0
NT,2030,52,122,93,0.0
NT,2030,52,123,93,0.0
NT,2030,52,124,93,0.0
NT,2030,52,125,93,0.0
NT,2030,52,126,93,0.0
NT,2030,52,127,93,0.0
NT,2030,52,128,93,0.0
NT,2030,52,129,93,0.0
NT,2030,52,130,93,0.0
NT,2030,52,131,93,0.0
NT,2030,52,132,93,0.0
NT,2030,52,133,93,0.0
NT,2030,52,134,93,0.0
NT,2030,52,135,93,0.0
NT,2030,52,136,93,0.0
NT,2030,52,137,93,0.0
NT,2030,52,138,93,0.0
NT,2030,52,139,93,0.0
NT,2030,52,140,93,0.0
NT,2030,52,141,93,0.0
NT,2030,52,142,93,0.0
NT,2030,52,143,93,0.0
NT,2030,52,144,93,0.0
NT,2030,52,145,93,0.0
NT,2030,52,146,93,0.0
NT,2030,52,147,93,0.0
NT,2030,52,148,93,0.0
NT,2030,52,149,93,0.0
NT,2030,52,150,93,0.0
NT,2030,52,151,93,0.0
NT,2030,52,152,93,0.0
NT,2030,52,153,93,0.0
NT,2030,52,154,93,0.0
NT,2030,52,155,93,0.0
NT,2030,52,156,93,0.0
NT,2030,52,157,93,0.0
NT,2030,52,158,93,0.0
NT,2030,52,159,93,0.0
NT,2030,52,160,93,0.0
NT,2030,52,161,93,0.0
NT,2030,52,162,93,0.0
NT,2030,52,163,93,0.0
NT,2030,52,164,93,0.0
NT,2030,52,165,93,0.0
NT,2030,52,166,93,0.0
NT,2030,52,167,93,0.0
NT,2040,11,0,93,0.0
NT,2040,11,1,93,0.0
NT,2040,11,2,93,0.0
NT,2040,11,3,93,0.0
NT,2040,11,4,93,0.0
NT,2040,11,5,93,0.0
NT,2040,11,6,93,0.0
NT,2040,11,7,93,0.0
NT,2040,11,8,93,0.0
NT,2040,11,9,93,0.0
NT,2040,11,10,93,0.0
NT,2040,11,11,93,0.0
NT,2040,11,12,93,0.0
NT,2040,11,13,93,0.0
NT,2040,11,14,93,0.0
NT,2040,11,15,93,0.0
NT,2040,11,16,93,0.0
NT,2040,11,17,93,0.0
NT,2040,11,18,93,0.0
NT,2040,11,19,93,0.0
NT,2040,11,20,93,0.0
NT,2040,11,21,93,0.0
NT,2040,11,22,93,0.0
NT,2040,11,23,93,0.0
NT,2040,11,24,93,0.0
NT,2040,11,25,93,0.0
NT,2040,11,26,93,0.0
NT,2040,11,27,93,0.0
NT,2040,11,28,93,0.0
NT,2040,11,29,93,0.0
NT,2040,11,30,93,0.0
NT,2040,11,31,93,0.0
NT,2040,11,32,93,0.0
NT,2040,11,33,93,0.0
NT,2040,11,34,93,0.0
NT,2040,11,35,93,0.0
NT,2040,11,36,93,0.0
NT,2040,11,37,93,0.0
NT,2040,11,38,93,0.0
NT,2040,11,39,93,0.0
NT,2040,11,40,93,0.0
NT,2040,11,41,93,0.0
NT,2040,11,42,93,0.0
NT,2040,11,43,93,0.0
NT,2040,11,44,93,0.0
NT,2040,11,45,93,0.0
NT,2040,11,46,93,0.0
NT,2040,11,47,93,0.0
NT,2040,11,48,93,0.0
NT,2040,11,49,93,0.0
NT,2040,11,50,93,0.0
NT,2040,11,51,93,0.0
NT,2040,11,52,93,0.0
NT,2040,11,53,93,0.0
NT,2040,11,54,93,0.0
NT,2040,11,55,93,0.0
NT,2040,11,56,93,0.0
NT,2040,11,57,93,0.0
NT,2040,11,58,93,0.0
NT,2040,11,59,93,0.0
NT,2040,11,60,93,0.0
NT,2040,11,61,93,0.0
NT,2040,11,62,93,0.0
NT,2040,11,63,93,0.0
NT,2040,11,64,93,0.0
NT,2040,11,65,93,0.0
NT,2040,11,66,93,0.0
NT,2040,11,67,93,0.0
NT,2040,11,68,93,0.0
NT,2040,11,69,93,0.0
NT,2040,11,70,93,0.0
NT,2040,11,71,93,0.0
NT,2040,11,72,93,0.0
NT,2040,11,73,93,0.0
NT,2040,11,74,93,0.0
NT,2040,11,75,93,0.0
NT,2040,11,76,93,0.0
NT,2040,11,77,93,0.0
NT,2040,11,78,93,0.0
NT,2040,11,79,93,0.0
NT,2040,11,80,93,0.0
NT,2040,11,81,93,0.0
NT,2040,11,82,93,0.0
NT,2040,11,83,93,0.0
NT,2040,11,84,93,0.0
NT,2040,11,85,93,0.0
NT,2040,11,86,93,0.0
NT,2040,11,87,93,0.0
NT,2040,11,88,93,0.0
NT,2040,11,89,93,0.0
NT,2040,11,90,93,0.0
NT,2040,11,91,93,0.0
NT,2040,11,92,93,0.0
NT,2040,11,93,93,0.0
NT,2040,11,94,93,0.0
NT,2040,11,95,93,0.0
NT,2040,11,96,93,0.0
NT,2040,11,97,93,0.0
NT,2040,11,98,93,0.0
NT,2040,11,99,93,0.0
NT,2040,11,100,93,0.0
NT,2040,11,101,93,0.0
NT,2040,11,102,93,0.0
NT,2040,11,103,93,0.0
NT,2040,11,104,93,0.0
NT,2040,11,105,93,0.0
NT,2040,11,106,93,0.0
NT,2040,11,107,93,0.0
NT,2040,11,108,93,0.0
NT,2040,11,109,93,0.0
NT,2040,11,110,93,0.0
NT,2040,11,111,93,0.0
NT,2040,11,112,93,0.0
NT,2040,11,113,93,0.0
NT,2040,11,114,93,0.0
NT,2040,11,115,93,0.0
NT,2040,11,116,93,0.0
NT,2040,11,117,93,0.0
NT,2040,11,118,93,0.0
NT,2040,11,119,93,0.0
NT,2040,11,120,93,0.0
NT,2040,11,121,93,0.0
NT,2040,11,122,93,0.0
NT,2040,11,123,93,0.0
NT,2040,11,124,93,0.0
NT,2040,11,125,93,0.0
NT,2040,11,126,93,0.0
NT,2040,11,127,93,0.0
NT,2040,11,128,93,0.0
NT,2040,11,129,93,0.0
NT,2040,11,130,93,0.0
NT,2040,11,131,93,0.0
NT,2040,11,132,93,0.0
NT,2040,11,133,93,0.0
NT,2040,11,134,93,0.0
NT,2040,11,135,93,0.0
NT,2040,11,136,93,0.0
NT,2040,11,137,93,0.0
NT,2040,11,138,93,0.0
NT,2040,11,139,93,0.0
NT,2040,11,140,93,0.0
NT,2040,11,141,93,0.0
NT,2040,11,142,93,0.0
NT,2040,11,143,93,0.0
NT,2040,11,144,93,0.0
NT,2040,11,145,93,0.0
NT,2040,11,146,93,0.0
NT,2040,11,147,93,0.0
NT,2040,11,148,93,0.0
NT,2040,11,149,93,0.0
NT,2040,11,150,93,0.0
NT,2040,11,151,93,0.0
NT,2040,11,152,93,0.0
NT,2040,11,153,93,0.0
NT,2040,11,154,93,0.0
NT,2040,11,155,93,0.0
NT,2040,11,156,93,0.0
NT,2040,11,157,93,0.0
NT,2040,11,158,93,0.0
NT,2040,11,159,93,0.0
NT,2040,11,160,93,0.0
NT,2040,11,161,93,0.0
NT,2040,11,162,93,0.0
NT,2040,11,163,93,0.0
NT,2040,11,164,93,0.0
NT,2040,11,165,93,0.0
NT,2040,11,166,93,0.0
NT,2040,11,167,93,0.0
NT,2040,21,0,93,0.0
NT,2040,21,1,93,0.0
NT,2040,21,2,93,0.0
NT,2040,21,3,93,0.0
NT,2040,21,4,93,0.0
NT,2040,21,5,93,0.0
NT,2040,21,6,93,0.0
NT,2040,21,7,93,0.0
NT,2040,21,8,93,0.0
NT,2040,21,9,93,0.0
NT,2040,21,10,93,0.0
NT,2040,21,11,93,0.0
NT,2040,21,12,93,0.0
NT,2040,21,13,93,0.0
NT,2040,21,14,93,0.0
NT,2040,21,15,93,0.0
NT,2040,21,16,93,0.0
NT,2040,21,17,93,0.0
NT,2040,21,18,93,0.0
NT,2040,21,19,93,0.0
NT,2040,21,20,93,0.0
NT,2040,21,21,93,0.0
NT,2040,21,22,93,0.0
NT,2040,21,23,93,0.0
NT,2040,21,24,93,0.0
NT,2040,21,25,93,0.0
NT,2040,21,26,93,0.0
NT,2040,21,27,93,0.0
NT,2040,21,28,93,0.0
NT,2040,21,29,93,0.0
NT,2040,21,30,93,0.0
NT,2040,21,31,93,0.0
NT,2040,21,32,93,0.0
NT,2040,21,33,93,0.0
NT,2040,21,34,93,0.0
NT,2040,21,35,93,0.0
NT,2040,21,36,93,0.0
NT,2040,21,37,93,0.0
NT,2040,21,38,93,0.0
NT,2040,21,39,93,0.0
NT,2040,21,40,93,0.0
NT,2040,21,41,93,0.0
NT,2040,21,42,93,0.0
NT,2040,21,43,93,0.0
NT,2040,21,44,93,0.0
NT,2040,21,45,93,0.0
NT,2040,21,46,93,0.0
NT,2040,21,47,93,0.0
NT,2040,21,48,93,0.0
NT,2040,21,49,93,0.0
NT,2040,21,50,93,0.0
NT,2040,21,51,93,0.0
NT,2040,21,52,93,0.0
NT,2040,21,53,93,0.0
NT,2040,21,54,93,0.0
NT,2040,21,55,93,0.0
NT,2040,21,56,93,0.0
NT,2040,21,57,93,0.0
NT,2040,21,58,93,0.0
NT,2040,21,59,93,0.0
NT,2040,21,60,93,0.0
NT,2040,21,61,93,0.0
NT,2040,21,62,93,0.0
NT,2040,21,63,93,0.0
NT,2040,21,64,93,0.0
NT,2040,21,65,93,0.0
NT,2040,21,66,93,0.0
NT,2040,21,67,93,0.0
NT,2040,21,68,93,0.0
NT,2040,21,69,93,0.0
NT,2040,21,70,93,0.0
NT,2040,21,71,93,0.0
NT,2040,21,72,93,0.0
NT,2040,21,73,93,0.0
NT,2040,21,74,93,0.0
NT,2040,21,75,93,0.0
NT,2040,21,76,93,0.0
NT,2040,21,77,93,0.0
NT,2040,21,78,93,0.0
NT,2040,21,79,93,0.0
NT,2040,21,80,93,0.0
NT,2040,21,81,93,0.0
NT,2040,21,82,93,0.0
NT,2040,21,83,93,0.0
NT,2040,21,84,93,0.0
NT,2040,21,85,93,0.0
NT,2040,21,86,93,0.0
NT,2040,21,87,93,0.0
NT,2040,21,88,93,0.0
NT,2040,21,89,93,0.0
NT,2040,21,90,93,0.0
NT,2040,21,91,93,0.0
NT,2040,21,92,93,0.0
NT,2040,21,93,93,0.0
NT,2040,21,94,93,0.0
NT,2040,21,95,93,0.0
NT,2040,21,96,93,0.0
NT,2040,21,97,93,0.0
NT,2040,21,98,93,0.0
NT,2040,21,99,93,0.0
NT,2040,21,100,93,0.0
NT,2040,21,101,93,0.0
NT,2040,21,102,93,0.0
NT,2040,21,103,93,0.0
NT,2040,21,104,93,0.0
NT,2040,21,105,93,0.0
NT,2040,21,106,93,0.0
NT,2040,21,107,93,0.0
NT,2040,21,108,93,0.0
NT,2040,21,109,93,0.0
NT,2040,21,110,93,0.0
NT,2040,21,111,93,0.0
NT,2040,21,112,93,0.0
NT,2040,21,113,93,0.0
NT,2040,21,114,93,0.0
NT,2040,21,115,93,0.0
NT,2040,21,116,93,0.0
NT,2040,21,117,93,0.0
NT,2040,21,118,93,0.0
NT,2040,21,119,93,0.0
NT,2040,21,120,93,0.0
NT,2040,21,121,93,0.0
NT,2040,21,122,93,0.0
NT,2040,21,123,93,0.0
NT,2040,21,124,93,0.0
NT,2040,21,125,93,0.0
NT,2040,21,126,93,0.0
NT,2040,21,127,93,0.0
NT,2040,21,128,93,0.0
NT,2040,21,129,93,0.0
NT,2040,21,130,93,0.0
NT,2040,21,131,93,0.0
NT,2040,21,132,93,0.0
NT,2040,21,133,93,0.0
NT,2040,21,134,93,0.0
NT,2040,21,135,93,0.0
NT,2040,21,136,93,0.0
NT,2040,21,137,93,0.0
NT,2040,21,138,93,0.0
NT,2040,21,139,93,0.0
NT,2040,21,140,93,0.0
NT,2040,21,141,93,0.0
NT,2040,21,142,93,0.0
NT,2040,21,143,93,0.0
NT,2040,21,144,93,0.0
NT,2040,21,145,93,0.0
NT,2040,21,146,93,0.0
NT,2040,21,147,93,0.0
NT,2040,21,148,93,0.0
NT,2040,21,149,93,0.0
NT,2040,21,150,93,0.0
NT,2040,21,151,93,0.0
NT,2040,21,152,93,0.0
NT,2040,21,153,93,0.0
NT,2040,21,154,93,0.0
NT,2040,21,155,93,0.0
NT,2040,21,156,93,0.0
NT,2040,21,157,93,0.0
NT,2040,21,158,93,0.0
NT,2040,21,159,93,0.0
NT,2040,21,160,93,0.0
NT,2040,21,161,93,0.0
NT,2040,21,162,93,0.0
NT,2040,21,163,93,0.0
NT,2040,21,164,93,0.0
NT,2040,21,165,93,0.0
NT,2040,21,166,93,0.0
NT,2040,21,167,93,0.0
NT,2040,42,0,93,0.0
NT,2040,42,1,93,0.0
NT,2040,42,2,93,0.0
NT,2040,42,3,93,0.0
NT,2040,42,4,93,0.0
NT,2040,42,5,93,0.0
NT,2040,42,6,93,0.0
NT,2040,42,7,93,0.0
NT,2040,42,8,93,0.0
NT,2040,42,9,93,0.0
NT,2040,42,10,93,0.0
NT,2040,42,11,93,0.0
NT,2040,42,12,93,0.0
NT,2040,42,13,93,0.0
NT,2040,42,14,93,0.0
NT,2040,42,15,93,0.0
NT,2040,42,16,93,0.0
NT,2040,42,17,93,0.0
NT,2040,42,18,93,0.0
NT,2040,42,19,93,0.0
NT,2040,42,20,93,0.0
NT,2040,42,21,93,0.0
NT,2040,42,22,93,0.0
NT,2040,42,23,93,0.0
NT,2040,42,24,93,0.0
NT,2040,42,25,93,0.0
NT,2040,42,26,93,0.0
NT,2040,42,27,93,0.0
NT,2040,42,28,93,0.0
NT,2040,42,29,93,0.0
NT,2040,42,30,93,0.0
NT,2040,42,31,93,0.0
NT,2040,42,32,93,0.0
NT,2040,42,33,93,0.0
NT,2040,42,34,93,0.0
NT,2040,42,35,93,0.0
NT,2040,42,36,93,0.0
NT,2040,42,37,93,0.0
NT,2040,42,38,93,0.0
NT,2040,42,39,93,0.0
NT,2040,42,40,93,0.0
NT,2040,42,41,93,0.0
NT,2040,42,42,93,0.0
NT,2040,42,43,93,0.0
NT,2040,42,44,93,0.0
NT,2040,42,45,93,0.0
NT,2040,42,46,93,0.0
NT,2040,42,47,93,0.0
NT,2040,42,48,93,0.0
NT,2040,42,49,93,0.0
NT,2040,42,50,93,0.0
NT,2040,42,51,93,0.0
NT,2040,42,52,93,0.0
NT,2040,42,53,93,0.0
NT,2040,42,54,93,0.0
NT,2040,42,55,93,0.0
NT,2040,42,56,93,0.0
NT,2040,42,57,93,0.0
NT,2040,42,58,93,0.0
NT,2040,42,59,93,0.0
NT,2040,42,60,93,0.0
NT,2040,42,61,93,0.0
NT,2040,42,62,93,0.0
NT,2040,42,63,93,0.0
NT,2040,42,64,93,0.0
NT,2040,42,65,93,0.0
NT,2040,42,66,93,0.0
NT,2040,42,67,93,0.0
NT,2040,42,68,93,0.0
NT,2040,42,69,93,0.0
NT,2040,42,70,93,0.0
NT,2040,42,71,93,0.0
NT,2040,42,72,93,0.0
NT,2040,42,73,93,0.0
NT,2040,42,74,93,0.0
NT,2040,42,75,93,0.0
NT,2040,42,76,93,0.0
NT,2040,42,77,93,0.0
NT,2040,42,78,93,0.0
NT,2040,42,79,93,0.0
NT,2040,42,80,93,0.0
NT,2040,42,81,93,0.0
NT,2040,42,82,93,0.0
NT,2040,42,83,93,0.0
NT,2040,42,84,93,0.0
NT,2040,42,85,93,0.0
NT,2040,42,86,93,0.0
NT,2040,42,87,93,0.0
NT,2040,42,88,93,0.0
NT,2040,42,89,93,0.0
NT,2040,42,90,93,0.0
NT,2040,42,91,93,0.0
NT,2040,42,92,93,0.0
NT,2040,42,93,93,0.0
NT,2040,42,94,93,0.0
NT,2040,42,95,93,0.0
NT,2040,42,96,93,0.0
NT,2040,42,97,93,0.0
NT,2040,42,98,93,0.0
NT,2040,42,99,93,0.0
NT,2040,42,100,93,0.0
NT,2040,42,101,93,0.0
NT,2040,42,102,93,0.0
NT,2040,42,103,93,0.0
NT,2040,42,104,93,0.0
NT,2040,42,105,93,0.0
NT,2040,42,106,93,0.0
NT,2040,42,107,93,0.0
NT,2040,42,108,93,0.0
NT,2040,42,109,93,0.0
NT,2040,42,110,93,0.0
NT,2040,42,111,93,0.0
NT,2040,42,112,93,0.0
NT,2040,42,113,93,0.0
NT,2040,42,114,93,0.0
NT,2040,42,115,93,0.0
NT,2040,42,116,93,0.0
NT,2040,42,117,93,0.0
NT,2040,42,118,93,0.0
NT,2040,42,119,93,0.0
NT,2040,42,120,93,0.0
NT,2040,42,121,93,0.0
NT,2040,42,122,93,0.0
NT,2040,42,123,93,0.0
NT,2040,42,124,93,0.0
NT,2040,42,125,93,0.0
NT,2040,42,126,93,0.0
NT,2040,42,127,93,0.0
NT,2040,42,128,93,0.0
NT,2040,42,129,93,0.0
NT,2040,42,130,93,0.0
NT,2040,42,131,93,0.0
NT,2040,42,132,93,0.0
NT,2040,42,133,93,0.0
NT,2040,42,134,93,0.0
NT,2040,42,135,93,0.0
NT,2040,42,136,93,0.0
NT,2040,42,137,93,0.0
NT,2040,42,138,93,0.0
NT,2040,42,139,93,0.0
NT,2040,42,140,93,0.0
NT,2040,42,141,93,0.0
NT,2040,42,142,93,0.0
NT,2040,42,143,93,0.0
NT,2040,42,144,93,0.0
NT,2040,42,145,93,0.0
NT,2040,42,146,93,0.0
NT,2040,42,147,93,0.0
NT,2040,42,148,93,0.0
NT,2040,42,149,93,0.0
NT,2040,42,150,93,0.0
NT,2040,42,151,93,0.0
NT,2040,42,152,93,0.0
NT,2040,42,153,93,0.0
NT,2040,42,154,93,0.0
NT,2040,42,155,93,0.0
NT,2040,42,156,93,0.0
NT,2040,42,157,93,0.0
NT,2040,42,158,93,0.0
NT,2040,42,159,93,0.0
NT,2040,42,160,93,0.0
NT,2040,42,161,93,0.0
NT,2040,42,162,93,0.0
NT,2040,42,163,93,0.0
NT,2040,42,164,93,0.0
NT,2040,42,165,93,0.0
NT,2040,42,166,93,0.0
NT,2040,42,167,93,0.0
NT,2040,52,0,93,0.0
NT,2040,52,1,93,0.0
NT,2040,52,2,93,0.0
NT,2040,52,3,93,0.0
NT,2040,52,4,93,0.0
NT,2040,52,5,93,0.0
NT,2040,52,6,93,0.0
NT,2040,52,7,93,0.0
NT,2040,52,8,93,0.0
NT,2040,52,9,93,0.0
NT,2040,52,10,93,0.0
NT,2040,52,11,93,0.0
NT,2040,52,12,93,0.0
NT,2040,52,13,93,0.0
NT,2040,52,14,93,0.0
NT,2040,52,15,93,0.0
NT,2040,52,16,93,0.0
NT,2040,52,17,93,0.0
NT,2040,52,18,93,0.0
NT,2040,52,19,93,0.0
NT,2040,52,20,93,0.0
NT,2040,52,21,93,0.0
NT,2040,52,22,93,0.0
NT,2040,52,23,93,0.0
NT,2040,52,24,93,0.0
NT,2040,52,25,93,0.0
NT,2040,52,26,93,0.0
NT,2040,52,27,93,0.0
NT,2040,52,28,93,0.0
NT,2040,52,29,93,0.0
NT,2040,52,30,93,0.0
NT,2040,52,31,93,0.0
NT,2040,52,32,93,0.0
NT,2040,52,33,93,0.0
NT,2040,52,34,93,0.0
NT,2040,52,35,93,0.0
NT,2040,52,36,93,0.0
NT,2040,52,37,93,0.0
NT,2040,52,38,93,0.0
NT,2040,52,39,93,0.0
NT,2040,52,40,93,0.0
NT,2040,52,41,93,0.0
NT,2040,52,42,93,0.0
NT,2040,52,43,93,0.0
NT,2040,52,44,93,0.0
NT,2040,52,45,93,0.0
NT,2040,52,46,93,0.0
NT,2040,52,47,93,0.0
NT,2040,52,48,93,0.0
NT,2040,52,49,93,0.0
NT,2040,52,50,93,0.0
NT,2040,52,51,93,0.0
NT,2040,52,52,93,0.0
NT,2040,52,53,93,0.0
NT,2040,52,54,93,0.0
NT,2040,52,55,93,0.0
NT,2040,52,56,93,0.0
NT,2040,52,57,93,0.0
NT,2040,52,58,93,0.0
NT,2040,52,59,93,0.0
NT,2040,52,60,93,0.0
NT,2040,52,61,93,0.0
NT,2040,52,62,93,0.0
NT,2040,52,63,93,0.0
NT,2040,52,64,93,0.0
NT,2040,52,65,93,0.0
NT,2040,52,66,93,0.0
NT,2040,52,67,93,0.0
NT,2040,52,68,93,0.0
NT,2040,52,69,93,0.0
NT,2040,52,70,93,0.0
NT,2040,52,71,93,0.0
NT,2040,52,72,93,0.0
NT,2040,52,73,93,0.0
NT,2040,52,74,93,0.0
NT,2040,52,75,93,0.0
NT,2040,52,76,93,0.0
NT,2040,52,77,93,0.0
NT,2040,52,78,93,0.0
NT,2040,52,79,93,0.0
NT,2040,52,80,93,0.0
NT,2040,52,81,93,0.0
NT,2040,52,82,93,0.0
NT,2040,52,83,93,0.0
NT,2040,52,84,93,0.0
NT,2040,52,85,93,0.0
NT,2040,52,86,93,0.0
NT,2040,52,87,93,0.0
NT,2040,52,88,93,0.0
NT,2040,52,89,93,0.0
NT,2040,52,90,93,0.0
NT,2040,52,91,93,0.0
NT,2040,52,92,93,0.0
NT,2040,52,93,93,0.0
NT,2040,52,94,93,0.0
NT,2040,52,95,93,0.0
NT,2040,52,96,93,0.0
NT,2040,52,97,93,0.0
NT,2040,52,98,93,0.0
NT,2040,52,99,93,0.0
NT,2040,52,100,93,0.0
NT,2040,52,101,93,0.0
NT,2040,52,102,93,0.0
NT,2040,52,103,93,0.0
NT,2040,52,104,93,0.0
NT,2040,52,105,93,0.0
NT,2040,52,106,93,0.0
NT,2040,52,107,93,0.0
NT,2040,52,108,93,0.0
NT,2040,52,109,93,0.0
NT,2040,52,110,93,0.0
NT,2040,52,111,93,0.0
NT,2040,52,112,93,0.0
NT,2040,52,113,93,0.0
NT,2040,52,114,93,0.0
NT,2040,52,115,93,0.0
NT,2040,52,116,93,0.0
NT,2040,52,117,93,0.0
NT,2040,52,118,93,0.0
NT,2040,52,119,93,0.0
NT,2040,52,120,93,0.0
NT,2040,52,121,93,0.0
NT,2040,52,122,93,0.0
NT,2040,52,123,93,0.0
NT,2040,52,124,93,0.0
NT,2040,52,125,93,0.0
NT,2040,52,126,93,0.0
NT,2040,52,127,93,0.0
NT,2040,52,128,93,0.0
NT,2040,52,129,93,0.0
NT,2040,52,130,93,0.0
NT,2040,52,131,93,0.0
NT,2040,52,132,93,0.0
NT,2040,52,133,93,0.0
NT,2040,52,134,93,0.0
NT,2040,52,135,93,0.0
NT,2040,52,136,93,0.0
NT,2040,52,137,93,0.0
NT,2040,52,138,93,0.0
NT,2040,52,139,93,0.0
NT,2040,52,140,93,0.0
NT,2040,52,141,93,0.0
NT,2040,52,142,93,0.0
NT,2040,52,143,93,0.0
NT,2040,52,144,93,0.0
NT,2040,52,145,93,0.0
NT,2040,52,146,93,0.0
NT,2040,52,147,93,0.0
NT,2040,52,148,93,0.0
NT,2040,52,149,93,0.0
NT,2040,52,150,93,0.0
NT,2040,52,151,93,0.0
NT,2040,52,152,93,0.0
NT,2040,52,153,93,0.0
NT,2040,52,154,93,0.0
NT,2040,52,155,93,0.0
NT,2040,52,156,93,0.0
NT,2040,52,157,93,0.0
NT,2040,52,158,93,0.0
NT,2040,52,159,93,0.0
NT,2040,52,160,93,0.0
NT,2040,52,161,93,0.0
NT,2040,52,162,93,0.0
NT,2040,52,163,93,0.0
NT,2040,52,164,93,0.0
NT,2040,52,165,93,0.0
NT,2040,52,166,93,0.0
NT,2040,52,167,93,0.0
GA,2040,11,0,93,0.0
GA,2040,11,1,93,0.0
GA,2040,11,2,93,0.0
GA,2040,11,3,93,0.0
GA,2040,11,4,93,0.0
GA,2040,11,5,93,0.0
GA,2040,11,6,93,0.0
GA,2040,11,7,93,0.0
GA,2040,11,8,93,0.0
GA,2040,11,9,93,0.0
GA,2040,11,10,93,0.0
GA,2040,11,11,93,0.0
GA,2040,11,12,93,0.0
GA,2040,11,13,93,0.0
GA,2040,11,14,93,0.0
GA,2040,11,15,93,0.0
GA,2040,11,16,93,0.0
GA,2040,11,17,93,0.0
GA,2040,11,18,93,0.0
GA,2040,11,19,93,0.0
GA,2040,11,20,93,0.0
GA,2040,11,21,93,0.0
GA,2040,11,22,93,0.0
GA,2040,11,23,93,0.0
GA,2040,11,24,93,0.0
GA,2040,11,25,93,0.0
GA,2040,11,26,93,0.0
GA,2040,11,27,93,0.0
GA,2040,11,28,93,0.0
GA,2040,11,29,93,0.0
GA,2040,11,30,93,0.0
GA,2040,11,31,93,0.0
GA,2040,11,32,93,0.0
GA,2040,11,33,93,0.0
GA,2040,11,34,93,0.0
GA,2040,11,35,93,0.0
GA,2040,11,36,93,0.0
GA,2040,11,37,93,0.0
GA,2040,11,38,93,0.0
GA,2040,11,39,93,0.0
GA,2040,11,40,93,0.0
GA,2040,11,41,93,0.0
GA,2040,11,42,93,0.0
GA,2040,11,43,93,0.0
GA,2040,11,44,93,0.0
GA,2040,11,45,93,0.0
GA,2040,11,46,93,0.0
GA,2040,11,47,93,0.0
GA,2040,11,48,93,0.0
GA,2040,11,49,93,0.0
GA,2040,11,50,93,0.0
GA,2040,11,51,93,0.0
GA,2040,11,52,93,0.0
GA,2040,11,53,93,0.0
GA,2040,11,54,93,0.0
GA,2040,11,55,93,0.0
GA,2040,11,56,93,0.0
GA,2040,11,57,93,0.0
GA,2040,11,58,93,0.0
GA,2040,11,59,93,0.0
GA,2040,11,60,93,0.0
GA,2040,11,61,93,0.0
GA,2040,11,62,93,0.0
GA,2040,11,63,93,0.0
GA,2040,11,64,93,0.0
GA,2040,11,65,93,0.0
GA,2040,11,66,93,0.0
GA,2040,11,67,93,0.0
GA,2040,11,68,93,0.0
GA,2040,11,69,93,0.0
GA,2040,11,70,93,0.0
GA,2040,11,71,93,0.0
GA,2040,11,72,93,0.0
GA,2040,11,73,93,0.0
GA,2040,11,74,93,0.0
GA,2040,11,75,93,0.0
GA,2040,11,76,93,0.0
GA,2040,11,77,93,0.0
GA,2040,11,78,93,0.0
GA,2040,11,79,93,0.0
GA,2040,11,80,93,0.0
GA,2040,11,81,93,0.0
GA,2040,11,82,93,0.0
GA,2040,11,83,93,0.0
GA,2040,11,84,93,0.0
GA,2040,11,85,93,0.0
GA,2040,11,86,93,0.0
GA,2040,11,87,93,0.0
GA,2040,11,88,93,0.0
GA,2040,11,89,93,0.0
GA,2040,11,90,93,0.0
GA,2040,11,91,93,0.0
GA,2040,11,92,93,0.0
GA,2040,11,93,93,0.0
GA,2040,11,94,93,0.0
GA,2040,11,95,93,0.0
GA,2040,11,96,93,0.0
GA,2040,11,97,93,0.0
GA,2040,11,98,93,0.0
GA,2040,11,99,93,0.0
GA,2040,11,100,93,0.0
GA,2040,11,101,93,0.0
GA,2040,11,102,93,0.0
GA,2040,11,103,93,0.0
GA,2040,11,104,93,0.0
GA,2040,11,105,93,0.0
GA,2040,11,106,93,0.0
GA,2040,11,107,93,0.0
GA,2040,11,108,93,0.0
GA,2040,11,109,93,0.0
GA,2040,11,110,93,0.0
GA,2040,11,111,93,0.0
GA,2040,11,112,93,0.0
GA,2040,11,113,93,0.0
GA,2040,11,114,93,0.0
GA,2040,11,115,93,0.0
GA,2040,11,116,93,0.0
GA,2040,11,117,93,0.0
GA,2040,11,118,93,0.0
GA,2040,11,119,93,0.0
GA,2040,11,120,93,0.0
GA,2040,11,121,93,0.0
GA,2040,11,122,93,0.0
GA,2040,11,123,93,0.0
GA,2040,11,124,93,0.0
GA,2040,11,125,93,0.0
GA,2040,11,126,93,0.0
GA,2040,11,127,93,0.0
GA,2040,11,128,93,0.0
GA,2040,11,129,93,0.0
GA,2040,11,130,93,0.0
GA,2040,11,131,93,0.0
GA,2040,11,132,93,0.0
GA,2040,11,133,93,0.0
GA,2040,11,134,93,0.0
GA,2040,11,135,93,0.0
GA,2040,11,136,93,0.0
GA,2040,11,137,93,0.0
GA,2040,11,138,93,0.0
GA,2040,11,139,93,0.0
GA,2040,11,140,93,0.0
GA,2040,11,141,93,0.0
GA,2040,11,142,93,0.0
GA,2040,11,143,93,0.0
GA,2040,11,144,93,0.0
GA,2040,11,145,93,0.0
GA,2040,11,146,93,0.0
GA,2040,11,147,93,0.0
GA,2040,11,148,93,0.0
GA,2040,11,149,93,0.0
GA,2040,11,150,93,0.0
GA,2040,11,151,93,0.0
GA,2040,11,152,93,0.0
GA,2040,11,153,93,0.0
GA,2040,11,154,93,0.0
GA,2040,11,155,93,0.0
GA,2040,11,156,93,0.0
GA,2040,11,157,93,0.0
GA,2040,11,158,93,0.0
GA,2040,11,159,93,0.0
GA,2040,11,160,93,0.0
GA,2040,11,161,93,0.0
GA,2040,11,162,93,0.0
GA,2040,11,163,93,0.0
GA,2040,11,164,93,0.0
GA,2040,11,165,93,0.0
GA,2040,11,166,93,0.0
GA,2040,11,167,93,0.0
GA,2040,21,0,93,0.0
GA,2040,21,1,93,0.0
GA,2040,21,2,93,0.0
GA,2040,21,3,93,0.0
GA,2040,21,4,93,0.0
GA,2040,21,5,93,0.0
GA,2040,21,6,93,0.0
GA,2040,21,7,93,0.0
GA,2040,21,8,93,0.0
GA,2040,21,9,93,0.0
GA,2040,21,10,93,0.0
GA,2040,21,11,93,0.0
GA,2040,21,12,93,0.0
GA,2040,21,13,93,0.0
GA,2040,21,14,93,0.0
GA,2040,21,15,93,0.0
GA,2040,21,16,93,0.0
GA,2040,21,17,93,0.0
GA,2040,21,18,93,0.0
GA,2040,21,19,93,0.0
GA,2040,21,20,93,0.0
GA,2040,21,21,93,0.0
GA,2040,21,22,93,0.0
GA,2040,21,23,93,0.0
GA,2040,21,24,93,0.0
GA,2040,21,25,93,0.0
GA,2040,21,26,93,0.0
GA,2040,21,27,93,0.0
GA,2040,21,28,93,0.0
GA,2040,21,29,93,0.0
GA,2040,21,30,93,0.0
GA,2040,21,31,93,0.0
GA,2040,21,32,93,0.0
GA,2040,21,33,93,0.0
GA,2040,21,34,93,0.0
GA,2040,21,35,93,0.0
GA,2040,21,36,93,0.0
GA,2040,21,37,93,0.0
GA,2040,21,38,93,0.0
GA,2040,21,39,93,0.0
GA,2040,21,40,93,0.0
GA,2040,21,41,93,0.0
GA,2040,21,42,93,0.0
GA,2040,21,43,93,0.0
GA,2040,21,44,93,0.0
GA,2040,21,45,93,0.0
GA,2040,21,46,93,0.0
GA,2040,21,47,93,0.0
GA,2040,21,48,93,0.0
GA,2040,21,49,93,0.0
GA,2040,21,50,93,0.0
GA,2040,21,51,93,0.0
GA,2040,21,52,93,0.0
GA,2040,21,53,93,0.0
GA,2040,21,54,93,0.0
GA,2040,21,55,93,0.0
GA,2040,21,56,93,0.0
GA,2040,21,57,93,0.0
GA,2040,21,58,93,0.0
GA,2040,21,59,93,0.0
GA,2040,21,60,93,0.0
GA,2040,21,61,93,0.0
GA,2040,21,62,93,0.0
GA,2040,21,63,93,0.0
GA,2040,21,64,93,0.0
GA,2040,21,65,93,0.0
GA,2040,21,66,93,0.0
GA,2040,21,67,93,0.0
GA,2040,21,68,93,0.0
GA,2040,21,69,93,0.0
GA,2040,21,70,93,0.0
GA,2040,21,71,93,0.0
GA,2040,21,72,93,0.0
GA,2040,21,73,93,0.0
GA,2040,21,74,93,0.0
GA,2040,21,75,93,0.0
GA,2040,21,76,93,0.0
GA,2040,21,77,93,0.0
GA,2040,21,78,93,0.0
GA,2040,21,79,93,0.0
GA,2040,21,80,93,0.0
GA,2040,21,81,93,0.0
GA,2040,21,82,93,0.0
GA,2040,21,83,93,0.0
GA,2040,21,84,93,0.0
GA,2040,21,85,93,0.0
GA,2040,21,86,93,0.0
GA,2040,21,87,93,0.0
GA,2040,21,88,93,0.0
GA,2040,21,89,93,0.0
GA,2040,21,90,93,0.0
GA,2040,21,91,93,0.0
GA,2040,21,92,93,0.0
GA,2040,21,93,93,0.0
GA,2040,21,94,93,0.0
GA,2040,21,95,93,0.0
GA,2040,21,96,93,0.0
GA,2040,21,97,93,0.0
GA,2040,21,98,93,0.0
GA,2040,21,99,93,0.0
GA,2040,21,100,93,0.0
GA,2040,21,101,93,0.0
GA,2040,21,102,93,0.0
GA,2040,21,103,93,0.0
GA,2040,21,104,93,0.0
GA,2040,21,105,93,0.0
GA,2040,21,106,93,0.0
GA,2040,21,107,93,0.0
GA,2040,21,108,93,0.0
GA,2040,21,109,93,0.0
GA,2040,21,110,93,0.0
GA,2040,21,111,93,0.0
GA,2040,21,112,93,0.0
GA,2040,21,113,93,0.0
GA,2040,21,114,93,0.0
GA,2040,21,115,93,0.0
GA,2040,21,116,93,0.0
GA,2040,21,117,93,0.0
GA,2040,21,118,93,0.0
GA,2040,21,119,93,0.0
GA,2040,21,120,93,0.0
GA,2040,21,121,93,0.0
GA,2040,21,122,93,0.0
GA,2040,21,123,93,0.0
GA,2040,21,124,93,0.0
GA,2040,21,125,93,0.0
GA,2040,21,126,93,0.0
GA,2040,21,127,93,0.0
GA,2040,21,128,93,0.0
GA,2040,21,129,93,0.0
GA,2040,21,130,93,0.0
GA,2040,21,131,93,0.0
GA,2040,21,132,93,0.0
GA,2040,21,133,93,0.0
GA,2040,21,134,93,0.0
GA,2040,21,135,93,0.0
GA,2040,21,136,93,0.0
GA,2040,21,137,93,0.0
GA,2040,21,138,93,0.0
GA,2040,21,139,93,0.0
GA,2040,21,140,93,0.0
GA,2040,21,141,93,0.0
GA,2040,21,142,93,0.0
GA,2040,21,143,93,0.0
GA,2040,21,144,93,0.0
GA,2040,21,145,93,0.0
GA,2040,21,146,93,0.0
GA,2040,21,147,93,0.0
GA,2040,21,148,93,0.0
GA,2040,21,149,93,0.0
GA,2040,21,150,93,0.0
GA,2040,21,151,93,0.0
GA,2040,21,152,93,0.0
GA,2040,21,153,93,0.0
GA,2040,21,154,93,0.0
GA,2040,21,155,93,0.0
GA,2040,21,156,93,0.0
GA,2040,21,157,93,0.0
GA,2040,21,158,93,0.0
GA,2040,21,159,93,0.0
GA,2040,21,160,93,0.0
GA,2040,21,161,93,0.0
GA,2040,21,162,93,0.0
GA,2040,21,163,93,0.0
GA,2040,21,164,93,0.0
GA,2040,21,165,93,0.0
GA,2040,21,166,93,0.0
GA,2040,21,167,93,0.0
GA,2040,42,0,93,0.0
GA,2040,42,1,93,0.0
GA,2040,42,2,93,0.0
GA,2040,42,3,93,0.0
GA,2040,42,4,93,0.0
GA,2040,42,5,93,0.0
GA,2040,42,6,93,0.0
GA,2040,42,7,93,0.0
GA,2040,42,8,93,0.0
GA,2040,42,9,93,0.0
GA,2040,42,10,93,0.0
GA,2040,42,11,93,0.0
GA,2040,42,12,93,0.0
GA,2040,42,13,93,0.0
GA,2040,42,14,93,0.0
GA,2040,42,15,93,0.0
GA,2040,42,16,93,0.0
GA,2040,42,17,93,0.0
GA,2040,42,18,93,0.0
GA,2040,42,19,93,0.0
GA,2040,42,20,93,0.0
GA,2040,42,21,93,0.0
GA,2040,42,22,93,0.0
GA,2040,42,23,93,0.0
GA,2040,42,24,93,0.0
GA,2040,42,25,93,0.0
GA,2040,42,26,93,0.0
GA,2040,42,27,93,0.0
GA,2040,42,28,93,0.0
GA,2040,42,29,93,0.0
GA,2040,42,30,93,0.0
GA,2040,42,31,93,0.0
GA,2040,42,32,93,0.0
GA,2040,42,33,93,0.0
GA,2040,42,34,93,0.0
GA,2040,42,35,93,0.0
GA,2040,42,36,93,0.0
GA,2040,42,37,93,0.0
GA,2040,42,38,93,0.0
GA,2040,42,39,93,0.0
GA,2040,42,40,93,0.0
GA,2040,42,41,93,0.0
GA,2040,42,42,93,0.0
GA,2040,42,43,93,0.0
GA,2040,42,44,93,0.0
GA,2040,42,45,93,0.0
GA,2040,42,46,93,0.0
GA,2040,42,47,93,0.0
GA,2040,42,48,93,0.0
GA,2040,42,49,93,0.0
GA,2040,42,50,93,0.0
GA,2040,42,51,93,0.0
GA,2040,42,52,93,0.0
GA,2040,42,53,93,0.0
GA,2040,42,54,93,0.0
GA,2040,42,55,93,0.0
GA,2040,42,56,93,0.0
GA,2040,42,57,93,0.0
GA,2040,42,58,93,0.0
GA,2040,42,59,93,0.0
GA,2040,42,60,93,0.0
GA,2040,42,61,93,0.0
GA,2040,42,62,93,0.0
GA,2040,42,63,93,0.0
GA,2040,42,64,93,0.0
GA,2040,42,65,93,0.0
GA,2040,42,66,93,0.0
GA,2040,42,67,93,0.0
GA,2040,42,68,93,0.0
GA,2040,42,69,93,0.0
GA,2040,42,70,93,0.0
GA,2040,42,71,93,0.0
GA,2040,42,72,93,0.0
GA,2040,42,73,93,0.0
GA,2040,42,74,93,0.0
GA,2040,42,75,93,0.0
GA,2040,42,76,93,0.0
GA,2040,42,77,93,0.0
GA,2040,42,78,93,0.0
GA,2040,42,79,93,0.0
GA,2040,42,80,93,0.0
GA,2040,42,81,93,0.0
GA,2040,42,82,93,0.0
GA,2040,42,83,93,0.0
GA,2040,42,84,93,0.0
GA,2040,42,85,93,0.0
GA,2040,42,86,93,0.0
GA,2040,42,87,93,0.0
GA,2040,42,88,93,0.0
GA,2040,42,89,93,0.0
GA,2040,42,90,93,0.0
GA,2040,42,91,93,0.0
GA,2040,42,92,93,0.0
GA,2040,42,93,93,0.0
GA,2040,42,94,93,0.0
GA,2040,42,95,93,0.0
GA,2040,42,96,93,0.0
GA,2040,42,97,93,0.0
GA,2040,42,98,93,0.0
GA,2040,42,99,93,0.0
GA,2040,42,100,93,0.0
GA,2040,42,101,93,0.0
GA,2040,42,102,93,0.0
GA,2040,42,103,93,0.0
GA,2040,42,104,93,0.0
GA,2040,42,105,93,0.0
GA,2040,42,106,93,0.0
GA,2040,42,107,93,0.0
GA,2040,42,108,93,0.0
GA,2040,42,109,93,0.0
GA,2040,42,110,93,0.0
GA,2040,42,111,93,0.0
GA,2040,42,112,93,0.0
GA,2040,42,113,93,0.0
GA,2040,42,114,93,0.0
GA,2040,42,115,93,0.0
GA,2040,42,116,93,0.0
GA,2040,42,117,93,0.0
GA,2040,42,118,93,0.0
GA,2040,42,119,93,0.0
GA,2040,42,120,93,0.0
GA,2040,42,121,93,0.0
GA,2040,42,122,93,0.0
GA,2040,42,123,93,0.0
GA,2040,42,124,93,0.0
GA,2040,42,125,93,0.0
GA,2040,42,126,93,0.0
GA,2040,42,127,93,0.0
GA,2040,42,128,93,0.0
GA,2040,42,129,93,0.0
GA,2040,42,130,93,0.0
GA,2040,42,131,93,0.0
GA,2040,42,132,93,0.0
GA,2040,42,133,93,0.0
GA,2040,42,134,93,0.0
GA,2040,42,135,93,0.0
GA,2040,42,136,93,0.0
GA,2040,42,137,93,0.0
GA,2040,42,138,93,0.0
GA,2040,42,139,93,0.0
GA,2040,42,140,93,0.0
GA,2040,42,141,93,0.0
GA,2040,42,142,93,0.0
GA,2040,42,143,93,0.0
GA,2040,42,144,93,0.0
GA,2040,42,145,93,0.0
GA,2040,42,146,93,0.0
GA,2040,42,147,93,0.0
GA,2040,42,148,93,0.0
GA,2040,42,149,93,0.0
GA,2040,42,150,93,0.0
GA,2040,42,151,93,0.0
GA,2040,42,152,93,0.0
GA,2040,42,153,93,0.0
GA,2040,42,154,93,0.0
GA,2040,42,155,93,0.0
GA,2040,42,156,93,0.0
GA,2040,42,157,93,0.0
GA,2040,42,158,93,0.0
GA,2040,42,159,93,0.0
GA,2040,42,160,93,0.0
GA,2040,42,161,93,0.0
GA,2040,42,162,93,0.0
GA,2040,42,163,93,0.0
GA,2040,42,164,93,0.0
GA,2040,42,165,93,0.0
GA,2040,42,166,93,0.0
GA,2040,42,167,93,0.0
GA,2040,52,0,93,0.0
GA,2040,52,1,93,0.0
GA,2040,52,2,93,0.0
GA,2040,52,3,93,0.0
GA,2040,52,4,93,0.0
GA,2040,52,5,93,0.0
GA,2040,52,6,93,0.0
GA,2040,52,7,93,0.0
GA,2040,52,8,93,0.0
GA,2040,52,9,93,0.0
GA,2040,52,10,93,0.0
GA,2040,52,11,93,0.0
GA,2040,52,12,93,0.0
GA,2040,52,13,93,0.0
GA,2040,52,14,93,0.0
GA,2040,52,15,93,0.0
GA,2040,52,16,93,0.0
GA,2040,52,17,93,0.0
GA,2040,52,18,93,0.0
GA,2040,52,19,93,0.0
GA,2040,52,20,93,0.0
GA,2040,52,21,93,0.0
GA,2040,52,22,93,0.0
GA,2040,52,23,93,0.0
GA,2040,52,24,93,0.0
GA,2040,52,25,93,0.0
GA,2040,52,26,93,0.0
GA,2040,52,27,93,0.0
GA,2040,52,28,93,0.0
GA,2040,52,29,93,0.0
GA,2040,52,30,93,0.0
GA,2040,52,31,93,0.0
GA,2040,52,32,93,0.0
GA,2040,52,33,93,0.0
GA,2040,52,34,93,0.0
GA,2040,52,35,93,0.0
GA,2040,52,36,93,0.0
GA,2040,52,37,93,0.0
GA,2040,52,38,93,0.0
GA,2040,52,39,93,0.0
GA,2040,52,40,93,0.0
GA,2040,52,41,93,0.0
GA,2040,52,42,93,0.0
GA,2040,52,43,93,0.0
GA,2040,52,44,93,0.0
GA,2040,52,45,93,0.0
GA,2040,52,46,93,0.0
GA,2040,52,47,93,0.0
GA,2040,52,48,93,0.0
GA,2040,52,49,93,0.0
GA,2040,52,50,93,0.0
GA,2040,52,51,93,0.0
GA,2040,52,52,93,0.0
GA,2040,52,53,93,0.0
GA,2040,52,54,93,0.0
GA,2040,52,55,93,0.0
GA,2040,52,56,93,0.0
GA,2040,52,57,93,0.0
GA,2040,52,58,93,0.0
GA,2040,52,59,93,0.0
GA,2040,52,60,93,0.0
GA,2040,52,61,93,0.0
GA,2040,52,62,93,0.0
GA,2040,52,63,93,0.0
GA,2040,52,64,93,0.0
GA,2040,52,65,93,0.0
GA,2040,52,66,93,0.0
GA,2040,52,67,93,0.0
GA,2040,52,68,93,0.0
GA,2040,52,69,93,0.0
GA,2040,52,70,93,0.0
GA,2040,52,71,93,0.0
GA,2040,52,72,93,0.0
GA,2040,52,73,93,0.0
GA,2040,52,74,93,0.0
GA,2040,52,75,93,0.0
GA,2040,52,76,93,0.0
GA,2040,52,77,93,0.0
GA,2040,52,78,93,0.0
GA,2040,52,79,93,0.0
GA,2040,52,80,93,0.0
GA,2040,52,81,93,0.0
GA,2040,52,82,93,0.0
GA,2040,52,83,93,0.0
GA,2040,52,84,93,0.0
GA,2040,52,85,93,0.0
GA,2040,52,86,93,0.0
GA,2040,52,87,93,0.0
GA,2040,52,88,93,0.0
GA,2040,52,89,93,0.0
GA,2040,52,90,93,0.0
GA,2040,52,91,93,0.0
GA,2040,52,92,93,0.0
GA,2040,52,93,93,0.0
GA,2040,52,94,93,0.0
GA,2040,52,95,93,0.0
GA,2040,52,96,93,0.0
GA,2040,52,97,93,0.0
GA,2040,52,98,93,0.0
GA,2040,52,99,93,0.0
GA,2040,52,100,93,0.0
GA,2040,52,101,93,0.0
GA,2040,52,102,93,0.0
GA,2040,52,103,93,0.0
GA,2040,52,104,93,0.0
GA,2040,52,105,93,0.0
GA,2040,52,106,93,0.0
GA,2040,52,107,93,0.0
GA,2040,52,108,93,0.0
GA,2040,52,109,93,0.0
GA,2040,52,110,93,0.0
GA,2040,52,111,93,0.0
GA,2040,52,112,93,0.0
GA,2040,52,113,93,0.0
GA,2040,52,114,93,0.0
GA,2040,52,115,93,0.0
GA,2040,52,116,93,0.0
GA,2040,52,117,93,0.0
GA,2040,52,118,93,0.0
GA,2040,52,119,93,0.0
GA,2040,52,120,93,0.0
GA,2040,52,121,93,0.0
GA,2040,52,122,93,0.0
GA,2040,52,123,93,0.0
GA,2040,52,124,93,0.0
GA,2040,52,125,93,0.0
GA,2040,52,126,93,0.0
GA,2040,52,127,93,0.0
GA,2040,52,128,93,0.0
GA,2040,52,129,93,0.0
GA,2040,52,130,93,0.0
GA,2040,52,131,93,0.0
GA,2040,52,132,93,0.0
GA,2040,52,133,93,0.0
GA,2040,52,134,93,0.0
GA,2040,52,135,93,0.0
GA,2040,52,136,93,0.0
GA,2040,52,137,93,0.0
GA,2040,52,138,93,0.0
GA,2040,52,139,93,0.0
GA,2040,52,140,93,0.0
GA,2040,52,141,93,0.0
GA,2040,52,142,93,0.0
GA,2040,52,143,93,0.0
GA,2040,52,144,93,0.0
GA,2040,52,145,93,0.0
GA,2040,52,146,93,0.0
GA,2040,52,147,93,0.0
GA,2040,52,148,93,0.0
GA,2040,52,149,93,0.0
GA,2040,52,150,93,0.0
GA,2040,52,151,93,0.0
GA,2040,52,152,93,0.0
GA,2040,52,153,93,0.0
GA,2040,52,154,93,0.0
GA,2040,52,155,93,0.0
GA,2040,52,156,93,0.0
GA,2040,52,157,93,0.0
GA,2040,52,158,93,0.0
GA,2040,52,159,93,0.0
GA,2040,52,160,93,0.0
GA,2040,52,161,93,0.0
GA,2040,52,162,93,0.0
GA,2040,52,163,93,0.0
GA,2040,52,164,93,0.0
GA,2040,52,165,93,0.0
GA,2040,52,166,93,0.0
GA,2040,52,167,93,0.0
DE,2040,11,0,93,0.0
DE,2040,11,1,93,0.0
DE,2040,11,2,93,0.0
DE,2040,11,3,93,0.0
DE,2040,11,4,93,0.0
DE,2040,11,5,93,0.0
DE,2040,11,6,93,0.0
DE,2040,11,7,93,0.0
DE,2040,11,8,93,0.0
DE,2040,11,9,93,0.0
DE,2040,11,10,93,0.0
DE,2040,11,11,93,0.0
DE,2040,11,12,93,0.0
DE,2040,11,13,93,0.0
DE,2040,11,14,93,0.0
DE,2040,11,15,93,0.0
DE,2040,11,16,93,0.0
DE,2040,11,17,93,0.0
DE,2040,11,18,93,0.0
DE,2040,11,19,93,0.0
DE,2040,11,20,93,0.0
DE,2040,11,21,93,0.0
DE,2040,11,22,93,0.0
DE,2040,11,23,93,0.0
DE,2040,11,24,93,0.0
DE,2040,11,25,93,0.0
DE,2040,11,26,93,0.0
DE,2040,11,27,93,0.0
DE,2040,11,28,93,0.0
DE,2040,11,29,93,0.0
DE,2040,11,30,93,0.0
DE,2040,11,31,93,0.0
DE,2040,11,32,93,0.0
DE,2040,11,33,93,0.0
DE,2040,11,34,93,0.0
DE,2040,11,35,93,0.0
DE,2040,11,36,93,0.0
DE,2040,11,37,93,0.0
DE,2040,11,38,93,0.0
DE,2040,11,39,93,0.0
DE,2040,11,40,93,0.0
DE,2040,11,41,93,0.0
DE,2040,11,42,93,0.0
DE,2040,11,43,93,0.0
DE,2040,11,44,93,0.0
DE,2040,11,45,93,0.0
DE,2040,11,46,93,0.0
DE,2040,11,47,93,0.0
DE,2040,11,48,93,0.0
DE,2040,11,49,93,0.0
DE,2040,11,50,93,0.0
DE,2040,11,51,93,0.0
DE,2040,11,52,93,0.0
DE,2040,11,53,93,0.0
DE,2040,11,54,93,0.0
DE,2040,11,55,93,0.0
DE,2040,11,56,93,0.0
DE,2040,11,57,93,0.0
DE,2040,11,58,93,0.0
DE,2040,11,59,93,0.0
DE,2040,11,60,93,0.0
DE,2040,11,61,93,0.0
DE,2040,11,62,93,0.0
DE,2040,11,63,93,0.0
DE,2040,11,64,93,0.0
DE,2040,11,65,93,0.0
DE,2040,11,66,93,0.0
DE,2040,11,67,93,0.0
DE,2040,11,68,93,0.0
DE,2040,11,69,93,0.0
DE,2040,11,70,93,0.0
DE,2040,11,71,93,0.0
DE,2040,11,72,93,0.0
DE,2040,11,73,93,0.0
DE,2040,11,74,93,0.0
DE,2040,11,75,93,0.0
DE,2040,11,76,93,0.0
DE,2040,11,77,93,0.0
DE,2040,11,78,93,0.0
DE,2040,11,79,93,0.0
DE,2040,11,80,93,0.0
DE,2040,11,81,93,0.0
DE,2040,11,82,93,0.0
DE,2040,11,83,93,0.0
DE,2040,11,84,93,0.0
DE,2040,11,85,93,0.0
DE,2040,11,86,93,0.0
DE,2040,11,87,93,0.0
DE,2040,11,88,93,0.0
DE,2040,11,89,93,0.0
DE,2040,11,90,93,0.0
DE,2040,11,91,93,0.0
DE,2040,11,92,93,0.0
DE,2040,11,93,93,0.0
DE,2040,11,94,93,0.0
DE,2040,11,95,93,0.0
DE,2040,11,96,93,0.0
DE,2040,11,97,93,0.0
DE,2040,11,98,93,0.0
DE,2040,11,99,93,0.0
DE,2040,11,100,93,0.0
DE,2040,11,101,93,0.0
DE,2040,11,102,93,0.0
DE,2040,11,103,93,0.0
DE,2040,11,104,93,0.0
DE,2040,11,105,93,0.0
DE,2040,11,106,93,0.0
DE,2040,11,107,93,0.0
DE,2040,11,108,93,0.0
DE,2040,11,109,93,0.0
DE,2040,11,110,93,0.0
DE,2040,11,111,93,0.0
DE,2040,11,112,93,0.0
DE,2040,11,113,93,0.0
DE,2040,11,114,93,0.0
DE,2040,11,115,93,0.0
DE,2040,11,116,93,0.0
DE,2040,11,117,93,0.0
DE,2040,11,118,93,0.0
DE,2040,11,119,93,0.0
DE,2040,11,120,93,0.0
DE,2040,11,121,93,0.0
DE,2040,11,122,93,0.0
DE,2040,11,123,93,0.0
DE,2040,11,124,93,0.0
DE,2040,11,125,93,0.0
DE,2040,11,126,93,0.0
DE,2040,11,127,93,0.0
DE,2040,11,128,93,0.0
DE,2040,11,129,93,0.0
DE,2040,11,130,93,0.0
DE,2040,11,131,93,0.0
DE,2040,11,132,93,0.0
DE,2040,11,133,93,0.0
DE,2040,11,134,93,0.0
DE,2040,11,135,93,0.0
DE,2040,11,136,93,0.0
DE,2040,11,137,93,0.0
DE,2040,11,138,93,0.0
DE,2040,11,139,93,0.0
DE,2040,11,140,93,0.0
DE,2040,11,141,93,0.0
DE,2040,11,142,93,0.0
DE,2040,11,143,93,0.0
DE,2040,11,144,93,0.0
DE,2040,11,145,93,0.0
DE,2040,11,146,93,0.0
DE,2040,11,147,93,0.0
DE,2040,11,148,93,0.0
DE,2040,11,149,93,0.0
DE,2040,11,150,93,0.0
DE,2040,11,151,93,0.0
DE,2040,11,152,93,0.0
DE,2040,11,153,93,0.0
DE,2040,11,154,93,0.0
DE,2040,11,155,93,0.0
DE,2040,11,156,93,0.0
DE,2040,11,157,93,0.0
DE,2040,11,158,93,0.0
DE,2040,11,159,93,0.0
DE,2040,11,160,93,0.0
DE,2040,11,161,93,0.0
DE,2040,11,162,93,0.0
DE,2040,11,163,93,0.0
DE,2040,11,164,93,0.0
DE,2040,11,165,93,0.0
DE,2040,11,166,93,0.0
DE,2040,11,167,93,0.0
DE,2040,21,0,93,0.0
DE,2040,21,1,93,0.0
DE,2040,21,2,93,0.0
DE,2040,21,3,93,0.0
DE,2040,21,4,93,0.0
DE,2040,21,5,93,0.0
DE,2040,21,6,93,0.0
DE,2040,21,7,93,0.0
DE,2040,21,8,93,0.0
DE,2040,21,9,93,0.0
DE,2040,21,10,93,0.0
DE,2040,21,11,93,0.0
DE,2040,21,12,93,0.0
DE,2040,21,13,93,0.0
DE,2040,21,14,93,0.0
DE,2040,21,15,93,0.0
DE,2040,21,16,93,0.0
DE,2040,21,17,93,0.0
DE,2040,21,18,93,0.0
DE,2040,21,19,93,0.0
DE,2040,21,20,93,0.0
DE,2040,21,21,93,0.0
DE,2040,21,22,93,0.0
DE,2040,21,23,93,0.0
DE,2040,21,24,93,0.0
DE,2040,21,25,93,0.0
DE,2040,21,26,93,0.0
DE,2040,21,27,93,0.0
DE,2040,21,28,93,0.0
DE,2040,21,29,93,0.0
DE,2040,21,30,93,0.0
DE,2040,21,31,93,0.0
DE,2040,21,32,93,0.0
DE,2040,21,33,93,0.0
DE,2040,21,34,93,0.0
DE,2040,21,35,93,0.0
DE,2040,21,36,93,0.0
DE,2040,21,37,93,0.0
DE,2040,21,38,93,0.0
DE,2040,21,39,93,0.0
DE,2040,21,40,93,0.0
DE,2040,21,41,93,0.0
DE,2040,21,42,93,0.0
DE,2040,21,43,93,0.0
DE,2040,21,44,93,0.0
DE,2040,21,45,93,0.0
DE,2040,21,46,93,0.0
DE,2040,21,47,93,0.0
DE,2040,21,48,93,0.0
DE,2040,21,49,93,0.0
DE,2040,21,50,93,0.0
DE,2040,21,51,93,0.0
DE,2040,21,52,93,0.0
DE,2040,21,53,93,0.0
DE,2040,21,54,93,0.0
DE,2040,21,55,93,0.0
DE,2040,21,56,93,0.0
DE,2040,21,57,93,0.0
DE,2040,21,58,93,0.0
DE,2040,21,59,93,0.0
DE,2040,21,60,93,0.0
DE,2040,21,61,93,0.0
DE,2040,21,62,93,0.0
DE,2040,21,63,93,0.0
DE,2040,21,64,93,0.0
DE,2040,21,65,93,0.0
DE,2040,21,66,93,0.0
DE,2040,21,67,93,0.0
DE,2040,21,68,93,0.0
DE,2040,21,69,93,0.0
DE,2040,21,70,93,0.0
DE,2040,21,71,93,0.0
DE,2040,21,72,93,0.0
DE,2040,21,73,93,0.0
DE,2040,21,74,93,0.0
DE,2040,21,75,93,0.0
DE,2040,21,76,93,0.0
DE,2040,21,77,93,0.0
DE,2040,21,78,93,0.0
DE,2040,21,79,93,0.0
DE,2040,21,80,93,0.0
DE,2040,21,81,93,0.0
DE,2040,21,82,93,0.0
DE,2040,21,83,93,0.0
DE,2040,21,84,93,0.0
DE,2040,21,85,93,0.0
DE,2040,21,86,93,0.0
DE,2040,21,87,93,0.0
DE,2040,21,88,93,0.0
DE,2040,21,89,93,0.0
DE,2040,21,90,93,0.0
DE,2040,21,91,93,0.0
DE,2040,21,92,93,0.0
DE,2040,21,93,93,0.0
DE,2040,21,94,93,0.0
DE,2040,21,95,93,0.0
DE,2040,21,96,93,0.0
DE,2040,21,97,93,0.0
DE,2040,21,98,93,0.0
DE,2040,21,99,93,0.0
DE,2040,21,100,93,0.0
DE,2040,21,101,93,0.0
DE,2040,21,102,93,0.0
DE,2040,21,103,93,0.0
DE,2040,21,104,93,0.0
DE,2040,21,105,93,0.0
DE,2040,21,106,93,0.0
DE,2040,21,107,93,0.0
DE,2040,21,108,93,0.0
DE,2040,21,109,93,0.0
DE,2040,21,110,93,0.0
DE,2040,21,111,93,0.0
DE,2040,21,112,93,0.0
DE,2040,21,113,93,0.0
DE,2040,21,114,93,0.0
DE,2040,21,115,93,0.0
DE,2040,21,116,93,0.0
DE,2040,21,117,93,0.0
DE,2040,21,118,93,0.0
DE,2040,21,119,93,0.0
DE,2040,21,120,93,0.0
DE,2040,21,121,93,0.0
DE,2040,21,122,93,0.0
DE,2040,21,123,93,0.0
DE,2040,21,124,93,0.0
DE,2040,21,125,93,0.0
DE,2040,21,126,93,0.0
DE,2040,21,127,93,0.0
DE,2040,21,128,93,0.0
DE,2040,21,129,93,0.0
DE,2040,21,130,93,0.0
DE,2040,21,131,93,0.0
DE,2040,21,132,93,0.0
DE,2040,21,133,93,0.0
DE,2040,21,134,93,0.0
DE,2040,21,135,93,0.0
DE,2040,21,136,93,0.0
DE,2040,21,137,93,0.0
DE,2040,21,138,93,0.0
DE,2040,21,139,93,0.0
DE,2040,21,140,93,0.0
DE,2040,21,141,93,0.0
DE,2040,21,142,93,0.0
DE,2040,21,143,93,0.0
DE,2040,21,144,93,0.0
DE,2040,21,145,93,0.0
DE,2040,21,146,93,0.0
DE,2040,21,147,93,0.0
DE,2040,21,148,93,0.0
DE,2040,21,149,93,0.0
DE,2040,21,150,93,0.0
DE,2040,21,151,93,0.0
DE,2040,21,152,93,0.0
DE,2040,21,153,93,0.0
DE,2040,21,154,93,0.0
DE,2040,21,155,93,0.0
DE,2040,21,156,93,0.0
DE,2040,21,157,93,0.0
DE,2040,21,158,93,0.0
DE,2040,21,159,93,0.0
DE,2040,21,160,93,0.0
DE,2040,21,161,93,0.0
DE,2040,21,162,93,0.0
DE,2040,21,163,93,0.0
DE,2040,21,164,93,0.0
DE,2040,21,165,93,0.0
DE,2040,21,166,93,0.0
DE,2040,21,167,93,0.0
DE,2040,42,0,93,0.0
DE,2040,42,1,93,0.0
DE,2040,42,2,93,0.0
DE,2040,42,3,93,0.0
DE,2040,42,4,93,0.0
DE,2040,42,5,93,0.0
DE,2040,42,6,93,0.0
DE,2040,42,7,93,0.0
DE,2040,42,8,93,0.0
DE,2040,42,9,93,0.0
DE,2040,42,10,93,0.0
DE,2040,42,11,93,0.0
DE,2040,42,12,93,0.0
DE,2040,42,13,93,0.0
DE,2040,42,14,93,0.0
DE,2040,42,15,93,0.0
DE,2040,42,16,93,0.0
DE,2040,42,17,93,0.0
DE,2040,42,18,93,0.0
DE,2040,42,19,93,0.0
DE,2040,42,20,93,0.0
DE,2040,42,21,93,0.0
DE,2040,42,22,93,0.0
DE,2040,42,23,93,0.0
DE,2040,42,24,93,0.0
DE,2040,42,25,93,0.0
DE,2040,42,26,93,0.0
DE,2040,42,27,93,0.0
DE,2040,42,28,93,0.0
DE,2040,42,29,93,0.0
DE,2040,42,30,93,0.0
DE,2040,42,31,93,0.0
DE,2040,42,32,93,0.0
DE,2040,42,33,93,0.0
DE,2040,42,34,93,0.0
DE,2040,42,35,93,0.0
DE,2040,42,36,93,0.0
DE,2040,42,37,93,0.0
DE,2040,42,38,93,0.0
DE,2040,42,39,93,0.0
DE,2040,42,40,93,0.0
DE,2040,42,41,93,0.0
DE,2040,42,42,93,0.0
DE,2040,42,43,93,0.0
DE,2040,42,44,93,0.0
DE,2040,42,45,93,0.0
DE,2040,42,46,93,0.0
DE,2040,42,47,93,0.0
DE,2040,42,48,93,0.0
DE,2040,42,49,93,0.0
DE,2040,42,50,93,0.0
DE,2040,42,51,93,0.0
DE,2040,42,52,93,0.0
DE,2040,42,53,93,0.0
DE,2040,42,54,93,0.0
DE,2040,42,55,93,0.0
DE,2040,42,56,93,0.0
DE,2040,42,57,93,0.0
DE,2040,42,58,93,0.0
DE,2040,42,59,93,0.0
DE,2040,42,60,93,0.0
DE,2040,42,61,93,0.0
DE,2040,42,62,93,0.0
DE,2040,42,63,93,0.0
DE,2040,42,64,93,0.0
DE,2040,42,65,93,0.0
DE,2040,42,66,93,0.0
DE,2040,42,67,93,0.0
DE,2040,42,68,93,0.0
DE,2040,42,69,93,0.0
DE,2040,42,70,93,0.0
DE,2040,42,71,93,0.0
DE,2040,42,72,93,0.0
DE,2040,42,73,93,0.0
DE,2040,42,74,93,0.0
DE,2040,42,75,93,0.0
DE,2040,42,76,93,0.0
DE,2040,42,77,93,0.0
DE,2040,42,78,93,0.0
DE,2040,42,79,93,0.0
DE,2040,42,80,93,0.0
DE,2040,42,81,93,0.0
DE,2040,42,82,93,0.0
DE,2040,42,83,93,0.0
DE,2040,42,84,93,0.0
DE,2040,42,85,93,0.0
DE,2040,42,86,93,0.0
DE,2040,42,87,93,0.0
DE,2040,42,88,93,0.0
DE,2040,42,89,93,0.0
DE,2040,42,90,93,0.0
DE,2040,42,91,93,0.0
DE,2040,42,92,93,0.0
DE,2040,42,93,93,0.0
DE,2040,42,94,93,0.0
DE,2040,42,95,93,0.0
DE,2040,42,96,93,0.0
DE,2040,42,97,93,0.0
DE,2040,42,98,93,0.0
DE,2040,42,99,93,0.0
DE,2040,42,100,93,0.0
DE,2040,42,101,93,0.0
DE,2040,42,102,93,0.0
DE,2040,42,103,93,0.0
DE,2040,42,104,93,0.0
DE,2040,42,105,93,0.0
DE,2040,42,106,93,0.0
DE,2040,42,107,93,0.0
DE,2040,42,108,93,0.0
DE,2040,42,109,93,0.0
DE,2040,42,110,93,0.0
DE,2040,42,111,93,0.0
DE,2040,42,112,93,0.0
DE,2040,42,113,93,0.0
DE,2040,42,114,93,0.0
DE,2040,42,115,93,0.0
DE,2040,42,116,93,0.0
DE,2040,42,117,93,0.0
DE,2040,42,118,93,0.0
DE,2040,42,119,93,0.0
DE,2040,42,120,93,0.0
DE,2040,42,121,93,0.0
DE,2040,42,122,93,0.0
DE,2040,42,123,93,0.0
DE,2040,42,124,93,0.0
DE,2040,42,125,93,0.0
DE,2040,42,126,93,0.0
DE,2040,42,127,93,0.0
DE,2040,42,128,93,0.0
DE,2040,42,129,93,0.0
DE,2040,42,130,93,0.0
DE,2040,42,131,93,0.0
DE,2040,42,132,93,0.0
DE,2040,42,133,93,0.0
DE,2040,42,134,93,0.0
DE,2040,42,135,93,0.0
DE,2040,42,136,93,0.0
DE,2040,42,137,93,0.0
DE,2040,42,138,93,0.0
DE,2040,42,139,93,0.0
DE,2040,42,140,93,0.0
DE,2040,42,141,93,0.0
DE,2040,42,142,93,0.0
DE,2040,42,143,93,0.0
DE,2040,42,144,93,0.0
DE,2040,42,145,93,0.0
DE,2040,42,146,93,0.0
DE,2040,42,147,93,0.0
DE,2040,42,148,93,0.0
DE,2040,42,149,93,0.0
DE,2040,42,150,93,0.0
DE,2040,42,151,93,0.0
DE,2040,42,152,93,0.0
DE,2040,42,153,93,0.0
DE,2040,42,154,93,0.0
DE,2040,42,155,93,0.0
DE,2040,42,156,93,0.0
DE,2040,42,157,93,0.0
DE,2040,42,158,93,0.0
DE,2040,42,159,93,0.0
DE,2040,42,160,93,0.0
DE,2040,42,161,93,0.0
DE,2040,42,162,93,0.0
DE,2040,42,163,93,0.0
DE,2040,42,164,93,0.0
DE,2040,42,165,93,0.0
DE,2040,42,166,93,0.0
DE,2040,42,167,93,0.0
DE,2040,52,0,93,0.0
DE,2040,52,1,93,0.0
DE,2040,52,2,93,0.0
DE,2040,52,3,93,0.0
DE,2040,52,4,93,0.0
DE,2040,52,5,93,0.0
DE,2040,52,6,93,0.0
DE,2040,52,7,93,0.0
DE,2040,52,8,93,0.0
DE,2040,52,9,93,0.0
DE,2040,52,10,93,0.0
DE,2040,52,11,93,0.0
DE,2040,52,12,93,0.0
DE,2040,52,13,93,0.0
DE,2040,52,14,93,0.0
DE,2040,52,15,93,0.0
DE,2040,52,16,93,0.0
DE,2040,52,17,93,0.0
DE,2040,52,18,93,0.0
DE,2040,52,19,93,0.0
DE,2040,52,20,93,0.0
DE,2040,52,21,93,0.0
DE,2040,52,22,93,0.0
DE,2040,52,23,93,0.0
DE,2040,52,24,93,0.0
DE,2040,52,25,93,0.0
DE,2040,52,26,93,0.0
DE,2040,52,27,93,0.0
DE,2040,52,28,93,0.0
DE,2040,52,29,93,0.0
DE,2040,52,30,93,0.0
DE,2040,52,31,93,0.0
DE,2040,52,32,93,0.0
DE,2040,52,33,93,0.0
DE,2040,52,34,93,0.0
DE,2040,52,35,93,0.0
DE,2040,52,36,93,0.0
DE,2040,52,37,93,0.0
DE,2040,52,38,93,0.0
DE,2040,52,39,93,0.0
DE,2040,52,40,93,0.0
DE,2040,52,41,93,0.0
DE,2040,52,42,93,0.0
DE,2040,52,43,93,0.0
DE,2040,52,44,93,0.0
DE,2040,52,45,93,0.0
DE,2040,52,46,93,0.0
DE,2040,52,47,93,0.0
DE,2040,52,48,93,0.0
DE,2040,52,49,93,0.0
DE,2040,52,50,93,0.0
DE,2040,52,51,93,0.0
DE,2040,52,52,93,0.0
DE,2040,52,53,93,0.0
DE,2040,52,54,93,0.0
DE,2040,52,55,93,0.0
DE,2040,52,56,93,0.0
DE,2040,52,57,93,0.0
DE,2040,52,58,93,0.0
DE,2040,52,59,93,0.0
DE,2040,52,60,93,0.0
DE,2040,52,61,93,0.0
DE,2040,52,62,93,0.0
DE,2040,52,63,93,0.0
DE,2040,52,64,93,0.0
DE,2040,52,65,93,0.0
DE,2040,52,66,93,0.0
DE,2040,52,67,93,0.0
DE,2040,52,68,93,0.0
DE,2040,52,69,93,0.0
DE,2040,52,70,93,0.0
DE,2040,52,71,93,0.0
DE,2040,52,72,93,0.0
DE,2040,52,73,93,0.0
DE,2040,52,74,93,0.0
DE,2040,52,75,93,0.0
DE,2040,52,76,93,0.0
DE,2040,52,77,93,0.0
DE,2040,52,78,93,0.0
DE,2040,52,79,93,0.0
DE,2040,52,80,93,0.0
DE,2040,52,81,93,0.0
DE,2040,52,82,93,0.0
DE,2040,52,83,93,0.0
DE,2040,52,84,93,0.0
DE,2040,52,85,93,0.0
DE,2040,52,86,93,0.0
DE,2040,52,87,93,0.0
DE,2040,52,88,93,0.0
DE,2040,52,89,93,0.0
DE,2040,52,90,93,0.0
DE,2040,52,91,93,0.0
DE,2040,52,92,93,0.0
DE,2040,52,93,93,0.0
DE,2040,52,94,93,0.0
DE,2040,52,95,93,0.0
DE,2040,52,96,93,0.0
DE,2040,52,97,93,0.0
DE,2040,52,98,93,0.0
DE,2040,52,99,93,0.0
DE,2040,52,100,93,0.0
DE,2040,52,101,93,0.0
DE,2040,52,102,93,0.0
DE,2040,52,103,93,0.0
DE,2040,52,104,93,0.0
DE,2040,52,105,93,0.0
DE,2040,52,106,93,0.0
DE,2040,52,107,93,0.0
DE,2040,52,108,93,0.0
DE,2040,52,109,93,0.0
DE,2040,52,110,93,0.0
DE,2040,52,111,93,0.0
DE,2040,52,112,93,0.0
DE,2040,52,113,93,0.0
DE,2040,52,114,93,0.0
DE,2040,52,115,93,0.0
DE,2040,52,116,93,0.0
DE,2040,52,117,93,0.0
DE,2040,52,118,93,0.0
DE,2040,52,119,93,0.0
DE,2040,52,120,93,0.0
DE,2040,52,121,93,0.0
DE,2040,52,122,93,0.0
DE,2040,52,123,93,0.0
DE,2040,52,124,93,0.0
DE,2040,52,125,93,0.0
DE,2040,52,126,93,0.0
DE,2040,52,127,93,0.0
DE,2040,52,128,93,0.0
DE,2040,52,129,93,0.0
DE,2040,52,130,93,0.0
DE,2040,52,131,93,0.0
DE,2040,52,132,93,0.0
DE,2040,52,133,93,0.0
DE,2040,52,134,93,0.0
DE,2040,52,135,93,0.0
DE,2040,52,136,93,0.0
DE,2040,52,137,93,0.0
DE,2040,52,138,93,0.0
DE,2040,52,139,93,0.0
DE,2040,52,140,93,0.0
DE,2040,52,141,93,0.0
DE,2040,52,142,93,0.0
DE,2040,52,143,93,0.0
DE,2040,52,144,93,0.0
DE,2040,52,145,93,0.0
DE,2040,52,146,93,0.0
DE,2040,52,147,93,0.0
DE,2040,52,148,93,0.0
DE,2040,52,149,93,0.0
DE,2040,52,150,93,0.0
DE,2040,52,151,93,0.0
DE,2040,52,152,93,0.0
DE,2040,52,153,93,0.0
DE,2040,52,154,93,0.0
DE,2040,52,155,93,0.0
DE,2040,52,156,93,0.0
DE,2040,52,157,93,0.0
DE,2040,52,158,93,0.0
DE,2040,52,159,93,0.0
DE,2040,52,160,93,0.0
DE,2040,52,161,93,0.0
DE,2040,52,162,93,0.0
DE,2040,52,163,93,0.0
DE,2040,52,164,93,0.0
DE,2040,52,165,93,0.0
DE,2040,52,166,93,0.0
DE,2040,52,167,93,0.0
GA,2050,11,0,93,0.0
GA,2050,11,1,93,0.0
GA,2050,11,2,93,0.0
GA,2050,11,3,93,0.0
GA,2050,11,4,93,0.0
GA,2050,11,5,93,0.0
GA,2050,11,6,93,0.0
GA,2050,11,7,93,0.0
GA,2050,11,8,93,0.0
GA,2050,11,9,93,0.0
GA,2050,11,10,93,0.0
GA,2050,11,11,93,0.0
GA,2050,11,12,93,0.0
GA,2050,11,13,93,0.0
GA,2050,11,14,93,0.0
GA,2050,11,15,93,0.0
GA,2050,11,16,93,0.0
GA,2050,11,17,93,0.0
GA,2050,11,18,93,0.0
GA,2050,11,19,93,0.0
GA,2050,11,20,93,0.0
GA,2050,11,21,93,0.0
GA,2050,11,22,93,0.0
GA,2050,11,23,93,0.0
GA,2050,11,24,93,0.0
GA,2050,11,25,93,0.0
GA,2050,11,26,93,0.0
GA,2050,11,27,93,0.0
GA,2050,11,28,93,0.0
GA,2050,11,29,93,0.0
GA,2050,11,30,93,0.0
GA,2050,11,31,93,0.0
GA,2050,11,32,93,0.0
GA,2050,11,33,93,0.0
GA,2050,11,34,93,0.0
GA,2050,11,35,93,0.0
GA,2050,11,36,93,0.0
GA,2050,11,37,93,0.0
GA,2050,11,38,93,0.0
GA,2050,11,39,93,0.0
GA,2050,11,40,93,0.0
GA,2050,11,41,93,0.0
GA,2050,11,42,93,0.0
GA,2050,11,43,93,0.0
GA,2050,11,44,93,0.0
GA,2050,11,45,93,0.0
GA,2050,11,46,93,0.0
GA,2050,11,47,93,0.0
GA,2050,11,48,93,0.0
GA,2050,11,49,93,0.0
GA,2050,11,50,93,0.0
GA,2050,11,51,93,0.0
GA,2050,11,52,93,0.0
GA,2050,11,53,93,0.0
GA,2050,11,54,93,0.0
GA,2050,11,55,93,0.0
GA,2050,11,56,93,0.0
GA,2050,11,57,93,0.0
GA,2050,11,58,93,0.0
GA,2050,11,59,93,0.0
GA,2050,11,60,93,0.0
GA,2050,11,61,93,0.0
GA,2050,11,62,93,0.0
GA,2050,11,63,93,0.0
GA,2050,11,64,93,0.0
GA,2050,11,65,93,0.0
GA,2050,11,66,93,0.0
GA,2050,11,67,93,0.0
GA,2050,11,68,93,0.0
GA,2050,11,69,93,0.0
GA,2050,11,70,93,0.0
GA,2050,11,71,93,0.0
GA,2050,11,72,93,0.0
GA,2050,11,73,93,0.0
GA,2050,11,74,93,0.0
GA,2050,11,75,93,0.0
GA,2050,11,76,93,0.0
GA,2050,11,77,93,0.0
GA,2050,11,78,93,0.0
GA,2050,11,79,93,0.0
GA,2050,11,80,93,0.0
GA,2050,11,81,93,0.0
GA,2050,11,82,93,0.0
GA,2050,11,83,93,0.0
GA,2050,11,84,93,0.0
GA,2050,11,85,93,0.0
GA,2050,11,86,93,0.0
GA,2050,11,87,93,0.0
GA,2050,11,88,93,0.0
GA,2050,11,89,93,0.0
GA,2050,11,90,93,0.0
GA,2050,11,91,93,0.0
GA,2050,11,92,93,0.0
GA,2050,11,93,93,0.0
GA,2050,11,94,93,0.0
GA,2050,11,95,93,0.0
GA,2050,11,96,93,0.0
GA,2050,11,97,93,0.0
GA,2050,11,98,93,0.0
GA,2050,11,99,93,0.0
GA,2050,11,100,93,0.0
GA,2050,11,101,93,0.0
GA,2050,11,102,93,0.0
GA,2050,11,103,93,0.0
GA,2050,11,104,93,0.0
GA,2050,11,105,93,0.0
GA,2050,11,106,93,0.0
GA,2050,11,107,93,0.0
GA,2050,11,108,93,0.0
GA,2050,11,109,93,0.0
GA,2050,11,110,93,0.0
GA,2050,11,111,93,0.0
GA,2050,11,112,93,0.0
GA,2050,11,113,93,0.0
GA,2050,11,114,93,0.0
GA,2050,11,115,93,0.0
GA,2050,11,116,93,0.0
GA,2050,11,117,93,0.0
GA,2050,11,118,93,0.0
GA,2050,11,119,93,0.0
GA,2050,11,120,93,0.0
GA,2050,11,121,93,0.0
GA,2050,11,122,93,0.0
GA,2050,11,123,93,0.0
GA,2050,11,124,93,0.0
GA,2050,11,125,93,0.0
GA,2050,11,126,93,0.0
GA,2050,11,127,93,0.0
GA,2050,11,128,93,0.0
GA,2050,11,129,93,0.0
GA,2050,11,130,93,0.0
GA,2050,11,131,93,0.0
GA,2050,11,132,93,0.0
GA,2050,11,133,93,0.0
GA,2050,11,134,93,0.0
GA,2050,11,135,93,0.0
GA,2050,11,136,93,0.0
GA,2050,11,137,93,0.0
GA,2050,11,138,93,0.0
GA,2050,11,139,93,0.0
GA,2050,11,140,93,0.0
GA,2050,11,141,93,0.0
GA,2050,11,142,93,0.0
GA,2050,11,143,93,0.0
GA,2050,11,144,93,0.0
GA,2050,11,145,93,0.0
GA,2050,11,146,93,0.0
GA,2050,11,147,93,0.0
GA,2050,11,148,93,0.0
GA,2050,11,149,93,0.0
GA,2050,11,150,93,0.0
GA,2050,11,151,93,0.0
GA,2050,11,152,93,0.0
GA,2050,11,153,93,0.0
GA,2050,11,154,93,0.0
GA,2050,11,155,93,0.0
GA,2050,11,156,93,0.0
GA,2050,11,157,93,0.0
GA,2050,11,158,93,0.0
GA,2050,11,159,93,0.0
GA,2050,11,160,93,0.0
GA,2050,11,161,93,0.0
GA,2050,11,162,93,0.0
GA,2050,11,163,93,0.0
GA,2050,11,164,93,0.0
GA,2050,11,165,93,0.0
GA,2050,11,166,93,0.0
GA,2050,11,167,93,0.0
GA,2050,21,0,93,0.0
GA,2050,21,1,93,0.0
GA,2050,21,2,93,0.0
GA,2050,21,3,93,0.0
GA,2050,21,4,93,0.0
GA,2050,21,5,93,0.0
GA,2050,21,6,93,0.0
GA,2050,21,7,93,0.0
GA,2050,21,8,93,0.0
GA,2050,21,9,93,0.0
GA,2050,21,10,93,0.0
GA,2050,21,11,93,0.0
GA,2050,21,12,93,0.0
GA,2050,21,13,93,0.0
GA,2050,21,14,93,0.0
GA,2050,21,15,93,0.0
GA,2050,21,16,93,0.0
GA,2050,21,17,93,0.0
GA,2050,21,18,93,0.0
GA,2050,21,19,93,0.0
GA,2050,21,20,93,0.0
GA,2050,21,21,93,0.0
GA,2050,21,22,93,0.0
GA,2050,21,23,93,0.0
GA,2050,21,24,93,0.0
GA,2050,21,25,93,0.0
GA,2050,21,26,93,0.0
GA,2050,21,27,93,0.0
GA,2050,21,28,93,0.0
GA,2050,21,29,93,0.0
GA,2050,21,30,93,0.0
GA,2050,21,31,93,0.0
GA,2050,21,32,93,0.0
GA,2050,21,33,93,0.0
GA,2050,21,34,93,0.0
GA,2050,21,35,93,0.0
GA,2050,21,36,93,0.0
GA,2050,21,37,93,0.0
GA,2050,21,38,93,0.0
GA,2050,21,39,93,0.0
GA,2050,21,40,93,0.0
GA,2050,21,41,93,0.0
GA,2050,21,42,93,0.0
GA,2050,21,43,93,0.0
GA,2050,21,44,93,0.0
GA,2050,21,45,93,0.0
GA,2050,21,46,93,0.0
GA,2050,21,47,93,0.0
GA,2050,21,48,93,0.0
GA,2050,21,49,93,0.0
GA,2050,21,50,93,0.0
GA,2050,21,51,93,0.0
GA,2050,21,52,93,0.0
GA,2050,21,53,93,0.0
GA,2050,21,54,93,0.0
GA,2050,21,55,93,0.0
GA,2050,21,56,93,0.0
GA,2050,21,57,93,0.0
GA,2050,21,58,93,0.0
GA,2050,21,59,93,0.0
GA,2050,21,60,93,0.0
GA,2050,21,61,93,0.0
GA,2050,21,62,93,0.0
GA,2050,21,63,93,0.0
GA,2050,21,64,93,0.0
GA,2050,21,65,93,0.0
GA,2050,21,66,93,0.0
GA,2050,21,67,93,0.0
GA,2050,21,68,93,0.0
GA,2050,21,69,93,0.0
GA,2050,21,70,93,0.0
GA,2050,21,71,93,0.0
GA,2050,21,72,93,0.0
GA,2050,21,73,93,0.0
GA,2050,21,74,93,0.0
GA,2050,21,75,93,0.0
GA,2050,21,76,93,0.0
GA,2050,21,77,93,0.0
GA,2050,21,78,93,0.0
GA,2050,21,79,93,0.0
GA,2050,21,80,93,0.0
GA,2050,21,81,93,0.0
GA,2050,21,82,93,0.0
GA,2050,21,83,93,0.0
GA,2050,21,84,93,0.0
GA,2050,21,85,93,0.0
GA,2050,21,86,93,0.0
GA,2050,21,87,93,0.0
GA,2050,21,88,93,0.0
GA,2050,21,89,93,0.0
GA,2050,21,90,93,0.0
GA,2050,21,91,93,0.0
GA,2050,21,92,93,0.0
GA,2050,21,93,93,0.0
GA,2050,21,94,93,0.0
GA,2050,21,95,93,0.0
GA,2050,21,96,93,0.0
GA,2050,21,97,93,0.0
GA,2050,21,98,93,0.0
GA,2050,21,99,93,0.0
GA,2050,21,100,93,0.0
GA,2050,21,101,93,0.0
GA,2050,21,102,93,0.0
GA,2050,21,103,93,0.0
GA,2050,21,104,93,0.0
GA,2050,21,105,93,0.0
GA,2050,21,106,93,0.0
GA,2050,21,107,93,0.0
GA,2050,21,108,93,0.0
GA,2050,21,109,93,0.0
GA,2050,21,110,93,0.0
GA,2050,21,111,93,0.0
GA,2050,21,112,93,0.0
GA,2050,21,113,93,0.0
GA,2050,21,114,93,0.0
GA,2050,21,115,93,0.0
GA,2050,21,116,93,0.0
GA,2050,21,117,93,0.0
GA,2050,21,118,93,0.0
GA,2050,21,119,93,0.0
GA,2050,21,120,93,0.0
GA,2050,21,121,93,0.0
GA,2050,21,122,93,0.0
GA,2050,21,123,93,0.0
GA,2050,21,124,93,0.0
GA,2050,21,125,93,0.0
GA,2050,21,126,93,0.0
GA,2050,21,127,93,0.0
GA,2050,21,128,93,0.0
GA,2050,21,129,93,0.0
GA,2050,21,130,93,0.0
GA,2050,21,131,93,0.0
GA,2050,21,132,93,0.0
GA,2050,21,133,93,0.0
GA,2050,21,134,93,0.0
GA,2050,21,135,93,0.0
GA,2050,21,136,93,0.0
GA,2050,21,137,93,0.0
GA,2050,21,138,93,0.0
GA,2050,21,139,93,0.0
GA,2050,21,140,93,0.0
GA,2050,21,141,93,0.0
GA,2050,21,142,93,0.0
GA,2050,21,143,93,0.0
GA,2050,21,144,93,0.0
GA,2050,21,145,93,0.0
GA,2050,21,146,93,0.0
GA,2050,21,147,93,0.0
GA,2050,21,148,93,0.0
GA,2050,21,149,93,0.0
GA,2050,21,150,93,0.0
GA,2050,21,151,93,0.0
GA,2050,21,152,93,0.0
GA,2050,21,153,93,0.0
GA,2050,21,154,93,0.0
GA,2050,21,155,93,0.0
GA,2050,21,156,93,0.0
GA,2050,21,157,93,0.0
GA,2050,21,158,93,0.0
GA,2050,21,159,93,0.0
GA,2050,21,160,93,0.0
GA,2050,21,161,93,0.0
GA,2050,21,162,93,0.0
GA,2050,21,163,93,0.0
GA,2050,21,164,93,0.0
GA,2050,21,165,93,0.0
GA,2050,21,166,93,0.0
GA,2050,21,167,93,0.0
GA,2050,42,0,93,0.0
GA,2050,42,1,93,0.0
GA,2050,42,2,93,0.0
GA,2050,42,3,93,0.0
GA,2050,42,4,93,0.0
GA,2050,42,5,93,0.0
GA,2050,42,6,93,0.0
GA,2050,42,7,93,0.0
GA,2050,42,8,93,0.0
GA,2050,42,9,93,0.0
GA,2050,42,10,93,0.0
GA,2050,42,11,93,0.0
GA,2050,42,12,93,0.0
GA,2050,42,13,93,0.0
GA,2050,42,14,93,0.0
GA,2050,42,15,93,0.0
GA,2050,42,16,93,0.0
GA,2050,42,17,93,0.0
GA,2050,42,18,93,0.0
GA,2050,42,19,93,0.0
GA,2050,42,20,93,0.0
GA,2050,42,21,93,0.0
GA,2050,42,22,93,0.0
GA,2050,42,23,93,0.0
GA,2050,42,24,93,0.0
GA,2050,42,25,93,0.0
GA,2050,42,26,93,0.0
GA,2050,42,27,93,0.0
GA,2050,42,28,93,0.0
GA,2050,42,29,93,0.0
GA,2050,42,30,93,0.0
GA,2050,42,31,93,0.0
GA,2050,42,32,93,0.0
GA,2050,42,33,93,0.0
GA,2050,42,34,93,0.0
GA,2050,42,35,93,0.0
GA,2050,42,36,93,0.0
GA,2050,42,37,93,0.0
GA,2050,42,38,93,0.0
GA,2050,42,39,93,0.0
GA,2050,42,40,93,0.0
GA,2050,42,41,93,0.0
GA,2050,42,42,93,0.0
GA,2050,42,43,93,0.0
GA,2050,42,44,93,0.0
GA,2050,42,45,93,0.0
GA,2050,42,46,93,0.0
GA,2050,42,47,93,0.0
GA,2050,42,48,93,0.0
GA,2050,42,49,93,0.0
GA,2050,42,50,93,0.0
GA,2050,42,51,93,0.0
GA,2050,42,52,93,0.0
GA,2050,42,53,93,0.0
GA,2050,42,54,93,0.0
GA,2050,42,55,93,0.0
GA,2050,42,56,93,0.0
GA,2050,42,57,93,0.0
GA,2050,42,58,93,0.0
GA,2050,42,59,93,0.0
GA,2050,42,60,93,0.0
GA,2050,42,61,93,0.0
GA,2050,42,62,93,0.0
GA,2050,42,63,93,0.0
GA,2050,42,64,93,0.0
GA,2050,42,65,93,0.0
GA,2050,42,66,93,0.0
GA,2050,42,67,93,0.0
GA,2050,42,68,93,0.0
GA,2050,42,69,93,0.0
GA,2050,42,70,93,0.0
GA,2050,42,71,93,0.0
GA,2050,42,72,93,0.0
GA,2050,42,73,93,0.0
GA,2050,42,74,93,0.0
GA,2050,42,75,93,0.0
GA,2050,42,76,93,0.0
GA,2050,42,77,93,0.0
GA,2050,42,78,93,0.0
GA,2050,42,79,93,0.0
GA,2050,42,80,93,0.0
GA,2050,42,81,93,0.0
GA,2050,42,82,93,0.0
GA,2050,42,83,93,0.0
GA,2050,42,84,93,0.0
GA,2050,42,85,93,0.0
GA,2050,42,86,93,0.0
GA,2050,42,87,93,0.0
GA,2050,42,88,93,0.0
GA,2050,42,89,93,0.0
GA,2050,42,90,93,0.0
GA,2050,42,91,93,0.0
GA,2050,42,92,93,0.0
GA,2050,42,93,93,0.0
GA,2050,42,94,93,0.0
GA,2050,42,95,93,0.0
GA,2050,42,96,93,0.0
GA,2050,42,97,93,0.0
GA,2050,42,98,93,0.0
GA,2050,42,99,93,0.0
GA,2050,42,100,93,0.0
GA,2050,42,101,93,0.0
GA,2050,42,102,93,0.0
GA,2050,42,103,93,0.0
GA,2050,42,104,93,0.0
GA,2050,42,105,93,0.0
GA,2050,42,106,93,0.0
GA,2050,42,107,93,0.0
GA,2050,42,108,93,0.0
GA,2050,42,109,93,0.0
GA,2050,42,110,93,0.0
GA,2050,42,111,93,0.0
GA,2050,42,112,93,0.0
GA,2050,42,113,93,0.0
GA,2050,42,114,93,0.0
GA,2050,42,115,93,0.0
GA,2050,42,116,93,0.0
GA,2050,42,117,93,0.0
GA,2050,42,118,93,0.0
GA,2050,42,119,93,0.0
GA,2050,42,120,93,0.0
GA,2050,42,121,93,0.0
GA,2050,42,122,93,0.0
GA,2050,42,123,93,0.0
GA,2050,42,124,93,0.0
GA,2050,42,125,93,0.0
GA,2050,42,126,93,0.0
GA,2050,42,127,93,0.0
GA,2050,42,128,93,0.0
GA,2050,42,129,93,0.0
GA,2050,42,130,93,0.0
GA,2050,42,131,93,0.0
GA,2050,42,132,93,0.0
GA,2050,42,133,93,0.0
GA,2050,42,134,93,0.0
GA,2050,42,135,93,0.0
GA,2050,42,136,93,0.0
GA,2050,42,137,93,0.0
GA,2050,42,138,93,0.0
GA,2050,42,139,93,0.0
GA,2050,42,140,93,0.0
GA,2050,42,141,93,0.0
GA,2050,42,142,93,0.0
GA,2050,42,143,93,0.0
GA,2050,42,144,93,0.0
GA,2050,42,145,93,0.0
GA,2050,42,146,93,0.0
GA,2050,42,147,93,0.0
GA,2050,42,148,93,0.0
GA,2050,42,149,93,0.0
GA,2050,42,150,93,0.0
GA,2050,42,151,93,0.0
GA,2050,42,152,93,0.0
GA,2050,42,153,93,0.0
GA,2050,42,154,93,0.0
GA,2050,42,155,93,0.0
GA,2050,42,156,93,0.0
GA,2050,42,157,93,0.0
GA,2050,42,158,93,0.0
GA,2050,42,159,93,0.0
GA,2050,42,160,93,0.0
GA,2050,42,161,93,0.0
GA,2050,42,162,93,0.0
GA,2050,42,163,93,0.0
GA,2050,42,164,93,0.0
GA,2050,42,165,93,0.0
GA,2050,42,166,93,0.0
GA,2050,42,167,93,0.0
GA,2050,52,0,93,0.0
GA,2050,52,1,93,0.0
GA,2050,52,2,93,0.0
GA,2050,52,3,93,0.0
GA,2050,52,4,93,0.0
GA,2050,52,5,93,0.0
GA,2050,52,6,93,0.0
GA,2050,52,7,93,0.0
GA,2050,52,8,93,0.0
GA,2050,52,9,93,0.0
GA,2050,52,10,93,0.0
GA,2050,52,11,93,0.0
GA,2050,52,12,93,0.0
GA,2050,52,13,93,0.0
GA,2050,52,14,93,0.0
GA,2050,52,15,93,0.0
GA,2050,52,16,93,0.0
GA,2050,52,17,93,0.0
GA,2050,52,18,93,0.0
GA,2050,52,19,93,0.0
GA,2050,52,20,93,0.0
GA,2050,52,21,93,0.0
GA,2050,52,22,93,0.0
GA,2050,52,23,93,0.0
GA,2050,52,24,93,0.0
GA,2050,52,25,93,0.0
GA,2050,52,26,93,0.0
GA,2050,52,27,93,0.0
GA,2050,52,28,93,0.0
GA,2050,52,29,93,0.0
GA,2050,52,30,93,0.0
GA,2050,52,31,93,0.0
GA,2050,52,32,93,0.0
GA,2050,52,33,93,0.0
GA,2050,52,34,93,0.0
GA,2050,52,35,93,0.0
GA,2050,52,36,93,0.0
GA,2050,52,37,93,0.0
GA,2050,52,38,93,0.0
GA,2050,52,39,93,0.0
GA,2050,52,40,93,0.0
GA,2050,52,41,93,0.0
GA,2050,52,42,93,0.0
GA,2050,52,43,93,0.0
GA,2050,52,44,93,0.0
GA,2050,52,45,93,0.0
GA,2050,52,46,93,0.0
GA,2050,52,47,93,0.0
GA,2050,52,48,93,0.0
GA,2050,52,49,93,0.0
GA,2050,52,50,93,0.0
GA,2050,52,51,93,0.0
GA,2050,52,52,93,0.0
GA,2050,52,53,93,0.0
GA,2050,52,54,93,0.0
GA,2050,52,55,93,0.0
GA,2050,52,56,93,0.0
GA,2050,52,57,93,0.0
GA,2050,52,58,93,0.0
GA,2050,52,59,93,0.0
GA,2050,52,60,93,0.0
GA,2050,52,61,93,0.0
GA,2050,52,62,93,0.0
GA,2050,52,63,93,0.0
GA,2050,52,64,93,0.0
GA,2050,52,65,93,0.0
GA,2050,52,66,93,0.0
GA,2050,52,67,93,0.0
GA,2050,52,68,93,0.0
GA,2050,52,69,93,0.0
GA,2050,52,70,93,0.0
GA,2050,52,71,93,0.0
GA,2050,52,72,93,0.0
GA,2050,52,73,93,0.0
GA,2050,52,74,93,0.0
GA,2050,52,75,93,0.0
GA,2050,52,76,93,0.0
GA,2050,52,77,93,0.0
GA,2050,52,78,93,0.0
GA,2050,52,79,93,0.0
GA,2050,52,80,93,0.0
GA,2050,52,81,93,0.0
GA,2050,52,82,93,0.0
GA,2050,52,83,93,0.0
GA,2050,52,84,93,0.0
GA,2050,52,85,93,0.0
GA,2050,52,86,93,0.0
GA,2050,52,87,93,0.0
GA,2050,52,88,93,0.0
GA,2050,52,89,93,0.0
GA,2050,52,90,93,0.0
GA,2050,52,91,93,0.0
GA,2050,52,92,93,0.0
GA,2050,52,93,93,0.0
GA,2050,52,94,93,0.0
GA,2050,52,95,93,0.0
GA,2050,52,96,93,0.0
GA,2050,52,97,93,0.0
GA,2050,52,98,93,0.0
GA,2050,52,99,93,0.0
GA,2050,52,100,93,0.0
GA,2050,52,101,93,0.0
GA,2050,52,102,93,0.0
GA,2050,52,103,93,0.0
GA,2050,52,104,93,0.0
GA,2050,52,105,93,0.0
GA,2050,52,106,93,0.0
GA,2050,52,107,93,0.0
GA,2050,52,108,93,0.0
GA,2050,52,109,93,0.0
GA,2050,52,110,93,0.0
GA,2050,52,111,93,0.0
GA,2050,52,112,93,0.0
GA,2050,52,113,93,0.0
GA,2050,52,114,93,0.0
GA,2050,52,115,93,0.0
GA,2050,52,116,93,0.0
GA,2050,52,117,93,0.0
GA,2050,52,118,93,0.0
GA,2050,52,119,93,0.0
GA,2050,52,120,93,0.0
GA,2050,52,121,93,0.0
GA,2050,52,122,93,0.0
GA,2050,52,123,93,0.0
GA,2050,52,124,93,0.0
GA,2050,52,125,93,0.0
GA,2050,52,126,93,0.0
GA,2050,52,127,93,0.0
GA,2050,52,128,93,0.0
GA,2050,52,129,93,0.0
GA,2050,52,130,93,0.0
GA,2050,52,131,93,0.0
GA,2050,52,132,93,0.0
GA,2050,52,133,93,0.0
GA,2050,52,134,93,0.0
GA,2050,52,135,93,0.0
GA,2050,52,136,93,0.0
GA,2050,52,137,93,0.0
GA,2050,52,138,93,0.0
GA,2050,52,139,93,0.0
GA,2050,52,140,93,0.0
GA,2050,52,141,93,0.0
GA,2050,52,142,93,0.0
GA,2050,52,143,93,0.0
GA,2050,52,144,93,0.0
GA,2050,52,145,93,0.0
GA,2050,52,146,93,0.0
GA,2050,52,147,93,0.0
GA,2050,52,148,93,0.0
GA,2050,52,149,93,0.0
GA,2050,52,150,93,0.0
GA,2050,52,151,93,0.0
GA,2050,52,152,93,0.0
GA,2050,52,153,93,0.0
GA,2050,52,154,93,0.0
GA,2050,52,155,93,0.0
GA,2050,52,156,93,0.0
GA,2050,52,157,93,0.0
GA,2050,52,158,93,0.0
GA,2050,52,159,93,0.0
GA,2050,52,160,93,0.0
GA,2050,52,161,93,0.0
GA,2050,52,162,93,0.0
GA,2050,52,163,93,0.0
GA,2050,52,164,93,0.0
GA,2050,52,165,93,0.0
GA,2050,52,166,93,0.0
GA,2050,52,167,93,0.0
DE,2050,11,0,93,0.0
DE,2050,11,1,93,0.0
DE,2050,11,2,93,0.0
DE,2050,11,3,93,0.0
DE,2050,11,4,93,0.0
DE,2050,11,5,93,0.0
DE,2050,11,6,93,0.0
DE,2050,11,7,93,0.0
DE,2050,11,8,93,0.0
DE,2050,11,9,93,0.0
DE,2050,11,10,93,0.0
DE,2050,11,11,93,0.0
DE,2050,11,12,93,0.0
DE,2050,11,13,93,0.0
DE,2050,11,14,93,0.0
DE,2050,11,15,93,0.0
DE,2050,11,16,93,0.0
DE,2050,11,17,93,0.0
DE,2050,11,18,93,0.0
DE,2050,11,19,93,0.0
DE,2050,11,20,93,0.0
DE,2050,11,21,93,0.0
DE,2050,11,22,93,0.0
DE,2050,11,23,93,0.0
DE,2050,11,24,93,0.0
DE,2050,11,25,93,0.0
DE,2050,11,26,93,0.0
DE,2050,11,27,93,0.0
DE,2050,11,28,93,0.0
DE,2050,11,29,93,0.0
DE,2050,11,30,93,0.0
DE,2050,11,31,93,0.0
DE,2050,11,32,93,0.0
DE,2050,11,33,93,0.0
DE,2050,11,34,93,0.0
DE,2050,11,35,93,0.0
DE,2050,11,36,93,0.0
DE,2050,11,37,93,0.0
DE,2050,11,38,93,0.0
DE,2050,11,39,93,0.0
DE,2050,11,40,93,0.0
DE,2050,11,41,93,0.0
DE,2050,11,42,93,0.0
DE,2050,11,43,93,0.0
DE,2050,11,44,93,0.0
DE,2050,11,45,93,0.0
DE,2050,11,46,93,0.0
DE,2050,11,47,93,0.0
DE,2050,11,48,93,0.0
DE,2050,11,49,93,0.0
DE,2050,11,50,93,0.0
DE,2050,11,51,93,0.0
DE,2050,11,52,93,0.0
DE,2050,11,53,93,0.0
DE,2050,11,54,93,0.0
DE,2050,11,55,93,0.0
DE,2050,11,56,93,0.0
DE,2050,11,57,93,0.0
DE,2050,11,58,93,0.0
DE,2050,11,59,93,0.0
DE,2050,11,60,93,0.0
DE,2050,11,61,93,0.0
DE,2050,11,62,93,0.0
DE,2050,11,63,93,0.0
DE,2050,11,64,93,0.0
DE,2050,11,65,93,0.0
DE,2050,11,66,93,0.0
DE,2050,11,67,93,0.0
DE,2050,11,68,93,0.0
DE,2050,11,69,93,0.0
DE,2050,11,70,93,0.0
DE,2050,11,71,93,0.0
DE,2050,11,72,93,0.0
DE,2050,11,73,93,0.0
DE,2050,11,74,93,0.0
DE,2050,11,75,93,0.0
DE,2050,11,76,93,0.0
DE,2050,11,77,93,0.0
DE,2050,11,78,93,0.0
DE,2050,11,79,93,0.0
DE,2050,11,80,93,0.0
DE,2050,11,81,93,0.0
DE,2050,11,82,93,0.0
DE,2050,11,83,93,0.0
DE,2050,11,84,93,0.0
DE,2050,11,85,93,0.0
DE,2050,11,86,93,0.0
DE,2050,11,87,93,0.0
DE,2050,11,88,93,0.0
DE,2050,11,89,93,0.0
DE,2050,11,90,93,0.0
DE,2050,11,91,93,0.0
DE,2050,11,92,93,0.0
DE,2050,11,93,93,0.0
DE,2050,11,94,93,0.0
DE,2050,11,95,93,0.0
DE,2050,11,96,93,0.0
DE,2050,11,97,93,0.0
DE,2050,11,98,93,0.0
DE,2050,11,99,93,0.0
DE,2050,11,100,93,0.0
DE,2050,11,101,93,0.0
DE,2050,11,102,93,0.0
DE,2050,11,103,93,0.0
DE,2050,11,104,93,0.0
DE,2050,11,105,93,0.0
DE,2050,11,106,93,0.0
DE,2050,11,107,93,0.0
DE,2050,11,108,93,0.0
DE,2050,11,109,93,0.0
DE,2050,11,110,93,0.0
DE,2050,11,111,93,0.0
DE,2050,11,112,93,0.0
DE,2050,11,113,93,0.0
DE,2050,11,114,93,0.0
DE,2050,11,115,93,0.0
DE,2050,11,116,93,0.0
DE,2050,11,117,93,0.0
DE,2050,11,118,93,0.0
DE,2050,11,119,93,0.0
DE,2050,11,120,93,0.0
DE,2050,11,121,93,0.0
DE,2050,11,122,93,0.0
DE,2050,11,123,93,0.0
DE,2050,11,124,93,0.0
DE,2050,11,125,93,0.0
DE,2050,11,126,93,0.0
DE,2050,11,127,93,0.0
DE,2050,11,128,93,0.0
DE,2050,11,129,93,0.0
DE,2050,11,130,93,0.0
DE,2050,11,131,93,0.0
DE,2050,11,132,93,0.0
DE,2050,11,133,93,0.0
DE,2050,11,134,93,0.0
DE,2050,11,135,93,0.0
DE,2050,11,136,93,0.0
DE,2050,11,137,93,0.0
DE,2050,11,138,93,0.0
DE,2050,11,139,93,0.0
DE,2050,11,140,93,0.0
DE,2050,11,141,93,0.0
DE,2050,11,142,93,0.0
DE,2050,11,143,93,0.0
DE,2050,11,144,93,0.0
DE,2050,11,145,93,0.0
DE,2050,11,146,93,0.0
DE,2050,11,147,93,0.0
DE,2050,11,148,93,0.0
DE,2050,11,149,93,0.0
DE,2050,11,150,93,0.0
DE,2050,11,151,93,0.0
DE,2050,11,152,93,0.0
DE,2050,11,153,93,0.0
DE,2050,11,154,93,0.0
DE,2050,11,155,93,0.0
DE,2050,11,156,93,0.0
DE,2050,11,157,93,0.0
DE,2050,11,158,93,0.0
DE,2050,11,159,93,0.0
DE,2050,11,160,93,0.0
DE,2050,11,161,93,0.0
DE,2050,11,162,93,0.0
DE,2050,11,163,93,0.0
DE,2050,11,164,93,0.0
DE,2050,11,165,93,0.0
DE,2050,11,166,93,0.0
DE,2050,11,167,93,0.0
DE,2050,21,0,93,0.0
DE,2050,21,1,93,0.0
DE,2050,21,2,93,0.0
DE,2050,21,3,93,0.0
DE,2050,21,4,93,0.0
DE,2050,21,5,93,0.0
DE,2050,21,6,93,0.0
DE,2050,21,7,93,0.0
DE,2050,21,8,93,0.0
DE,2050,21,9,93,0.0
DE,2050,21,10,93,0.0
DE,2050,21,11,93,0.0
DE,2050,21,12,93,0.0
DE,2050,21,13,93,0.0
DE,2050,21,14,93,0.0
DE,2050,21,15,93,0.0
DE,2050,21,16,93,0.0
DE,2050,21,17,93,0.0
DE,2050,21,18,93,0.0
DE,2050,21,19,93,0.0
DE,2050,21,20,93,0.0
DE,2050,21,21,93,0.0
DE,2050,21,22,93,0.0
DE,2050,21,23,93,0.0
DE,2050,21,24,93,0.0
DE,2050,21,25,93,0.0
DE,2050,21,26,93,0.0
DE,2050,21,27,93,0.0
DE,2050,21,28,93,0.0
DE,2050,21,29,93,0.0
DE,2050,21,30,93,0.0
DE,2050,21,31,93,0.0
DE,2050,21,32,93,0.0
DE,2050,21,33,93,0.0
DE,2050,21,34,93,0.0
DE,2050,21,35,93,0.0
DE,2050,21,36,93,0.0
DE,2050,21,37,93,0.0
DE,2050,21,38,93,0.0
DE,2050,21,39,93,0.0
DE,2050,21,40,93,0.0
DE,2050,21,41,93,0.0
DE,2050,21,42,93,0.0
DE,2050,21,43,93,0.0
DE,2050,21,44,93,0.0
DE,2050,21,45,93,0.0
DE,2050,21,46,93,0.0
DE,2050,21,47,93,0.0
DE,2050,21,48,93,0.0
DE,2050,21,49,93,0.0
DE,2050,21,50,93,0.0
DE,2050,21,51,93,0.0
DE,2050,21,52,93,0.0
DE,2050,21,53,93,0.0
DE,2050,21,54,93,0.0
DE,2050,21,55,93,0.0
DE,2050,21,56,93,0.0
DE,2050,21,57,93,0.0
DE,2050,21,58,93,0.0
DE,2050,21,59,93,0.0
DE,2050,21,60,93,0.0
DE,2050,21,61,93,0.0
DE,2050,21,62,93,0.0
DE,2050,21,63,93,0.0
DE,2050,21,64,93,0.0
DE,2050,21,65,93,0.0
DE,2050,21,66,93,0.0
DE,2050,21,67,93,0.0
DE,2050,21,68,93,0.0
DE,2050,21,69,93,0.0
DE,2050,21,70,93,0.0
DE,2050,21,71,93,0.0
DE,2050,21,72,93,0.0
DE,2050,21,73,93,0.0
DE,2050,21,74,93,0.0
DE,2050,21,75,93,0.0
DE,2050,21,76,93,0.0
DE,2050,21,77,93,0.0
DE,2050,21,78,93,0.0
DE,2050,21,79,93,0.0
DE,2050,21,80,93,0.0
DE,2050,21,81,93,0.0
DE,2050,21,82,93,0.0
DE,2050,21,83,93,0.0
DE,2050,21,84,93,0.0
DE,2050,21,85,93,0.0
DE,2050,21,86,93,0.0
DE,2050,21,87,93,0.0
DE,2050,21,88,93,0.0
DE,2050,21,89,93,0.0
DE,2050,21,90,93,0.0
DE,2050,21,91,93,0.0
DE,2050,21,92,93,0.0
DE,2050,21,93,93,0.0
DE,2050,21,94,93,0.0
DE,2050,21,95,93,0.0
DE,2050,21,96,93,0.0
DE,2050,21,97,93,0.0
DE,2050,21,98,93,0.0
DE,2050,21,99,93,0.0
DE,2050,21,100,93,0.0
DE,2050,21,101,93,0.0
DE,2050,21,102,93,0.0
DE,2050,21,103,93,0.0
DE,2050,21,104,93,0.0
DE,2050,21,105,93,0.0
DE,2050,21,106,93,0.0
DE,2050,21,107,93,0.0
DE,2050,21,108,93,0.0
DE,2050,21,109,93,0.0
DE,2050,21,110,93,0.0
DE,2050,21,111,93,0.0
DE,2050,21,112,93,0.0
DE,2050,21,113,93,0.0
DE,2050,21,114,93,0.0
DE,2050,21,115,93,0.0
DE,2050,21,116,93,0.0
DE,2050,21,117,93,0.0
DE,2050,21,118,93,0.0
DE,2050,21,119,93,0.0
DE,2050,21,120,93,0.0
DE,2050,21,121,93,0.0
DE,2050,21,122,93,0.0
DE,2050,21,123,93,0.0
DE,2050,21,124,93,0.0
DE,2050,21,125,93,0.0
DE,2050,21,126,93,0.0
DE,2050,21,127,93,0.0
DE,2050,21,128,93,0.0
DE,2050,21,129,93,0.0
DE,2050,21,130,93,0.0
DE,2050,21,131,93,0.0
DE,2050,21,132,93,0.0
DE,2050,21,133,93,0.0
DE,2050,21,134,93,0.0
DE,2050,21,135,93,0.0
DE,2050,21,136,93,0.0
DE,2050,21,137,93,0.0
DE,2050,21,138,93,0.0
DE,2050,21,139,93,0.0
DE,2050,21,140,93,0.0
DE,2050,21,141,93,0.0
DE,2050,21,142,93,0.0
DE,2050,21,143,93,0.0
DE,2050,21,144,93,0.0
DE,2050,21,145,93,0.0
DE,2050,21,146,93,0.0
DE,2050,21,147,93,0.0
DE,2050,21,148,93,0.0
DE,2050,21,149,93,0.0
DE,2050,21,150,93,0.0
DE,2050,21,151,93,0.0
DE,2050,21,152,93,0.0
DE,2050,21,153,93,0.0
DE,2050,21,154,93,0.0
DE,2050,21,155,93,0.0
DE,2050,21,156,93,0.0
DE,2050,21,157,93,0.0
DE,2050,21,158,93,0.0
DE,2050,21,159,93,0.0
DE,2050,21,160,93,0.0
DE,2050,21,161,93,0.0
DE,2050,21,162,93,0.0
DE,2050,21,163,93,0.0
DE,2050,21,164,93,0.0
DE,2050,21,165,93,0.0
DE,2050,21,166,93,0.0
DE,2050,21,167,93,0.0
DE,2050,42,0,93,0.0
DE,2050,42,1,93,0.0
DE,2050,42,2,93,0.0
DE,2050,42,3,93,0.0
DE,2050,42,4,93,0.0
DE,2050,42,5,93,0.0
DE,2050,42,6,93,0.0
DE,2050,42,7,93,0.0
DE,2050,42,8,93,0.0
DE,2050,42,9,93,0.0
DE,2050,42,10,93,0.0
DE,2050,42,11,93,0.0
DE,2050,42,12,93,0.0
DE,2050,42,13,93,0.0
DE,2050,42,14,93,0.0
DE,2050,42,15,93,0.0
DE,2050,42,16,93,0.0
DE,2050,42,17,93,0.0
DE,2050,42,18,93,0.0
DE,2050,42,19,93,0.0
DE,2050,42,20,93,0.0
DE,2050,42,21,93,0.0
DE,2050,42,22,93,0.0
DE,2050,42,23,93,0.0
DE,2050,42,24,93,0.0
DE,2050,42,25,93,0.0
DE,2050,42,26,93,0.0
DE,2050,42,27,93,0.0
DE,2050,42,28,93,0.0
DE,2050,42,29,93,0.0
DE,2050,42,30,93,0.0
DE,2050,42,31,93,0.0
DE,2050,42,32,93,0.0
DE,2050,42,33,93,0.0
DE,2050,42,34,93,0.0
DE,2050,42,35,93,0.0
DE,2050,42,36,93,0.0
DE,2050,42,37,93,0.0
DE,2050,42,38,93,0.0
DE,2050,42,39,93,0.0
DE,2050,42,40,93,0.0
DE,2050,42,41,93,0.0
DE,2050,42,42,93,0.0
DE,2050,42,43,93,0.0
DE,2050,42,44,93,0.0
DE,2050,42,45,93,0.0
DE,2050,42,46,93,0.0
DE,2050,42,47,93,0.0
DE,2050,42,48,93,0.0
DE,2050,42,49,93,0.0
DE,2050,42,50,93,0.0
DE,2050,42,51,93,0.0
DE,2050,42,52,93,0.0
DE,2050,42,53,93,0.0
DE,2050,42,54,93,0.0
DE,2050,42,55,93,0.0
DE,2050,42,56,93,0.0
DE,2050,42,57,93,0.0
DE,2050,42,58,93,0.0
DE,2050,42,59,93,0.0
DE,2050,42,60,93,0.0
DE,2050,42,61,93,0.0
DE,2050,42,62,93,0.0
DE,2050,42,63,93,0.0
DE,2050,42,64,93,0.0
DE,2050,42,65,93,0.0
DE,2050,42,66,93,0.0
DE,2050,42,67,93,0.0
DE,2050,42,68,93,0.0
DE,2050,42,69,93,0.0
DE,2050,42,70,93,0.0
DE,2050,42,71,93,0.0
DE,2050,42,72,93,0.0
DE,2050,42,73,93,0.0
DE,2050,42,74,93,0.0
DE,2050,42,75,93,0.0
DE,2050,42,76,93,0.0
DE,2050,42,77,93,0.0
DE,2050,42,78,93,0.0
DE,2050,42,79,93,0.0
DE,2050,42,80,93,0.0
DE,2050,42,81,93,0.0
DE,2050,42,82,93,0.0
DE,2050,42,83,93,0.0
DE,2050,42,84,93,0.0
DE,2050,42,85,93,0.0
DE,2050,42,86,93,0.0
DE,2050,42,87,93,0.0
DE,2050,42,88,93,0.0
DE,2050,42,89,93,0.0
DE,2050,42,90,93,0.0
DE,2050,42,91,93,0.0
DE,2050,42,92,93,0.0
DE,2050,42,93,93,0.0
DE,2050,42,94,93,0.0
DE,2050,42,95,93,0.0
DE,2050,42,96,93,0.0
DE,2050,42,97,93,0.0
DE,2050,42,98,93,0.0
DE,2050,42,99,93,0.0
DE,2050,42,100,93,0.0
DE,2050,42,101,93,0.0
DE,2050,42,102,93,0.0
DE,2050,42,103,93,0.0
DE,2050,42,104,93,0.0
DE,2050,42,105,93,0.0
DE,2050,42,106,93,0.0
DE,2050,42,107,93,0.0
DE,2050,42,108,93,0.0
DE,2050,42,109,93,0.0
DE,2050,42,110,93,0.0
DE,2050,42,111,93,0.0
DE,2050,42,112,93,0.0
DE,2050,42,113,93,0.0
DE,2050,42,114,93,0.0
DE,2050,42,115,93,0.0
DE,2050,42,116,93,0.0
DE,2050,42,117,93,0.0
DE,2050,42,118,93,0.0
DE,2050,42,119,93,0.0
DE,2050,42,120,93,0.0
DE,2050,42,121,93,0.0
DE,2050,42,122,93,0.0
DE,2050,42,123,93,0.0
DE,2050,42,124,93,0.0
DE,2050,42,125,93,0.0
DE,2050,42,126,93,0.0
DE,2050,42,127,93,0.0
DE,2050,42,128,93,0.0
DE,2050,42,129,93,0.0
DE,2050,42,130,93,0.0
DE,2050,42,131,93,0.0
DE,2050,42,132,93,0.0
DE,2050,42,133,93,0.0
DE,2050,42,134,93,0.0
DE,2050,42,135,93,0.0
DE,2050,42,136,93,0.0
DE,2050,42,137,93,0.0
DE,2050,42,138,93,0.0
DE,2050,42,139,93,0.0
DE,2050,42,140,93,0.0
DE,2050,42,141,93,0.0
DE,2050,42,142,93,0.0
DE,2050,42,143,93,0.0
DE,2050,42,144,93,0.0
DE,2050,42,145,93,0.0
DE,2050,42,146,93,0.0
DE,2050,42,147,93,0.0
DE,2050,42,148,93,0.0
DE,2050,42,149,93,0.0
DE,2050,42,150,93,0.0
DE,2050,42,151,93,0.0
DE,2050,42,152,93,0.0
DE,2050,42,153,93,0.0
DE,2050,42,154,93,0.0
DE,2050,42,155,93,0.0
DE,2050,42,156,93,0.0
DE,2050,42,157,93,0.0
DE,2050,42,158,93,0.0
DE,2050,42,159,93,0.0
DE,2050,42,160,93,0.0
DE,2050,42,161,93,0.0
DE,2050,42,162,93,0.0
DE,2050,42,163,93,0.0
DE,2050,42,164,93,0.0
DE,2050,42,165,93,0.0
DE,2050,42,166,93,0.0
DE,2050,42,167,93,0.0
DE,2050,52,0,93,0.0
DE,2050,52,1,93,0.0
DE,2050,52,2,93,0.0
DE,2050,52,3,93,0.0
DE,2050,52,4,93,0.0
DE,2050,52,5,93,0.0
DE,2050,52,6,93,0.0
DE,2050,52,7,93,0.0
DE,2050,52,8,93,0.0
DE,2050,52,9,93,0.0
DE,2050,52,10,93,0.0
DE,2050,52,11,93,0.0
DE,2050,52,12,93,0.0
DE,2050,52,13,93,0.0
DE,2050,52,14,93,0.0
DE,2050,52,15,93,0.0
DE,2050,52,16,93,0.0
DE,2050,52,17,93,0.0
DE,2050,52,18,93,0.0
DE,2050,52,19,93,0.0
DE,2050,52,20,93,0.0
DE,2050,52,21,93,0.0
DE,2050,52,22,93,0.0
DE,2050,52,23,93,0.0
DE,2050,52,24,93,0.0
DE,2050,52,25,93,0.0
DE,2050,52,26,93,0.0
DE,2050,52,27,93,0.0
DE,2050,52,28,93,0.0
DE,2050,52,29,93,0.0
DE,2050,52,30,93,0.0
DE,2050,52,31,93,0.0
DE,2050,52,32,93,0.0
DE,2050,52,33,93,0.0
DE,2050,52,34,93,0.0
DE,2050,52,35,93,0.0
DE,2050,52,36,93,0.0
DE,2050,52,37,93,0.0
DE,2050,52,38,93,0.0
DE,2050,52,39,93,0.0
DE,2050,52,40,93,0.0
DE,2050,52,41,93,0.0
DE,2050,52,42,93,0.0
DE,2050,52,43,93,0.0
DE,2050,52,44,93,0.0
DE,2050,52,45,93,0.0
DE,2050,52,46,93,0.0
DE,2050,52,47,93,0.0
DE,2050,52,48,93,0.0
DE,2050,52,49,93,0.0
DE,2050,52,50,93,0.0
DE,2050,52,51,93,0.0
DE,2050,52,52,93,0.0
DE,2050,52,53,93,0.0
DE,2050,52,54,93,0.0
DE,2050,52,55,93,0.0
DE,2050,52,56,93,0.0
DE,2050,52,57,93,0.0
DE,2050,52,58,93,0.0
DE,2050,52,59,93,0.0
DE,2050,52,60,93,0.0
DE,2050,52,61,93,0.0
DE,2050,52,62,93,0.0
DE,2050,52,63,93,0.0
DE,2050,52,64,93,0.0
DE,2050,52,65,93,0.0
DE,2050,52,66,93,0.0
DE,2050,52,67,93,0.0
DE,2050,52,68,93,0.0
DE,2050,52,69,93,0.0
DE,2050,52,70,93,0.0
DE,2050,52,71,93,0.0
DE,2050,52,72,93,0.0
DE,2050,52,73,93,0.0
DE,2050,52,74,93,0.0
DE,2050,52,75,93,0.0
DE,2050,52,76,93,0.0
DE,2050,52,77,93,0.0
DE,2050,52,78,93,0.0
DE,2050,52,79,93,0.0
DE,2050,52,80,93,0.0
DE,2050,52,81,93,0.0
DE,2050,52,82,93,0.0
DE,2050,52,83,93,0.0
DE,2050,52,84,93,0.0
DE,2050,52,85,93,0.0
DE,2050,52,86,93,0.0
DE,2050,52,87,93,0.0
DE,2050,52,88,93,0.0
DE,2050,52,89,93,0.0
DE,2050,52,90,93,0.0
DE,2050,52,91,93,0.0
DE,2050,52,92,93,0.0
DE,2050,52,93,93,0.0
DE,2050,52,94,93,0.0
DE,2050,52,95,93,0.0
DE,2050,52,96,93,0.0
DE,2050,52,97,93,0.0
DE,2050,52,98,93,0.0
DE,2050,52,99,93,0.0
DE,2050,52,100,93,0.0
DE,2050,52,101,93,0.0
DE,2050,52,102,93,0.0
DE,2050,52,103,93,0.0
DE,2050,52,104,93,0.0
DE,2050,52,105,93,0.0
DE,2050,52,106,93,0.0
DE,2050,52,107,93,0.0
DE,2050,52,108,93,0.0
DE,2050,52,109,93,0.0
DE,2050,52,110,93,0.0
DE,2050,52,111,93,0.0
DE,2050,52,112,93,0.0
DE,2050,52,113,93,0.0
DE,2050,52,114,93,0.0
DE,2050,52,115,93,0.0
DE,2050,52,116,93,0.0
DE,2050,52,117,93,0.0
DE,2050,52,118,93,0.0
DE,2050,52,119,93,0.0
DE,2050,52,120,93,0.0
DE,2050,52,121,93,0.0
DE,2050,52,122,93,0.0
DE,2050,52,123,93,0.0
DE,2050,52,124,93,0.0
DE,2050,52,125,93,0.0
DE,2050,52,126,93,0.0
DE,2050,52,127,93,0.0
DE,2050,52,128,93,0.0
DE,2050,52,129,93,0.0
DE,2050,52,130,93,0.0
DE,2050,52,131,93,0.0
DE,2050,52,132,93,0.0
DE,2050,52,133,93,0.0
DE,2050,52,134,93,0.0
DE,2050,52,135,93,0.0
DE,2050,52,136,93,0.0
DE,2050,52,137,93,0.0
DE,2050,52,138,93,0.0
DE,2050,52,139,93,0.0
DE,2050,52,140,93,0.0
DE,2050,52,141,93,0.0
DE,2050,52,142,93,0.0
DE,2050,52,143,93,0.0
DE,2050,52,144,93,0.0
DE,2050,52,145,93,0.0
DE,2050,52,146,93,0.0
DE,2050,52,147,93,0.0
DE,2050,52,148,93,0.0
DE,2050,52,149,93,0.0
DE,2050,52,150,93,0.0
DE,2050,52,151,93,0.0
DE,2050,52,152,93,0.0
DE,2050,52,153,93,0.0
DE,2050,52,154,93,0.0
DE,2050,52,155,93,0.0
DE,2050,52,156,93,0.0
DE,2050,52,157,93,0.0
DE,2050,52,158,93,0.0
DE,2050,52,159,93,0.0
DE,2050,52,160,93,0.0
DE,2050,52,161,93,0.0
DE,2050,52,162,93,0.0
DE,2050,52,163,93,0.0
DE,2050,52,164,93,0.0
DE,2050,52,165,93,0.0
DE,2050,52,166,93,0.0
DE,2050,52,167,93,0.0
NT,2025,11,0,95,0.0
NT,2025,11,1,95,0.00021171405711568338
NT,2025,11,2,95,0.0001699946757146265
NT,2025,11,3,95,0.0001699946757146265
NT,2025,11,4,95,0.0001699946757146265
NT,2025,11,5,95,0.00021171405711568338
NT,2025,11,6,95,0.0002131208126329104
NT,2025,11,7,95,0.0002131208126329104
NT,2025,11,8,95,0.00021171405711568338
NT,2025,11,9,95,0.00020558961805842201
NT,2025,11,10,95,0.00020620890112648876
NT,2025,11,11,95,0.0002068282100114645
NT,2025,11,12,95,0.00020744754471442882
NT,2025,11,13,95,0.00020806690523645266
NT,2025,11,14,95,0.0002080755792092563
NT,2025,11,15,95,0.00020808425354365898
NT,2025,11,16,95,0.00021116664537283971
NT,2025,11,17,95,0.00021171405711568338
NT,2025,11,18,95,0.00021171405711568338
NT,2025,11,19,95,0.0002131208126329104
NT,2025,11,20,95,0.0002131208126329104
NT,2025,11,21,95,0.00021288459096841279
NT,2025,11,22,95,0.0002131208126329104
NT,2025,11,23,95,0.00021240840497414675
NT,2025,11,24,95,0.0002131208126329104
NT,2025,11,25,95,0.00021288459096841279
NT,2025,11,26,95,0.00017112695629654191
NT,2025,11,27,95,0.0001715953189105499
NT,2025,11,28,95,0.00017160467665626184
NT,2025,11,29,95,0.00017160467665626184
NT,2025,11,30,95,0.00017299380683482327
NT,2025,11,31,95,0.00017370599839676703
NT,2025,11,32,95,0.00017160467665626184
NT,2025,11,33,95,0.00017241328138359574
NT,2025,11,34,95,0.00017241328138359574
NT,2025,11,35,95,0.00017241328138359574
NT,2025,11,36,95,0.00021370752346149251
NT,2025,11,37,95,0.00021370752346149251
NT,2025,11,38,95,0.00021370752346149251
NT,2025,11,39,95,0.00021370752346149251
NT,2025,11,40,95,0.00021370752346149251
NT,2025,11,41,95,0.00021544922243547837
NT,2025,11,42,95,0.0002292590548123906
NT,2025,11,43,95,0.00022926861225163733
NT,2025,11,44,95,0.00022927817008931603
NT,2025,11,45,95,0.00022928772832544585
NT,2025,11,46,95,0.00021544922243547837
NT,2025,11,47,95,0.00021370752346149251
NT,2025,11,48,95,0.00021312421725618958
NT,2025,11,49,95,0.00021171405711568338
NT,2025,11,50,95,0.00021171405711568338
NT,2025,11,51,95,0.00021171405711568338
NT,2025,11,52,95,0.00021171405711568338
NT,2025,11,53,95,0.00021171405711568338
NT,2025,11,54,95,0.0002131208126329104
NT,2025,11,55,95,0.00021288459096841279
NT,2025,11,56,95,0.0002131208126329104
NT,2025,11,57,95,0.00021171405711568338
NT,2025,11,58,95,0.0002111402379867704
NT,2025,11,59,95,0.00020868629157861764
NT,2025,11,60,95,0.00016953393069812778
NT,2025,11,61,95,0.00016953319606420117
NT,2025,11,62,95,0.00016953393069812778
NT,2025,11,63,95,0.0001695409982935338
NT,2025,11,64,95,0.00021115784254386192
NT,2025,11,65,95,0.00021240840497414675
NT,2025,11,66,95,0.00017241328138349992
NT,2025,11,67,95,0.00017160467665626184
NT,2025,11,68,95,0.00017160467665626184
NT,2025,11,69,95,0.00017160467665626184
NT,2025,11,70,95,0.00017160467665626184
NT,2025,11,71,95,0.00017112695629654191
NT,2025,11,72,95,0.00017103104668357498
NT,2025,11,73,95,0.00017103104668357498
NT,2025,11,74,95,0.00017103104668357498
NT,2025,11,75,95,0.00017103104668357498
NT,2025,11,76,95,0.00017112695629654191
NT,2025,11,77,95,0.00017160467665626184
NT,2025,11,78,95,5.156965287565081e-05
NT,2025,11,79,95,0.0
NT,2025,11,80,95,5.156965287565081e-05
NT,2025,11,81,95,0.00017103104668357498
NT,2025,11,82,95,0.0001696753386012238
NT,2025,11,83,95,0.00016968241209169537
NT,2025,11,84,95,0.00016968948587705194
NT,2025,11,85,95,0.00016969655995730199
NT,2025,11,86,95,0.00016970363433246042
NT,2025,11,87,95,0.00016998184591340875
NT,2025,11,88,95,0.0001715953189105499
NT,2025,11,89,95,0.00010544716240597457
NT,2025,11,90,95,0.0
NT,2025,11,91,95,0.0
NT,2025,11,92,95,0.0
NT,2025,11,93,95,0.0
NT,2025,11,94,95,0.0
NT,2025,11,95,95,0.0
NT,2025,11,96,95,0.0
NT,2025,11,97,95,0.0
NT,2025,11,98,95,0.0
NT,2025,11,99,95,0.0
NT,2025,11,100,95,0.0
NT,2025,11,101,95,0.3892954518333519
NT,2025,11,102,95,0.4117284035016756
NT,2025,11,103,95,0.41174556779296956
NT,2025,11,104,95,0.41176273279982784
NT,2025,11,105,95,0.37308813131247703
NT,2025,11,106,95,0.5845334613306514
NT,2025,11,107,95,0.5845578295853706
NT,2025,11,108,95,0.5845821988559592
NT,2025,11,109,95,0.5846065691424696
NT,2025,11,110,95,0.5846309404449191
NT,2025,11,111,95,0.5846553127633866
NT,2025,11,112,95,0.813632566832151
NT,2025,11,113,95,0.8136664858580781
NT,2025,11,114,95,0.8137004062980575
NT,2025,11,115,95,0.8137343281521069
NT,2025,11,116,95,0.8137682514203222
NT,2025,11,117,95,0.6534381273835145
NT,2025,11,118,95,0.8138361021993809
NT,2025,11,119,95,0.8138700297103815
NT,2025,11,120,95,0.7801840081341104
NT,2025,11,121,95,0.8066364212949712
NT,2025,11,122,95,0.8066364212949712
NT,2025,11,123,95,0.7321807966792545
NT,2025,11,124,95,0.6310332934050564
NT,2025,11,125,95,0.6843855537388002
NT,2025,11,126,95,0.00021769336160795127
NT,2025,11,127,95,0.0002177024368921524
NT,2025,11,128,95,0.00021573050489576443
NT,2025,11,129,95,0.00021544922243547837
NT,2025,11,130,95,0.00021543126009938496
NT,2025,11,131,95,0.00021544024108023074
NT,2025,11,132,95,0.00021544922243547837
NT,2025,11,133,95,0.00021545820416514494
NT,2025,11,134,95,0.00021546718626924742
NT,2025,11,135,95,0.00021547616874779653
NT,2025,11,136,95,0.00021573050489576443
NT,2025,11,137,95,0.7746755158087144
NT,2025,11,138,95,0.7747078107781916
NT,2025,11,139,95,0.774740107093984
NT,2025,11,140,95,0.7747724047561785
NT,2025,11,141,95,0.7748047037647927
NT,2025,11,142,95,0.7748370041199051
NT,2025,11,143,95,0.7748693058215593
NT,2025,11,144,95,0.7749016088698338
NT,2025,11,145,95,0.7685394893542999
NT,2025,11,146,95,0.6220993812238254
NT,2025,11,147,95,0.6216255643196609
NT,2025,11,148,95,0.6220993812238254
NT,2025,11,149,95,0.7747724061026157
NT,2025,11,150,95,0.774417044287826
NT,2025,11,151,95,0.7751277679173966
NT,2025,11,152,95,0.7751600817405258
NT,2025,11,153,95,0.7751923969107724
NT,2025,11,154,95,0.7752247134281974
NT,2025,11,155,95,0.00021544922243547837
NT,2025,11,156,95,0.00021370752346149251
NT,2025,11,157,95,0.00021288459096841279
NT,2025,11,158,95,0.0002131208126329104
NT,2025,11,159,95,0.0002131208126329104
NT,2025,11,160,95,0.00021370752346149251
NT,2025,11,161,95,0.00021402820552571535
NT,2025,11,162,95,0.00021544922243547837
NT,2025,11,163,95,0.00021544922243547837
NT,2025,11,164,95,0.00021544922243547837
NT,2025,11,165,95,0.00021402820552571535
NT,2025,11,166,95,0.00021370752346149251
NT,2025,11,167,95,0.00021370752346149251
NT,2025,21,0,95,0.0
NT,2025,21,1,95,1.23106471132427
NT,2025,21,2,95,0.6429003873092369
NT,2025,21,3,95,0.6429271887867051
NT,2025,21,4,95,0.6429539913814875
NT,2025,21,5,95,0.6516227177442077
NT,2025,21,6,95,0.6973431863144121
NT,2025,21,7,95,0.6495655351398604
NT,2025,21,8,95,0.6060289849622303
NT,2025,21,9,95,0.6060542493305646
NT,2025,21,10,95,0.6354522692503438
NT,2025,21,11,95,0.6287713626951774
NT,2025,21,12,95,0.6221536444966959
NT,2025,21,13,95,0.7767799784663784
NT,2025,21,14,95,0.7665937286293041
NT,2025,21,15,95,0.7665937286293041
NT,2025,21,16,95,0.7747724061026069
NT,2025,21,17,95,0.7746781829862164
NT,2025,21,18,95,0.7748666292189887
NT,2025,21,19,95,0.8160741093868512
NT,2025,21,20,95,0.7857094967211458
NT,2025,21,21,95,0.7721422772168969
NT,2025,21,22,95,0.7889289360647885
NT,2025,21,23,95,0.7651044097563224
NT,2025,21,24,95,0.7720147725727033
NT,2025,21,25,95,0.7730415060165958
NT,2025,21,26,95,0.7709880391288109
NT,2025,21,27,95,0.7553561330787376
NT,2025,21,28,95,0.7643638895611966
NT,2025,21,29,95,0.6578154198152519
NT,2025,21,30,95,0.6578428430763468
NT,2025,21,31,95,0.6578702674806401
NT,2025,21,32,95,0.6411354987362669
NT,2025,21,33,95,0.5989303920072154
NT,2025,21,34,95,0.6495028831084448
NT,2025,21,35,95,0.7967210828281703
NT,2025,21,36,95,0.755721505018988
NT,2025,21,37,95,0.5990302720106503
NT,2025,21,38,95,0.5990552446139489
NT,2025,21,39,95,0.5990802182583213
NT,2025,21,40,95,0.5991051929438109
NT,2025,21,41,95,0.5991301686704527
NT,2025,21,42,95,0.7618837054092407
NT,2025,21,43,95,0.6498121894228224
NT,2025,21,44,95,0.6379150879586419
NT,2025,21,45,95,0.6130099192332399
NT,2025,21,46,95,0.6254625035959279
NT,2025,21,47,95,0.615532355662135
NT,2025,21,48,95,0.615532355662135
NT,2025,21,49,95,0.615532355662135
NT,2025,21,50,95,0.3819747405125781
NT,2025,21,51,95,0.37763868946727747
NT,2025,21,52,95,0.37767169459859906
NT,2025,21,53,95,0.3976869726606833
NT,2025,21,54,95,0.39770355158744014
NT,2025,21,55,95,0.3977201312053507
NT,2025,21,56,95,0.0
NT,2025,21,57,95,0.00017160467665626184
NT,2025,21,58,95,0.00017160467665626184
NT,2025,21,59,95,0.00017241328138359574
NT,2025,21,60,95,0.0001715309505462321
NT,2025,21,61,95,0.00017735745871533365
NT,2025,21,62,95,0.00017241328138359574
NT,2025,21,63,95,0.00017241328138359574
NT,2025,21,64,95,0.00017241328138359574
NT,2025,21,65,95,0.00017241328138359574
NT,2025,21,66,95,0.00017241328138359574
NT,2025,21,67,95,0.00017160467665626184
NT,2025,21,68,95,0.00017241328138349992
NT,2025,21,69,95,0.00017241328138359574
NT,2025,21,70,95,0.00017179514327193997
NT,2025,21,71,95,0.00017160962627145717
NT,2025,21,72,95,0.00017161678039925572
NT,2025,21,73,95,0.0001716239348252991
NT,2025,21,74,95,0.00017163108954959796
NT,2025,21,75,95,0.00017163824457217146
NT,2025,21,76,95,0.00010673837671991658
NT,2025,21,77,95,0.00018615758198528738
NT,2025,21,78,95,0.00018616534259383892
NT,2025,21,79,95,0.00011389099913801012
NT,2025,21,80,95,0.00017160467665626184
NT,2025,21,81,95,0.00017241328138349992
NT,2025,21,82,95,0.00017241328138349992
NT,2025,21,83,95,0.00017241328138359574
NT,2025,21,84,95,0.00017241328138359574
NT,2025,21,85,95,0.00017241328138349992
NT,2025,21,86,95,0.00017241328138349992
NT,2025,21,87,95,0.00017222282270783635
NT,2025,21,88,95,0.00017160467665626399
NT,2025,21,89,95,0.00017161183057772225
NT,2025,21,90,95,0.00017161898479741257
NT,2025,21,91,95,0.00017299380683482327
NT,2025,21,92,95,0.00017299380683482327
NT,2025,21,93,95,0.000171640449246025
NT,2025,21,94,95,0.00018615221277368452
NT,2025,21,95,95,0.00017370599839676703
NT,2025,21,96,95,0.00017166191637920506
NT,2025,21,97,95,0.00017370599839676703
NT,2025,21,98,95,0.00018618325625369364
NT,2025,21,99,95,0.00018619101793255734
NT,2025,21,100,95,0.00018619877993499267
NT,2025,21,101,95,0.00018620654226101448
NT,2025,21,102,95,0.00018621430491063562
NT,2025,21,103,95,0.00018622206788386668
NT,2025,21,104,95,0.00017160467665626184
NT,2025,21,105,95,0.00017241328138349992
NT,2025,21,106,95,0.00017241328138349992
NT,2025,21,107,95,0.00017241328138349992
NT,2025,21,108,95,0.0001715953189105499
NT,2025,21,109,95,0.00017160247244189707
NT,2025,21,110,95,0.00017117697939110531
NT,2025,21,111,95,0.00017118411548255611
NT,2025,21,112,95,0.00017119125187149586
NT,2025,21,113,95,0.00017163108954960221
NT,2025,21,114,95,0.00017370599839676703
NT,2025,21,115,95,0.05307762552189761
NT,2025,21,116,95,0.053079838242270125
NT,2025,21,117,95,0.05308205105488713
NT,2025,21,118,95,0.053084263959753526
NT,2025,21,119,95,0.05308647695687204
NT,2025,21,120,95,0.053088690046247576
NT,2025,21,121,95,0.05309090322788287
NT,2025,21,122,95,0.053093116501781175
NT,2025,21,123,95,0.05309532986794795
NT,2025,21,124,95,0.05309754332638648
NT,2025,21,125,95,0.05309975687710056
NT,2025,21,126,95,0.05310197052009346
NT,2025,21,127,95,0.032486371493566646
NT,2025,21,128,95,0.00017160467665626184
NT,2025,21,129,95,0.00017160467665626184
NT,2025,21,130,95,0.00017241328138359574
NT,2025,21,131,95,0.00017157606395254074
NT,2025,21,132,95,0.00017158321668118146
NT,2025,21,133,95,0.0001715903697080053
NT,2025,21,134,95,0.00017159752303303139
NT,2025,21,135,95,0.00017160467665626399
NT,2025,21,136,95,0.00017161183057772225
NT,2025,21,137,95,0.00017161898479741046
NT,2025,21,138,95,0.6153784137639414
NT,2025,21,139,95,0.7746109299085219
NT,2025,21,140,95,0.7746432221855086
NT,2025,21,141,95,0.7746755158087144
NT,2025,21,142,95,0.774707810778183
NT,2025,21,143,95,0.7747401070939752
NT,2025,21,144,95,0.774772404756161
NT,2025,21,145,95,0.7748047037647927
NT,2025,21,146,95,0.7748370041198964
NT,2025,21,147,95,0.7748693058215593
NT,2025,21,148,95,0.7749016088698338
NT,2025,21,149,95,0.7749339132647722
NT,2025,21,150,95,0.7749662190064094
NT,2025,21,151,95,0.7749985260948324
NT,2025,21,152,95,0.00021370752346149251
NT,2025,21,153,95,0.00021312421725618958
NT,2025,21,154,95,0.00021286684244962753
NT,2025,21,155,95,0.00021287571652404744
NT,2025,21,156,95,0.00021288459096841279
NT,2025,21,157,95,0.00021289346578274066
NT,2025,21,158,95,0.00021290234096704597
NT,2025,21,159,95,0.00021315087277926667
NT,2025,21,160,95,0.00021315975869445205
NT,2025,21,161,95,0.00021370752346149251
NT,2025,21,162,95,0.00021402820552571535
NT,2025,21,163,95,0.0002312011498572901
NT,2025,21,164,95,0.00023121078825933674
NT,2025,21,165,95,0.0002312204270631944
NT,2025,21,166,95,0.00023123006626887797
NT,2025,21,167,95,0.00023123970587640236
NT,2025,42,0,95,0.0
NT,2025,42,1,95,1.2237303989920778
NT,2025,42,2,95,0.3983822749288277
NT,2025,42,3,95,0.3983988828416367
NT,2025,42,4,95,0.39841549144680294
NT,2025,42,5,95,0.40122222077592695
NT,2025,42,6,95,0.43211852170876996
NT,2025,42,7,95,0.4321365360311188
NT,2025,42,8,95,0.6103668145570001
NT,2025,42,9,95,0.6063701425957595
NT,2025,42,10,95,0.606395421186397
NT,2025,42,11,95,0.6576646120744841
NT,2025,42,12,95,0.6064459815291964
NT,2025,42,13,95,0.6064712632814369
NT,2025,42,14,95,0.6064965460876582
NT,2025,42,15,95,0.6245681652366204
NT,2025,42,16,95,0.6578017083752843
NT,2025,42,17,95,0.6578291310647404
NT,2025,42,18,95,0.6578565548973865
NT,2025,42,19,95,0.6578839798733012
NT,2025,42,20,95,0.6579114059925104
NT,2025,42,21,95,0.7780720379385456
NT,2025,42,22,95,0.8098667937860339
NT,2025,42,23,95,0.7449416683442169
NT,2025,42,24,95,0.7449727237576615
NT,2025,42,25,95,0.7665937286293041
NT,2025,42,26,95,0.7665937286293041
NT,2025,42,27,95,0.7665937286293041
NT,2025,42,28,95,0.7450969583585403
NT,2025,42,29,95,0.7967210828281703
NT,2025,42,30,95,0.7963750954418771
NT,2025,42,31,95,0.8081603891032625
NT,2025,42,32,95,0.7804250775267002
NT,2025,42,33,95,0.7417544687691725
NT,2025,42,34,95,0.7388193570482992
NT,2025,42,35,95,0.5932558026216013
NT,2025,42,36,95,0.5932805344966317
NT,2025,42,37,95,0.5933052674026714
NT,2025,42,38,95,0.593330001339808
NT,2025,42,39,95,0.593354736308041
NT,2025,42,40,95,0.7390041774147579
NT,2025,42,41,95,0.676336171191313
NT,2025,42,42,95,0.6763643665525494
NT,2025,42,43,95,0.6763925630891918
NT,2025,42,44,95,0.8067204921681167
NT,2025,42,45,95,0.7456251865876092
NT,2025,42,46,95,0.7480873724124312
NT,2025,42,47,95,0.7456873556999111
NT,2025,42,48,95,0.7457184421998696
NT,2025,42,49,95,0.7457495299957784
NT,2025,42,50,95,0.7457806190876721
NT,2025,42,51,95,0.7458117094756296
NT,2025,42,52,95,0.7458428011597028
NT,2025,42,53,95,0.8070232205000873
NT,2025,42,54,95,0.7967210828281703
NT,2025,42,55,95,0.6767310132294967
NT,2025,42,56,95,0.7657505316989568
NT,2025,42,57,95,0.5989953489814083
NT,2025,42,58,95,0.6161546964214535
NT,2025,42,59,95,0.6254625035959279
NT,2025,42,60,95,0.5990702655467393
NT,2025,42,61,95,0.5990952398173274
NT,2025,42,62,95,0.5991202151290415
NT,2025,42,63,95,0.36816106380075286
NT,2025,42,64,95,0.4086507971910154
NT,2025,42,65,95,0.6680331140346686
NT,2025,42,66,95,0.6112441408390049
NT,2025,42,67,95,0.4087019072942832
NT,2025,42,68,95,0.3981890915591838
NT,2025,42,69,95,0.3894302173623295
NT,2025,42,70,95,0.6495028831084448
NT,2025,42,71,95,0.6218334463632981
NT,2025,42,72,95,0.6337240454553043
NT,2025,42,73,95,0.6337240454553043
NT,2025,42,74,95,0.6337240454553043
NT,2025,42,75,95,0.6258132461529708
NT,2025,42,76,95,0.6477179939670138
NT,2025,42,77,95,0.6683673813130379
NT,2025,42,78,95,0.668395244468315
NT,2025,42,79,95,0.6684231087851489
NT,2025,42,80,95,0.6657343574286804
NT,2025,42,81,95,0.6163923065781926
NT,2025,42,82,95,0.6164180029766363
NT,2025,42,83,95,0.6164437004463377
NT,2025,42,84,95,0.6164693989873055
NT,2025,42,85,95,0.6164950985996182
NT,2025,42,86,95,0.6165207992833193
NT,2025,42,87,95,0.6252110770695863
NT,2025,42,88,95,0.6686739399153002
NT,2025,42,89,95,0.6687018158505016
NT,2025,42,90,95,0.6687296929478092
NT,2025,42,91,95,0.6687575712072666
NT,2025,42,92,95,0.40912807348936375
NT,2025,42,93,95,0.40714403327967047
NT,2025,42,94,95,0.6282312852341768
NT,2025,42,95,95,0.6282365599160098
NT,2025,42,96,95,0.626865473824065
NT,2025,42,97,95,0.6254625035959279
NT,2025,42,98,95,0.6254625035959279
NT,2025,42,99,95,0.6254625035959279
NT,2025,42,100,95,0.6420547060820989
NT,2025,42,101,95,0.6801199723407728
NT,2025,42,102,95,0.6801483254425525
NT,2025,42,103,95,0.6801766797263229
NT,2025,42,104,95,0.7969391168185498
NT,2025,42,105,95,0.00021370752346149251
NT,2025,42,106,95,0.00021370752346149251
NT,2025,42,107,95,0.00021370752346149251
NT,2025,42,108,95,0.00021369861471182944
NT,2025,42,109,95,0.00021370752346149251
NT,2025,42,110,95,0.00021371643258254468
NT,2025,42,111,95,0.00021372534207500293
NT,2025,42,112,95,0.00021373425193888646
NT,2025,42,113,95,0.00023427803277511542
NT,2025,42,114,95,0.00023428779944743502
NT,2025,42,115,95,0.00023429756652691204
NT,2025,42,116,95,0.00023430733401356136
NT,2025,42,117,95,0.00023431710190740217
NT,2025,42,118,95,0.00021587051800657633
NT,2025,42,119,95,0.00021587951729937284
NT,2025,42,120,95,0.00021573050489576443
NT,2025,42,121,95,0.00021370752346149251
NT,2025,42,122,95,0.00021370752346149251
NT,2025,42,123,95,0.00021370752346149251
NT,2025,42,124,95,0.00021544922243547837
NT,2025,42,125,95,0.00021573050489576443
NT,2025,42,126,95,0.00023171798541429938
NT,2025,42,127,95,0.00023172764536238618
NT,2025,42,128,95,0.00021573050489576443
NT,2025,42,129,95,0.00021370752346149251
NT,2025,42,130,95,0.00021370752346149251
NT,2025,42,131,95,0.00021370752346149251
NT,2025,42,132,95,0.00021370752346149251
NT,2025,42,133,95,0.00021371643258254468
NT,2025,42,134,95,0.00021372534207500507
NT,2025,42,135,95,0.00021373425193888646
NT,2025,42,136,95,0.00021573050489576443
NT,2025,42,137,95,0.7763267623673216
NT,2025,42,138,95,0.776359126174589
NT,2025,42,139,95,0.7763914913310581
NT,2025,42,140,95,0.77642385783679
NT,2025,42,141,95,0.7764562256918109
NT,2025,42,142,95,0.768585278132943
NT,2025,42,143,95,0.7665937286293041
NT,2025,42,144,95,0.7665937286293041
NT,2025,42,145,95,0.7665937286293041
NT,2025,42,146,95,0.7665937286293041
NT,2025,42,147,95,0.7665937286293041
NT,2025,42,148,95,0.776682838462342
NT,2025,42,149,95,0.7767152171138548
NT,2025,42,150,95,0.7767475971151625
NT,2025,42,151,95,0.7767799784663784
NT,2025,42,152,95,0.7697960442853923
NT,2025,42,153,95,0.00021370752346149251
NT,2025,42,154,95,0.00021370752346149251
NT,2025,42,155,95,0.00021370752346149251
NT,2025,42,156,95,0.00021371643258254468
NT,2025,42,157,95,0.00021372534207500507
NT,2025,42,158,95,0.00021373425193888646
NT,2025,42,159,95,0.00021374316217420588
NT,2025,42,160,95,0.7449739173727571
NT,2025,42,161,95,0.7719504080556274
NT,2025,42,162,95,0.7719825894197602
NT,2025,42,163,95,0.7720147721254985
NT,2025,42,164,95,0.7720469561728773
NT,2025,42,165,95,0.772079141561949
NT,2025,42,166,95,0.7721113282927745
NT,2025,42,167,95,0.7555907160331627
NT,2025,52,0,95,0.0
NT,2025,52,1,95,1.5290103877290027
NT,2025,52,2,95,0.7870339299891073
NT,2025,52,3,95,0.7870667401608892
NT,2025,52,4,95,0.7870995517004664
NT,2025,52,5,95,0.7871323646079
NT,2025,52,6,95,0.8261404779820336
NT,2025,52,7,95,0.8537179931140636
NT,2025,52,8,95,0.853753583236604
NT,2025,52,9,95,0.00021573050489576443
NT,2025,52,10,95,0.00021370752346149251
NT,2025,52,11,95,0.00021370752346149251
NT,2025,52,12,95,0.00021370752346149251
NT,2025,52,13,95,0.00021370752346149251
NT,2025,52,14,95,0.00021370752346149251
NT,2025,52,15,95,0.00021370752346149251
NT,2025,52,16,95,0.00021573050489576443
NT,2025,52,17,95,0.00021573050489576443
NT,2025,52,18,95,0.00021573050489576443
NT,2025,52,19,95,0.00021573050489576443
NT,2025,52,20,95,0.00021370752346149251
NT,2025,52,21,95,0.00021370752346149251
NT,2025,52,22,95,0.00021370752346149251
NT,2025,52,23,95,0.00021370752346149251
NT,2025,52,24,95,0.0002131208126329104
NT,2025,52,25,95,0.00021171405711568338
NT,2025,52,26,95,0.00021171405711568338
NT,2025,52,27,95,0.00021171405711568338
NT,2025,52,28,95,0.00021171405711568338
NT,2025,52,29,95,0.00021171405711568338
NT,2025,52,30,95,0.00021171405711568338
NT,2025,52,31,95,0.00021171405711568338
NT,2025,52,32,95,0.00021171405711568338
NT,2025,52,33,95,0.00021171405711568338
NT,2025,52,34,95,0.00021171405711568338
NT,2025,52,35,95,0.00021171405711568338
NT,2025,52,36,95,0.00021171405711568338
NT,2025,52,37,95,0.00021171405711568338
NT,2025,52,38,95,0.00021171405711568338
NT,2025,52,39,95,0.00021171405711568338
NT,2025,52,40,95,0.00021171405711568338
NT,2025,52,41,95,0.00021171405711568338
NT,2025,52,42,95,0.00021171405711568338
NT,2025,52,43,95,0.00021171405711568338
NT,2025,52,44,95,0.0002111402379867704
NT,2025,52,45,95,0.00020868629157861764
NT,2025,52,46,95,0.00020868629157861764
NT,2025,52,47,95,0.00020868629157861764
NT,2025,52,48,95,0.00016946971619582321
NT,2025,52,49,95,0.00016953393069812778
NT,2025,52,50,95,0.00016946971619582321
NT,2025,52,51,95,0.00016946971619582321
NT,2025,52,52,95,0.00016946971619582321
NT,2025,52,53,95,0.00016946971619582321
NT,2025,52,54,95,0.00016946971619582321
NT,2025,52,55,95,0.00016946971619582321
NT,2025,52,56,95,0.00020868629157861764
NT,2025,52,57,95,0.0002111402379867704
NT,2025,52,58,95,0.0002111402379867704
NT,2025,52,59,95,0.0002111402379867704
NT,2025,52,60,95,0.0002111402379867704
NT,2025,52,61,95,0.0002111402379867704
NT,2025,52,62,95,0.00016953393069812778
NT,2025,52,63,95,0.00016953393069812778
NT,2025,52,64,95,0.00016953393069812778
NT,2025,52,65,95,0.0002111402379867704
NT,2025,52,66,95,0.00021171405711568338
NT,2025,52,67,95,0.0001699946757146265
NT,2025,52,68,95,0.0001699946757146265
NT,2025,52,69,95,0.0001699946757146265
NT,2025,52,70,95,0.0001699946757146265
NT,2025,52,71,95,0.00016953393069812778
NT,2025,52,72,95,0.00016953393069812778
NT,2025,52,73,95,0.00016953319606420117
NT,2025,52,74,95,0.00016946971619582321
NT,2025,52,75,95,0.00016946971619582321
NT,2025,52,76,95,0.00016946971619582321
NT,2025,52,77,95,0.00016953393069812778
NT,2025,52,78,95,0.00016998184591340875
NT,2025,52,79,95,0.00017103104668357498
NT,2025,52,80,95,0.00017112695629654191
NT,2025,52,81,95,0.00016953319606420117
NT,2025,52,82,95,0.00016953319606420117
NT,2025,52,83,95,0.00016953393069812778
NT,2025,52,84,95,0.00016953393069812778
NT,2025,52,85,95,0.00016953393069812778
NT,2025,52,86,95,0.00016953319606420117
NT,2025,52,87,95,0.00016506987610489824
NT,2025,52,88,95,0.0001715953189105499
NT,2025,52,89,95,0.00017241328138359574
NT,2025,52,90,95,0.00017241328138359574
NT,2025,52,91,95,0.00017241328138359574
NT,2025,52,92,95,0.00017241328138359574
NT,2025,52,93,95,0.00017241328138359574
NT,2025,52,94,95,0.00017241328138349992
NT,2025,52,95,95,0.00021288459096841279
NT,2025,52,96,95,0.00021171405711568338
NT,2025,52,97,95,0.00020868629157861764
NT,2025,52,98,95,0.00017342244754001395
NT,2025,52,99,95,0.0001740403896107602
NT,2025,52,100,95,0.00017465835744251347
NT,2025,52,101,95,0.00021171405711568338
NT,2025,52,102,95,0.00021171405711568338
NT,2025,52,103,95,0.0002131208126329104
NT,2025,52,104,95,0.0002131208126329104
NT,2025,52,105,95,0.0002131208126329104
NT,2025,52,106,95,0.00021171405711568338
NT,2025,52,107,95,0.0002111402379867704
NT,2025,52,108,95,0.00021171405711568338
NT,2025,52,109,95,0.00021171405711568338
NT,2025,52,110,95,0.00021171405711568338
NT,2025,52,111,95,0.00021171405711568338
NT,2025,52,112,95,0.0002131208126329104
NT,2025,52,113,95,0.00021312421725618958
NT,2025,52,114,95,0.00021312421725618958
NT,2025,52,115,95,0.0002131208126329104
NT,2025,52,116,95,0.0002131208126329104
NT,2025,52,117,95,0.00021171405711568338
NT,2025,52,118,95,0.00021171405711568338
NT,2025,52,119,95,0.00021171405711568338
NT,2025,52,120,95,0.00021171405711568338
NT,2025,52,121,95,0.00021171405711568338
NT,2025,52,122,95,0.00021171405711568338
NT,2025,52,123,95,0.00021171405711568338
NT,2025,52,124,95,0.00021171405711568338
NT,2025,52,125,95,0.00021171405711568338
NT,2025,52,126,95,0.00021171405711568338
NT,2025,52,127,95,0.00021171405711568338
NT,2025,52,128,95,0.00021171405711568338
NT,2025,52,129,95,0.0002111402379867704
NT,2025,52,130,95,0.00021110537218326091
NT,2025,52,131,95,0.0001956601279079055
NT,2025,52,132,95,0.00019566828466222557
NT,2025,52,133,95,0.00019567644175658445
NT,2025,52,134,95,0.00019568459919099918
NT,2025,52,135,95,0.0002080755792092563
NT,2025,52,136,95,0.0002131208126329104
NT,2025,52,137,95,0.00021370752346149251
NT,2025,52,138,95,0.00021370752346149251
NT,2025,52,139,95,0.00021544922243547837
NT,2025,52,140,95,0.00021573050489576443
NT,2025,52,141,95,0.00021573050489576443
NT,2025,52,142,95,0.00021573050489576443
NT,2025,52,143,95,0.00021544922243547837
NT,2025,52,144,95,0.00017299380683482327
NT,2025,52,145,95,0.00017160467665626184
NT,2025,52,146,95,0.00017160467665626184
NT,2025,52,147,95,0.00017299380683482327
NT,2025,52,148,95,0.00017299380683482327
NT,2025,52,149,95,0.00017370599839676703
NT,2025,52,150,95,0.00018398260413705775
NT,2025,52,151,95,0.00018399027407429622
NT,2025,52,152,95,0.00018399794433127798
NT,2025,52,153,95,0.00021288459096841279
NT,2025,52,154,95,0.00021131634962524767
NT,2025,52,155,95,0.00019585598389179712
NT,2025,52,156,95,0.00019586414881103649
NT,2025,52,157,95,0.00019587231407065318
NT,2025,52,158,95,0.00021135158957634676
NT,2025,52,159,95,0.00017241328138359574
NT,2025,52,160,95,0.7665138384930125
NT,2025,52,161,95,0.7746758338403197
NT,2025,52,162,95,0.7747081288230618
NT,2025,52,163,95,0.774740425152119
NT,2025,52,164,95,0.7747727228275697
NT,2025,52,165,95,0.7748050218494577
NT,2025,52,166,95,0.7748373222178175
NT,2025,52,167,95,0.7664019736508784
NT,2030,11,0,95,0.0
NT,2030,11,1,95,0.00021171405711568338
NT,2030,11,2,95,0.00021171405711568338
NT,2030,11,3,95,0.00021171405711568338
NT,2030,11,4,95,0.00021171405711568338
NT,2030,11,5,95,0.00021171405711568338
NT,2030,11,6,95,0.00021288459096841279
NT,2030,11,7,95,0.00021288459096841279
NT,2030,11,8,95,0.0002131208126329104
NT,2030,11,9,95,0.0002111402379867704
NT,2030,11,10,95,0.0002111402379867704
NT,2030,11,11,95,0.0002111402379867704
NT,2030,11,12,95,0.00021114904008184238
NT,2030,11,13,95,0.0002111578425438598
NT,2030,11,14,95,0.00021116664537283971
NT,2030,11,15,95,0.00021117544856879484
NT,2030,11,16,95,0.00021118425213173804
NT,2030,11,17,95,0.00021172288313235098
NT,2030,11,18,95,0.0002131208126329104
NT,2030,11,19,95,0.00021312421725618958
NT,2030,11,20,95,0.00021288459096841279
NT,2030,11,21,95,0.00021288459096841279
NT,2030,11,22,95,0.0002131208126329104
NT,2030,11,23,95,0.0002131208126329104
NT,2030,11,24,95,0.00021288459096841279
NT,2030,11,25,95,0.00021288459096841279
NT,2030,11,26,95,0.00017160467665626184
NT,2030,11,27,95,0.00017160467665626184
NT,2030,11,28,95,0.00017160467665626184
NT,2030,11,29,95,0.00017160467665626184
NT,2030,11,30,95,0.00017370599839676703
NT,2030,11,31,95,0.0001844749260781299
NT,2030,11,32,95,0.00017299380683482327
NT,2030,11,33,95,0.00017160467665626184
NT,2030,11,34,95,0.00017185280886779515
NT,2030,11,35,95,0.00021370752346149251
NT,2030,11,36,95,0.00021370752346149251
NT,2030,11,37,95,0.00021370752346149251
NT,2030,11,38,95,0.00021370752346149251
NT,2030,11,39,95,0.00021370752346149251
NT,2030,11,40,95,0.00021402820552571535
NT,2030,11,41,95,0.00021573050489576443
NT,2030,11,42,95,0.00022985336788932715
NT,2030,11,43,95,0.00022986295010452595
NT,2030,11,44,95,0.00022987253271918723
NT,2030,11,45,95,0.00022988211573333656
NT,2030,11,46,95,0.0002298916991469825
NT,2030,11,47,95,0.00021402820552571535
NT,2030,11,48,95,0.00021370752346149251
NT,2030,11,49,95,0.0002131208126329104
NT,2030,11,50,95,0.00021171405711568338
NT,2030,11,51,95,0.00021171405711568338
NT,2030,11,52,95,0.00021171405711568338
NT,2030,11,53,95,0.0002131208126329104
NT,2030,11,54,95,0.0002131208126329104
NT,2030,11,55,95,0.00021288459096841279
NT,2030,11,56,95,0.00021288459096841279
NT,2030,11,57,95,0.00021171405711568338
NT,2030,11,58,95,0.0002111402379867704
NT,2030,11,59,95,0.0002111402379867704
NT,2030,11,60,95,0.00020868629157861764
NT,2030,11,61,95,0.0001695409982935317
NT,2030,11,62,95,0.00020746484138028186
NT,2030,11,63,95,0.00020685407809063608
NT,2030,11,64,95,0.00021174053626952038
NT,2030,11,65,95,0.00021288459096841279
NT,2030,11,66,95,0.00017160467665626184
NT,2030,11,67,95,0.00015016352134062847
NT,2030,11,68,95,0.00015016352134062847
NT,2030,11,69,95,0.00017160467665626184
NT,2030,11,70,95,0.00017160467665626184
NT,2030,11,71,95,0.00017160467665626184
NT,2030,11,72,95,0.0001715953189105499
NT,2030,11,73,95,0.00017112695629654191
NT,2030,11,74,95,0.00017112695629654191
NT,2030,11,75,95,0.0001715953189105499
NT,2030,11,76,95,0.0001715953189105499
NT,2030,11,77,95,0.00017160467665626184
NT,2030,11,78,95,0.0
NT,2030,11,79,95,0.0
NT,2030,11,80,95,0.0
NT,2030,11,81,95,0.0001715953189105499
NT,2030,11,82,95,0.00016998184591340875
NT,2030,11,83,95,0.00016969655995730199
NT,2030,11,84,95,0.00016970363433245828
NT,2030,11,85,95,0.00016971070900253789
NT,2030,11,86,95,0.00016971778396754716
NT,2030,11,87,95,0.00017003869070155656
NT,2030,11,88,95,0.00017160467665626184
NT,2030,11,89,95,0.0
NT,2030,11,90,95,0.0
NT,2030,11,91,95,0.3956645881858667
NT,2030,11,92,95,0.0
NT,2030,11,93,95,0.0
NT,2030,11,94,95,0.0
NT,2030,11,95,95,0.0
NT,2030,11,96,95,0.0
NT,2030,11,97,95,0.3765506061855812
NT,2030,11,98,95,0.369505520876169
NT,2030,11,99,95,0.3649568876728066
NT,2030,11,100,95,0.368756280629629
NT,2030,11,101,95,0.3958295653010992
NT,2030,11,102,95,0.6470738805667255
NT,2030,11,103,95,0.6471008560303806
NT,2030,11,104,95,0.647127832618606
NT,2030,11,105,95,0.5967298018200281
NT,2030,11,106,95,0.5967546785204644
NT,2030,11,107,95,0.5967795562579626
NT,2030,11,108,95,0.5968044350325664
NT,2030,11,109,95,0.5968293148443368
NT,2030,11,110,95,0.5968541956932998
NT,2030,11,111,95,0.5968790775795166
NT,2030,11,112,95,0.657637196624237
NT,2030,11,113,95,0.8190659074411086
NT,2030,11,114,95,0.8191000529742218
NT,2030,11,115,95,0.819134199930815
NT,2030,11,116,95,0.8191683483109407
NT,2030,11,117,95,0.819202498114651
NT,2030,11,118,95,0.8192366493419982
NT,2030,11,119,95,0.8192708019930873
NT,2030,11,120,95,0.756886652041946
NT,2030,11,121,95,0.8066364212949712
NT,2030,11,122,95,0.8066364212949712
NT,2030,11,123,95,0.714284572840563
NT,2030,11,124,95,0.7143143502092879
NT,2030,11,125,95,0.7720147725727033
NT,2030,11,126,95,0.77474010844036
NT,2030,11,127,95,0.7747724061026069
NT,2030,11,128,95,0.00021573050489576443
NT,2030,11,129,95,0.00021573050489576443
NT,2030,11,130,95,0.00021570352677751243
NT,2030,11,131,95,0.00021571251910871476
NT,2030,11,132,95,0.00021572151181479594
NT,2030,11,133,95,0.00021573050489576443
NT,2030,11,134,95,0.00021573949835164156
NT,2030,11,135,95,0.00021574849218244433
NT,2030,11,136,95,0.0002157574863881813
NT,2030,11,137,95,0.7805445365215559
NT,2030,11,138,95,0.7805770761610228
NT,2030,11,139,95,0.7806096171569998
NT,2030,11,140,95,0.7806421595095655
NT,2030,11,141,95,0.7806747032187721
NT,2030,11,142,95,0.7807072482846631
NT,2030,11,143,95,0.7807397947073259
NT,2030,11,144,95,0.780772342486778
NT,2030,11,145,95,0.7610058036343441
NT,2030,11,146,95,0.774266171597014
NT,2030,11,147,95,0.7720147725727033
NT,2030,11,148,95,0.6220993812238254
NT,2030,11,149,95,0.7767799784663784
NT,2030,11,150,95,0.7727648337388354
NT,2030,11,151,95,0.7765423280859952
NT,2030,11,152,95,0.7810327735743046
NT,2030,11,153,95,0.7810653335675715
NT,2030,11,154,95,0.7810978949182118
NT,2030,11,155,95,0.7461629954274454
NT,2030,11,156,95,0.00021544922243547837
NT,2030,11,157,95,0.00021370752346149251
NT,2030,11,158,95,0.00021369861471182944
NT,2030,11,159,95,0.00021370752346149251
NT,2030,11,160,95,0.00021371643258254468
NT,2030,11,161,95,0.00021402820552571535
NT,2030,11,162,95,0.00021544922243547837
NT,2030,11,163,95,0.0002318049394459563
NT,2030,11,164,95,0.00023181460301901436
NT,2030,11,165,95,0.00021544922243547837
NT,2030,11,166,95,0.00021402820552571535
NT,2030,11,167,95,0.00021370752346149251
NT,2030,21,0,95,0.0
NT,2030,21,1,95,1.23106471132427
NT,2030,21,2,95,0.6458249148803265
NT,2030,21,3,95,0.6458518382766321
NT,2030,21,4,95,0.6458787627953102
NT,2030,21,5,95,0.6567780482533747
NT,2030,21,6,95,0.700515371951778
NT,2030,21,7,95,0.6669621238075057
NT,2030,21,8,95,0.6079965656659698
NT,2030,21,9,95,0.6080219120595595
NT,2030,21,10,95,0.6352292165797623
NT,2030,21,11,95,0.6303891816824357
NT,2030,21,12,95,0.6216255643196609
NT,2030,21,13,95,0.6254625035959279
NT,2030,21,14,95,0.7706722386519262
NT,2030,21,15,95,0.7665937286293041
NT,2030,21,16,95,0.7747724061026069
NT,2030,21,17,95,0.7720147725727033
NT,2030,21,18,95,0.7828520650224786
NT,2030,21,19,95,0.8192708019930873
NT,2030,21,20,95,0.7984922681629616
NT,2030,21,21,95,0.7720147725727033
NT,2030,21,22,95,0.7870204704291397
NT,2030,21,23,95,0.7625243417760654
NT,2030,21,24,95,0.7747724061026069
NT,2030,21,25,95,0.7747724061026069
NT,2030,21,26,95,0.7692571390428085
NT,2030,21,27,95,0.7626515033542651
NT,2030,21,28,95,0.7734770559693435
NT,2030,21,29,95,0.6599511343747495
NT,2030,21,30,95,0.6599786466702874
NT,2030,21,31,95,0.6600061601127828
NT,2030,21,32,95,0.6396740888296061
NT,2030,21,33,95,0.6060542493305646
NT,2030,21,34,95,0.6495028831084448
NT,2030,21,35,95,0.8042273736276724
NT,2030,21,36,95,0.7548839469366699
NT,2030,21,37,95,0.7549154168276501
NT,2030,21,38,95,0.6440034766895423
NT,2030,21,39,95,0.7549783605454276
NT,2030,21,40,95,0.6403116014745972
NT,2030,21,41,95,0.7560259448834897
NT,2030,21,42,95,0.6860525322305402
NT,2030,21,43,95,0.6575412500719572
NT,2030,21,44,95,0.6346046370166433
NT,2030,21,45,95,0.6128266443122312
NT,2030,21,46,95,0.6220993812238254
NT,2030,21,47,95,0.6220993812238254
NT,2030,21,48,95,0.6164977778217702
NT,2030,21,49,95,0.6191837663944294
NT,2030,21,50,95,0.38347516968152834
NT,2030,21,51,95,0.3819747405125781
NT,2030,21,52,95,0.3819747405125781
NT,2030,21,53,95,0.40241718052857567
NT,2030,21,54,95,0.40243395665005016
NT,2030,21,55,95,0.40245073347091104
NT,2030,21,56,95,0.0
NT,2030,21,57,95,5.156965287565081e-05
NT,2030,21,58,95,0.00017160467665626184
NT,2030,21,59,95,0.00017241328138349992
NT,2030,21,60,95,0.00017241328138359574
NT,2030,21,61,95,0.00017241328138349992
NT,2030,21,62,95,0.00017222282270783424
NT,2030,21,63,95,0.00017160467665626184
NT,2030,21,64,95,0.00017161183057772225
NT,2030,21,65,95,0.00017161898479741257
NT,2030,21,66,95,0.000171626139315352
NT,2030,21,67,95,0.00017370599839676703
NT,2030,21,68,95,0.00017299380683482327
NT,2030,21,69,95,0.0001716476046587841
NT,2030,21,70,95,0.0001716547603698413
NT,2030,21,71,95,0.00017166191637920506
NT,2030,21,72,95,0.0001716690726868967
NT,2030,21,73,95,0.00017167622929291834
NT,2030,21,74,95,0.00017299380683482327
NT,2030,21,75,95,0.00017370599839676703
NT,2030,21,76,95,0.00018620654226101662
NT,2030,21,77,95,0.00018621430491063562
NT,2030,21,78,95,0.00018622206788386668
NT,2030,21,79,95,0.00018622983118072683
NT,2030,21,80,95,0.00010673837671991658
NT,2030,21,81,95,0.00017160467665626184
NT,2030,21,82,95,0.00017241328138349992
NT,2030,21,83,95,0.00017241328138349992
NT,2030,21,84,95,0.00017241328138349992
NT,2030,21,85,95,0.00017241328138349992
NT,2030,21,86,95,0.000171795143271842
NT,2030,21,87,95,0.00017117697939100738
NT,2030,21,88,95,0.00017118411548245604
NT,2030,21,89,95,0.00017119125187140005
NT,2030,21,90,95,0.00017179793725260567
NT,2030,21,91,95,0.00017370599839676703
NT,2030,21,92,95,0.00017370599839676703
NT,2030,21,93,95,0.00017370599839676703
NT,2030,21,94,95,0.6153399355084604
NT,2030,21,95,95,0.6153655880352682
NT,2030,21,96,95,0.6153912416314846
NT,2030,21,97,95,0.6154168962971621
NT,2030,21,98,95,0.6154425520323357
NT,2030,21,99,95,0.6154682088370489
NT,2030,21,100,95,0.6154938667113801
NT,2030,21,101,95,0.6155195256553295
NT,2030,21,102,95,0.6155451856689667
NT,2030,21,103,95,0.6155708467523004
NT,2030,21,104,95,0.02478903070320752
NT,2030,21,105,95,0.00017160467665626184
NT,2030,21,106,95,0.00017160467665626184
NT,2030,21,107,95,0.0001722228227078321
NT,2030,21,108,95,0.00017160467665626184
NT,2030,21,109,95,0.0001709865048351827
NT,2030,21,110,95,0.0001703683072435194
NT,2030,21,111,95,0.00017037540962273626
NT,2030,21,112,95,0.00017038251229803682
NT,2030,21,113,95,0.0001731421458248696
NT,2030,21,114,95,0.6154297220257046
NT,2030,21,115,95,0.766497859799789
NT,2030,21,116,95,0.7665298138560177
NT,2030,21,117,95,0.7665617692443547
NT,2030,21,118,95,0.7665937259648522
NT,2030,21,119,95,0.7666256840175888
NT,2030,21,120,95,0.7666576434025818
NT,2030,21,121,95,0.6156093383772314
NT,2030,21,122,95,0.6156350021349855
NT,2030,21,123,95,0.6156606669626629
NT,2030,21,124,95,0.6156863328602288
NT,2030,21,125,95,0.615711999827779
NT,2030,21,126,95,0.6157376678653484
NT,2030,21,127,95,0.3766919085100061
NT,2030,21,128,95,0.00010544716240597457
NT,2030,21,129,95,0.00017160467665626184
NT,2030,21,130,95,0.00017160467665626184
NT,2030,21,131,95,0.00017241328138359574
NT,2030,21,132,95,0.0001715953189105499
NT,2030,21,133,95,0.00017160247244189922
NT,2030,21,134,95,0.00017117697939100738
NT,2030,21,135,95,0.00017055878973992075
NT,2030,21,136,95,0.00017119125187140005
NT,2030,21,137,95,0.00017313270423968563
NT,2030,21,138,95,0.6154425506062742
NT,2030,21,139,95,0.7746916625080975
NT,2030,21,140,95,0.7747239581507191
NT,2030,21,141,95,0.774756255139682
NT,2030,21,142,95,0.7747885534750385
NT,2030,21,143,95,0.7748208531568757
NT,2030,21,144,95,0.7748531541852285
NT,2030,21,145,95,0.7747724061026069
NT,2030,21,146,95,0.7747724061026069
NT,2030,21,147,95,0.7749500653499998
NT,2030,21,148,95,0.774982371764982
NT,2030,21,149,95,0.7750146795267937
NT,2030,21,150,95,0.7750469886354613
NT,2030,21,151,95,0.7750792990910368
NT,2030,21,152,95,0.7653951423178362
NT,2030,21,153,95,0.00021370752346149251
NT,2030,21,154,95,0.0002111995959148077
NT,2030,21,155,95,0.00021368079832661724
NT,2030,21,156,95,0.00021368970633354477
NT,2030,21,157,95,0.0002136986147118273
NT,2030,21,158,95,0.00021370752346149251
NT,2030,21,159,95,0.00021371643258254468
NT,2030,21,160,95,0.00021372534207500507
NT,2030,21,161,95,0.00021573050489576443
NT,2030,21,162,95,0.00023427803277511542
NT,2030,21,163,95,0.00023428779944743502
NT,2030,21,164,95,0.00023429756652691415
NT,2030,21,165,95,0.00023430733401356348
NT,2030,21,166,95,0.00023431710190740642
NT,2030,21,167,95,0.00023432687020845573
NT,2030,42,0,95,0.0
NT,2030,42,1,95,1.2361707129028567
NT,2030,42,2,95,0.6466575251473928
NT,2030,42,3,95,0.6466844832538549
NT,2030,42,4,95,0.6467114424841632
NT,2030,42,5,95,0.6912630748977865
NT,2030,42,6,95,0.7014184902389351
NT,2030,42,7,95,0.7014477312415057
NT,2030,42,8,95,0.6206782688933793
NT,2030,42,9,95,0.611972206518395
NT,2030,42,10,95,0.6119977186500264
NT,2030,42,11,95,0.6637405695428491
NT,2030,42,12,95,0.6120487461040034
NT,2030,42,13,95,0.6120742614264363
NT,2030,42,14,95,0.612099777812583
NT,2030,42,15,95,0.6189649335116783
NT,2030,42,16,95,0.6638789324334451
NT,2030,42,17,95,0.6639066084725428
NT,2030,42,18,95,0.6639342856654091
NT,2030,42,19,95,0.663961964012088
NT,2030,42,20,95,0.663989643512614
NT,2030,42,21,95,0.615532355662135
NT,2030,42,22,95,0.8066364212949712
NT,2030,42,23,95,0.7550077285549565
NT,2030,42,24,95,0.7550392036061903
NT,2030,42,25,95,0.7611726846858963
NT,2030,42,26,95,0.7720147725727033
NT,2030,42,27,95,0.7665937286293041
NT,2030,42,28,95,0.7551651169331121
NT,2030,42,29,95,0.7942854721557199
NT,2030,42,30,95,0.7991566935006295
NT,2030,42,31,95,0.8190806953263583
NT,2030,42,32,95,0.7742207577681867
NT,2030,42,33,95,0.7487714741606208
NT,2030,42,34,95,0.7488026892324839
NT,2030,42,35,95,0.6012722002582549
NT,2030,42,36,95,0.6012972663239328
NT,2030,42,37,95,0.6013223334345913
NT,2030,42,38,95,0.6013474015902219
NT,2030,42,39,95,0.6013724707909291
NT,2030,42,40,95,0.7489900069930477
NT,2030,42,41,95,0.6522441738669952
NT,2030,42,42,95,0.6522713648718308
NT,2030,42,43,95,0.6522985570102021
NT,2030,42,44,95,0.8031643929947714
NT,2030,42,45,95,0.7557004828715795
NT,2030,42,46,95,0.7625452766283746
NT,2030,42,47,95,0.7513301964458823
NT,2030,42,48,95,0.7492398369004934
NT,2030,42,49,95,0.7492710714976616
NT,2030,42,50,95,0.7493023073969285
NT,2030,42,51,95,0.7493335445983724
NT,2030,42,52,95,0.7559210379710772
NT,2030,42,53,95,0.8094735568794656
NT,2030,42,54,95,0.8023552453916137
NT,2030,42,55,95,0.6526249511046904
NT,2030,42,56,95,0.6152938741531178
NT,2030,42,57,95,0.6018238951568018
NT,2030,42,58,95,0.6214176822760149
NT,2030,42,59,95,0.6218334463632981
NT,2030,42,60,95,0.6018991654894357
NT,2030,42,61,95,0.6019242576922694
NT,2030,42,62,95,0.6019493509411566
NT,2030,42,63,95,0.36989957574532534
NT,2030,42,64,95,0.41499668798457967
NT,2030,42,65,95,0.6784069227175067
NT,2030,42,66,95,0.678435204405015
NT,2030,42,67,95,0.41504859177071696
NT,2030,42,68,95,0.4121196421786171
NT,2030,42,69,95,0.38444835934505667
NT,2030,42,70,95,0.39808568106282605
NT,2030,42,71,95,0.38582131313421947
NT,2030,42,72,95,0.6352448327576483
NT,2030,42,73,95,0.6352448327576483
NT,2030,42,74,95,0.3903434705426288
NT,2030,42,75,95,0.6253233326966388
NT,2030,42,76,95,0.6547510961821289
NT,2030,42,77,95,0.6787463807936646
NT,2030,42,78,95,0.6787746766325989
NT,2030,42,79,95,0.6788029736511954
NT,2030,42,80,95,0.6619513555515916
NT,2030,42,81,95,0.6259641911564932
NT,2030,42,82,95,0.6259902865913405
NT,2030,42,83,95,0.6260163831140507
NT,2030,42,84,95,0.6260424807246935
NT,2030,42,85,95,0.626068579423295
NT,2030,42,86,95,0.626094679209925
NT,2030,42,87,95,0.6261207800845923
NT,2030,42,88,95,0.6790576999088543
NT,2030,42,89,95,0.6790860087262245
NT,2030,42,90,95,0.6791143187237363
NT,2030,42,91,95,0.6791426299014509
NT,2030,42,92,95,0.6791709422593942
NT,2030,42,93,95,0.41423207190578004
NT,2030,42,94,95,0.5789378874321388
NT,2030,42,95,95,0.626851665233225
NT,2030,42,96,95,0.6305415763641689
NT,2030,42,97,95,0.6263818486845195
NT,2030,42,98,95,0.6272692550006929
NT,2030,42,99,95,0.626434075465757
NT,2030,42,100,95,0.6440555900495569
NT,2030,42,101,95,0.8461676427202092
NT,2030,42,102,95,0.8462029180808638
NT,2030,42,103,95,0.8462381949120754
NT,2030,42,104,95,0.8462734732138962
NT,2030,42,105,95,0.00021573050489576443
NT,2030,42,106,95,0.00021540431940310776
NT,2030,42,107,95,0.00021541329926083946
NT,2030,42,108,95,0.0002154222794929283
NT,2030,42,109,95,0.00021543126009938496
NT,2030,42,110,95,0.00021544024108023074
NT,2030,42,111,95,0.00021544922243547837
NT,2030,42,112,95,0.00021573050489576443
NT,2030,42,113,95,0.7719343181561171
NT,2030,42,114,95,0.7719664988494863
NT,2030,42,115,95,0.7719986808844349
NT,2030,42,116,95,0.7720308642609891
NT,2030,42,117,95,0.7720630489792187
NT,2030,42,118,95,0.00021949730260394662
NT,2030,42,119,95,0.00021950645309152674
NT,2030,42,120,95,0.00021719834625882117
NT,2030,42,121,95,0.00021720740090663384
NT,2030,42,122,95,0.00021721645593191654
NT,2030,42,123,95,0.0002172255113346906
NT,2030,42,124,95,0.00021723456711496663
NT,2030,42,125,95,0.00023560119736939423
NT,2030,42,126,95,0.0002356110192023068
NT,2030,42,127,95,0.00023562084144467633
NT,2030,42,128,95,0.00023358699205780934
NT,2030,42,129,95,0.00021573050489576443
NT,2030,42,130,95,0.00021544922243547837
NT,2030,42,131,95,0.00021541329926083946
NT,2030,42,132,95,0.0002154222794929283
NT,2030,42,133,95,0.00021543126009938496
NT,2030,42,134,95,0.00021544024108023074
NT,2030,42,135,95,0.00021544922243547837
NT,2030,42,136,95,0.667560917280248
NT,2030,42,137,95,0.7840434646588781
NT,2030,42,138,95,0.7840761501629931
NT,2030,42,139,95,0.784108837029697
NT,2030,42,140,95,0.7841415252590943
NT,2030,42,141,95,0.7841742148511849
NT,2030,42,142,95,0.7620241952888298
NT,2030,42,143,95,0.7767799784663784
NT,2030,42,144,95,0.7665937286293041
NT,2030,42,145,95,0.7665937286293041
NT,2030,42,146,95,0.7665937286293041
NT,2030,42,147,95,0.7689555259305563
NT,2030,42,148,95,0.7844030801568257
NT,2030,42,149,95,0.7844357806527313
NT,2030,42,150,95,0.7844684825118623
NT,2030,42,151,95,0.7845011857342971
NT,2030,42,152,95,0.7777294704402664
NT,2030,42,153,95,0.00021573050489576443
NT,2030,42,154,95,0.00021570352677751243
NT,2030,42,155,95,0.00021571251910871476
NT,2030,42,156,95,0.00021572151181479594
NT,2030,42,157,95,0.0002157305048957687
NT,2030,42,158,95,0.00021573949835164367
NT,2030,42,159,95,0.00021574849218244222
NT,2030,42,160,95,0.7766828380124249
NT,2030,42,161,95,0.7767152166639116
NT,2030,42,162,95,0.776747596665228
NT,2030,42,163,95,0.7767799780163829
NT,2030,42,164,95,0.7768123607175068
NT,2030,42,165,95,0.7768447447685913
NT,2030,42,166,95,0.7768771301697148
NT,2030,42,167,95,0.7563103270888935
NT,2030,52,0,95,0.0
NT,2030,52,1,95,1.5271811563402666
NT,2030,52,2,95,0.7888631613778434
NT,2030,52,3,95,0.7888960478073186
NT,2030,52,4,95,0.7889289356077812
NT,2030,52,5,95,0.7889618247792659
NT,2030,52,6,95,0.8243110178106852
NT,2030,52,7,95,0.8557022122063119
NT,2030,52,8,95,0.8557378850477294
NT,2030,52,9,95,0.6199646291944539
NT,2030,52,10,95,0.00021573050489576443
NT,2030,52,11,95,0.00021370752346149251
NT,2030,52,12,95,0.00021370752346149251
NT,2030,52,13,95,0.00021370752346149251
NT,2030,52,14,95,0.00021370752346149251
NT,2030,52,15,95,0.00021370752346149251
NT,2030,52,16,95,0.00021573050489576443
NT,2030,52,17,95,0.00021573050489576443
NT,2030,52,18,95,0.00021573050489576443
NT,2030,52,19,95,0.00021573050489576443
NT,2030,52,20,95,0.00021370752346149251
NT,2030,52,21,95,0.00021370752346149251
NT,2030,52,22,95,0.00021370752346149251
NT,2030,52,23,95,0.00021370752346149251
NT,2030,52,24,95,0.0002131208126329104
NT,2030,52,25,95,0.00021176887407638097
NT,2030,52,26,95,0.00021171405711568338
NT,2030,52,27,95,0.00021171405711568338
NT,2030,52,28,95,0.00021171405711568338
NT,2030,52,29,95,0.00021171405711568338
NT,2030,52,30,95,0.00021171405711568338
NT,2030,52,31,95,0.00021171405711568338
NT,2030,52,32,95,0.00021171405711568338
NT,2030,52,33,95,0.00021171405711568338
NT,2030,52,34,95,0.00021171405711568338
NT,2030,52,35,95,0.00021171405711568338
NT,2030,52,36,95,0.00021171405711568338
NT,2030,52,37,95,0.00021171405711568338
NT,2030,52,38,95,0.00021171405711568338
NT,2030,52,39,95,0.00021171405711568338
NT,2030,52,40,95,0.00021171405711568338
NT,2030,52,41,95,0.00021171405711568338
NT,2030,52,42,95,0.00021171405711568338
NT,2030,52,43,95,0.00021171405711568338
NT,2030,52,44,95,0.00021171405711568338
NT,2030,52,45,95,0.0002111402379867704
NT,2030,52,46,95,0.0002111402379867704
NT,2030,52,47,95,0.00020868629157861764
NT,2030,52,48,95,0.00020868629157861764
NT,2030,52,49,95,0.00016946971619582321
NT,2030,52,50,95,0.00016946971619582321
NT,2030,52,51,95,0.00016946971619582321
NT,2030,52,52,95,0.00016946971619582321
NT,2030,52,53,95,0.00016946971619582321
NT,2030,52,54,95,0.00016946971619582321
NT,2030,52,55,95,0.00016946971619582321
NT,2030,52,56,95,0.00020868629157861764
NT,2030,52,57,95,0.0002111402379867704
NT,2030,52,58,95,0.00021171405711568338
NT,2030,52,59,95,0.0002111402379867704
NT,2030,52,60,95,0.0002111402379867704
NT,2030,52,61,95,0.0002111402379867704
NT,2030,52,62,95,0.0002111402379867704
NT,2030,52,63,95,0.0002111402379867704
NT,2030,52,64,95,0.0002111402379867704
NT,2030,52,65,95,0.0002111402379867704
NT,2030,52,66,95,0.00021171405711568338
NT,2030,52,67,95,0.00021171405711568338
NT,2030,52,68,95,0.00021171405711568338
NT,2030,52,69,95,0.0001699946757146265
NT,2030,52,70,95,0.0001699946757146265
NT,2030,52,71,95,0.00016953393069812778
NT,2030,52,72,95,0.00016953393069812778
NT,2030,52,73,95,0.00016953393069812778
NT,2030,52,74,95,0.00016953319606420117
NT,2030,52,75,95,0.00016953393069812778
NT,2030,52,76,95,0.00016953393069812778
NT,2030,52,77,95,0.00016953393069812778
NT,2030,52,78,95,0.00016998184591340875
NT,2030,52,79,95,0.00017112695629654191
NT,2030,52,80,95,0.0001715953189105499
NT,2030,52,81,95,0.00016998184591340875
NT,2030,52,82,95,0.00016953319606420117
NT,2030,52,83,95,0.00016953393069812778
NT,2030,52,84,95,0.00016953319606420117
NT,2030,52,85,95,0.00016953393069812778
NT,2030,52,86,95,0.00016954733148839853
NT,2030,52,87,95,0.00017103104668357498
NT,2030,52,88,95,0.00017241328138359574
NT,2030,52,89,95,0.00017241328138359574
NT,2030,52,90,95,0.00017241328138359574
NT,2030,52,91,95,0.00017241328138359574
NT,2030,52,92,95,0.00017241328138359574
NT,2030,52,93,95,0.00017241328138359574
NT,2030,52,94,95,0.00017241328138349992
NT,2030,52,95,95,0.00017241328138349992
NT,2030,52,96,95,0.00021171405711568338
NT,2030,52,97,95,0.0002111402379867704
NT,2030,52,98,95,0.00020868629157861764
NT,2030,52,99,95,0.00020868629157861764
NT,2030,52,100,95,0.00020868629157861764
NT,2030,52,101,95,0.00021171405711568338
NT,2030,52,102,95,0.0002131208126329104
NT,2030,52,103,95,0.0002131208126329104
NT,2030,52,104,95,0.00021312421725618958
NT,2030,52,105,95,0.0002131208126329104
NT,2030,52,106,95,0.0002131208126329104
NT,2030,52,107,95,0.00021171405711568338
NT,2030,52,108,95,0.00021171405711568338
NT,2030,52,109,95,0.00021171405711568338
NT,2030,52,110,95,0.00021171405711568338
NT,2030,52,111,95,0.00021171405711568338
NT,2030,52,112,95,0.0002131208126329104
NT,2030,52,113,95,0.00021370752346149251
NT,2030,52,114,95,0.00021370752346149251
NT,2030,52,115,95,0.00021370752346149251
NT,2030,52,116,95,0.00021312421725618958
NT,2030,52,117,95,0.0002131208126329104
NT,2030,52,118,95,0.0002131208126329104
NT,2030,52,119,95,0.00021171405711568338
NT,2030,52,120,95,0.00021171405711568338
NT,2030,52,121,95,0.00021171405711568338
NT,2030,52,122,95,0.00021171405711568338
NT,2030,52,123,95,0.00021171405711568338
NT,2030,52,124,95,0.00021171405711568338
NT,2030,52,125,95,0.00021171405711568338
NT,2030,52,126,95,0.00021171405711568338
NT,2030,52,127,95,0.00021171405711568338
NT,2030,52,128,95,0.0002131208126329104
NT,2030,52,129,95,0.00021171405711568338
NT,2030,52,130,95,0.0002111402379867704
NT,2030,52,131,95,0.0002111226348973967
NT,2030,52,132,95,0.00019976278216364614
NT,2030,52,133,95,0.00019977110995098198
NT,2030,52,134,95,0.0002080755792092563
NT,2030,52,135,95,0.00021115784254386192
NT,2030,52,136,95,0.0002131208126329104
NT,2030,52,137,95,0.00021370752346149251
NT,2030,52,138,95,0.00021544922243547837
NT,2030,52,139,95,0.00021573050489576443
NT,2030,52,140,95,0.00017370599839676703
NT,2030,52,141,95,0.00017370599839676703
NT,2030,52,142,95,0.0001859636718785617
NT,2030,52,143,95,0.00017370599839676703
NT,2030,52,144,95,0.00017370599839676703
NT,2030,52,145,95,0.00017299380683482327
NT,2030,52,146,95,0.00017299380683482327
NT,2030,52,147,95,0.00017299380683482327
NT,2030,52,148,95,0.00017370599839676703
NT,2030,52,149,95,0.00018601794633925486
NT,2030,52,150,95,0.0001860257011266175
NT,2030,52,151,95,0.00018603345623726216
NT,2030,52,152,95,0.00018604121167120592
NT,2030,52,153,95,0.00017241328138359574
NT,2030,52,154,95,0.00017550358544179943
NT,2030,52,155,95,0.00017156670776710277
NT,2030,52,156,95,0.00017157386010569842
NT,2030,52,157,95,0.0001736494803036695
NT,2030,52,158,95,0.0001730313937271436
NT,2030,52,159,95,0.00017241328138359574
NT,2030,52,160,95,0.7793327321610451
NT,2030,52,161,95,0.7793652212823237
NT,2030,52,162,95,0.7793977117580453
NT,2030,52,163,95,0.7794302035882363
NT,2030,52,164,95,0.7794626967729577
NT,2030,52,165,95,0.7794951913122619
NT,2030,52,166,95,0.7795276872062185
NT,2030,52,167,95,0.7536597700523986
NT,2040,11,0,95,0.0
NT,2040,11,1,95,7.096923060675913e-05
NT,2040,11,2,95,7.097218919921478e-05
NT,2040,11,3,95,7.097514791500937e-05
NT,2040,11,4,95,7.097810675414609e-05
NT,2040,11,5,95,7.104027087763751e-05
NT,2040,11,6,95,7.123584115383084e-05
NT,2040,11,7,95,7.123584115383084e-05
NT,2040,11,8,95,7.123584115383084e-05
NT,2040,11,9,95,7.096153032280497e-05
NT,2040,11,10,95,7.096153032280497e-05
NT,2040,11,11,95,7.104027087763751e-05
NT,2040,11,12,95,7.100178190825585e-05
NT,2040,11,13,95,7.10047418577219e-05
NT,2040,11,14,95,7.100770193058331e-05
NT,2040,11,15,95,7.10106621268454e-05
NT,2040,11,16,95,7.101362244651456e-05
NT,2040,11,17,95,7.104027087763751e-05
NT,2040,11,18,95,7.123584115383084e-05
NT,2040,11,19,95,7.123584115383084e-05
NT,2040,11,20,95,7.134273517523952e-05
NT,2040,11,21,95,7.134273517523952e-05
NT,2040,11,22,95,7.123584115383084e-05
NT,2040,11,23,95,5.747109379453085e-05
NT,2040,11,24,95,5.747109379453085e-05
NT,2040,11,25,95,5.7201558885421676e-05
NT,2040,11,26,95,3.5150519442549175e-05
NT,2040,11,27,95,3.5276197495706305e-05
NT,2040,11,28,95,3.5276197495706305e-05
NT,2040,11,29,95,0.11802776881158467
NT,2040,11,30,95,0.21354838139149784
NT,2040,11,31,95,0.21355728387817577
NT,2040,11,32,95,0.2135661867359814
NT,2040,11,33,95,0.20116673407990218
NT,2040,11,34,95,0.2652274232554213
NT,2040,11,35,95,0.25128751414631517
NT,2040,11,36,95,0.2582574687008704
NT,2040,11,37,95,0.2555312428764347
NT,2040,11,38,95,0.24531552898841577
NT,2040,11,39,95,0.24532575579609955
NT,2040,11,40,95,0.24533598303013143
NT,2040,11,41,95,0.2660785165424691
NT,2040,11,42,95,0.26608960892553085
NT,2040,11,43,95,0.2661007017710137
NT,2040,11,44,95,0.26611179507894595
NT,2040,11,45,95,0.2661228888493385
NT,2040,11,46,95,0.26613398308220876
NT,2040,11,47,95,0.25353658107589816
NT,2040,11,48,95,7.181640747849315e-05
NT,2040,11,49,95,7.123584115383084e-05
NT,2040,11,50,95,7.123584115383084e-05
NT,2040,11,51,95,7.104140575206283e-05
NT,2040,11,52,95,7.104140575206283e-05
NT,2040,11,53,95,7.104140575206283e-05
NT,2040,11,54,95,7.123584115383084e-05
NT,2040,11,55,95,7.134273517523952e-05
NT,2040,11,56,95,5.747109379453085e-05
NT,2040,11,57,95,7.096153032280497e-05
NT,2040,11,58,95,7.104027087763751e-05
NT,2040,11,59,95,7.103844427420218e-05
NT,2040,11,60,95,7.096153032280497e-05
NT,2040,11,61,95,7.075604668006739e-05
NT,2040,11,62,95,7.055055447105199e-05
NT,2040,11,63,95,7.03450536953968e-05
NT,2040,11,64,95,7.013954435274731e-05
NT,2040,11,65,95,5.747109379453085e-05
NT,2040,11,66,95,0.0
NT,2040,11,67,95,0.0
NT,2040,11,68,95,0.0
NT,2040,11,69,95,0.0
NT,2040,11,70,95,0.0
NT,2040,11,71,95,1.7189884291882894e-05
NT,2040,11,72,95,3.5149054135325215e-05
NT,2040,11,73,95,5.005450711354353e-05
NT,2040,11,74,95,5.005450711354353e-05
NT,2040,11,75,95,3.5149054135325215e-05
NT,2040,11,76,95,1.7189884291882894e-05
NT,2040,11,77,95,0.0
NT,2040,11,78,95,0.0
NT,2040,11,79,95,2.48630202388431e-06
NT,2040,11,80,95,0.0
NT,2040,11,81,95,0.0
NT,2040,11,82,95,0.0
NT,2040,11,83,95,8.336807678964764e-07
NT,2040,11,84,95,6.25273608521444e-07
NT,2040,11,85,95,4.168577609881518e-07
NT,2040,11,86,95,2.0843322493570122e-07
NT,2040,11,87,95,0.0
NT,2040,11,88,95,0.0
NT,2040,11,89,95,0.0
NT,2040,11,90,95,0.003151362717815959
NT,2040,11,91,95,0.003151494093033338
NT,2040,11,92,95,0.003151625473727619
NT,2040,11,93,95,0.0
NT,2040,11,94,95,0.0
NT,2040,11,95,95,0.0
NT,2040,11,96,95,0.0
NT,2040,11,97,95,0.0
NT,2040,11,98,95,0.0
NT,2040,11,99,95,0.0029069052678871903
NT,2040,11,100,95,0.002907026452065372
NT,2040,11,101,95,0.0
NT,2040,11,102,95,0.01737720600485461
NT,2040,11,103,95,0.01737793043246848
NT,2040,11,104,95,0.13672867009292206
NT,2040,11,105,95,0.20518304018723127
NT,2040,11,106,95,0.2051915939363584
NT,2040,11,107,95,0.20520014804207726
NT,2040,11,108,95,0.2052087025044074
NT,2040,11,109,95,0.20521725732336193
NT,2040,11,110,95,0.20522581249894525
NT,2040,11,111,95,0.20523436803118564
NT,2040,11,112,95,0.20524292392009189
NT,2040,11,113,95,0.29334907242149433
NT,2040,11,114,95,0.29336130166993013
NT,2040,11,115,95,0.29337353142818007
NT,2040,11,116,95,0.29338576169627467
NT,2040,11,117,95,0.293397992474227
NT,2040,11,118,95,0.29341022376206327
NT,2040,11,119,95,0.2934224555597965
NT,2040,11,120,95,0.24673558396354986
NT,2040,11,121,95,0.24674586997103182
NT,2040,11,122,95,0.2555312428764347
NT,2040,11,123,95,0.25733825752423517
NT,2040,11,124,95,0.25574985555968405
NT,2040,11,125,95,0.2589266594887906
NT,2040,11,126,95,0.2589266594887906
NT,2040,11,127,95,0.2589266594887906
NT,2040,11,128,95,0.26287574564578303
NT,2040,11,129,95,0.26148404386076557
NT,2040,11,130,95,0.2644617639591285
NT,2040,11,131,95,0.24684875363320177
NT,2040,11,132,95,0.2468590443585467
NT,2040,11,133,95,0.2468693355128931
NT,2040,11,134,95,0.24687962709626282
NT,2040,11,135,95,0.24688991910867109
NT,2040,11,136,95,0.2469002115501397
NT,2040,11,137,95,0.2677749966062452
NT,2040,11,138,95,0.26778615971281944
NT,2040,11,139,95,0.26779732328476685
NT,2040,11,140,95,0.26780848732210055
NT,2040,11,141,95,0.26781965182484446
NT,2040,11,142,95,0.26783081679302256
NT,2040,11,143,95,0.267155567349936
NT,2040,11,144,95,0.2581036570538865
NT,2040,11,145,95,0.2549844560300371
NT,2040,11,146,95,0.20848750119864626
NT,2040,11,147,95,0.2589266594887906
NT,2040,11,148,95,0.20848750119864626
NT,2040,11,149,95,0.26023032525057255
NT,2040,11,150,95,0.2577188274110366
NT,2040,11,151,95,0.2582574687008704
NT,2040,11,152,95,0.26271780519703136
NT,2040,11,153,95,0.2679536621668933
NT,2040,11,154,95,0.26796483272174515
NT,2040,11,155,95,0.2651471868046481
NT,2040,11,156,95,0.25613792722099954
NT,2040,11,157,95,0.2459448917813688
NT,2040,11,158,95,0.24595514482617506
NT,2040,11,159,95,0.245965398298413
NT,2040,11,160,95,0.24597565219810005
NT,2040,11,161,95,0.25347632200439885
NT,2040,11,162,95,0.26678338941645374
NT,2040,11,163,95,0.2667945111845247
NT,2040,11,164,95,0.2655736942760597
NT,2040,11,165,95,0.26681675611163186
NT,2040,11,166,95,0.26682787927071167
NT,2040,11,167,95,7.181640747849315e-05
NT,2040,21,0,95,0.0
NT,2040,21,1,95,0.25845288908642455
NT,2040,21,2,95,0.20090587095781626
NT,2040,21,3,95,0.21469607684134145
NT,2040,21,4,95,0.21470502717359286
NT,2040,21,5,95,0.2328577912582192
NT,2040,21,6,95,0.2328674987229664
NT,2040,21,7,95,0.23287720659240257
NT,2040,21,8,95,0.20804340969608526
NT,2040,21,9,95,0.2080520826893898
NT,2040,21,10,95,0.21542645776805408
NT,2040,21,11,95,0.2183916074227071
NT,2040,21,12,95,0.21124134848510287
NT,2040,21,13,95,0.21411208210510987
NT,2040,21,14,95,0.20895055507774093
NT,2040,21,15,95,0.26236104887153167
NT,2040,21,16,95,0.25918697652174244
NT,2040,21,17,95,0.25919778160764756
NT,2040,21,18,95,0.27086518861800063
NT,2040,21,19,95,0.2803369307265568
NT,2040,21,20,95,0.27986977911847905
NT,2040,21,21,95,0.25924100645591114
NT,2040,21,22,95,0.26215492434609355
NT,2040,21,23,95,0.25926262158310137
NT,2040,21,24,95,0.2592734298225249
NT,2040,21,25,95,0.259284238512526
NT,2040,21,26,95,0.20819957890710436
NT,2040,21,27,95,0.2082082584108607
NT,2040,21,28,95,0.2082169382764458
NT,2040,21,29,95,0.2258211509430647
NT,2040,21,30,95,0.2258305650616608
NT,2040,21,31,95,0.22583997957271007
NT,2040,21,32,95,0.22346527581066267
NT,2040,21,33,95,0.20769286131223438
NT,2040,21,34,95,0.2234839080109657
NT,2040,21,35,95,0.21589986103642536
NT,2040,21,36,95,0.20517745188737832
NT,2040,21,37,95,0.20517745188737832
NT,2040,21,38,95,0.20517745188737832
NT,2040,21,39,95,0.25438938899867636
NT,2040,21,40,95,0.2051688986089312
NT,2040,21,41,95,0.2073664602878206
NT,2040,21,42,95,0.20737510506020193
NT,2040,21,43,95,0.22050326740962575
NT,2040,21,44,95,0.21650096103614536
NT,2040,21,45,95,0.20715766706711142
NT,2040,21,46,95,0.2074096877537557
NT,2040,21,47,95,0.20700735512602184
NT,2040,21,48,95,0.20667710440567252
NT,2040,21,49,95,0.12765145715908421
NT,2040,21,50,95,0.12799865596194268
NT,2040,21,51,95,0.12665117104644563
NT,2040,21,52,95,0.12658760759545035
NT,2040,21,53,95,0.1361914387204488
NT,2040,21,54,95,0.13619711632128598
NT,2040,21,55,95,0.0
NT,2040,21,56,95,0.0
NT,2040,21,57,95,0.11648439119415106
NT,2040,21,58,95,0.11648924724004495
NT,2040,21,59,95,0.11649410348837927
NT,2040,21,60,95,0.11649895993916712
NT,2040,21,61,95,0.1165038165924063
NT,2040,21,62,95,0.11650867344811427
NT,2040,21,63,95,0.11651353050629538
NT,2040,21,64,95,0.11651838776696272
NT,2040,21,65,95,0.11754271680273701
NT,2040,21,66,95,0.2083875748634956
NT,2040,21,67,95,0.20839626220449425
NT,2040,21,68,95,0.20840494990765526
NT,2040,21,69,95,0.20517745188737832
NT,2040,21,70,95,0.2072085214398855
NT,2040,21,71,95,0.20314638233486898
NT,2040,21,72,95,0.19811992572964823
NT,2040,21,73,95,0.20713922742533686
NT,2040,21,74,95,0.20727781545443633
NT,2040,21,75,95,0.20487582625490997
NT,2040,21,76,95,0.20847446457255375
NT,2040,21,77,95,0.20848315553584304
NT,2040,21,78,95,0.20849184686144295
NT,2040,21,79,95,0.20850053854937525
NT,2040,21,80,95,0.20850923059965087
NT,2040,21,81,95,0.12216418697090961
NT,2040,21,82,95,0.2067180225991058
NT,2040,21,83,95,0.11661071420258406
NT,2040,21,84,95,0.11661557551467872
NT,2040,21,85,95,0.1166204370294362
NT,2040,21,86,95,0.11662529874686087
NT,2040,21,87,95,0.11663016066696144
NT,2040,21,88,95,0.11663502278975102
NT,2040,21,89,95,0.11663988511523611
NT,2040,21,90,95,0.20928877355656916
NT,2040,21,91,95,0.209297498467088
NT,2040,21,92,95,0.20930622374132593
NT,2040,21,93,95,0.20612263335066572
NT,2040,21,94,95,0.20932367538105714
NT,2040,21,95,95,0.20848750119864626
NT,2040,21,96,95,0.20517745188737832
NT,2040,21,97,95,0.20517745188737832
NT,2040,21,98,95,0.20618973621869482
NT,2040,21,99,95,0.20809085862220067
NT,2040,21,100,95,0.2093760390312747
NT,2040,21,101,95,0.20938476757974525
NT,2040,21,102,95,0.20939349649209404
NT,2040,21,103,95,0.20940222576834505
NT,2040,21,104,95,0.2094109554085005
NT,2040,21,105,95,0.12368790242711876
NT,2040,21,106,95,0.20848750119864626
NT,2040,21,107,95,0.11711501213544112
NT,2040,21,108,95,0.11711989447090666
NT,2040,21,109,95,0.11712477700990716
NT,2040,21,110,95,0.1171296597524513
NT,2040,21,111,95,0.11713454269854567
NT,2040,21,112,95,0.11713942584820988
NT,2040,21,113,95,0.20736285370835533
NT,2040,21,114,95,0.26091246035241666
NT,2040,21,115,95,0.26092333737094764
NT,2040,21,116,95,0.26093421484292995
NT,2040,21,117,95,0.26094509276837446
NT,2040,21,118,95,0.260955971147303
NT,2040,21,119,95,0.2093781790214943
NT,2040,21,120,95,0.20698308180111444
NT,2040,21,121,95,0.2072085214398855
NT,2040,21,122,95,0.2072085214398855
NT,2040,21,123,95,0.20941371227345495
NT,2040,21,124,95,0.1670489109298337
NT,2040,21,125,95,0.2095943619416898
NT,2040,21,126,95,0.2096030995916906
NT,2040,21,127,95,0.20961183760594904
NT,2040,21,128,95,0.12823494042164346
NT,2040,21,129,95,0.11666394807527236
NT,2040,21,130,95,0.12652758822599566
NT,2040,21,131,95,0.11667367534068726
NT,2040,21,132,95,0.11667853927753066
NT,2040,21,133,95,0.11668340341714156
NT,2040,21,134,95,0.11668826775953738
NT,2040,21,135,95,0.11669313230471594
NT,2040,21,136,95,0.11669799705269032
NT,2040,21,137,95,0.19845534363953976
NT,2040,21,138,95,0.26270238391984096
NT,2040,21,139,95,0.2627133355573879
NT,2040,21,140,95,0.26272428765149963
NT,2040,21,141,95,0.26273524020218264
NT,2040,21,142,95,0.26274619320946097
NT,2040,21,143,95,0.2627571466733499
NT,2040,21,144,95,0.2589266594887906
NT,2040,21,145,95,0.2589266594887906
NT,2040,21,146,95,0.2589266594887906
NT,2040,21,147,95,0.2597992374031781
NT,2040,21,148,95,0.2619650788597467
NT,2040,21,149,95,0.26282287704664337
NT,2040,21,150,95,0.26283383370735786
NT,2040,21,151,95,0.2628447908248421
NT,2040,21,152,95,0.2628557483991048
NT,2040,21,153,95,0.24238465839854945
NT,2040,21,154,95,0.2589266594887906
NT,2040,21,155,95,0.2589266594887906
NT,2040,21,156,95,0.24241497353560051
NT,2040,21,157,95,0.24242507942382016
NT,2040,21,158,95,0.24243518573334485
NT,2040,21,159,95,0.24244529246417895
NT,2040,21,160,95,0.2424553996163508
NT,2040,21,161,95,0.24246550718986912
NT,2040,21,162,95,0.2629653492691055
NT,2040,21,163,95,0.26297631186925674
NT,2040,21,164,95,0.2629872749264263
NT,2040,21,165,95,0.2629982384406251
NT,2040,21,166,95,0.26300920241187264
NT,2040,21,167,95,0.2610757057621039
NT,2040,42,0,95,0.0
NT,2040,42,1,95,0.36581367856889513
NT,2040,42,2,95,0.24971867709323117
NT,2040,42,3,95,0.2497290874610477
NT,2040,42,4,95,0.2497394982628477
NT,2040,42,5,95,0.2708543377906315
NT,2040,42,6,95,0.27086562926995994
NT,2040,42,7,95,0.2708769212200142
NT,2040,42,8,95,0.21242952832120962
NT,2040,42,9,95,0.21007620823814135
NT,2040,42,10,95,0.21008496597553183
NT,2040,42,11,95,0.22784711563399157
NT,2040,42,12,95,0.21010248254562566
NT,2040,42,13,95,0.21011124137835083
NT,2040,42,14,95,0.2101200005762188
NT,2040,42,15,95,0.21012876013924264
NT,2040,42,16,95,0.22789461248287818
NT,2040,42,17,95,0.2279041130407378
NT,2040,42,18,95,0.22791361399465243
NT,2040,42,19,95,0.22792311534463955
NT,2040,42,20,95,0.2279326170907384
NT,2040,42,21,95,0.2176503884530105
NT,2040,42,22,95,0.21032000353613686
NT,2040,42,23,95,0.25528103253844675
NT,2040,42,24,95,0.2555312428764347
NT,2040,42,25,95,0.25733825752423517
NT,2040,42,26,95,0.25733825752423517
NT,2040,42,27,95,0.2553236042141301
NT,2040,42,28,95,0.2553342482422899
NT,2040,42,29,95,0.2681571282989393
NT,2040,42,30,95,0.27309026733103203
NT,2040,42,31,95,0.22237167402592622
NT,2040,42,32,95,0.21133971908618293
NT,2040,42,33,95,0.2555312428764347
NT,2040,42,34,95,0.2652274232554213
NT,2040,42,35,95,0.2532832907444039
NT,2040,42,36,95,0.2532938497151955
NT,2040,42,37,95,0.25330440912617563
NT,2040,42,38,95,0.25331496897735745
NT,2040,42,39,95,0.25332552926876056
NT,2040,42,40,95,0.25333609000040674
NT,2040,42,41,95,0.22212667906550423
NT,2040,42,42,95,0.2221359391675409
NT,2040,42,43,95,0.2221451996556185
NT,2040,42,44,95,0.21854201675802046
NT,2040,42,45,95,0.20516462223712306
NT,2040,42,46,95,0.2051731752184417
NT,2040,42,47,95,0.20518172855631497
NT,2040,42,48,95,0.2555472220138738
NT,2040,42,49,95,0.25555787536429914
NT,2040,42,50,95,0.20489587246250496
NT,2040,42,51,95,0.20490441424007855
NT,2040,42,52,95,0.20491295637374238
NT,2040,42,53,95,0.26843991836948655
NT,2040,42,54,95,0.22224709050758518
NT,2040,42,55,95,0.2222563556293751
NT,2040,42,56,95,0.2100267848182692
NT,2040,42,57,95,0.2052672815491452
NT,2040,42,58,95,0.21021595251692676
NT,2040,42,59,95,0.2116544064521069
NT,2040,42,60,95,0.2049813062641826
NT,2040,42,61,95,0.20498985160335392
NT,2040,42,62,95,0.20499839729876596
NT,2040,42,63,95,0.2050069433504317
NT,2040,42,64,95,0.14302379626671968
NT,2040,42,65,95,0.2338050791968732
NT,2040,42,66,95,0.23381482615252822
NT,2040,42,67,95,0.23382457351452052
NT,2040,42,68,95,0.143047647481241
NT,2040,42,69,95,0.21562340725355725
NT,2040,42,70,95,0.21563239624471567
NT,2040,42,71,95,0.2156413856106015
NT,2040,42,72,95,0.2156503753512431
NT,2040,42,73,95,0.21565936546663603
NT,2040,42,74,95,0.21566835595682177
NT,2040,42,75,95,0.2156773468218265
NT,2040,42,76,95,0.21568633806163487
NT,2040,42,77,95,0.23392206948650185
NT,2040,42,78,95,0.23393182131929913
NT,2040,42,79,95,0.23394157355862996
NT,2040,42,80,95,0.23192221940036115
NT,2040,42,81,95,0.20972803344729357
NT,2040,42,82,95,0.20973677666983978
NT,2040,42,83,95,0.20974552025688775
NT,2040,42,84,95,0.20975426420842883
NT,2040,42,85,95,0.2097630085244979
NT,2040,42,86,95,0.20977175320510144
NT,2040,42,87,95,0.21391371751965316
NT,2040,42,88,95,0.2340293620095645
NT,2040,42,89,95,0.23403911831520316
NT,2040,42,90,95,0.23404887502756722
NT,2040,42,91,95,0.23405863214666978
NT,2040,42,92,95,0.23406838967253263
NT,2040,42,93,95,0.23407814760516885
NT,2040,42,94,95,0.21587849337182147
NT,2040,42,95,95,0.21293631618757755
NT,2040,42,96,95,0.21294519315824176
NT,2040,42,97,95,0.21295407049898496
NT,2040,42,98,95,0.21296294820979628
NT,2040,42,99,95,0.21297182629071057
NT,2040,42,100,95,0.2129807047417344
NT,2040,42,101,95,0.2309876817494519
NT,2040,42,102,95,0.23099731125235623
NT,2040,42,103,95,0.23100694115670092
NT,2040,42,104,95,0.243950487784231
NT,2040,42,105,95,0.24396065768555858
NT,2040,42,106,95,0.24397082801085335
NT,2040,42,107,95,0.24398099876013274
NT,2040,42,108,95,0.24399116993341202
NT,2040,42,109,95,0.244001341530713
NT,2040,42,110,95,0.2440115135520553
NT,2040,42,111,95,0.24402168599744764
NT,2040,42,112,95,0.26191287328463886
NT,2040,42,113,95,0.2674877952932968
NT,2040,42,114,95,0.2674989464269068
NT,2040,42,115,95,0.2675100980253951
NT,2040,42,116,95,0.26752125008877475
NT,2040,42,117,95,0.2675324026170653
NT,2040,42,118,95,0.24669709684424324
NT,2040,42,119,95,0.24670738124726097
NT,2040,42,120,95,0.2582574687008704
NT,2040,42,121,95,0.25803666904733985
NT,2040,42,122,95,0.2555312428764347
NT,2040,42,123,95,0.24534499303936264
NT,2040,42,124,95,0.24717581273531783
NT,2040,42,125,95,0.2647965633952739
NT,2040,42,126,95,0.26480760233578227
NT,2040,42,127,95,0.2648186417364856
NT,2040,42,128,95,0.2648296815974057
NT,2040,42,129,95,0.24713165513248272
NT,2040,42,130,95,0.2625546502086492
NT,2040,42,131,95,0.2421070096026522
NT,2040,42,132,95,0.24211710265235428
NT,2040,42,133,95,0.24212719612282074
NT,2040,42,134,95,0.24213729001406678
NT,2040,42,135,95,0.24214738432610983
NT,2040,42,136,95,0.2642261614875305
NT,2040,42,137,95,0.2649290610585028
NT,2040,42,138,95,0.26494010552262415
NT,2040,42,139,95,0.26495115044717377
NT,2040,42,140,95,0.2649621958321647
NT,2040,42,141,95,0.26497324167762315
NT,2040,42,142,95,0.2570186601294253
NT,2040,42,143,95,0.25733825752423517
NT,2040,42,144,95,0.25733825752423517
NT,2040,42,145,95,0.25733825752423517
NT,2040,42,146,95,0.25733825752423517
NT,2040,42,147,95,0.25733825752423517
NT,2040,42,148,95,0.25733825752423517
NT,2040,42,149,95,0.2650616250202951
NT,2040,42,150,95,0.26507267501079407
NT,2040,42,151,95,0.26508372546194586
NT,2040,42,152,95,0.26509477637377665
NT,2040,42,153,95,0.2542736297465721
NT,2040,42,154,95,0.2439807381582593
NT,2040,42,155,95,0.2439909093206742
NT,2040,42,156,95,0.24400108090711292
NT,2040,42,157,95,0.24401125291758644
NT,2040,42,158,95,0.2440214253521122
NT,2040,42,159,95,0.2440315982107141
NT,2040,42,160,95,0.2651832002550451
NT,2040,42,161,95,0.2651942553138176
NT,2040,42,162,95,0.2652053108334588
NT,2040,42,163,95,0.2652163668139861
NT,2040,42,164,95,0.2652274232554213
NT,2040,42,165,95,0.26523848015777973
NT,2040,42,166,95,0.2562229778591999
NT,2040,42,167,95,0.25055331455573027
NT,2040,52,0,95,0.0
NT,2040,52,1,95,0.5195984748063562
NT,2040,52,2,95,0.263066864877006
NT,2040,52,3,95,0.2630778317091828
NT,2040,52,4,95,0.26308879899854576
NT,2040,52,5,95,0.2630997667451189
NT,2040,52,6,95,0.26311073494891746
NT,2040,52,7,95,0.28535607853744366
NT,2040,52,8,95,0.28536797457088814
NT,2040,52,9,95,0.2669837685811961
NT,2040,52,10,95,0.23721279743903048
NT,2040,52,11,95,0.23722268645694403
NT,2040,52,12,95,0.23723257588711438
NT,2040,52,13,95,0.23724246572955898
NT,2040,52,14,95,0.23725235598429747
NT,2040,52,15,95,0.23726224665134077
NT,2040,52,16,95,0.257322166283165
NT,2040,52,17,95,0.25733289362814354
NT,2040,52,18,95,0.2573436214203312
NT,2040,52,19,95,0.2573543496597454
NT,2040,52,20,95,7.191016829858814e-05
NT,2040,52,21,95,7.191016829858814e-05
NT,2040,52,22,95,7.123584115383084e-05
NT,2040,52,23,95,7.123584115383084e-05
NT,2040,52,24,95,7.123584115383084e-05
NT,2040,52,25,95,7.104140575206283e-05
NT,2040,52,26,95,7.104027087763751e-05
NT,2040,52,27,95,7.104027087763751e-05
NT,2040,52,28,95,7.058962469212699e-05
NT,2040,52,29,95,7.058962469212699e-05
NT,2040,52,30,95,7.104027087763751e-05
NT,2040,52,31,95,7.104027087763751e-05
NT,2040,52,32,95,7.104027087763751e-05
NT,2040,52,33,95,7.104027087763751e-05
NT,2040,52,34,95,7.104027087763751e-05
NT,2040,52,35,95,7.103904089400232e-05
NT,2040,52,36,95,7.057135237189552e-05
NT,2040,52,37,95,7.057135237189552e-05
NT,2040,52,38,95,7.057135237189552e-05
NT,2040,52,39,95,7.057135237189552e-05
NT,2040,52,40,95,7.057135237189552e-05
NT,2040,52,41,95,7.080280165804856e-05
NT,2040,52,42,95,7.057135237189552e-05
NT,2040,52,43,95,7.057135237189552e-05
NT,2040,52,44,95,7.057135237189552e-05
NT,2040,52,45,95,7.057135237189552e-05
NT,2040,52,46,95,7.057135237189552e-05
NT,2040,52,47,95,7.057135237189552e-05
NT,2040,52,48,95,7.057135237189552e-05
NT,2040,52,49,95,7.038007932892274e-05
NT,2040,52,50,95,6.95620971928722e-05
NT,2040,52,51,95,6.95620971928722e-05
NT,2040,52,52,95,6.95620971928722e-05
NT,2040,52,53,95,6.95620971928722e-05
NT,2040,52,54,95,6.95620971928722e-05
NT,2040,52,55,95,7.038007932892274e-05
NT,2040,52,56,95,7.057135237189552e-05
NT,2040,52,57,95,7.057135237189552e-05
NT,2040,52,58,95,7.057135237189552e-05
NT,2040,52,59,95,7.057135237189552e-05
NT,2040,52,60,95,7.057135237189552e-05
NT,2040,52,61,95,7.057135237189552e-05
NT,2040,52,62,95,7.039799094625044e-05
NT,2040,52,63,95,7.040092572464867e-05
NT,2040,52,64,95,7.057135237189552e-05
NT,2040,52,65,95,7.057135237189552e-05
NT,2040,52,66,95,7.057135237189552e-05
NT,2040,52,67,95,7.080280165804856e-05
NT,2040,52,68,95,7.104027087763751e-05
NT,2040,52,69,95,7.104027087763751e-05
NT,2040,52,70,95,7.080280165804856e-05
NT,2040,52,71,95,7.057135237189552e-05
NT,2040,52,72,95,5.666061530446887e-05
NT,2040,52,73,95,5.6655891421023726e-05
NT,2040,52,74,95,6.566884872789208e-05
NT,2040,52,75,95,5.666061530446887e-05
NT,2040,52,76,95,5.666297739389262e-05
NT,2040,52,77,95,5.670402343553505e-05
NT,2040,52,78,95,5.704231876551504e-05
NT,2040,52,79,95,5.747109379453085e-05
NT,2040,52,80,95,5.7201558885421676e-05
NT,2040,52,81,95,5.719843963684961e-05
NT,2040,52,82,95,5.704231876551504e-05
NT,2040,52,83,95,5.424782578208651e-05
NT,2040,52,84,95,5.424782578208651e-05
NT,2040,52,85,95,5.424782578208651e-05
NT,2040,52,86,95,5.704231876551504e-05
NT,2040,52,87,95,5.719843963684961e-05
NT,2040,52,88,95,5.747109379453085e-05
NT,2040,52,89,95,5.747109379453085e-05
NT,2040,52,90,95,7.123584115383084e-05
NT,2040,52,91,95,7.123584115383084e-05
NT,2040,52,92,95,7.123584115383084e-05
NT,2040,52,93,95,7.123584115383084e-05
NT,2040,52,94,95,7.123584115383084e-05
NT,2040,52,95,95,5.747109379453085e-05
NT,2040,52,96,95,5.747109379453085e-05
NT,2040,52,97,95,7.104027087763751e-05
NT,2040,52,98,95,7.080280165804856e-05
NT,2040,52,99,95,7.057135237189552e-05
NT,2040,52,100,95,7.057135237189552e-05
NT,2040,52,101,95,7.104027087763751e-05
NT,2040,52,102,95,7.123584115383084e-05
NT,2040,52,103,95,7.123584115383084e-05
NT,2040,52,104,95,7.123584115383084e-05
NT,2040,52,105,95,7.123584115383084e-05
NT,2040,52,106,95,7.123584115383084e-05
NT,2040,52,107,95,7.123584115383084e-05
NT,2040,52,108,95,7.123584115383084e-05
NT,2040,52,109,95,7.104027087763751e-05
NT,2040,52,110,95,7.104140575206283e-05
NT,2040,52,111,95,7.123584115383084e-05
NT,2040,52,112,95,7.123584115383084e-05
NT,2040,52,113,95,7.168937156015178e-05
NT,2040,52,114,95,7.168937156015178e-05
NT,2040,52,115,95,7.123584115383084e-05
NT,2040,52,116,95,7.123584115383084e-05
NT,2040,52,117,95,7.123584115383084e-05
NT,2040,52,118,95,7.123584115383084e-05
NT,2040,52,119,95,7.104027087763751e-05
NT,2040,52,120,95,7.057135237189552e-05
NT,2040,52,121,95,7.057135237189552e-05
NT,2040,52,122,95,7.057429437744961e-05
NT,2040,52,123,95,7.057723650565279e-05
NT,2040,52,124,95,7.058017875650715e-05
NT,2040,52,125,95,7.058312113002018e-05
NT,2040,52,126,95,7.104027087763751e-05
NT,2040,52,127,95,7.104140575206283e-05
NT,2040,52,128,95,7.123584115383084e-05
NT,2040,52,129,95,7.104027087763751e-05
NT,2040,52,130,95,7.059783483762698e-05
NT,2040,52,131,95,7.060077794719308e-05
NT,2040,52,132,95,7.06037211794519e-05
NT,2040,52,133,95,7.060666453440983e-05
NT,2040,52,134,95,7.060960801207327e-05
NT,2040,52,135,95,7.080280165804856e-05
NT,2040,52,136,95,7.123584115383084e-05
NT,2040,52,137,95,0.24969485264447333
NT,2040,52,138,95,0.2588888831580107
NT,2040,52,139,95,0.20846577397156635
NT,2040,52,140,95,0.20847446457255592
NT,2040,52,141,95,0.20848315553584523
NT,2040,52,142,95,0.2084918468614473
NT,2040,52,143,95,0.20850053854937525
NT,2040,52,144,95,0.2084744638479151
NT,2040,52,145,95,0.19744384665212997
NT,2040,52,146,95,0.20043711230127914
NT,2040,52,147,95,0.20337158216361412
NT,2040,52,148,95,0.20834841679793778
NT,2040,52,149,95,0.20855269628667794
NT,2040,52,150,95,0.2085613905113187
NT,2040,52,151,95,0.20857008509841177
NT,2040,52,152,95,0.20857878004797023
NT,2040,52,153,95,0.2078342291993229
NT,2040,52,154,95,0.23954673281385933
NT,2040,52,155,95,0.19235079303908506
NT,2040,52,156,95,0.19235881183258274
NT,2040,52,157,95,0.19236683096037424
NT,2040,52,158,95,0.19237485042246608
NT,2040,52,159,95,0.19238287021888226
NT,2040,52,160,95,0.2676012971687837
NT,2040,52,161,95,0.26761245303410597
NT,2040,52,162,95,0.2676236093645005
NT,2040,52,163,95,0.2676347661599783
NT,2040,52,164,95,0.2676459234205741
NT,2040,52,165,95,0.26765708114629677
NT,2040,52,166,95,0.2676682393371636
NT,2040,52,167,95,0.24536565526826157
GA,2040,11,0,95,0.0
GA,2040,11,1,95,7.057135237189552e-05
GA,2040,11,2,95,7.057135237189552e-05
GA,2040,11,3,95,7.057135237189552e-05
GA,2040,11,4,95,7.057135237189552e-05
GA,2040,11,5,95,7.104027087763751e-05
GA,2040,11,6,95,7.123584115383084e-05
GA,2040,11,7,95,7.123584115383084e-05
GA,2040,11,8,95,7.104140575206283e-05
GA,2040,11,9,95,7.096153032280497e-05
GA,2040,11,10,95,7.080280165804856e-05
GA,2040,11,11,95,7.056546872870689e-05
GA,2040,11,12,95,7.056841048898306e-05
GA,2040,11,13,95,7.057135237189552e-05
GA,2040,11,14,95,7.057429437744961e-05
GA,2040,11,15,95,7.057723650565279e-05
GA,2040,11,16,95,7.058017875650715e-05
GA,2040,11,17,95,7.058312113002018e-05
GA,2040,11,18,95,7.104140575206283e-05
GA,2040,11,19,95,7.123584115383084e-05
GA,2040,11,20,95,7.123584115383084e-05
GA,2040,11,21,95,5.747109379453085e-05
GA,2040,11,22,95,7.096153032280497e-05
GA,2040,11,23,95,7.096153032280497e-05
GA,2040,11,24,95,7.096153032280497e-05
GA,2040,11,25,95,5.747109379453085e-05
GA,2040,11,26,95,5.7201558885421676e-05
GA,2040,11,27,95,5.7201558885421676e-05
GA,2040,11,28,95,5.7201558885421676e-05
GA,2040,11,29,95,5.766460227827478e-05
GA,2040,11,30,95,6.259293828850196e-05
GA,2040,11,31,95,7.795748485919453e-05
GA,2040,11,32,95,6.259815719403116e-05
GA,2040,11,33,95,7.188918706704877e-05
GA,2040,11,34,95,7.191016829858814e-05
GA,2040,11,35,95,7.189518107989025e-05
GA,2040,11,36,95,7.189817827372325e-05
GA,2040,11,37,95,7.19011755925038e-05
GA,2040,11,38,95,7.190417303623932e-05
GA,2040,11,39,95,7.190717060493198e-05
GA,2040,11,40,95,7.191016829858814e-05
GA,2040,11,41,95,0.2592018989334298
GA,2040,11,42,95,0.2592127046414256
GA,2040,11,43,95,0.25922351079989214
GA,2040,11,44,95,0.25923431740885144
GA,2040,11,45,95,0.2592451244683186
GA,2040,11,46,95,0.2583005365892018
GA,2040,11,47,95,7.181640747849315e-05
GA,2040,11,48,95,7.123584115383084e-05
GA,2040,11,49,95,7.123584115383084e-05
GA,2040,11,50,95,7.104027087763751e-05
GA,2040,11,51,95,7.104027087763751e-05
GA,2040,11,52,95,7.104027087763751e-05
GA,2040,11,53,95,7.104027087763751e-05
GA,2040,11,54,95,7.096153032280497e-05
GA,2040,11,55,95,5.747109379449998e-05
GA,2040,11,56,95,5.747109379453085e-05
GA,2040,11,57,95,7.104027087763751e-05
GA,2040,11,58,95,7.079689871857496e-05
GA,2040,11,59,95,7.079985012679293e-05
GA,2040,11,60,95,7.080280165804856e-05
GA,2040,11,61,95,7.059800816548468e-05
GA,2040,11,62,95,7.039320613541157e-05
GA,2040,11,63,95,7.08116569901063e-05
GA,2040,11,64,95,7.081460901357322e-05
GA,2040,11,65,95,7.096153032280497e-05
GA,2040,11,66,95,5.005450711354353e-05
GA,2040,11,67,95,0.0
GA,2040,11,68,95,0.0
GA,2040,11,69,95,1.7189884291882894e-05
GA,2040,11,70,95,5.005450711354353e-05
GA,2040,11,71,95,5.7201558885421676e-05
GA,2040,11,72,95,5.7201558885421676e-05
GA,2040,11,73,95,5.7201558885421676e-05
GA,2040,11,74,95,5.7201558885421676e-05
GA,2040,11,75,95,5.7201558885421676e-05
GA,2040,11,76,95,5.7201558885421676e-05
GA,2040,11,77,95,1.7189884291882894e-05
GA,2040,11,78,95,0.0
GA,2040,11,79,95,0.0
GA,2040,11,80,95,0.0
GA,2040,11,81,95,0.0
GA,2040,11,82,95,5.7201558885421676e-05
GA,2040,11,83,95,5.704231876551504e-05
GA,2040,11,84,95,5.7044696767537125e-05
GA,2040,11,85,95,5.704707486869452e-05
GA,2040,11,86,95,5.704945306899149e-05
GA,2040,11,87,95,5.719843963684961e-05
GA,2040,11,88,95,5.7201558885421676e-05
GA,2040,11,89,95,0.0
GA,2040,11,90,95,0.13412787679453
GA,2040,11,91,95,0.13413346836880527
GA,2040,11,92,95,0.0
GA,2040,11,93,95,0.0
GA,2040,11,94,95,0.0
GA,2040,11,95,95,0.0
GA,2040,11,96,95,0.0
GA,2040,11,97,95,0.0
GA,2040,11,98,95,0.0
GA,2040,11,99,95,0.11808126442636464
GA,2040,11,100,95,0.0
GA,2040,11,101,95,0.044300928919281814
GA,2040,11,102,95,0.134194991072837
GA,2040,11,103,95,0.1342005854449961
GA,2040,11,104,95,0.13420618005037926
GA,2040,11,105,95,0.123754261813188
GA,2040,11,106,95,0.12375942092823251
GA,2040,11,107,95,0.20231305535706778
GA,2040,11,108,95,0.20232148946117456
GA,2040,11,109,95,0.20232992391688015
GA,2040,11,110,95,0.20233835872420855
GA,2040,11,111,95,0.20234679388317064
GA,2040,11,112,95,0.21733776007873024
GA,2040,11,113,95,0.2762397998251628
GA,2040,11,114,95,0.2762513158156932
GA,2040,11,115,95,0.276262832286305
GA,2040,11,116,95,0.2762743492370222
GA,2040,11,117,95,0.2762858666678558
GA,2040,11,118,95,0.2762973845788406
GA,2040,11,119,95,0.27630890296998317
GA,2040,11,120,95,0.2602848332014452
GA,2040,11,121,95,0.24791797290747236
GA,2040,11,122,95,0.2688788070983252
GA,2040,11,123,95,0.2562600112618172
GA,2040,11,124,95,0.24243274597395
GA,2040,11,125,95,0.2582574687008704
GA,2040,11,126,95,0.2582574687008704
GA,2040,11,127,95,0.26023032525057255
GA,2040,11,128,95,0.26148404386076557
GA,2040,11,129,95,0.25636927511681784
GA,2040,11,130,95,0.249548665335236
GA,2040,11,131,95,0.2399435779417186
GA,2040,11,132,95,0.23995358080145587
GA,2040,11,133,95,0.23996358407819426
GA,2040,11,134,95,0.2399735877719556
GA,2040,11,135,95,0.23998359188275079
GA,2040,11,136,95,0.23999359641060597
GA,2040,11,137,95,0.26306138176569127
GA,2040,11,138,95,0.26307234836928806
GA,2040,11,139,95,0.2630833154300645
GA,2040,11,140,95,0.2630942829480315
GA,2040,11,141,95,0.2631052509232239
GA,2040,11,142,95,0.2631162193556526
GA,2040,11,143,95,0.2631271882453307
GA,2040,11,144,95,0.2625565895621819
GA,2040,11,145,95,0.24995644351267668
GA,2040,11,146,95,0.20895055507774093
GA,2040,11,147,95,0.2582574687008704
GA,2040,11,148,95,0.2582574687008704
GA,2040,11,149,95,0.259595850276713
GA,2040,11,150,95,0.2569190871250235
GA,2040,11,151,95,0.25861386095409017
GA,2040,11,152,95,0.2632259288321536
GA,2040,11,153,95,0.26323690229544633
GA,2040,11,154,95,0.2632478762162043
GA,2040,11,155,95,0.26047982902109246
GA,2040,11,156,95,0.2534924071102962
GA,2040,11,157,95,0.23723257588711438
GA,2040,11,158,95,0.23724246572955898
GA,2040,11,159,95,0.23725235598429747
GA,2040,11,160,95,0.2372622466513364
GA,2040,11,161,95,0.23727213773071062
GA,2040,11,162,95,0.2573328936281457
GA,2040,11,163,95,0.2573436214203312
GA,2040,11,164,95,0.257354349659741
GA,2040,11,165,95,0.25736507834639494
GA,2040,11,166,95,7.191016829858814e-05
GA,2040,11,167,95,7.123584115383084e-05
GA,2040,21,0,95,0.0
GA,2040,21,1,95,0.41864261435169103
GA,2040,21,2,95,0.1311032366222316
GA,2040,21,3,95,0.21336625773564458
GA,2040,21,4,95,0.2133751526298794
GA,2040,21,5,95,0.23108772108027972
GA,2040,21,6,95,0.23142512654059938
GA,2040,21,7,95,0.2314347742798748
GA,2040,21,8,95,0.20657670820553292
GA,2040,21,9,95,0.20658532005443153
GA,2040,21,10,95,0.21372991481072345
GA,2040,21,11,95,0.21757967113000742
GA,2040,21,12,95,0.21158368754527176
GA,2040,21,13,95,0.2086395930035242
GA,2040,21,14,95,0.25733825752423517
GA,2040,21,15,95,0.2597992374031781
GA,2040,21,16,95,0.2582574687008704
GA,2040,21,17,95,0.2579532123141627
GA,2040,21,18,95,0.2649113825840811
GA,2040,21,19,95,0.2783605614930739
GA,2040,21,20,95,0.2709862063203769
GA,2040,21,21,95,0.2579962296131255
GA,2040,21,22,95,0.2605047688128208
GA,2040,21,23,95,0.25801774095268276
GA,2040,21,24,95,0.2582574687008704
GA,2040,21,25,95,0.2582574687008704
GA,2040,21,26,95,0.2079549179360384
GA,2040,21,27,95,0.2072085214398855
GA,2040,21,28,95,0.20721715962805562
GA,2040,21,29,95,0.2242291167653445
GA,2040,21,30,95,0.22423846451460905
GA,2040,21,31,95,0.2242478126535644
GA,2040,21,32,95,0.22007761856749772
GA,2040,21,33,95,0.20517745188737832
GA,2040,21,34,95,0.21927637714860052
GA,2040,21,35,95,0.20579066620437372
GA,2040,21,36,95,0.2050981160012152
GA,2040,21,37,95,0.20517745188737832
GA,2040,21,38,95,0.20517745188737832
GA,2040,21,39,95,0.2555312428764347
GA,2040,21,40,95,0.20513231897505751
GA,2040,21,41,95,0.20514087060970354
GA,2040,21,42,95,0.20733813208101695
GA,2040,21,43,95,0.21650096103614536
GA,2040,21,44,95,0.2125586160341592
GA,2040,21,45,95,0.2072085214398855
GA,2040,21,46,95,0.20737270860880838
GA,2040,21,47,95,0.20727781545443633
GA,2040,21,48,95,0.20697504025641617
GA,2040,21,49,95,0.12732491350418979
GA,2040,21,50,95,0.12779842707169672
GA,2040,21,51,95,0.12685139993668942
GA,2040,21,52,95,0.12732491350418979
GA,2040,21,53,95,0.13616715710174956
GA,2040,21,54,95,0.13617283369032135
GA,2040,21,55,95,0.13617851051554675
GA,2040,21,56,95,0.0
GA,2040,21,57,95,0.0
GA,2040,21,58,95,0.0
GA,2040,21,59,95,3.5356022114118233e-05
GA,2040,21,60,95,3.5149054135324145e-05
GA,2040,21,61,95,3.5150519442549175e-05
GA,2040,21,62,95,3.51519848108608e-05
GA,2040,21,63,95,3.5153450240262215e-05
GA,2040,21,64,95,3.5154915730752365e-05
GA,2040,21,65,95,5.1892790393067846e-05
GA,2040,21,66,95,5.797395902226622e-05
GA,2040,21,67,95,6.287550983845895e-05
GA,2040,21,68,95,6.287813101678312e-05
GA,2040,21,69,95,5.798120984632854e-05
GA,2040,21,70,95,5.7983626989202063e-05
GA,2040,21,71,95,5.7986044232841867e-05
GA,2040,21,72,95,5.798846157725327e-05
GA,2040,21,73,95,0.11571031207028731
GA,2040,21,74,95,0.20513896543238594
GA,2040,21,75,95,0.20514751734410827
GA,2040,21,76,95,0.20515606961235253
GA,2040,21,77,95,0.20516462223712306
GA,2040,21,78,95,0.2051731752184417
GA,2040,21,79,95,0.20518172855631497
GA,2040,21,80,95,0.12443601660786623
GA,2040,21,81,95,5.7901999465589365e-05
GA,2040,21,82,95,5.7451975805157065e-05
GA,2040,21,83,95,3.53560221141193e-05
GA,2040,21,84,95,3.5149054135325215e-05
GA,2040,21,85,95,3.515051944255024e-05
GA,2040,21,86,95,3.515198481086186e-05
GA,2040,21,87,95,3.515345024026328e-05
GA,2040,21,88,95,3.5154915730752365e-05
GA,2040,21,89,95,5.766460227827478e-05
GA,2040,21,90,95,5.797395902226622e-05
GA,2040,21,91,95,0.20838323137406983
GA,2040,21,92,95,0.20839191853399494
GA,2040,21,93,95,0.19870507953505195
GA,2040,21,94,95,0.20916873534381092
GA,2040,21,95,95,0.20841798218675742
GA,2040,21,96,95,0.20362112796926576
GA,2040,21,97,95,0.20673377580548874
GA,2040,21,98,95,0.20517745188737832
GA,2040,21,99,95,0.2084527387946247
GA,2040,21,100,95,0.20922106023479947
GA,2040,21,101,95,0.20922978232245265
GA,2040,21,102,95,0.20923850477371372
GA,2040,21,103,95,0.20848750119864626
GA,2040,21,104,95,0.20849619270541345
GA,2040,21,105,95,3.7045791818544755e-05
GA,2040,21,106,95,3.6836341884981416e-05
GA,2040,21,107,95,3.5572043583543774e-05
GA,2040,21,108,95,3.557352652451349e-05
GA,2040,21,109,95,3.557500952730864e-05
GA,2040,21,110,95,3.5576492591923895e-05
GA,2040,21,111,95,3.557797571836671e-05
GA,2040,21,112,95,3.557945890663921e-05
GA,2040,21,113,95,5.867162709730112e-05
GA,2040,21,114,95,0.2591253276551722
GA,2040,21,115,95,0.25913613017103
GA,2040,21,116,95,0.2591469331372278
GA,2040,21,117,95,0.2591577365537918
GA,2040,21,118,95,0.2591685404207264
GA,2040,21,119,95,0.20810667586707457
GA,2040,21,120,95,0.2064843950402955
GA,2040,21,121,95,0.20517745188737832
GA,2040,21,122,95,0.20813270384442678
GA,2040,21,123,95,0.2081413805602654
GA,2040,21,124,95,0.2081500576378216
GA,2040,21,125,95,0.2081587350771106
GA,2040,21,126,95,0.2081674128781499
GA,2040,21,127,95,0.1273512798372581
GA,2040,21,128,95,0.12554689308350253
GA,2040,21,129,95,3.5149054135325215e-05
GA,2040,21,130,95,3.576993218866244e-05
GA,2040,21,131,95,3.556298146511141e-05
GA,2040,21,132,95,3.5356022114118233e-05
GA,2040,21,133,95,3.5149054135324145e-05
GA,2040,21,134,95,3.5150519442549175e-05
GA,2040,21,135,95,3.51519848108608e-05
GA,2040,21,136,95,3.515345024026328e-05
GA,2040,21,137,95,5.7969125643316626e-05
GA,2040,21,138,95,0.26089330646224806
GA,2040,21,139,95,0.2609041826822894
GA,2040,21,140,95,0.260915059355745
GA,2040,21,141,95,0.26092593648262574
GA,2040,21,142,95,0.2609368140629578
GA,2040,21,143,95,0.2609476920967609
GA,2040,21,144,95,0.2582574687008704
GA,2040,21,145,95,0.2582574687008704
GA,2040,21,146,95,0.2582574687008704
GA,2040,21,147,95,0.26099120876702686
GA,2040,21,148,95,0.2610020890684528
GA,2040,21,149,95,0.26101296982346306
GA,2040,21,150,95,0.26102385103207504
GA,2040,21,151,95,0.26103473269430844
GA,2040,21,152,95,0.2582899566678176
GA,2040,21,153,95,0.23914045977733134
GA,2040,21,154,95,0.2355176458073143
GA,2040,21,155,95,0.23552746415709705
GA,2040,21,156,95,0.23553728291619105
GA,2040,21,157,95,0.2355471020846137
GA,2040,21,158,95,0.2355569216623825
GA,2040,21,159,95,0.23556674164951052
GA,2040,21,160,95,0.23557656204601735
GA,2040,21,161,95,0.238099819853158
GA,2040,21,162,95,0.25823055416936946
GA,2040,21,163,95,0.2582413193835716
GA,2040,21,164,95,0.25825208504655706
GA,2040,21,165,95,0.25826285115834763
GA,2040,21,166,95,0.25827361771895857
GA,2040,21,167,95,0.25828438472841164
GA,2040,42,0,95,0.0
GA,2040,42,1,95,0.25103373745705415
GA,2040,42,2,95,0.1355812824960068
GA,2040,42,3,95,0.1355869346604154
GA,2040,42,4,95,0.13559258706045946
GA,2040,42,5,95,0.14705659550466607
GA,2040,42,6,95,0.14706272605632426
GA,2040,42,7,95,0.14706885686354362
GA,2040,42,8,95,0.20715238194848937
GA,2040,42,9,95,0.20716101779629104
GA,2040,42,10,95,0.20716965400412055
GA,2040,42,11,95,0.22468532144859063
GA,2040,42,12,95,0.2071869274998587
GA,2040,42,13,95,0.20719556478780224
GA,2040,42,14,95,0.2072042024358281
GA,2040,42,15,95,0.20721284044394725
GA,2040,42,16,95,0.22473215919209705
GA,2040,42,17,95,0.2247415279123858
GA,2040,42,18,95,0.2247508970232418
GA,2040,42,19,95,0.22476026652466938
GA,2040,42,20,95,0.2247696364167187
GA,2040,42,21,95,0.20727781545443633
GA,2040,42,22,95,0.21455334602088497
GA,2040,42,23,95,0.25494573172038193
GA,2040,42,24,95,0.25495635999564714
GA,2040,42,25,95,0.2555312428764347
GA,2040,42,26,95,0.25607423827289194
GA,2040,42,27,95,0.2549882474799753
GA,2040,42,28,95,0.25499887752765293
GA,2040,42,29,95,0.26329166681642485
GA,2040,42,30,95,0.2709594024033085
GA,2040,42,31,95,0.2765814432226902
GA,2040,42,32,95,0.20568783172982327
GA,2040,42,33,95,0.25505203441366386
GA,2040,42,34,95,0.2542123693133493
GA,2040,42,35,95,0.2030333932493162
GA,2040,42,36,95,0.20304185738313899
GA,2040,42,37,95,0.2030503218698186
GA,2040,42,38,95,0.20305878670937252
GA,2040,42,39,95,0.2030672519018116
GA,2040,42,40,95,0.20307571744715117
GA,2040,42,41,95,0.22024525296600966
GA,2040,42,42,95,0.22025443463442676
GA,2040,42,43,95,0.22026361668562525
GA,2040,42,44,95,0.21350827981516834
GA,2040,42,45,95,0.2048951472001824
GA,2040,42,46,95,0.20490368894751965
GA,2040,42,47,95,0.20313498614696165
GA,2040,42,48,95,0.25521157156721286
GA,2040,42,49,95,0.2555312428764347
GA,2040,42,50,95,0.25301916498881816
GA,2040,42,51,95,0.2031688617414957
GA,2040,42,52,95,0.20399308868176538
GA,2040,42,53,95,0.2654319375327292
GA,2040,42,54,95,0.21927637714860052
GA,2040,42,55,95,0.22037383116171627
GA,2040,42,56,95,0.20517745188737832
GA,2040,42,57,95,0.2049976716735463
GA,2040,42,58,95,0.20728015910790043
GA,2040,42,59,95,0.2086611602057651
GA,2040,42,60,95,0.20324510248562502
GA,2040,42,61,95,0.2032535754452666
GA,2040,42,62,95,0.2032620487581335
GA,2040,42,63,95,0.1249051028682014
GA,2040,42,64,95,0.140714773793483
GA,2040,42,65,95,0.1407206399648396
GA,2040,42,66,95,0.14072650638075124
GA,2040,42,67,95,0.14073237304123098
GA,2040,42,68,95,0.1407382399462745
GA,2040,42,69,95,0.1301144901808777
GA,2040,42,70,95,0.13218607673586605
GA,2040,42,71,95,0.12981007245411347
GA,2040,42,72,95,0.1312698848202566
GA,2040,42,73,95,0.1312698848202566
GA,2040,42,74,95,0.12980466110770758
GA,2040,42,75,95,0.12981007245411347
GA,2040,42,76,95,0.13455462270909446
GA,2040,42,77,95,0.14079105309907103
GA,2040,42,78,95,0.14079692245039738
GA,2040,42,79,95,0.14080279204640958
GA,2040,42,80,95,0.13742754779712302
GA,2040,42,81,95,0.21121764466663223
GA,2040,42,82,95,0.21122644998866713
GA,2040,42,83,95,0.21123525567777443
GA,2040,42,84,95,0.2112440617339846
GA,2040,42,85,95,0.21125286815729988
GA,2040,42,86,95,0.211261674947742
GA,2040,42,87,95,0.21127048210532628
GA,2040,42,88,95,0.22953620162973007
GA,2040,42,89,95,0.22954577062277515
GA,2040,42,90,95,0.2295553400147489
GA,2040,42,91,95,0.22956490980563823
GA,2040,42,92,95,0.22957447999548242
GA,2040,42,93,95,0.13966306827723302
GA,2040,42,94,95,0.2117041457664368
GA,2040,42,95,95,0.21171297136990985
GA,2040,42,96,95,0.21172179734130994
GA,2040,42,97,95,0.21173062368065235
GA,2040,42,98,95,0.21173945038795233
GA,2040,42,99,95,0.21174827746322297
GA,2040,42,100,95,0.2117571049064817
GA,2040,42,101,95,0.22966062965955056
GA,2040,42,102,95,0.24065233916824344
GA,2040,42,103,95,0.24066237157509046
GA,2040,42,104,95,0.28541390090908486
GA,2040,42,105,95,0.214804121096563
GA,2040,42,106,95,0.21669249341667443
GA,2040,42,107,95,0.2148220311427444
GA,2040,42,108,95,0.21483098672581458
GA,2040,42,109,95,0.21483994268223858
GA,2040,42,110,95,0.21484889901201637
GA,2040,42,111,95,0.21485785571516758
GA,2040,42,112,95,0.2601568881983567
GA,2040,42,113,95,0.26294342559208167
GA,2040,42,114,95,0.2629543872782705
GA,2040,42,115,95,0.2629653494214384
GA,2040,42,116,95,0.2629763120215984
GA,2040,42,117,95,0.2629872750787701
GA,2040,42,118,95,0.24677770143336214
GA,2040,42,119,95,0.25661174156321875
GA,2040,42,120,95,0.25733825752423517
GA,2040,42,121,95,0.23997600292224375
GA,2040,42,122,95,0.2399860071337228
GA,2040,42,123,95,0.23999601176226404
GA,2040,42,124,95,0.24598704677127617
GA,2040,42,125,95,0.26029791522944035
GA,2040,42,126,95,0.2603087666285811
GA,2040,42,127,95,0.26031961848010043
GA,2040,42,128,95,0.26033047078401583
GA,2040,42,129,95,0.24381052082224924
GA,2040,42,130,95,0.23798391475971734
GA,2040,42,131,95,0.23701648269691117
GA,2040,42,132,95,0.23702636353077805
GA,2040,42,133,95,0.23703624477656382
GA,2040,42,134,95,0.23704612643428372
GA,2040,42,135,95,0.2370560085039508
GA,2040,42,136,95,0.2551369379478336
GA,2040,42,137,95,0.2621745139988194
GA,2040,42,138,95,0.2621854436303297
GA,2040,42,139,95,0.26219637371748034
GA,2040,42,140,95,0.2622073042602822
GA,2040,42,141,95,0.26221823525876803
GA,2040,42,142,95,0.2555312428764347
GA,2040,42,143,95,0.25733825752423517
GA,2040,42,144,95,0.25733825752423517
GA,2040,42,145,95,0.25733825752423517
GA,2040,42,146,95,0.25733825752423517
GA,2040,42,147,95,0.2555312428764347
GA,2040,42,148,95,0.260531437901232
GA,2040,42,149,95,0.2623056996532628
GA,2040,42,150,95,0.262316634753689
GA,2040,42,151,95,0.26232757030998444
GA,2040,42,152,95,0.26233850632216227
GA,2040,42,153,95,0.24841107246238636
GA,2040,42,154,95,0.23981958215933277
GA,2040,42,155,95,0.23982957984988587
GA,2040,42,156,95,0.23983957795722863
GA,2040,42,157,95,0.23984957648137192
GA,2040,42,158,95,0.23985957542233977
GA,2040,42,159,95,0.23986957478014523
GA,2040,42,160,95,0.26242601083376316
GA,2040,42,161,95,0.26243695094976954
GA,2040,42,162,95,0.2624478915218523
GA,2040,42,163,95,0.2624588325500267
GA,2040,42,164,95,0.26246977403432115
GA,2040,42,165,95,0.26248071597473993
GA,2040,42,166,95,0.26249165837131794
GA,2040,42,167,95,0.24704239822665416
GA,2040,52,0,95,0.0
GA,2040,52,1,95,0.5122391346595646
GA,2040,52,2,95,0.2629598680071174
GA,2040,52,3,95,0.26297083037874974
GA,2040,52,4,95,0.26298179320742
GA,2040,52,5,95,0.26299275649309106
GA,2040,52,6,95,0.2710380294975375
GA,2040,52,7,95,0.2852400160024588
GA,2040,52,8,95,0.28525190719745247
GA,2040,52,9,95,0.2827896487104712
GA,2040,52,10,95,0.1915249907478433
GA,2040,52,11,95,7.191016829858814e-05
GA,2040,52,12,95,7.19011755925038e-05
GA,2040,52,13,95,7.190417303623932e-05
GA,2040,52,14,95,7.190717060493198e-05
GA,2040,52,15,95,7.191016829858814e-05
GA,2040,52,16,95,7.798999017138788e-05
GA,2040,52,17,95,7.799324144795624e-05
GA,2040,52,18,95,7.79964928600649e-05
GA,2040,52,19,95,7.191016829858814e-05
GA,2040,52,20,95,7.191016829858814e-05
GA,2040,52,21,95,7.123584115383084e-05
GA,2040,52,22,95,7.123584115383084e-05
GA,2040,52,23,95,7.123584115383084e-05
GA,2040,52,24,95,7.104140575206283e-05
GA,2040,52,25,95,7.104027087763751e-05
GA,2040,52,26,95,7.058962469212699e-05
GA,2040,52,27,95,7.058962469212699e-05
GA,2040,52,28,95,7.057135237189552e-05
GA,2040,52,29,95,7.057135237189552e-05
GA,2040,52,30,95,7.057135237189552e-05
GA,2040,52,31,95,7.058962469212699e-05
GA,2040,52,32,95,7.104027087763751e-05
GA,2040,52,33,95,7.058962469212699e-05
GA,2040,52,34,95,7.057135237189552e-05
GA,2040,52,35,95,7.057135237189552e-05
GA,2040,52,36,95,7.057135237189552e-05
GA,2040,52,37,95,7.057135237189552e-05
GA,2040,52,38,95,7.057135237189552e-05
GA,2040,52,39,95,7.057135237189552e-05
GA,2040,52,40,95,7.057135237189552e-05
GA,2040,52,41,95,7.057135237189552e-05
GA,2040,52,42,95,7.057135237189552e-05
GA,2040,52,43,95,7.057135237189552e-05
GA,2040,52,44,95,7.057135237189552e-05
GA,2040,52,45,95,7.057135237189552e-05
GA,2040,52,46,95,7.057135237189552e-05
GA,2040,52,47,95,7.057135237189552e-05
GA,2040,52,48,95,7.038007932892274e-05
GA,2040,52,49,95,6.95620971928722e-05
GA,2040,52,50,95,5.648990539860774e-05
GA,2040,52,51,95,5.651131023270926e-05
GA,2040,52,52,95,5.651131023270926e-05
GA,2040,52,53,95,5.648990539860774e-05
GA,2040,52,54,95,6.95620971928722e-05
GA,2040,52,55,95,6.95620971928722e-05
GA,2040,52,56,95,7.038007932892274e-05
GA,2040,52,57,95,7.038007932892274e-05
GA,2040,52,58,95,7.057135237189552e-05
GA,2040,52,59,95,7.057135237189552e-05
GA,2040,52,60,95,7.057135237189552e-05
GA,2040,52,61,95,7.038007932892274e-05
GA,2040,52,62,95,7.038007932892274e-05
GA,2040,52,63,95,7.038007932892274e-05
GA,2040,52,64,95,7.038007932892274e-05
GA,2040,52,65,95,7.057135237189552e-05
GA,2040,52,66,95,7.057135237189552e-05
GA,2040,52,67,95,7.057135237189552e-05
GA,2040,52,68,95,7.057135237189552e-05
GA,2040,52,69,95,7.057135237189552e-05
GA,2040,52,70,95,7.057135237189552e-05
GA,2040,52,71,95,5.6664891904875854e-05
GA,2040,52,72,95,5.651131023270926e-05
GA,2040,52,73,95,5.651131023270926e-05
GA,2040,52,74,95,5.648990539860774e-05
GA,2040,52,75,95,5.651131023270926e-05
GA,2040,52,76,95,5.651366609784602e-05
GA,2040,52,77,95,5.666061530446887e-05
GA,2040,52,78,95,5.701034889452464e-05
GA,2040,52,79,95,5.719843963684961e-05
GA,2040,52,80,95,5.719843963684961e-05
GA,2040,52,81,95,5.704231876551504e-05
GA,2040,52,82,95,5.502329203496608e-05
GA,2040,52,83,95,5.65301599039651e-05
GA,2040,52,84,95,5.6532516554913156e-05
GA,2040,52,85,95,5.6534873304105454e-05
GA,2040,52,86,95,5.502329203496608e-05
GA,2040,52,87,95,5.719843963684961e-05
GA,2040,52,88,95,5.747109379449998e-05
GA,2040,52,89,95,5.747109379449998e-05
GA,2040,52,90,95,5.747109379453085e-05
GA,2040,52,91,95,5.747109379453085e-05
GA,2040,52,92,95,5.747109379453085e-05
GA,2040,52,93,95,5.747109379453085e-05
GA,2040,52,94,95,5.747109379453085e-05
GA,2040,52,95,95,5.747109379453085e-05
GA,2040,52,96,95,7.096153032280497e-05
GA,2040,52,97,95,7.057135237189552e-05
GA,2040,52,98,95,7.057135237189552e-05
GA,2040,52,99,95,7.045052985878225e-05
GA,2040,52,100,95,7.057135237189552e-05
GA,2040,52,101,95,7.057135237189552e-05
GA,2040,52,102,95,7.104027087763751e-05
GA,2040,52,103,95,7.123584115383084e-05
GA,2040,52,104,95,7.123584115383084e-05
GA,2040,52,105,95,7.123584115383084e-05
GA,2040,52,106,95,7.123584115383084e-05
GA,2040,52,107,95,7.104027087763751e-05
GA,2040,52,108,95,7.104027087763751e-05
GA,2040,52,109,95,7.057135237189552e-05
GA,2040,52,110,95,7.057135237189552e-05
GA,2040,52,111,95,7.104027087763751e-05
GA,2040,52,112,95,7.123584115383084e-05
GA,2040,52,113,95,7.123584115383084e-05
GA,2040,52,114,95,7.123584115383084e-05
GA,2040,52,115,95,7.123584115383084e-05
GA,2040,52,116,95,7.123584115383084e-05
GA,2040,52,117,95,7.104140575206283e-05
GA,2040,52,118,95,7.104027087763751e-05
GA,2040,52,119,95,7.057135237189552e-05
GA,2040,52,120,95,7.057135237189552e-05
GA,2040,52,121,95,7.057135237189552e-05
GA,2040,52,122,95,7.057135237189552e-05
GA,2040,52,123,95,7.057135237189552e-05
GA,2040,52,124,95,7.057135237189552e-05
GA,2040,52,125,95,7.057135237189552e-05
GA,2040,52,126,95,7.057135237189552e-05
GA,2040,52,127,95,7.104027087763751e-05
GA,2040,52,128,95,7.104140575206283e-05
GA,2040,52,129,95,7.080280165804856e-05
GA,2040,52,130,95,7.05416328436097e-05
GA,2040,52,131,95,7.054457361020554e-05
GA,2040,52,132,95,7.054751449939722e-05
GA,2040,52,133,95,5.774095221670126e-05
GA,2040,52,134,95,7.055339664558835e-05
GA,2040,52,135,95,7.058312113002018e-05
GA,2040,52,136,95,7.123584115383084e-05
GA,2040,52,137,95,7.191016829858814e-05
GA,2040,52,138,95,7.191016829858814e-05
GA,2040,52,139,95,6.275559432612426e-05
GA,2040,52,140,95,6.275821050536615e-05
GA,2040,52,141,95,6.276082679367072e-05
GA,2040,52,142,95,6.276344319104544e-05
GA,2040,52,143,95,6.27660596974924e-05
GA,2040,52,144,95,5.7901999465589365e-05
GA,2040,52,145,95,5.7901999465589365e-05
GA,2040,52,146,95,5.7901999465589365e-05
GA,2040,52,147,95,5.7901999465589365e-05
GA,2040,52,148,95,6.27791438659922e-05
GA,2040,52,149,95,6.278176102697602e-05
GA,2040,52,150,95,6.278437829706404e-05
GA,2040,52,151,95,6.278699567626372e-05
GA,2040,52,152,95,6.278961316457612e-05
GA,2040,52,153,95,5.7901999465589365e-05
GA,2040,52,154,95,5.7901999465589365e-05
GA,2040,52,155,95,5.7901999465589365e-05
GA,2040,52,156,95,5.790441330631058e-05
GA,2040,52,157,95,5.7906827247659674e-05
GA,2040,52,158,95,5.79092412896441e-05
GA,2040,52,159,95,7.212409138291087e-05
GA,2040,52,160,95,0.26566211297696124
GA,2040,52,161,95,0.2656731880008328
GA,2040,52,162,95,0.26568426348640367
GA,2040,52,163,95,0.2656953394336936
GA,2040,52,164,95,0.26570641584272436
GA,2040,52,165,95,0.26571749271350675
GA,2040,52,166,95,0.26572857004606926
GA,2040,52,167,95,0.24533391570680016
DE,2040,11,0,95,7.018272698521333e-05
DE,2040,11,1,95,7.099586237948855e-05
DE,2040,11,2,95,7.099882208217985e-05
DE,2040,11,3,95,7.100178190825585e-05
DE,2040,11,4,95,7.10047418577219e-05
DE,2040,11,5,95,7.096153032280497e-05
DE,2040,11,6,95,7.123584115383084e-05
DE,2040,11,7,95,7.123584115383084e-05
DE,2040,11,8,95,7.123584115383084e-05
DE,2040,11,9,95,5.747109379453085e-05
DE,2040,11,10,95,7.096153032280497e-05
DE,2040,11,11,95,7.096153032280497e-05
DE,2040,11,12,95,7.102842589612178e-05
DE,2040,11,13,95,7.103138695633342e-05
DE,2040,11,14,95,7.10343481399862e-05
DE,2040,11,15,95,7.103730944708543e-05
DE,2040,11,16,95,7.104027087763751e-05
DE,2040,11,17,95,7.104323243164669e-05
DE,2040,11,18,95,7.123584115383084e-05
DE,2040,11,19,95,7.123584115383084e-05
DE,2040,11,20,95,7.181640747849315e-05
DE,2040,11,21,95,7.181640747849315e-05
DE,2040,11,22,95,7.134273517523952e-05
DE,2040,11,23,95,5.893036968819539e-05
DE,2040,11,24,95,5.913887243719476e-05
DE,2040,11,25,95,5.72230242289645e-05
DE,2040,11,26,95,3.5276197495706305e-05
DE,2040,11,27,95,3.5276197495706305e-05
DE,2040,11,28,95,3.557945890663921e-05
DE,2040,11,29,95,0.1195166935637152
DE,2040,11,30,95,0.21533444714289462
DE,2040,11,31,95,0.21534342408776772
DE,2040,11,32,95,0.2153524014068667
DE,2040,11,33,95,0.20162260099042145
DE,2040,11,34,95,0.2652274232554213
DE,2040,11,35,95,0.25128751414631517
DE,2040,11,36,95,0.2589266594887906
DE,2040,11,37,95,0.25509363133132584
DE,2040,11,38,95,0.25530672776701147
DE,2040,11,39,95,0.24737759963358885
DE,2040,11,40,95,0.24738791240566563
DE,2040,11,41,95,0.26830393132896174
DE,2040,11,42,95,0.2683151164859634
DE,2040,11,43,95,0.2683263021092627
DE,2040,11,44,95,0.26833748819886616
DE,2040,11,45,95,0.26834867475480434
DE,2040,11,46,95,0.2683598617770924
DE,2040,11,47,95,0.26837104926574795
DE,2040,11,48,95,7.181640747849315e-05
DE,2040,11,49,95,7.123584115383084e-05
DE,2040,11,50,95,7.123584115383084e-05
DE,2040,11,51,95,7.123584115383084e-05
DE,2040,11,52,95,7.104140575206283e-05
DE,2040,11,53,95,7.123584115383084e-05
DE,2040,11,54,95,7.123584115383084e-05
DE,2040,11,55,95,7.181640747849315e-05
DE,2040,11,56,95,5.747109379449998e-05
DE,2040,11,57,95,7.096153032280497e-05
DE,2040,11,58,95,7.104027087763751e-05
DE,2040,11,59,95,7.104027087763751e-05
DE,2040,11,60,95,7.083479051746897e-05
DE,2040,11,61,95,7.062930159115462e-05
DE,2040,11,62,95,7.042380409833994e-05
DE,2040,11,63,95,7.021829803866723e-05
DE,2040,11,64,95,7.001278341177986e-05
DE,2040,11,65,95,5.747109379453085e-05
DE,2040,11,66,95,0.0
DE,2040,11,67,95,0.0
DE,2040,11,68,95,0.0
DE,2040,11,69,95,0.0
DE,2040,11,70,95,0.0
DE,2040,11,71,95,0.0
DE,2040,11,72,95,1.7189884291882894e-05
DE,2040,11,73,95,3.5149054135325215e-05
DE,2040,11,74,95,3.5149054135325215e-05
DE,2040,11,75,95,3.494207752837145e-05
DE,2040,11,76,95,1.7189884291882894e-05
DE,2040,11,77,95,0.0
DE,2040,11,78,95,0.0
DE,2040,11,79,95,2.0343319090304697e-06
DE,2040,11,80,95,0.0
DE,2040,11,81,95,0.0
DE,2040,11,82,95,0.0
DE,2040,11,83,95,4.168577609881518e-07
DE,2040,11,84,95,2.0843322493570122e-07
DE,2040,11,85,95,0.0
DE,2040,11,86,95,0.0
DE,2040,11,87,95,0.0
DE,2040,11,88,95,0.0
DE,2040,11,89,95,0.0
DE,2040,11,90,95,0.0
DE,2040,11,91,95,0.0
DE,2040,11,92,95,0.0
DE,2040,11,93,95,0.0
DE,2040,11,94,95,0.0
DE,2040,11,95,95,0.0
DE,2040,11,96,95,0.0
DE,2040,11,97,95,0.0
DE,2040,11,98,95,0.0
DE,2040,11,99,95,0.0
DE,2040,11,100,95,0.0
DE,2040,11,101,95,0.0
DE,2040,11,102,95,0.017401142484524127
DE,2040,11,103,95,0.017401867910002568
DE,2040,11,104,95,0.01740259336574133
DE,2040,11,105,95,0.20546567248555545
DE,2040,11,106,95,0.20547423801716524
DE,2040,11,107,95,0.20548280390586388
DE,2040,11,108,95,0.20549137015166002
DE,2040,11,109,95,0.20549993675456676
DE,2040,11,110,95,0.20550850371460375
DE,2040,11,111,95,0.20551707103178182
DE,2040,11,112,95,0.20552563870612067
DE,2040,11,113,95,0.3011950698426411
DE,2040,11,114,95,0.30120762617802066
DE,2040,11,115,95,0.3012201830368586
DE,2040,11,116,95,0.3012327404191681
DE,2040,11,117,95,0.3012452983249709
DE,2040,11,118,95,0.3012578567543019
DE,2040,11,119,95,0.3012704157071567
DE,2040,11,120,95,0.2474574186019802
DE,2040,11,121,95,0.24746773470158256
DE,2040,11,122,95,0.24747805123124822
DE,2040,11,123,95,0.25733825752423517
DE,2040,11,124,95,0.25444618979789996
DE,2040,11,125,95,0.26023032525057255
DE,2040,11,126,95,0.2589266594887906
DE,2040,11,127,95,0.2589266594887906
DE,2040,11,128,95,0.2628376567741342
DE,2040,11,129,95,0.26148404386076557
DE,2040,11,130,95,0.26371721586292984
DE,2040,11,131,95,0.24757091935394557
DE,2040,11,132,95,0.24758124018521438
DE,2040,11,133,95,0.24759156144673614
DE,2040,11,134,95,0.24760188313853707
DE,2040,11,135,95,0.24761220526063019
DE,2040,11,136,95,0.24762252781303953
DE,2040,11,137,95,0.2685583828724313
DE,2040,11,138,95,0.2685695786371114
DE,2040,11,139,95,0.2685807748685208
DE,2040,11,140,95,0.2685919715666857
DE,2040,11,141,95,0.2686031687316257
DE,2040,11,142,95,0.2686143663633539
DE,2040,11,143,95,0.26862556446189423
DE,2040,11,144,95,0.25733825752423517
DE,2040,11,145,95,0.25574985555968405
DE,2040,11,146,95,0.20848750119864626
DE,2040,11,147,95,0.20848750119864626
DE,2040,11,148,95,0.20895055507774093
DE,2040,11,149,95,0.26192810294798574
DE,2040,11,150,95,0.2582574687008704
DE,2040,11,151,95,0.2589266594887906
DE,2040,11,152,95,0.25929431655784646
DE,2040,11,153,95,0.26873757112618835
DE,2040,11,154,95,0.2687487743609381
DE,2040,11,155,95,0.26592288531007885
DE,2040,11,156,95,0.2542572763937738
DE,2040,11,157,95,0.24783940084758477
DE,2040,11,158,95,0.24784973287140716
DE,2040,11,159,95,0.24786006532595564
DE,2040,11,160,95,0.24787039821124765
DE,2040,11,161,95,0.25124089451761444
DE,2040,11,162,95,0.2688384170541664
DE,2040,11,163,95,0.2688496244930208
DE,2040,11,164,95,0.26886083239908637
DE,2040,11,165,95,0.26887204077239363
DE,2040,11,166,95,0.26888324961296656
DE,2040,11,167,95,7.191016829858814e-05
DE,2040,21,0,95,0.0
DE,2040,21,1,95,0.2580260626772617
DE,2040,21,2,95,0.21703209080294744
DE,2040,21,3,95,0.2170411385198315
DE,2040,21,4,95,0.217050186613911
DE,2040,21,5,95,0.2354012279658273
DE,2040,21,6,95,0.23541104146233108
DE,2040,21,7,95,0.23542085536795862
DE,2040,21,8,95,0.20894184463013174
DE,2040,21,9,95,0.20895055507774093
DE,2040,21,10,95,0.21872881956081924
DE,2040,21,11,95,0.22308188459291226
DE,2040,21,12,95,0.21174827758588421
DE,2040,21,13,95,0.21450244240880748
DE,2040,21,14,95,0.2089941127629566
DE,2040,21,15,95,0.2629763120215984
DE,2040,21,16,95,0.26023032525057255
DE,2040,21,17,95,0.2601218641557835
DE,2040,21,18,95,0.27756106510787065
DE,2040,21,19,95,0.24139569548281367
DE,2040,21,20,95,0.2815593023094339
DE,2040,21,21,95,0.26023032525057255
DE,2040,21,22,95,0.26090120256728794
DE,2040,21,23,95,0.2601869352963719
DE,2040,21,24,95,0.2601977820689408
DE,2040,21,25,95,0.2602086292936965
DE,2040,21,26,95,0.20894184450909697
DE,2040,21,27,95,0.20895055495669965
DE,2040,21,28,95,0.20895926576742616
DE,2040,21,29,95,0.22662624033577797
DE,2040,21,30,95,0.2266356880172502
DE,2040,21,31,95,0.22664513609256665
DE,2040,21,32,95,0.22426196612263588
DE,2040,21,33,95,0.20692202923059463
DE,2040,21,34,95,0.2242806647497866
DE,2040,21,35,95,0.21427208954741442
DE,2040,21,36,95,0.2056717422907717
DE,2040,21,37,95,0.20568031641310344
DE,2040,21,38,95,0.205688890892875
DE,2040,21,39,95,0.2072085214398855
DE,2040,21,40,95,0.20689264350377726
DE,2040,21,41,95,0.20736213811184095
DE,2040,21,42,95,0.20737078270404047
DE,2040,21,43,95,0.22311656517953707
DE,2040,21,44,95,0.21927637714860052
DE,2040,21,45,95,0.2072085214398855
DE,2040,21,46,95,0.20740536467677984
DE,2040,21,47,95,0.20719525764374905
DE,2040,21,48,95,0.20122081142350895
DE,2040,21,49,95,0.1278250565605102
DE,2040,21,50,95,0.12811081741405833
DE,2040,21,51,95,0.12603886653800306
DE,2040,21,52,95,0.12669447327014413
DE,2040,21,53,95,0.13618860005809524
DE,2040,21,54,95,0.13619427754059035
DE,2040,21,55,95,0.0
DE,2040,21,56,95,0.0
DE,2040,21,57,95,0.11770316924967959
DE,2040,21,58,95,0.11770807610446074
DE,2040,21,59,95,0.11771298316379501
DE,2040,21,60,95,0.11771789042770425
DE,2040,21,61,95,0.11772279789619061
DE,2040,21,62,95,0.11772770556925846
DE,2040,21,63,95,0.11773261344691434
DE,2040,21,64,95,0.11773752152917352
DE,2040,21,65,95,0.1187725681361041
DE,2040,21,66,95,0.21056793740550558
DE,2040,21,67,95,0.2105767156422896
DE,2040,21,68,95,0.2105854942450297
DE,2040,21,69,95,0.2038315486347413
DE,2040,21,70,95,0.2072085214398855
DE,2040,21,71,95,0.2044922855874995
DE,2040,21,72,95,0.20111531278235747
DE,2040,21,73,95,0.2072085214398855
DE,2040,21,74,95,0.2072085214398855
DE,2040,21,75,95,0.2003053099367198
DE,2040,21,76,95,0.21065573624298206
DE,2040,21,77,95,0.21066451813996337
DE,2040,21,78,95,0.2106733004030468
DE,2040,21,79,95,0.2106820830322411
DE,2040,21,80,95,0.21069086602757897
DE,2040,21,81,95,0.12092164000321315
DE,2040,21,82,95,0.20888091658896085
DE,2040,21,83,95,0.11783081397777737
DE,2040,21,84,95,0.11783572615385751
DE,2040,21,85,95,0.11784063853472193
DE,2040,21,86,95,0.11784555112037713
DE,2040,21,87,95,0.1178504639108253
DE,2040,21,88,95,0.11785537690608391
DE,2040,21,89,95,0.19434715810013106
DE,2040,21,90,95,0.21077871612162277
DE,2040,21,91,95,0.21078750314543598
DE,2040,21,92,95,0.210796290535565
DE,2040,21,93,95,0.20617871186172315
DE,2040,21,94,95,0.21081386641483368
DE,2040,21,95,95,0.20616113598245883
DE,2040,21,96,95,0.20517745188737832
DE,2040,21,97,95,0.2081370141237155
DE,2040,21,98,95,0.20703055652788113
DE,2040,21,99,95,0.20517745188737832
DE,2040,21,100,95,0.21086660284582828
DE,2040,21,101,95,0.21087539353349075
DE,2040,21,102,95,0.210884184587626
DE,2040,21,103,95,0.2108929760082515
DE,2040,21,104,95,0.21090176779536723
DE,2040,21,105,95,0.16086076130200996
DE,2040,21,106,95,0.2109193524691762
DE,2040,21,107,95,0.11794876274051452
DE,2040,21,108,95,0.11795367983369089
DE,2040,21,109,95,0.11795859713185426
DE,2040,21,110,95,0.11796351463500684
DE,2040,21,111,95,0.11796843234316826
DE,2040,21,112,95,0.1179733502563385
DE,2040,21,113,95,0.20615882188505022
DE,2040,21,114,95,0.23360789611996993
DE,2040,21,115,95,0.23361763485537665
DE,2040,21,116,95,0.2336273739967762
DE,2040,21,117,95,0.2623883931890859
DE,2040,21,118,95,0.21102489130613594
DE,2040,21,119,95,0.20850807060866938
DE,2040,21,120,95,0.20604756030020324
DE,2040,21,121,95,0.20836948257956775
DE,2040,21,122,95,0.2072085214398855
DE,2040,21,123,95,0.20976648095740266
DE,2040,21,124,95,0.20848750119864626
DE,2040,21,125,95,0.21108648001350824
DE,2040,21,126,95,0.21109527986749937
DE,2040,21,127,95,0.1291424708941642
DE,2040,21,128,95,0.12914785463492845
DE,2040,21,129,95,0.11699439813962663
DE,2040,21,130,95,0.1268859770030051
DE,2040,21,131,95,0.1168194783376016
DE,2040,21,132,95,0.11682434835273608
DE,2040,21,133,95,0.11682921857089533
DE,2040,21,134,95,0.11683408899208368
DE,2040,21,135,95,0.11683895961632079
DE,2040,21,136,95,0.11684383044359355
DE,2040,21,137,95,0.20896090231452297
DE,2040,21,138,95,0.2630306738683676
DE,2040,21,139,95,0.2630416391917908
DE,2040,21,140,95,0.2630526049723479
DE,2040,21,141,95,0.26306357121005186
DE,2040,21,142,95,0.26307453790491153
DE,2040,21,143,95,0.2619650788597467
DE,2040,21,144,95,0.2589266594887906
DE,2040,21,145,95,0.2597992374031781
DE,2040,21,146,95,0.2597992374031781
DE,2040,21,147,95,0.2606614130979669
DE,2040,21,148,95,0.26261533056952474
DE,2040,21,149,95,0.2631513175711991
DE,2040,21,150,95,0.2631622879240713
DE,2040,21,151,95,0.26317325873427583
DE,2040,21,152,95,0.2631842300018409
DE,2040,21,153,95,0.2426875579986285
DE,2040,21,154,95,0.2589266594887906
DE,2040,21,155,95,0.26023032525057255
DE,2040,21,156,95,0.24419042322451567
DE,2040,21,157,95,0.2427280295366391
DE,2040,21,158,95,0.24273814847566078
DE,2040,21,159,95,0.24274826783652165
DE,2040,21,160,95,0.24275838761924134
DE,2040,21,161,95,0.2427685078238439
DE,2040,21,162,95,0.2632939678361986
DE,2040,21,163,95,0.2633049441359315
DE,2040,21,164,95,0.263315920893243
DE,2040,21,165,95,0.2633268981081615
DE,2040,21,166,95,0.2633378757806979
DE,2040,21,167,95,0.2622641621759357
DE,2040,42,0,95,0.0
DE,2040,42,1,95,0.21892923606569512
DE,2040,42,2,95,0.15762137011988173
DE,2040,42,3,95,0.15762794109991213
DE,2040,42,4,95,0.15763451235386614
DE,2040,42,5,95,0.17096210953230445
DE,2040,42,6,95,0.17096923666617528
DE,2040,42,7,95,0.1709763640971637
DE,2040,42,8,95,0.2178016153155222
DE,2040,42,9,95,0.21136174335976354
DE,2040,42,10,95,0.2113705546890337
DE,2040,42,11,95,0.22924139760415876
DE,2040,42,12,95,0.2113881784495891
DE,2040,42,13,95,0.21139699088089836
DE,2040,42,14,95,0.21140580367958087
DE,2040,42,15,95,0.21141461684566495
DE,2040,42,16,95,0.2292891851040896
DE,2040,42,17,95,0.22929874379941145
DE,2040,42,18,95,0.22930830289323462
DE,2040,42,19,95,0.22931786238554605
DE,2040,42,20,95,0.22932742227638933
DE,2040,42,21,95,0.21707488945269449
DE,2040,42,22,95,0.2107373597094378
DE,2040,42,23,95,0.20513468965477372
DE,2040,42,24,95,0.2555312428764347
DE,2040,42,25,95,0.25733825752423517
DE,2040,42,26,95,0.25733825752423517
DE,2040,42,27,95,0.2555205906362289
DE,2040,42,28,95,0.2555312428764347
DE,2040,42,29,95,0.2681911614861557
DE,2040,42,30,95,0.27309026733103203
DE,2040,42,31,95,0.22254323748390237
DE,2040,42,32,95,0.21600951681330083
DE,2040,42,33,95,0.2546111004849221
DE,2040,42,34,95,0.2652264083798512
DE,2040,42,35,95,0.2533889004096829
DE,2040,42,36,95,0.2533994637831714
DE,2040,42,37,95,0.25341002759702724
DE,2040,42,38,95,0.25342059185127
DE,2040,42,39,95,0.25343115654591947
DE,2040,42,40,95,0.20407103446619682
DE,2040,42,41,95,0.22263602956697082
DE,2040,42,42,95,0.22264531090300582
DE,2040,42,43,95,0.22265459262595824
DE,2040,42,44,95,0.22152538031502245
DE,2040,42,45,95,0.2053229101674554
DE,2040,42,46,95,0.20533146974753652
DE,2040,42,47,95,0.20534002968445791
DE,2040,42,48,95,0.2557443809608383
DE,2040,42,49,95,0.2557550425304981
DE,2040,42,50,95,0.20536571163637252
DE,2040,42,51,95,0.20537427300078134
DE,2040,42,52,95,0.20538283472210017
DE,2040,42,53,95,0.2695325230978637
DE,2040,42,54,95,0.276648011564196
DE,2040,42,55,95,0.2227660034873869
DE,2040,42,56,95,0.21039462859790198
DE,2040,42,57,95,0.20542564868284824
DE,2040,42,58,95,0.21124134848510287
DE,2040,42,59,95,0.21124134848510287
DE,2040,42,60,95,0.20545134134316437
DE,2040,42,61,95,0.20545990627733615
DE,2040,42,62,95,0.20546847156856404
DE,2040,42,63,95,0.205477037216872
DE,2040,42,64,95,0.14476269215635312
DE,2040,42,65,95,0.14476872707888067
DE,2040,42,66,95,0.14477476225300126
DE,2040,42,67,95,0.1447807976787105
DE,2040,42,68,95,0.1447868333560302
DE,2040,42,69,95,0.13351089849602338
DE,2040,42,70,95,0.13351646434947886
DE,2040,42,71,95,0.1335220304349505
DE,2040,42,72,95,0.13352759675247752
DE,2040,42,73,95,0.13353316330204903
DE,2040,42,74,95,0.13353873008368033
DE,2040,42,75,95,0.1335442970973888
DE,2040,42,76,95,0.2183086715228773
DE,2040,42,77,95,0.23676611457370772
DE,2040,42,78,95,0.2367759849701293
DE,2040,42,79,95,0.23678585577803807
DE,2040,42,80,95,0.23474195013437962
DE,2040,42,81,95,0.2164603503695859
DE,2040,42,82,95,0.21646937425154478
DE,2040,42,83,95,0.2164783985096918
DE,2040,42,84,95,0.21648742314404232
DE,2040,42,85,95,0.21649644815461805
DE,2040,42,86,95,0.21650547354143432
DE,2040,42,87,95,0.21651449930449546
DE,2040,42,88,95,0.2602643666680992
DE,2040,42,89,95,0.26027521666865017
DE,2040,42,90,95,0.2602860671215296
DE,2040,42,91,95,0.26029691802673743
DE,2040,42,92,95,0.26030776938430866
DE,2040,42,93,95,0.26028606666917053
DE,2040,42,94,95,0.21399643238849714
DE,2040,42,95,95,0.2117350370649671
DE,2040,42,96,95,0.21174386395625133
DE,2040,42,97,95,0.2117526912155171
DE,2040,42,98,95,0.21176151884277097
DE,2040,42,99,95,0.21177034683804127
DE,2040,42,100,95,0.21177917520133457
DE,2040,42,101,95,0.22866226216085234
DE,2040,42,102,95,0.2296941411198276
DE,2040,42,103,95,0.2297037166971166
DE,2040,42,104,95,0.2526723985349787
DE,2040,42,105,95,0.24452368729843676
DE,2040,42,106,95,0.24453388109552415
DE,2040,42,107,95,0.2445440753175751
DE,2040,42,108,95,0.2445542699646071
DE,2040,42,109,95,0.24456446503663754
DE,2040,42,110,95,0.2445746605336839
DE,2040,42,111,95,0.2445848564557636
DE,2040,42,112,95,0.26329492208938
DE,2040,42,113,95,0.26810512249376156
DE,2040,42,114,95,0.2681162993627492
DE,2040,42,115,95,0.2681274766976813
DE,2040,42,116,95,0.26813865449857954
DE,2040,42,117,95,0.2681498327654593
DE,2040,42,118,95,0.24726644180441823
DE,2040,42,119,95,0.2472767499425058
DE,2040,42,120,95,0.2582574687008704
DE,2040,42,121,95,0.2582574687008704
DE,2040,42,122,95,0.25402118625695774
DE,2040,42,123,95,0.24809116241741813
DE,2040,42,124,95,0.24471744212894525
DE,2040,42,125,95,0.26540767958094813
DE,2040,42,126,95,0.26541874399790216
DE,2040,42,127,95,0.265429808876113
DE,2040,42,128,95,0.2654408742156024
DE,2040,42,129,95,0.24726583467300545
DE,2040,42,130,95,0.2631605923489444
DE,2040,42,131,95,0.24266576123573902
DE,2040,42,132,95,0.2426758775788943
DE,2040,42,133,95,0.24268599434378413
DE,2040,42,134,95,0.24269611153042378
DE,2040,42,135,95,0.24270622913883289
DE,2040,42,136,95,0.2648559220598945
DE,2040,42,137,95,0.26554048303162847
DE,2040,42,138,95,0.2655515529849437
DE,2040,42,139,95,0.265562623399749
DE,2040,42,140,95,0.2655736942760597
DE,2040,42,141,95,0.26558476561389965
DE,2040,42,142,95,0.2555312428764347
DE,2040,42,143,95,0.25803196255528493
DE,2040,42,144,95,0.25733825752423517
DE,2040,42,145,95,0.25814706887410516
DE,2040,42,146,95,0.25814706887410516
DE,2040,42,147,95,0.25733825752423517
DE,2040,42,148,95,0.257571154704581
DE,2040,42,149,95,0.2656733529338811
DE,2040,42,150,95,0.26568442842632867
DE,2040,42,151,95,0.26569550438049305
DE,2040,42,152,95,0.2657065807963983
DE,2040,42,153,95,0.2530500464054054
DE,2040,42,154,95,0.245023683438716
DE,2040,42,155,95,0.2450338980798384
DE,2040,42,156,95,0.24504411314678784
DE,2040,42,157,95,0.2450543286395882
DE,2040,42,158,95,0.2450645445582548
DE,2040,42,159,95,0.24507476090280722
DE,2040,42,160,95,0.26579520874853274
DE,2040,42,161,95,0.26580628932095113
DE,2040,42,162,95,0.2658173703553022
DE,2040,42,163,95,0.26582845185159903
DE,2040,42,164,95,0.2658395338098699
DE,2040,42,165,95,0.265850616230128
DE,2040,42,166,95,0.25438664619479
DE,2040,42,167,95,0.2542039441973952
DE,2040,52,0,95,0.0
DE,2040,52,1,95,0.5225717487729326
DE,2040,52,2,95,0.2630668648770038
DE,2040,52,3,95,0.2630778317091806
DE,2040,52,4,95,0.26308879899855886
DE,2040,52,5,95,0.2630997667451211
DE,2040,52,6,95,0.2631107349489197
DE,2040,52,7,95,0.28535607853744366
DE,2040,52,8,95,0.28536797457089247
DE,2040,52,9,95,0.2654920411847143
DE,2040,52,10,95,0.2394912968991523
DE,2040,52,11,95,0.23950128090402095
DE,2040,52,12,95,0.23951126532511022
DE,2040,52,13,95,0.2395212501624375
DE,2040,52,14,95,0.23953123541600937
DE,2040,52,15,95,0.239541221085852
DE,2040,52,16,95,0.25979382221101655
DE,2040,52,17,95,0.2598046525953397
DE,2040,52,18,95,0.2598154834311584
DE,2040,52,19,95,0.2598263147184967
DE,2040,52,20,95,0.2547994084726603
DE,2040,52,21,95,7.191016829858814e-05
DE,2040,52,22,95,7.123584115383084e-05
DE,2040,52,23,95,7.123584115383084e-05
DE,2040,52,24,95,7.123584115383084e-05
DE,2040,52,25,95,7.104140575206283e-05
DE,2040,52,26,95,7.104027087763751e-05
DE,2040,52,27,95,7.104027087763751e-05
DE,2040,52,28,95,7.104027087763751e-05
DE,2040,52,29,95,7.104027087763751e-05
DE,2040,52,30,95,7.104027087763751e-05
DE,2040,52,31,95,7.104027087763751e-05
DE,2040,52,32,95,7.104027087763751e-05
DE,2040,52,33,95,7.104027087763751e-05
DE,2040,52,34,95,7.104027087763751e-05
DE,2040,52,35,95,7.104027087763751e-05
DE,2040,52,36,95,7.057135237189552e-05
DE,2040,52,37,95,7.057135237189552e-05
DE,2040,52,38,95,7.057135237189552e-05
DE,2040,52,39,95,7.057135237189552e-05
DE,2040,52,40,95,7.057135237189552e-05
DE,2040,52,41,95,7.104027087763751e-05
DE,2040,52,42,95,7.080280165804856e-05
DE,2040,52,43,95,7.057135237189552e-05
DE,2040,52,44,95,7.057135237189552e-05
DE,2040,52,45,95,7.057135237189552e-05
DE,2040,52,46,95,7.057135237189552e-05
DE,2040,52,47,95,7.057135237189552e-05
DE,2040,52,48,95,7.057135237189552e-05
DE,2040,52,49,95,7.038007932892274e-05
DE,2040,52,50,95,6.95620971928722e-05
DE,2040,52,51,95,6.935852640308508e-05
DE,2040,52,52,95,6.915494712676061e-05
DE,2040,52,53,95,6.895135936354536e-05
DE,2040,52,54,95,7.039181618959864e-05
DE,2040,52,55,95,7.057135237189552e-05
DE,2040,52,56,95,7.057135237189552e-05
DE,2040,52,57,95,7.057135237189552e-05
DE,2040,52,58,95,7.057135237189552e-05
DE,2040,52,59,95,7.057135237189552e-05
DE,2040,52,60,95,7.057135237189552e-05
DE,2040,52,61,95,7.057135237189552e-05
DE,2040,52,62,95,7.057135237189552e-05
DE,2040,52,63,95,7.041823128293916e-05
DE,2040,52,64,95,7.057135237189552e-05
DE,2040,52,65,95,7.057135237189552e-05
DE,2040,52,66,95,7.057135237189552e-05
DE,2040,52,67,95,7.104027087763751e-05
DE,2040,52,68,95,7.104027087763751e-05
DE,2040,52,69,95,7.104027087763751e-05
DE,2040,52,70,95,7.096153032280497e-05
DE,2040,52,71,95,7.057135237189552e-05
DE,2040,52,72,95,5.6664891904875854e-05
DE,2040,52,73,95,5.666061530446887e-05
DE,2040,52,74,95,5.666061530446887e-05
DE,2040,52,75,95,5.666297739389262e-05
DE,2040,52,76,95,5.670402343553505e-05
DE,2040,52,77,95,5.691051137188134e-05
DE,2040,52,78,95,5.719843963684961e-05
DE,2040,52,79,95,5.747109379453085e-05
DE,2040,52,80,95,5.7201558885421676e-05
DE,2040,52,81,95,5.719843963684961e-05
DE,2040,52,82,95,5.719843963684961e-05
DE,2040,52,83,95,5.424782578208651e-05
DE,2040,52,84,95,5.424782578208651e-05
DE,2040,52,85,95,5.424782578208651e-05
DE,2040,52,86,95,5.719843963684961e-05
DE,2040,52,87,95,5.719843963684961e-05
DE,2040,52,88,95,5.747109379449998e-05
DE,2040,52,89,95,5.7201558885421676e-05
DE,2040,52,90,95,7.191016829858814e-05
DE,2040,52,91,95,7.191016829858814e-05
DE,2040,52,92,95,7.181640747849315e-05
DE,2040,52,93,95,7.123584115383084e-05
DE,2040,52,94,95,7.123584115383084e-05
DE,2040,52,95,95,7.123584115383084e-05
DE,2040,52,96,95,5.747109379449998e-05
DE,2040,52,97,95,7.096153032280497e-05
DE,2040,52,98,95,7.104027087763751e-05
DE,2040,52,99,95,7.080280165804856e-05
DE,2040,52,100,95,7.080280165804856e-05
DE,2040,52,101,95,7.104027087763751e-05
DE,2040,52,102,95,7.123584115383084e-05
DE,2040,52,103,95,7.123584115383084e-05
DE,2040,52,104,95,7.123584115383084e-05
DE,2040,52,105,95,7.123584115383084e-05
DE,2040,52,106,95,7.123584115383084e-05
DE,2040,52,107,95,7.123584115383084e-05
DE,2040,52,108,95,7.123584115383084e-05
DE,2040,52,109,95,7.104140575206283e-05
DE,2040,52,110,95,7.104140575206283e-05
DE,2040,52,111,95,7.123584115383084e-05
DE,2040,52,112,95,7.123584115383084e-05
DE,2040,52,113,95,7.168937156015178e-05
DE,2040,52,114,95,7.168937156015178e-05
DE,2040,52,115,95,7.123584115383084e-05
DE,2040,52,116,95,7.123584115383084e-05
DE,2040,52,117,95,7.123584115383084e-05
DE,2040,52,118,95,7.123584115383084e-05
DE,2040,52,119,95,7.104027087763751e-05
DE,2040,52,120,95,7.080280165804856e-05
DE,2040,52,121,95,7.058869982350193e-05
DE,2040,52,122,95,7.05916425522445e-05
DE,2040,52,123,95,7.059458540366276e-05
DE,2040,52,124,95,7.059752837776522e-05
DE,2040,52,125,95,7.060047147455723e-05
DE,2040,52,126,95,7.104027087763751e-05
DE,2040,52,127,95,7.104140575206283e-05
DE,2040,52,128,95,7.123584115383084e-05
DE,2040,52,129,95,7.104140575206283e-05
DE,2040,52,130,95,7.104027087763751e-05
DE,2040,52,131,95,7.061813263202886e-05
DE,2040,52,132,95,7.062107658777852e-05
DE,2040,52,133,95,7.06240206662539e-05
DE,2040,52,134,95,7.062696486746564e-05
DE,2040,52,135,95,7.104027087763751e-05
DE,2040,52,136,95,7.123584115383084e-05
DE,2040,52,137,95,0.25892609872845235
DE,2040,52,138,95,0.25893689293878397
DE,2040,52,139,95,0.20850443301317476
DE,2040,52,140,95,0.20851312522579954
DE,2040,52,141,95,0.20852181780079163
DE,2040,52,142,95,0.20853051073815973
DE,2040,52,143,95,0.20853920403792345
DE,2040,52,144,95,0.20835847221771023
DE,2040,52,145,95,0.20209260240485552
DE,2040,52,146,95,0.20367309891680102
DE,2040,52,147,95,0.20337158216361412
DE,2040,52,148,95,0.20827106486370567
DE,2040,52,149,95,0.20859137144764284
DE,2040,52,150,95,0.2086000672845903
DE,2040,52,151,95,0.2086087634840555
DE,2040,52,152,95,0.20861746004605153
DE,2040,52,153,95,0.2082362800658296
DE,2040,52,154,95,0.25257305163057536
DE,2040,52,155,95,0.1923864636298488
DE,2040,52,156,95,0.1923944839103996
DE,2040,52,157,95,0.19240250452529872
DE,2040,52,158,95,0.19241052547456797
DE,2040,52,159,95,0.19241854675821168
DE,2040,52,160,95,0.26837992841759284
DE,2040,52,161,95,0.2683911167427907
DE,2040,52,162,95,0.2684023055344191
DE,2040,52,163,95,0.26841349479249343
DE,2040,52,164,95,0.26842468451701584
DE,2040,52,165,95,0.26843587470802555
DE,2040,52,166,95,0.2684470653655378
DE,2040,52,167,95,0.24413657089555632
GA,2050,11,0,95,0.0
GA,2050,11,1,95,0.0001061555123708196
GA,2050,11,2,95,0.00010615993782245976
GA,2050,11,3,95,0.00010616436345858931
GA,2050,11,4,95,0.0001061687892792168
GA,2050,11,5,95,0.0001065604063164552
GA,2050,11,6,95,0.00010685376173074626
GA,2050,11,7,95,0.00010685376173074626
GA,2050,11,8,95,0.00010685376173074626
GA,2050,11,9,95,0.00010644229548420639
GA,2050,11,10,95,0.00010644229548420639
GA,2050,11,11,95,0.0001065604063164552
GA,2050,11,12,95,0.00010620420248707337
GA,2050,11,13,95,0.000106208629968525
GA,2050,11,14,95,0.00010621305763455228
GA,2050,11,15,95,0.00010621748548516158
GA,2050,11,16,95,0.0001062219135203593
GA,2050,11,17,95,0.0001065604063164552
GA,2050,11,18,95,0.00010685376173074626
GA,2050,11,19,95,0.00010685376173074626
GA,2050,11,20,95,0.00010701410276285767
GA,2050,11,21,95,0.00010701410276285767
GA,2050,11,22,95,0.00010685376173074626
GA,2050,11,23,95,8.620664069179787e-05
GA,2050,11,24,95,8.620664069179787e-05
GA,2050,11,25,95,8.580233832813092e-05
GA,2050,11,26,95,8.580233832813092e-05
GA,2050,11,27,95,5.2723581202987284e-05
GA,2050,11,28,95,5.291429624355839e-05
GA,2050,11,29,95,5.336918835995829e-05
GA,2050,11,30,95,0.3175959357049584
GA,2050,11,31,95,0.31876654045749314
GA,2050,11,32,95,0.31762241637882416
GA,2050,11,33,95,0.3040031479408367
GA,2050,11,34,95,0.39560496185004135
GA,2050,11,35,95,0.3764098107226663
GA,2050,11,36,95,0.3860073862863517
GA,2050,11,37,95,0.36482583762620574
GA,2050,11,38,95,0.3648410466253963
GA,2050,11,39,95,0.3648562562586168
GA,2050,11,40,95,0.36487146652591085
GA,2050,11,41,95,0.39572042120689044
GA,2050,11,42,95,0.39573691815130024
GA,2050,11,43,95,0.3957534157834494
GA,2050,11,44,95,0.3957699141033553
GA,2050,11,45,95,0.39578641311104856
GA,2050,11,46,95,0.395802912806564
GA,2050,11,47,95,0.3740227114824629
GA,2050,11,48,95,0.00010701410276285767
GA,2050,11,49,95,0.00010685376173074626
GA,2050,11,50,95,0.00010656210862809479
GA,2050,11,51,95,0.00010656210862809479
GA,2050,11,52,95,0.00010656210862809479
GA,2050,11,53,95,0.00010656210862809479
GA,2050,11,54,95,0.00010685376173074626
GA,2050,11,55,95,0.00010685376173074626
GA,2050,11,56,95,8.620664069179787e-05
GA,2050,11,57,95,0.00010644229548420639
GA,2050,11,58,95,0.0001065604063164552
GA,2050,11,59,95,0.00010655322437969315
GA,2050,11,60,95,0.00010655766641130434
GA,2050,11,61,95,0.00010644229548420639
GA,2050,11,62,95,0.00010613407002010268
GA,2050,11,63,95,0.00010582583170657745
GA,2050,11,64,95,0.00010551758054309626
GA,2050,11,65,95,8.620664069179787e-05
GA,2050,11,66,95,2.5784826437825407e-05
GA,2050,11,67,95,0.0
GA,2050,11,68,95,0.0
GA,2050,11,69,95,0.0
GA,2050,11,70,95,0.0
GA,2050,11,71,95,2.5784826437825407e-05
GA,2050,11,72,95,7.508176067031423e-05
GA,2050,11,73,95,8.580233832813092e-05
GA,2050,11,74,95,7.508176067031423e-05
GA,2050,11,75,95,5.2723581202987284e-05
GA,2050,11,76,95,5.2723581202987284e-05
GA,2050,11,77,95,0.0
GA,2050,11,78,95,0.0
GA,2050,11,79,95,5.6915378080086566e-05
GA,2050,11,80,95,0.0
GA,2050,11,81,95,0.0
GA,2050,11,82,95,0.0
GA,2050,11,83,95,8.580233832813092e-05
GA,2050,11,84,95,8.549325241759135e-05
GA,2050,11,85,95,8.51841536217597e-05
GA,2050,11,86,95,8.487504194010048e-05
GA,2050,11,87,95,8.456591737207289e-05
GA,2050,11,88,95,0.0
GA,2050,11,89,95,0.0
GA,2050,11,90,95,0.1720452349055418
GA,2050,11,91,95,0.1720524071931671
GA,2050,11,92,95,0.17205957977978942
GA,2050,11,93,95,0.0
GA,2050,11,94,95,0.0
GA,2050,11,95,95,0.0
GA,2050,11,96,95,0.0
GA,2050,11,97,95,0.0
GA,2050,11,98,95,0.0
GA,2050,11,99,95,0.15869934515427203
GA,2050,11,100,95,0.15870596107332832
GA,2050,11,101,95,0.0
GA,2050,11,102,95,0.1721313220937826
GA,2050,11,103,95,0.172138497970231
GA,2050,11,104,95,0.20488281750277837
GA,2050,11,105,95,0.28369944475984243
GA,2050,11,106,95,0.2837112717309132
GA,2050,11,107,95,0.3077597628276604
GA,2050,11,108,95,0.307772592834479
GA,2050,11,109,95,0.28374675560246393
GA,2050,11,110,95,0.3077982544527134
GA,2050,11,111,95,0.30781108606418156
GA,2050,11,112,95,0.30782391821057214
GA,2050,11,113,95,0.43585199702506416
GA,2050,11,114,95,0.4358701669899845
GA,2050,11,115,95,0.43588833771236996
GA,2050,11,116,95,0.43590650919226426
GA,2050,11,117,95,0.43592468142969787
GA,2050,11,118,95,0.43594285442471004
GA,2050,11,119,95,0.4359610281773182
GA,2050,11,120,95,0.3689167451469187
GA,2050,11,121,95,0.36893212468942643
GA,2050,11,122,95,0.3860073862863517
GA,2050,11,123,95,0.3860073862863517
GA,2050,11,124,95,0.3836247833395228
GA,2050,11,125,95,0.3883899892331892
GA,2050,11,126,95,0.38738620305130345
GA,2050,11,127,95,0.3893937754150749
GA,2050,11,128,95,0.3922260657911484
GA,2050,11,129,95,0.38969885610476607
GA,2050,11,130,95,0.39354157330729644
GA,2050,11,131,95,0.36908595538204825
GA,2050,11,132,95,0.3691013419786623
GA,2050,11,133,95,0.36911672921670624
GA,2050,11,134,95,0.36913211709622795
GA,2050,11,135,95,0.36914750561724496
GA,2050,11,136,95,0.36916289477977465
GA,2050,11,137,95,0.4003746788071585
GA,2050,11,138,95,0.4003913697800477
GA,2050,11,139,95,0.40040806144876073
GA,2050,11,140,95,0.4004247538133108
GA,2050,11,141,95,0.40044144687374567
GA,2050,11,142,95,0.40045814063008733
GA,2050,11,143,95,0.40047483508236187
GA,2050,11,144,95,0.3860073862863517
GA,2050,11,145,95,0.3836247833395228
GA,2050,11,146,95,0.31273125179796396
GA,2050,11,147,95,0.3883899892331892
GA,2050,11,148,95,0.3883899892331892
GA,2050,11,149,95,0.3903454878758566
GA,2050,11,150,95,0.38643449059051305
GA,2050,11,151,95,0.38738620305130345
GA,2050,11,152,95,0.39214626956924165
GA,2050,11,153,95,0.40064181788797437
GA,2050,11,154,95,0.4006585199974598
GA,2050,11,155,95,0.39644560208746527
GA,2050,11,156,95,0.38352059783697295
GA,2050,11,157,95,0.3636224605140435
GA,2050,11,158,95,0.3636376193463828
GA,2050,11,159,95,0.363652778810672
GA,2050,11,160,95,0.36366793890693294
GA,2050,11,161,95,0.3877985923238829
GA,2050,11,162,95,0.39443158091740793
GA,2050,11,163,95,0.3944480241321543
GA,2050,11,164,95,0.39446446803239427
GA,2050,11,165,95,0.3944809126181541
GA,2050,11,166,95,0.3944480234466345
GA,2050,11,167,95,0.00010772461121773918
GA,2050,21,0,95,0.0
GA,2050,21,1,95,0.3876793336296368
GA,2050,21,2,95,0.23778353352507434
GA,2050,21,3,95,0.3218644989540149
GA,2050,21,4,95,0.3218779169644745
GA,2050,21,5,95,0.34909187635622174
GA,2050,21,6,95,0.3491064294320121
GA,2050,21,7,95,0.3491209831144871
GA,2050,21,8,95,0.31110058331035745
GA,2050,21,9,95,0.31111355259058154
GA,2050,21,10,95,0.32413128016707543
GA,2050,21,11,95,0.32891456572290184
GA,2050,21,12,95,0.3129066230764854
GA,2050,21,13,95,0.3218725190064654
GA,2050,21,14,95,0.31223185377172663
GA,2050,21,15,95,0.3931121541002446
GA,2050,21,16,95,0.38757882165147733
GA,2050,21,17,95,0.38969885610476607
GA,2050,21,18,95,0.403347042165659
GA,2050,21,19,95,0.4192056975026196
GA,2050,21,20,95,0.4155661557886261
GA,2050,21,21,95,0.3876596160590514
GA,2050,21,22,95,0.3936965289888607
GA,2050,21,23,95,0.3876919385377446
GA,2050,21,24,95,0.3877081007877017
GA,2050,21,25,95,0.3877242637114356
GA,2050,21,26,95,0.38774042730897235
GA,2050,21,27,95,0.31134709211061556
GA,2050,21,28,95,0.3113600716673835
GA,2050,21,29,95,0.3376847739845862
GA,2050,21,30,95,0.33769885151672285
GA,2050,21,31,95,0.3377129296357253
GA,2050,21,32,95,0.3341618835985509
GA,2050,21,33,95,0.31081278215983044
GA,2050,21,34,95,0.3341897455163577
GA,2050,21,35,95,0.31995259514612356
GA,2050,21,36,95,0.3077661778310675
GA,2050,21,37,95,0.3077661778310675
GA,2050,21,38,95,0.3077661778310675
GA,2050,21,39,95,0.30775976282766476
GA,2050,21,40,95,0.3077725928344746
GA,2050,21,41,95,0.3105893930056762
GA,2050,21,42,95,0.3110821094543914
GA,2050,21,43,95,0.32891456572290184
GA,2050,21,44,95,0.3247514415542224
GA,2050,21,45,95,0.3090071632847997
GA,2050,21,46,95,0.3111339867385832
GA,2050,21,47,95,0.3104915775810733
GA,2050,21,48,95,0.31010878655111584
GA,2050,21,49,95,0.19141995951160973
GA,2050,21,50,95,0.19205521016991864
GA,2050,21,51,95,0.18991953034265513
GA,2050,21,52,95,0.19098737025628906
GA,2050,21,53,95,0.07077191270886318
GA,2050,21,54,95,0.20430844982347354
GA,2050,21,55,95,0.0
GA,2050,21,56,95,0.0
GA,2050,21,57,95,0.0
GA,2050,21,58,95,0.1750078463214758
GA,2050,21,59,95,5.3369188359959354e-05
GA,2050,21,60,95,5.3371413235113176e-05
GA,2050,21,61,95,5.3373638203022173e-05
GA,2050,21,62,95,5.337586326368529e-05
GA,2050,21,63,95,5.337808841710572e-05
GA,2050,21,64,95,5.3380313663290905e-05
GA,2050,21,65,95,5.384958727985978e-05
GA,2050,21,66,95,0.3107353172902586
GA,2050,21,67,95,0.3107482713431244
GA,2050,21,68,95,0.3107612259360319
GA,2050,21,69,95,0.3047711297261074
GA,2050,21,70,95,0.3107871367420202
GA,2050,21,71,95,0.3047452189201104
GA,2050,21,72,95,0.2955797605160071
GA,2050,21,73,95,0.3107865994842603
GA,2050,21,74,95,0.3108389648354005
GA,2050,21,75,95,0.3107606821965107
GA,2050,21,76,95,0.3108648821231458
GA,2050,21,77,95,0.31087784157736226
GA,2050,21,78,95,0.31089080157183857
GA,2050,21,79,95,0.3109037621066052
GA,2050,21,80,95,0.31091672318164904
GA,2050,21,81,95,0.1790470203414702
GA,2050,21,82,95,0.3082457789722997
GA,2050,21,83,95,5.368344185315873e-05
GA,2050,21,84,95,5.336918835995829e-05
GA,2050,21,85,95,5.3371413235113176e-05
GA,2050,21,86,95,5.3373638203022173e-05
GA,2050,21,87,95,5.337586326368529e-05
GA,2050,21,88,95,5.337808841710572e-05
GA,2050,21,89,95,5.3380313663290905e-05
GA,2050,21,90,95,0.3130579608633805
GA,2050,21,91,95,0.313071011743506
GA,2050,21,92,95,0.3130840631676937
GA,2050,21,93,95,0.31081278215983044
GA,2050,21,94,95,0.31311016764838223
GA,2050,21,95,95,0.3131232207049223
GA,2050,21,96,95,0.3062049581261823
GA,2050,21,97,95,0.3093273975359483
GA,2050,21,98,95,0.3077661778310675
GA,2050,21,99,95,0.3129690591218225
GA,2050,21,100,95,0.31318849415048344
GA,2050,21,101,95,0.31320155047233
GA,2050,21,102,95,0.31321460733846995
GA,2050,21,103,95,0.3132276647489337
GA,2050,21,104,95,0.31324072270373443
GA,2050,21,105,95,0.30117936553570146
GA,2050,21,106,95,0.3105498140711031
GA,2050,21,107,95,0.17518276906382993
GA,2050,21,108,95,0.1751900721501698
GA,2050,21,109,95,0.17519737554097484
GA,2050,21,110,95,0.1752046792362276
GA,2050,21,111,95,0.1752119832359761
GA,2050,21,112,95,0.1752192875402072
GA,2050,21,113,95,0.3081322127282469
GA,2050,21,114,95,0.3902776121897385
GA,2050,21,115,95,0.3902938822322502
GA,2050,21,116,95,0.39031015295303007
GA,2050,21,117,95,0.3903264243521085
GA,2050,21,118,95,0.3903426964295162
GA,2050,21,119,95,0.31343665736229026
GA,2050,21,120,95,0.31081278215983044
GA,2050,21,121,95,0.31081278215983044
GA,2050,21,122,95,0.31081278215983044
GA,2050,21,123,95,0.3134889273002101
GA,2050,21,124,95,0.3135019961466335
GA,2050,21,125,95,0.31351506553786473
GA,2050,21,126,95,0.3135281354739431
GA,2050,21,127,95,0.19180816423446378
GA,2050,21,128,95,0.1918161604066433
GA,2050,21,129,95,0.1745642277664252
GA,2050,21,130,95,0.2981167401644093
GA,2050,21,131,95,0.1745787826705154
GA,2050,21,132,95,0.17458606057763834
GA,2050,21,133,95,0.17459333878817557
GA,2050,21,134,95,0.1746006173021227
GA,2050,21,135,95,0.1746078961194972
GA,2050,21,136,95,0.17461517524031217
GA,2050,21,137,95,0.300254875290241
GA,2050,21,138,95,0.39308149207994486
GA,2050,21,139,95,0.3930978790116706
GA,2050,21,140,95,0.393114266626544
GA,2050,21,141,95,0.39313065492458243
GA,2050,21,142,95,0.39314704390583827
GA,2050,21,143,95,0.3931634335703115
GA,2050,21,144,95,0.38738620305130345
GA,2050,21,145,95,0.3883899892331892
GA,2050,21,146,95,0.3883899892331892
GA,2050,21,147,95,0.3883899892331892
GA,2050,21,148,95,0.39324539214213805
GA,2050,21,149,95,0.39326178590659167
GA,2050,21,150,95,0.3932781803544763
GA,2050,21,151,95,0.39329457548583124
GA,2050,21,152,95,0.39331097130065656
GA,2050,21,153,95,0.36268008595484014
GA,2050,21,154,95,0.3883899892331892
GA,2050,21,155,95,0.3705981099130988
GA,2050,21,156,95,0.3627254464846081
GA,2050,21,157,95,0.36274056792187914
GA,2050,21,158,95,0.3627556899895521
GA,2050,21,159,95,0.362770812687627
GA,2050,21,160,95,0.36278593601615183
GA,2050,21,161,95,0.3628010599751396
GA,2050,21,162,95,0.39347496704699364
GA,2050,21,163,95,0.3934913703820506
GA,2050,21,164,95,0.3935077744009442
GA,2050,21,165,95,0.3935241791036918
GA,2050,21,166,95,0.39354058449032403
GA,2050,21,167,95,0.39354157330729644
GA,2050,42,0,95,0.0
GA,2050,42,1,95,0.34541727521146603
GA,2050,42,2,95,0.359962625359347
GA,2050,42,3,95,0.35997763161908425
GA,2050,42,4,95,0.3599926385044006
GA,2050,42,5,95,0.39042910068229214
GA,2050,42,6,95,0.390445377040117
GA,2050,42,7,95,0.39046165407647165
GA,2050,42,8,95,0.31717767229253496
GA,2050,42,9,95,0.3136255224163182
GA,2050,42,10,95,0.31363859695719376
GA,2050,42,11,95,0.3401559427936562
GA,2050,42,12,95,0.31366474767407937
GA,2050,42,13,95,0.31367782385011994
GA,2050,42,14,95,0.31369090057133026
GA,2050,42,15,95,0.3137039778376843
GA,2050,42,16,95,0.34022685146138015
GA,2050,42,17,95,0.3402410349686163
GA,2050,42,18,95,0.3402552190671704
GA,2050,42,19,95,0.3402694037569726
GA,2050,42,20,95,0.34028358903814077
GA,2050,42,21,95,0.32346227035644454
GA,2050,42,22,95,0.318820309659374
GA,2050,42,23,95,0.30744559456548587
GA,2050,42,24,95,0.38291356722852465
GA,2050,42,25,95,0.3860073862863517
GA,2050,42,26,95,0.3853374857997102
GA,2050,42,27,95,0.38296145836712414
GA,2050,42,28,95,0.38297742341101304
GA,2050,42,29,95,0.402283589354905
GA,2050,42,30,95,0.40963540099654366
GA,2050,42,31,95,0.33353665379517694
GA,2050,42,32,95,0.31596622931326346
GA,2050,42,33,95,0.38329686431465204
GA,2050,42,34,95,0.39310244907028574
GA,2050,42,35,95,0.37976658786407563
GA,2050,42,36,95,0.3155189378445363
GA,2050,42,37,95,0.3155320913188075
GA,2050,42,38,95,0.31554524534142303
GA,2050,42,39,95,0.3155583999124091
GA,2050,42,40,95,0.31557155503179607
GA,2050,42,41,95,0.3336757259199234
GA,2050,42,42,95,0.33368963632132836
GA,2050,42,43,95,0.33370354730263524
GA,2050,42,44,95,0.3241255841431554
GA,2050,42,45,95,0.30772769003908734
GA,2050,42,46,95,0.3077405187088397
GA,2050,42,47,95,0.3077533479133968
GA,2050,42,48,95,0.30776617765278474
GA,2050,42,49,95,0.383312843119027
GA,2050,42,50,95,0.30779183873613164
GA,2050,42,51,95,0.30780467008013856
GA,2050,42,52,95,0.30781750195907664
GA,2050,42,53,95,0.3999095130476683
GA,2050,42,54,95,0.4118847930816098
GA,2050,42,55,95,0.3338705243194933
GA,2050,42,56,95,0.3111150554387347
GA,2050,42,57,95,0.30788166937824
GA,2050,42,58,95,0.3134525812309408
GA,2050,42,59,95,0.3165851572849315
GA,2050,42,60,95,0.3079201762501868
GA,2050,42,61,95,0.3079330129443773
GA,2050,42,62,95,0.3079458501737083
GA,2050,42,63,95,0.18923359441070078
GA,2050,42,64,95,0.21345027566372562
GA,2050,42,65,95,0.22358691145150072
GA,2050,42,66,95,0.2235962324282647
GA,2050,42,67,95,0.22360555379360533
GA,2050,42,68,95,0.21348587147678064
GA,2050,42,69,95,0.1969253453326735
GA,2050,42,70,95,0.19693355483185618
GA,2050,42,71,95,0.20621704008917918
GA,2050,42,72,95,0.20158799924016693
GA,2050,42,73,95,0.20623423415739262
GA,2050,42,74,95,0.2062428317290926
GA,2050,42,75,95,0.2062514296592245
GA,2050,42,76,95,0.3218926466634974
GA,2050,42,77,95,0.3491078514138548
GA,2050,42,78,95,0.34912240515561205
GA,2050,42,79,95,0.3491369595040975
GA,2050,42,80,95,0.34198069687527965
GA,2050,42,81,95,0.3191673266669792
GA,2050,42,82,95,0.3191806322366773
GA,2050,42,83,95,0.3191939383610644
GA,2050,42,84,95,0.319207245040171
GA,2050,42,85,95,0.31922055227400586
GA,2050,42,86,95,0.31923386006258636
GA,2050,42,87,95,0.31924716840596923
GA,2050,42,88,95,0.3462387046967014
GA,2050,42,89,95,0.3462531388283797
GA,2050,42,90,95,0.34626757356178467
GA,2050,42,91,95,0.3462820088969599
GA,2050,42,92,95,0.3462964448339098
GA,2050,42,93,95,0.34631088137267796
GA,2050,42,94,95,0.3189795209148486
GA,2050,42,95,95,0.3189928186552363
GA,2050,42,96,95,0.31900611694997727
GA,2050,42,97,95,0.319019415799115
GA,2050,42,98,95,0.31903271520264964
GA,2050,42,99,95,0.3190460151606159
GA,2050,42,100,95,0.31905931567303575
GA,2050,42,101,95,0.34603496949288554
GA,2050,42,102,95,0.34604939513116595
GA,2050,42,103,95,0.3460638213708242
GA,2050,42,104,95,0.36693745936258454
GA,2050,42,105,95,0.3644488067371347
GA,2050,42,106,95,0.3644640000185138
GA,2050,42,107,95,0.3644791939332731
GA,2050,42,108,95,0.3644943884814519
GA,2050,42,109,95,0.36450958366305886
GA,2050,42,110,95,0.3645247794781289
GA,2050,42,111,95,0.36453997592669246
GA,2050,42,112,95,0.39504757009987757
GA,2050,42,113,95,0.39959560994887033
GA,2050,42,114,95,0.39961226844363706
GA,2050,42,115,95,0.3996289276328715
GA,2050,42,116,95,0.3996455875165955
GA,2050,42,117,95,0.39966224809484824
GA,2050,42,118,95,0.36853672810754173
GA,2050,42,119,95,0.37107534365613837
GA,2050,42,120,95,0.38738620305130345
GA,2050,42,121,95,0.38329686431465204
GA,2050,42,122,95,0.38329686431465204
GA,2050,42,123,95,0.36801748955904506
GA,2050,42,124,95,0.3740030308876662
GA,2050,42,125,95,0.3955752229602794
GA,2050,42,126,95,0.3955917138516133
GA,2050,42,127,95,0.39560820543042485
GA,2050,42,128,95,0.39562469769674896
GA,2050,42,129,95,0.37042890680629714
GA,2050,42,130,95,0.3922260657911484
GA,2050,42,131,95,0.36167967240893667
GA,2050,42,132,95,0.3616947502495854
GA,2050,42,133,95,0.3617098287188003
GA,2050,42,134,95,0.3617249078166162
GA,2050,42,135,95,0.36173998754305486
GA,2050,42,136,95,0.3957566605810177
GA,2050,42,137,95,0.3957731590361892
GA,2050,42,138,95,0.3957896581791654
GA,2050,42,139,95,0.3958061580099551
GA,2050,42,140,95,0.3958226585285975
GA,2050,42,141,95,0.39583915973512745
GA,2050,42,142,95,0.38371274695335855
GA,2050,42,143,95,0.3860073862863517
GA,2050,42,144,95,0.3860073862863517
GA,2050,42,145,95,0.3860073862863517
GA,2050,42,146,95,0.3860073862863517
GA,2050,42,147,95,0.3833489483584132
GA,2050,42,148,95,0.38866582421429446
GA,2050,42,149,95,0.3959711941544343
GA,2050,42,150,95,0.39598770155316926
GA,2050,42,151,95,0.3960042096400709
GA,2050,42,152,95,0.3960207184151654
GA,2050,42,153,95,0.3885997918666617
GA,2050,42,154,95,0.36202662181865525
GA,2050,42,155,95,0.3620417141230618
GA,2050,42,156,95,0.3620568070566406
GA,2050,42,157,95,0.3620719006194221
GA,2050,42,158,95,0.3620869948114326
GA,2050,42,159,95,0.36210208963268947
GA,2050,42,160,95,0.3961528133944085
GA,2050,42,161,95,0.39616932836455976
GA,2050,42,162,95,0.3961858440231873
GA,2050,42,163,95,0.396202360370326
GA,2050,42,164,95,0.3962188774060064
GA,2050,42,165,95,0.3962353951302547
GA,2050,42,166,95,0.3892012392229944
GA,2050,42,167,95,0.3725855245058146
GA,2050,52,0,95,0.0
GA,2050,52,1,95,0.774656766303633
GA,2050,52,2,95,0.3944398020106696
GA,2050,52,3,95,0.39445624556814535
GA,2050,52,4,95,0.39447268981112343
GA,2050,52,5,95,0.39448913473963876
GA,2050,52,6,95,0.39526699473888094
GA,2050,52,7,95,0.42786002400369033
GA,2050,52,8,95,0.4278778607961743
GA,2050,52,9,95,0.42418447306571117
GA,2050,52,10,95,0.35789229808057127
GA,2050,52,11,95,0.3302372689042398
GA,2050,52,12,95,0.33025103596192845
GA,2050,52,13,95,0.3302648035935537
GA,2050,52,14,95,0.33027857179911996
GA,2050,52,15,95,0.3302923405786621
GA,2050,52,16,95,0.35821771809037023
GA,2050,52,17,95,0.3582326516077438
GA,2050,52,18,95,0.3582475857476616
GA,2050,52,19,95,0.3582625205101715
GA,2050,52,20,95,0.00010786525244788222
GA,2050,52,21,95,0.00010786525244788222
GA,2050,52,22,95,0.00010685376173074626
GA,2050,52,23,95,0.00010685376173074626
GA,2050,52,24,95,0.00010685376173074626
GA,2050,52,25,95,0.0001065604063164552
GA,2050,52,26,95,0.0001065604063164552
GA,2050,52,27,95,0.00010620420248707337
GA,2050,52,28,95,0.00010588443703819049
GA,2050,52,29,95,0.00010588443703819049
GA,2050,52,30,95,0.0001065604063164552
GA,2050,52,31,95,0.0001065604063164552
GA,2050,52,32,95,0.0001065604063164552
GA,2050,52,33,95,0.0001065604063164552
GA,2050,52,34,95,0.0001065604063164552
GA,2050,52,35,95,0.00010620420248707337
GA,2050,52,36,95,0.00010585702855784169
GA,2050,52,37,95,0.00010585702855784169
GA,2050,52,38,95,0.00010585702855784169
GA,2050,52,39,95,0.00010585702855784169
GA,2050,52,40,95,0.00010585702855784169
GA,2050,52,41,95,0.00010585702855784169
GA,2050,52,42,95,0.00010585702855784169
GA,2050,52,43,95,0.00010585702855784169
GA,2050,52,44,95,0.00010585702855784169
GA,2050,52,45,95,0.00010585702855784169
GA,2050,52,46,95,0.00010585702855784169
GA,2050,52,47,95,0.00010585702855784169
GA,2050,52,48,95,0.00010585702855784169
GA,2050,52,49,95,0.0001055701189933852
GA,2050,52,50,95,0.00010434314578930882
GA,2050,52,51,95,0.00010434314578930882
GA,2050,52,52,95,0.00010434314578930882
GA,2050,52,53,95,0.00010434314578930882
GA,2050,52,54,95,0.00010434314578930882
GA,2050,52,55,95,0.0001055701189933852
GA,2050,52,56,95,0.00010585702855784169
GA,2050,52,57,95,0.00010585702855784169
GA,2050,52,58,95,0.00010585702855784169
GA,2050,52,59,95,0.00010585702855784169
GA,2050,52,60,95,0.00010585702855784169
GA,2050,52,61,95,0.00010585702855784169
GA,2050,52,62,95,0.00010558378101762755
GA,2050,52,63,95,0.00010558818263471251
GA,2050,52,64,95,0.00010585702855784169
GA,2050,52,65,95,0.00010585702855784169
GA,2050,52,66,95,0.00010585702855784169
GA,2050,52,67,95,0.00010620420248707337
GA,2050,52,68,95,0.0001065604063164552
GA,2050,52,69,95,0.00010620420248707337
GA,2050,52,70,95,0.00010620420248707337
GA,2050,52,71,95,8.499733785731325e-05
GA,2050,52,72,95,8.499092295670437e-05
GA,2050,52,73,95,8.498316572813468e-05
GA,2050,52,74,95,9.936126689180083e-05
GA,2050,52,75,95,9.936540910233508e-05
GA,2050,52,76,95,8.499379460346524e-05
GA,2050,52,77,95,8.499733785731325e-05
GA,2050,52,78,95,8.556347814827096e-05
GA,2050,52,79,95,8.620664069179787e-05
GA,2050,52,80,95,8.580233832813092e-05
GA,2050,52,81,95,8.579765945527495e-05
GA,2050,52,82,95,8.137173867312763e-05
GA,2050,52,83,95,8.501860048258072e-05
GA,2050,52,84,95,8.502214477054673e-05
GA,2050,52,85,95,8.50256892062661e-05
GA,2050,52,86,95,8.137173867312763e-05
GA,2050,52,87,95,8.579765945527495e-05
GA,2050,52,88,95,8.620664069179787e-05
GA,2050,52,89,95,8.620664069174996e-05
GA,2050,52,90,95,0.00010685376173074626
GA,2050,52,91,95,0.00010685376173074626
GA,2050,52,92,95,0.00010685376173074626
GA,2050,52,93,95,0.00010685376173074626
GA,2050,52,94,95,0.00010685376173074626
GA,2050,52,95,95,8.620664069179787e-05
GA,2050,52,96,95,0.00010644229548420639
GA,2050,52,97,95,0.0001065604063164552
GA,2050,52,98,95,0.00010585702855784169
GA,2050,52,99,95,0.00010585702855784169
GA,2050,52,100,95,0.00010585702855784169
GA,2050,52,101,95,0.0001065604063164552
GA,2050,52,102,95,0.00010656210862809479
GA,2050,52,103,95,0.00010685376173074626
GA,2050,52,104,95,0.00010685376173074626
GA,2050,52,105,95,0.00010685376173074626
GA,2050,52,106,95,0.00010685376173074626
GA,2050,52,107,95,0.00010685376173074626
GA,2050,52,108,95,0.00010656210862809479
GA,2050,52,109,95,0.0001065604063164552
GA,2050,52,110,95,0.0001065604063164552
GA,2050,52,111,95,0.00010656210862809479
GA,2050,52,112,95,0.00010685376173074626
GA,2050,52,113,95,0.00010753405734022982
GA,2050,52,114,95,0.00010685376173074626
GA,2050,52,115,95,0.00010685376173074626
GA,2050,52,116,95,0.00010685376173074626
GA,2050,52,117,95,0.00010685376173074626
GA,2050,52,118,95,0.00010685376173074626
GA,2050,52,119,95,0.0001065604063164552
GA,2050,52,120,95,0.00010585702855784169
GA,2050,52,121,95,0.00010585702855784169
GA,2050,52,122,95,0.00010585702855784169
GA,2050,52,123,95,0.00010585702855784169
GA,2050,52,124,95,0.00010585702855784169
GA,2050,52,125,95,0.00010586144156617549
GA,2050,52,126,95,0.00010586585475847811
GA,2050,52,127,95,0.00010656210862809479
GA,2050,52,128,95,0.00010685376173074626
GA,2050,52,129,95,0.0001065604063164552
GA,2050,52,130,95,0.00010588350936755885
GA,2050,52,131,95,0.00010588792347983226
GA,2050,52,132,95,0.00010589233777612454
GA,2050,52,133,95,0.000105896752256441
GA,2050,52,134,95,0.00010590116692079015
GA,2050,52,135,95,0.00010590558176917944
GA,2050,52,136,95,0.00010685376173074626
GA,2050,52,137,95,0.00010786525244788222
GA,2050,52,138,95,0.3874029240866131
GA,2050,52,139,95,0.31194947200290146
GA,2050,52,140,95,0.3119624766719164
GA,2050,52,141,95,0.3119754818830705
GA,2050,52,142,95,0.31198848763639
GA,2050,52,143,95,0.3120014939319053
GA,2050,52,144,95,0.30876018797666055
GA,2050,52,145,95,0.2983145417793011
GA,2050,52,146,95,0.29862636484477434
GA,2050,52,147,95,0.30829226984417624
GA,2050,52,148,95,0.3120665335430963
GA,2050,52,149,95,0.3120795430922187
GA,2050,52,150,95,0.31209255318368523
GA,2050,52,151,95,0.31210556381751775
GA,2050,52,152,95,0.31211857499374673
GA,2050,52,153,95,0.30693443664436765
GA,2050,52,154,95,0.3584592108222937
GA,2050,52,155,95,0.2878349149825681
GA,2050,52,156,95,0.28784691435470733
GA,2050,52,157,95,0.2878589142270631
GA,2050,52,158,95,0.28787091459967895
GA,2050,52,159,95,0.28788291547258543
GA,2050,52,160,95,0.3982858183638393
GA,2050,52,161,95,0.39830242225551615
GA,2050,52,162,95,0.3983190268393802
GA,2050,52,163,95,0.3983356321154575
GA,2050,52,164,95,0.3983522380837918
GA,2050,52,165,95,0.3983688447443916
GA,2050,52,166,95,0.39838545209730075
GA,2050,52,167,95,0.3684156708578665
DE,2050,11,0,95,0.00010527409047782107
DE,2050,11,1,95,0.0001065604063164552
DE,2050,11,2,95,0.0001065604063164552
DE,2050,11,3,95,0.0001065604063164552
DE,2050,11,4,95,0.0001065604063164552
DE,2050,11,5,95,0.00010685376173074626
DE,2050,11,6,95,0.00010685376173074626
DE,2050,11,7,95,0.00010685376173074626
DE,2050,11,8,95,0.00010685376173074626
DE,2050,11,9,95,0.00010685376173074626
DE,2050,11,10,95,8.620664069179787e-05
DE,2050,11,11,95,8.620664069179787e-05
DE,2050,11,12,95,0.0001065604063164552
DE,2050,11,13,95,0.00010656040631645732
DE,2050,11,14,95,0.00010656484864746951
DE,2050,11,15,95,0.00010656929116367798
DE,2050,11,16,95,0.00010657373386508595
DE,2050,11,17,95,0.00010657817675170302
DE,2050,11,18,95,0.00010685376173074626
DE,2050,11,19,95,0.00010772461121773918
DE,2050,11,20,95,0.00010786525244788222
DE,2050,11,21,95,0.00010786525244788222
DE,2050,11,22,95,0.00010772461121773918
DE,2050,11,23,95,0.00010772461121773918
DE,2050,11,24,95,0.00010772461121773918
DE,2050,11,25,95,8.649690341741163e-05
DE,2050,11,26,95,8.650050933343616e-05
DE,2050,11,27,95,5.336918835995829e-05
DE,2050,11,28,95,0.14543644104608897
DE,2050,11,29,95,0.19897257599128065
DE,2050,11,30,95,0.3287363626273698
DE,2050,11,31,95,0.32875006711471094
DE,2050,11,32,95,0.3287637721733592
DE,2050,11,33,95,0.30315979428788237
DE,2050,11,34,95,0.3211538141065076
DE,2050,11,35,95,0.38462856952140856
DE,2050,11,36,95,0.3873862030512991
DE,2050,11,37,95,0.3883899892331892
DE,2050,11,38,95,0.37948833304468055
DE,2050,11,39,95,0.3776544504515398
DE,2050,11,40,95,0.3776701942548511
DE,2050,11,41,95,0.40683396444752384
DE,2050,11,42,95,0.40961832443373064
DE,2050,11,43,95,0.40963540075925337
DE,2050,11,44,95,0.40965247779666003
DE,2050,11,45,95,0.4096695555459855
DE,2050,11,46,95,0.4096866340072516
DE,2050,11,47,95,0.40970371318049315
DE,2050,11,48,95,0.2537373156357542
DE,2050,11,49,95,0.00010772461121773918
DE,2050,11,50,95,0.00010685376173074626
DE,2050,11,51,95,0.00010685376173074626
DE,2050,11,52,95,0.00010685376173074626
DE,2050,11,53,95,0.00010685376173074626
DE,2050,11,54,95,0.00010772461121773918
DE,2050,11,55,95,0.00010786525244788222
DE,2050,11,56,95,0.00010772461121773918
DE,2050,11,57,95,8.620664069179787e-05
DE,2050,11,58,95,8.775179272089759e-05
DE,2050,11,59,95,8.744278807996108e-05
DE,2050,11,60,95,8.713377055711899e-05
DE,2050,11,61,95,8.682474015183475e-05
DE,2050,11,62,95,8.651569686357288e-05
DE,2050,11,63,95,8.620664069179787e-05
DE,2050,11,64,95,8.589757163596999e-05
DE,2050,11,65,95,8.580591528886112e-05
DE,2050,11,66,95,0.0
DE,2050,11,67,95,0.0
DE,2050,11,68,95,0.0
DE,2050,11,69,95,0.0
DE,2050,11,70,95,0.0
DE,2050,11,71,95,0.0
DE,2050,11,72,95,0.0
DE,2050,11,73,95,0.0
DE,2050,11,74,95,0.0
DE,2050,11,75,95,0.0
DE,2050,11,76,95,0.0
DE,2050,11,77,95,0.0
DE,2050,11,78,95,0.0
DE,2050,11,79,95,0.0
DE,2050,11,80,95,0.0
DE,2050,11,81,95,0.0
DE,2050,11,82,95,0.0
DE,2050,11,83,95,0.0
DE,2050,11,84,95,0.0
DE,2050,11,85,95,0.0
DE,2050,11,86,95,0.0
DE,2050,11,87,95,0.0
DE,2050,11,88,95,0.0
DE,2050,11,89,95,0.0
DE,2050,11,90,95,0.0
DE,2050,11,91,95,0.0
DE,2050,11,92,95,0.0
DE,2050,11,93,95,0.0
DE,2050,11,94,95,0.0
DE,2050,11,95,95,0.0
DE,2050,11,96,95,0.0
DE,2050,11,97,95,0.0
DE,2050,11,98,95,0.0
DE,2050,11,99,95,0.0
DE,2050,11,100,95,0.0
DE,2050,11,101,95,0.0
DE,2050,11,102,95,0.02627297374301883
DE,2050,11,103,95,0.026274069020803845
DE,2050,11,104,95,0.026275164344252977
DE,2050,11,105,95,0.19062353570293328
DE,2050,11,106,95,0.31023361052838455
DE,2050,11,107,95,0.31024654366589344
DE,2050,11,108,95,0.3102594773425807
DE,2050,11,109,95,0.3102724115584507
DE,2050,11,110,95,0.31028534631352955
DE,2050,11,111,95,0.31029828160783474
DE,2050,11,112,95,0.3103112174413924
DE,2050,11,113,95,0.4663734032658408
DE,2050,11,114,95,0.5870500614064826
DE,2050,11,115,95,0.587074534574179
DE,2050,11,116,95,0.5870990087621316
DE,2050,11,117,95,0.5871234839703579
DE,2050,11,118,95,0.5871479601989362
DE,2050,11,119,95,0.3661295473733894
DE,2050,11,120,95,0.37474816105846687
DE,2050,11,121,95,0.3747637837032577
DE,2050,11,122,95,0.3747794069993551
DE,2050,11,123,95,0.3839684444305893
DE,2050,11,124,95,0.37481065554548276
DE,2050,11,125,95,0.3933644358010671
DE,2050,11,126,95,0.39108769578123403
DE,2050,11,127,95,0.38960327997049665
DE,2050,11,128,95,0.3909105582750003
DE,2050,11,129,95,0.39354157330729644
DE,2050,11,130,95,0.40174883767682357
DE,2050,11,131,95,0.3749200459763471
DE,2050,11,132,95,0.3749356757867576
DE,2050,11,133,95,0.37495130624874945
DE,2050,11,134,95,0.37496693736234876
DE,2050,11,135,95,0.3749825691275904
DE,2050,11,136,95,0.3749982015444832
DE,2050,11,137,95,0.4067033459205074
DE,2050,11,138,95,0.4067203007252972
DE,2050,11,139,95,0.4067372562368995
DE,2050,11,140,95,0.4067542124553449
DE,2050,11,141,95,0.40677116938067265
DE,2050,11,142,95,0.4067881270129132
DE,2050,11,143,95,0.40680508535208415
DE,2050,11,144,95,0.31636952086339937
DE,2050,11,145,95,0.3399457201238843
DE,2050,11,146,95,0.31273125179796396
DE,2050,11,147,95,0.3348234774157197
DE,2050,11,148,95,0.39354157330729644
DE,2050,11,149,95,0.39446446803239427
DE,2050,11,150,95,0.3882391396694651
DE,2050,11,151,95,0.3883899892331892
DE,2050,11,152,95,0.3942540355951522
DE,2050,11,153,95,0.4069747076317837
DE,2050,11,154,95,0.40699167374919376
DE,2050,11,155,95,0.399644747545773
DE,2050,11,156,95,0.3875887654271051
DE,2050,11,157,95,0.375326632881629
DE,2050,11,158,95,0.37534227964198824
DE,2050,11,159,95,0.37535792705463966
DE,2050,11,160,95,0.3753735751196049
DE,2050,11,161,95,0.3753892238369102
DE,2050,11,162,95,0.4034747519093929
DE,2050,11,163,95,0.4071444006375315
DE,2050,11,164,95,0.40716137382917195
DE,2050,11,165,95,0.40717834772840555
DE,2050,11,166,95,0.40719532233524536
DE,2050,11,167,95,0.3161726290141696
DE,2050,21,0,95,0.0
DE,2050,21,1,95,0.3738437459743829
DE,2050,21,2,95,0.34447406259525126
DE,2050,21,3,95,0.3444884231618532
DE,2050,21,4,95,0.34450278432711195
DE,2050,21,5,95,0.3736296187227141
DE,2050,21,6,95,0.3736451947373023
DE,2050,21,7,95,0.3736607714012217
DE,2050,21,8,95,0.31760917576591163
DE,2050,21,9,95,0.31762241637882416
DE,2050,21,10,95,0.32612262163409356
DE,2050,21,11,95,0.33800800322307045
DE,2050,21,12,95,0.3176621415295308
DE,2050,21,13,95,0.31987186487162816
DE,2050,21,14,95,0.32075953097891685
DE,2050,21,15,95,0.3177018716486731
DE,2050,21,16,95,0.3177151161259283
DE,2050,21,17,95,0.3177283611553258
DE,2050,21,18,95,0.42795813602950344
DE,2050,21,19,95,0.3446058516169253
DE,2050,21,20,95,0.3446202176775929
DE,2050,21,21,95,0.32087416563853277
DE,2050,21,22,95,0.3168991167343218
DE,2050,21,23,95,0.31685948810470466
DE,2050,21,24,95,0.31687269746434116
DE,2050,21,25,95,0.31688590737467226
DE,2050,21,26,95,0.3168991178356981
DE,2050,21,27,95,0.31691232884743603
DE,2050,21,28,95,0.3169255404099297
DE,2050,21,29,95,0.3437207889571485
DE,2050,21,30,95,0.343735118120989
DE,2050,21,31,95,0.3437494478821868
DE,2050,21,32,95,0.3401349279524878
DE,2050,21,33,95,0.31762241637882416
DE,2050,21,34,95,0.3401632878938023
DE,2050,21,35,95,0.3273129272338674
DE,2050,21,36,95,0.3108843214395333
DE,2050,21,37,95,0.3108972817041438
DE,2050,21,38,95,0.3109102425090491
DE,2050,21,39,95,0.3109232038542664
DE,2050,21,40,95,0.3109361657398133
DE,2050,21,41,95,0.3110626577704956
DE,2050,21,42,95,0.31107562546966533
DE,2050,21,43,95,0.3372531452069748
DE,2050,21,44,95,0.33726720474519795
DE,2050,21,45,95,0.28473853289557366
DE,2050,21,46,95,0.3150220113949971
DE,2050,21,47,95,0.31091672318164904
DE,2050,21,48,95,0.22446767987536412
DE,2050,21,49,95,0.1921662261210875
DE,2050,21,50,95,0.1921662261210875
DE,2050,21,51,95,0.19098737025628906
DE,2050,21,52,95,0.18986805780070476
DE,2050,21,53,95,0.0
DE,2050,21,54,95,0.2059295037916854
DE,2050,21,55,95,0.0
DE,2050,21,56,95,0.0
DE,2050,21,57,95,0.18146544937379275
DE,2050,21,58,95,0.18990312465177575
DE,2050,21,59,95,0.18148057969142053
DE,2050,21,60,95,0.18148814532329968
DE,2050,21,61,95,0.18149571127057604
DE,2050,21,62,95,0.18150327753327572
DE,2050,21,63,95,0.18151084411139878
DE,2050,21,64,95,0.18151841100494953
DE,2050,21,65,95,0.29673332388381146
DE,2050,21,66,95,0.3218213718695483
DE,2050,21,67,95,0.32183478808211
DE,2050,21,68,95,0.32184820485396115
DE,2050,21,69,95,0.3048914743936315
DE,2050,21,70,95,0.31385938648859774
DE,2050,21,71,95,0.3077661778310675
DE,2050,21,72,95,0.31081278215983044
DE,2050,21,73,95,0.3077661778310675
DE,2050,21,74,95,0.3077661778310675
DE,2050,21,75,95,0.2968570504169187
DE,2050,21,76,95,0.31970552374708894
DE,2050,21,77,95,0.32196898097301824
DE,2050,21,78,95,0.32198240333915445
DE,2050,21,79,95,0.3219958262648548
DE,2050,21,80,95,0.19698847197128835
DE,2050,21,81,95,0.2684833397651184
DE,2050,21,82,95,0.31944442249973937
DE,2050,21,83,95,0.2966305879893192
DE,2050,21,84,95,0.2966429540388405
DE,2050,21,85,95,0.2966553206038753
DE,2050,21,86,95,0.296667687684454
DE,2050,21,87,95,0.2966800552805854
DE,2050,21,88,95,0.2966924233923087
DE,2050,21,89,95,0.29670479201963706
DE,2050,21,90,95,0.3212493893018502
DE,2050,21,91,95,0.32180384263135536
DE,2050,21,92,95,0.32181725811314743
DE,2050,21,93,95,0.29980638480488864
DE,2050,21,94,95,0.3218440907545649
DE,2050,21,95,95,0.31081278215983044
DE,2050,21,96,95,0.31081278215983044
DE,2050,21,97,95,0.31081278215983044
DE,2050,21,98,95,0.3077661778310675
DE,2050,21,99,95,0.3067234434606365
DE,2050,21,100,95,0.32192460210313234
DE,2050,21,101,95,0.32193802261919624
DE,2050,21,102,95,0.32195144369472833
DE,2050,21,103,95,0.3219648653297722
DE,2050,21,104,95,0.3219782875243323
DE,2050,21,105,95,0.2969027601969753
DE,2050,21,106,95,0.32200513359214034
DE,2050,21,107,95,0.2957525053617352
DE,2050,21,108,95,0.29576483480541166
DE,2050,21,109,95,0.29577716476306665
DE,2050,21,110,95,0.29578949523475245
DE,2050,21,111,95,0.2958018262204604
DE,2050,21,112,95,0.2958141577202428
DE,2050,21,113,95,0.31117813952779677
DE,2050,21,114,95,0.3208378671984251
DE,2050,21,115,95,0.3208512424102549
DE,2050,21,116,95,0.3208646181796822
DE,2050,21,117,95,0.3904378838157997
DE,2050,21,118,95,0.3208913713914078
DE,2050,21,119,95,0.31118639475538135
DE,2050,21,120,95,0.31081278215983044
DE,2050,21,121,95,0.31081278215983044
DE,2050,21,122,95,0.31273125179796396
DE,2050,21,123,95,0.22059073846302427
DE,2050,21,124,95,0.19173758484076417
DE,2050,21,125,95,0.19341132480692927
DE,2050,21,126,95,0.32099840654657047
DE,2050,21,127,95,0.19637827714828332
DE,2050,21,128,95,0.1930519402140549
DE,2050,21,129,95,0.18097591319525633
DE,2050,21,130,95,0.3194210692456237
DE,2050,21,131,95,0.2958588206023562
DE,2050,21,132,95,0.1809985479182845
DE,2050,21,133,95,0.18100609345503832
DE,2050,21,134,95,0.1810136393063608
DE,2050,21,135,95,0.18102118547225635
DE,2050,21,136,95,0.2673064295068268
DE,2050,21,137,95,0.3045483503943129
DE,2050,21,138,95,0.39972019019699917
DE,2050,21,139,95,0.39973685388530833
DE,2050,21,140,95,0.39975351826831634
DE,2050,21,141,95,0.3980220686245826
DE,2050,21,142,95,0.3997868491184724
DE,2050,21,143,95,0.3903454878758566
DE,2050,21,144,95,0.3903454878758566
DE,2050,21,145,95,0.39424234920564677
DE,2050,21,146,95,0.39414345734980744
DE,2050,21,147,95,0.3945767940913948
DE,2050,21,148,95,0.39467315265598935
DE,2050,21,149,95,0.39446446803239427
DE,2050,21,150,95,0.3999202003121871
DE,2050,21,151,95,0.39993687233860037
DE,2050,21,152,95,0.38491952669378343
DE,2050,21,153,95,0.3688053389932931
DE,2050,21,154,95,0.38969885610476607
DE,2050,21,155,95,0.39354157330729644
DE,2050,21,156,95,0.39446446803239427
DE,2050,21,157,95,0.3688668424317867
DE,2050,21,158,95,0.3688822198939262
DE,2050,21,159,95,0.3688975979971293
DE,2050,21,160,95,0.3689129767414265
DE,2050,21,161,95,0.36892835612683084
DE,2050,21,162,95,0.40012031050750047
DE,2050,21,163,95,0.40013699087618665
DE,2050,21,164,95,0.40015367194024754
DE,2050,21,165,95,0.3998982189070711
DE,2050,21,166,95,0.4001870361546243
DE,2050,21,167,95,0.3887418999101686
DE,2050,42,0,95,0.0
DE,2050,42,1,95,0.2982682280915295
DE,2050,42,2,95,0.2982806624115978
DE,2050,42,3,95,0.2982930972500532
DE,2050,42,4,95,0.29830553260688697
DE,2050,42,5,95,0.3235265068422637
DE,2050,42,6,95,0.3235399941391571
DE,2050,42,7,95,0.32355348199829653
DE,2050,42,8,95,0.257788413291695
DE,2050,42,9,95,0.32467699057782584
DE,2050,42,10,95,0.3246905258365026
DE,2050,42,11,95,0.35214228415635285
DE,2050,42,12,95,0.32471759804668104
DE,2050,42,13,95,0.3247311349982264
DE,2050,42,14,95,0.32474467251411077
DE,2050,42,15,95,0.3247582105943297
DE,2050,42,16,95,0.3527729354984169
DE,2050,42,17,95,0.4393673077159871
DE,2050,42,18,95,0.4393856242285157
DE,2050,42,19,95,0.43940394150462736
DE,2050,42,20,95,0.43942225954436576
DE,2050,42,21,95,0.34822704495092927
DE,2050,42,22,95,0.31081278215983044
DE,2050,42,23,95,0.3859993404422131
DE,2050,42,24,95,0.38601543213049455
DE,2050,42,25,95,0.38671212273101296
DE,2050,42,26,95,0.3867282441340362
DE,2050,42,27,95,0.3860637112204567
DE,2050,42,28,95,0.3860798055922546
DE,2050,42,29,95,0.4047763258834343
DE,2050,42,30,95,0.4187393272493185
DE,2050,42,31,95,0.3362385315254844
DE,2050,42,32,95,0.32720301097733495
DE,2050,42,33,95,0.31081278215983044
DE,2050,42,34,95,0.3225879411291098
DE,2050,42,35,95,0.3081815354883948
DE,2050,42,36,95,0.308194383078224
DE,2050,42,37,95,0.30820723120365595
DE,2050,42,38,95,0.308220079864708
DE,2050,42,39,95,0.3082329290613889
DE,2050,42,40,95,0.3082457787937379
DE,2050,42,41,95,0.3357587702555395
DE,2050,42,42,95,0.33577276749568613
DE,2050,42,43,95,0.33578676531935825
DE,2050,42,44,95,0.3358007637265822
DE,2050,42,45,95,0.30964874803596715
DE,2050,42,46,95,0.309661656791519
DE,2050,42,47,95,0.3096745660852202
DE,2050,42,48,95,0.3108063036537378
DE,2050,42,49,95,0.3108192606659143
DE,2050,42,50,95,0.3097132971954068
DE,2050,42,51,95,0.30972620864191874
DE,2050,42,52,95,0.30973912062667147
DE,2050,42,53,95,0.3271312759531642
DE,2050,42,54,95,0.3359407798992379
DE,2050,42,55,95,0.33595478472708323
DE,2050,42,56,95,0.3218743467187205
DE,2050,42,57,95,0.31081278215983044
DE,2050,42,58,95,0.3134258326166125
DE,2050,42,59,95,0.3170092293485215
DE,2050,42,60,95,0.30984243588470783
DE,2050,42,61,95,0.309855352714801
DE,2050,42,62,95,0.3098682700833662
DE,2050,42,63,95,0.30988118799043823
DE,2050,42,64,95,0.2522019333001219
DE,2050,42,65,95,0.25221244719086827
DE,2050,42,66,95,0.25222296151992374
DE,2050,42,67,95,0.25223347628731024
DE,2050,42,68,95,0.2522439914930277
DE,2050,42,69,95,0.24981190760691938
DE,2050,42,70,95,0.23260903714034897
DE,2050,42,71,95,0.23261873423493915
DE,2050,42,72,95,0.2326284317337779
DE,2050,42,73,95,0.23263812963691322
DE,2050,42,74,95,0.2326478279443233
DE,2050,42,75,95,0.23265752665603864
DE,2050,42,76,95,0.23463572237316266
DE,2050,42,77,95,0.41248798945348175
DE,2050,42,78,95,0.41250518541071196
DE,2050,42,79,95,0.4125223820848015
DE,2050,42,80,95,0.41253957947579406
DE,2050,42,81,95,0.22634396668168746
DE,2050,42,82,95,0.22635340259562511
DE,2050,42,83,95,0.22636283890293607
DE,2050,42,84,95,0.22637227560361156
DE,2050,42,85,95,0.22638171269769958
DE,2050,42,86,95,0.2263911501852132
DE,2050,42,87,95,0.22733416594606465
DE,2050,42,88,95,6.344360884840636
DE,2050,42,89,95,6.3446253709862255
DE,2050,42,90,95,6.3448898681579
DE,2050,42,91,95,6.34515437635552
DE,2050,42,92,95,6.345418895580203
DE,2050,42,93,95,6.2906460399571795
DE,2050,42,94,95,0.19554098929114194
DE,2050,42,95,95,0.1955491410787613
DE,2050,42,96,95,0.19555729320621898
DE,2050,42,97,95,0.3182631405550494
DE,2050,42,98,95,0.318276408430691
DE,2050,42,99,95,0.31828967685945175
DE,2050,42,100,95,0.31830294584134916
DE,2050,42,101,95,0.3452146505152703
DE,2050,42,102,95,0.3452290419557812
DE,2050,42,103,95,0.3452434339962484
DE,2050,42,104,95,0.4005296688085103
DE,2050,42,105,95,0.3710020916284028
DE,2050,42,106,95,0.3781613235393563
DE,2050,42,107,95,0.37103302522762915
DE,2050,42,108,95,0.37104849299443016
DE,2050,42,109,95,0.3710639614060579
DE,2050,42,110,95,0.371079430462543
DE,2050,42,111,95,0.3710949001638984
DE,2050,42,112,95,0.3965022223008194
DE,2050,42,113,95,0.40327617941636273
DE,2050,42,114,95,0.40329299134811397
DE,2050,42,115,95,0.40330980398073435
DE,2050,42,116,95,0.4033266173142499
DE,2050,42,117,95,0.40334343134866946
DE,2050,42,118,95,0.37516351938121156
DE,2050,42,119,95,0.3751791593416347
DE,2050,42,120,95,0.3873634981100921
DE,2050,42,121,95,0.38507414545704594
DE,2050,42,122,95,0.38558451529191695
DE,2050,42,123,95,0.3712805868906393
DE,2050,42,124,95,0.37129606497788226
DE,2050,42,125,95,0.40268820312117853
DE,2050,42,126,95,0.39560290763963524
DE,2050,42,127,95,0.4027217786609644
DE,2050,42,128,95,0.4027385674806588
DE,2050,42,129,95,0.37137346509349695
DE,2050,42,130,95,0.39954794643448344
DE,2050,42,131,95,0.37140442965729337
DE,2050,42,132,95,0.3714199129073365
DE,2050,42,133,95,0.3714353968028649
DE,2050,42,134,95,0.3714508813438828
DE,2050,42,135,95,0.37146636653042525
DE,2050,42,136,95,0.3921364904011027
DE,2050,42,137,95,0.40288969835677224
DE,2050,42,138,95,0.40290649417675445
DE,2050,42,139,95,0.4029232906969255
DE,2050,42,140,95,0.40294008791732466
DE,2050,42,141,95,0.4029568858379736
DE,2050,42,142,95,0.3860073862863517
DE,2050,42,143,95,0.3883899892331892
DE,2050,42,144,95,0.3883899892331892
DE,2050,42,145,95,0.3883899892331892
DE,2050,42,146,95,0.3887141007868045
DE,2050,42,147,95,0.38722060331115554
DE,2050,42,148,95,0.38722060331115554
DE,2050,42,149,95,0.40113058521800954
DE,2050,42,150,95,0.4031080986397944
DE,2050,42,151,95,0.40312490356453373
DE,2050,42,152,95,0.40314170918984565
DE,2050,42,153,95,0.37742831038135216
DE,2050,42,154,95,0.37176070776044357
DE,2050,42,155,95,0.3717762058631482
DE,2050,42,156,95,0.3717917046119572
DE,2050,42,157,95,0.3718072040068706
DE,2050,42,158,95,0.3718227040479277
DE,2050,42,159,95,0.3718382047351634
DE,2050,42,160,95,0.39510543513937
DE,2050,42,161,95,0.40329299134810964
DE,2050,42,162,95,0.40330980398072996
DE,2050,42,163,95,0.4033266173142456
DE,2050,42,164,95,0.4033434313486738
DE,2050,42,165,95,0.403360246084054
DE,2050,42,166,95,0.38329686431465204
DE,2050,42,167,95,0.38329686431465204
DE,2050,52,0,95,0.0
DE,2050,52,1,95,0.7822522672566689
DE,2050,52,2,95,0.3969409851462344
DE,2050,52,3,95,0.3969575329739798
DE,2050,52,4,95,0.3969740814915838
DE,2050,52,5,95,0.3969906306990726
DE,2050,52,6,95,0.4013424441047902
DE,2050,52,7,95,0.4305731281857857
DE,2050,52,8,95,0.430591078083184
DE,2050,52,9,95,0.38867972390990335
DE,2050,52,10,95,0.3717529590321173
DE,2050,52,11,95,0.37176845681179804
DE,2050,52,12,95,0.3717839552375527
DE,2050,52,13,95,0.37179945430941175
DE,2050,52,14,95,0.3718149540274014
DE,2050,52,15,95,0.3718304543915434
DE,2050,52,16,95,0.4032677738008933
DE,2050,52,17,95,0.40328458538224055
DE,2050,52,18,95,0.40330139766442197
DE,2050,52,19,95,0.4033182106474856
DE,2050,52,20,95,0.4033350243314575
DE,2050,52,21,95,0.00010786525244788222
DE,2050,52,22,95,0.00010786525244788222
DE,2050,52,23,95,0.00010685376173074626
DE,2050,52,24,95,0.00010685376173074626
DE,2050,52,25,95,0.00010685376173074626
DE,2050,52,26,95,0.00010656210862809479
DE,2050,52,27,95,0.0001065604063164552
DE,2050,52,28,95,0.0001065604063164552
DE,2050,52,29,95,0.0001065604063164552
DE,2050,52,30,95,0.0001065604063164552
DE,2050,52,31,95,0.00010656210862809479
DE,2050,52,32,95,0.00010656210862809479
DE,2050,52,33,95,0.00010656210862809479
DE,2050,52,34,95,0.00010656210862809479
DE,2050,52,35,95,0.0001065604063164552
DE,2050,52,36,95,0.0001065604063164552
DE,2050,52,37,95,0.0001065604063164552
DE,2050,52,38,95,0.0001065604063164552
DE,2050,52,39,95,0.00010620420248707337
DE,2050,52,40,95,0.0001065604063164552
DE,2050,52,41,95,0.0001065604063164552
DE,2050,52,42,95,0.0001065604063164552
DE,2050,52,43,95,0.0001065604063164552
DE,2050,52,44,95,0.00010585702855784169
DE,2050,52,45,95,0.00010585702855784169
DE,2050,52,46,95,0.00010585702855784169
DE,2050,52,47,95,0.00010585702855784169
DE,2050,52,48,95,0.00010585702855784169
DE,2050,52,49,95,0.00010585702855784169
DE,2050,52,50,95,0.0001057996761874096
DE,2050,52,51,95,0.00010580408680481513
DE,2050,52,52,95,0.00010580849760609157
DE,2050,52,53,95,0.00010581290859124739
DE,2050,52,54,95,0.00010585702855784169
DE,2050,52,55,95,0.00010585702855784169
DE,2050,52,56,95,0.00010585702855784169
DE,2050,52,57,95,0.00010585702855784169
DE,2050,52,58,95,0.00010585702855784169
DE,2050,52,59,95,0.00010585702855784169
DE,2050,52,60,95,0.00010585702855784169
DE,2050,52,61,95,0.00010585702855784169
DE,2050,52,62,95,0.00010585702855784169
DE,2050,52,63,95,0.00010585702855784169
DE,2050,52,64,95,0.00010586144156617549
DE,2050,52,65,95,0.00010586585475847811
DE,2050,52,66,95,0.0001065604063164552
DE,2050,52,67,95,0.0001065604063164552
DE,2050,52,68,95,0.00010644229548420639
DE,2050,52,69,95,0.00010644229548420639
DE,2050,52,70,95,0.00010644229548420639
DE,2050,52,71,95,0.00010620420248707337
DE,2050,52,72,95,0.00010589675225643992
DE,2050,52,73,95,0.00010590116692079121
DE,2050,52,74,95,0.00010590558176918157
DE,2050,52,75,95,0.00010590999680161742
DE,2050,52,76,95,0.00010591441201811044
DE,2050,52,77,95,8.551552334178749e-05
DE,2050,52,78,95,8.620664069179787e-05
DE,2050,52,79,95,8.620664069179787e-05
DE,2050,52,80,95,2.5784826437825407e-05
DE,2050,52,81,95,8.580233832813092e-05
DE,2050,52,82,95,8.579765945527495e-05
DE,2050,52,83,95,8.556347814827096e-05
DE,2050,52,84,95,8.556347814827096e-05
DE,2050,52,85,95,8.579765945527495e-05
DE,2050,52,86,95,8.579765945527495e-05
DE,2050,52,87,95,8.620664069179787e-05
DE,2050,52,88,95,8.620664069174996e-05
DE,2050,52,89,95,8.685299919838351e-05
DE,2050,52,90,95,9.130944909939648e-05
DE,2050,52,91,95,9.131325564266732e-05
DE,2050,52,92,95,0.00010786525244788222
DE,2050,52,93,95,0.00010786525244788222
DE,2050,52,94,95,0.00010685376173074626
DE,2050,52,95,95,0.00010685376173074626
DE,2050,52,96,95,8.620664069179787e-05
DE,2050,52,97,95,0.00010644229548420639
DE,2050,52,98,95,0.00010644229548420639
DE,2050,52,99,95,0.0001065604063164552
DE,2050,52,100,95,0.0001065604063164552
DE,2050,52,101,95,0.00010644229548420639
DE,2050,52,102,95,0.00010685376173074626
DE,2050,52,103,95,0.00010685376173074626
DE,2050,52,104,95,0.00010685376173074626
DE,2050,52,105,95,0.00010685376173074626
DE,2050,52,106,95,0.00010685376173074626
DE,2050,52,107,95,0.00010685376173074626
DE,2050,52,108,95,0.00010685376173074626
DE,2050,52,109,95,0.00010685376173074626
DE,2050,52,110,95,0.00010685376173074626
DE,2050,52,111,95,0.00010685376173074626
DE,2050,52,112,95,0.00010753405734022982
DE,2050,52,113,95,0.00010769541920023163
DE,2050,52,114,95,0.00010769541920023163
DE,2050,52,115,95,0.00010769541920023163
DE,2050,52,116,95,0.00010753405734022982
DE,2050,52,117,95,0.00010685376173074626
DE,2050,52,118,95,0.00010685376173074626
DE,2050,52,119,95,0.00010685376173074626
DE,2050,52,120,95,0.0001065604063164552
DE,2050,52,121,95,0.0001065604063164552
DE,2050,52,122,95,0.00010620420248707337
DE,2050,52,123,95,0.0001061221349493798
DE,2050,52,124,95,0.00010612655900956983
DE,2050,52,125,95,0.00010613098325419072
DE,2050,52,126,95,0.00010656210862809479
DE,2050,52,127,95,0.00010685376173074626
DE,2050,52,128,95,0.00010685376173074626
DE,2050,52,129,95,0.00010685376173074626
DE,2050,52,130,95,0.00010656210862809479
DE,2050,52,131,95,0.00010615753259541756
DE,2050,52,132,95,0.00010616195813127589
DE,2050,52,133,95,0.00010616638385163
DE,2050,52,134,95,0.00010620420248707337
DE,2050,52,135,95,0.0001065604063164552
DE,2050,52,136,95,0.00010701410276285767
DE,2050,52,137,95,0.3964123330706645
DE,2050,52,138,95,0.3192041420141123
DE,2050,52,139,95,0.3192174491185858
DE,2050,52,140,95,0.3192307567778268
DE,2050,52,141,95,0.3192440649918266
DE,2050,52,142,95,0.31925737376061564
DE,2050,52,143,95,0.3110496906119127
DE,2050,52,144,95,0.3077661778310675
DE,2050,52,145,95,0.3077661778310675
DE,2050,52,146,95,0.31081278215983044
DE,2050,52,147,95,0.3106475093420314
DE,2050,52,148,95,0.309863943351404
DE,2050,52,149,95,0.3110496906119127
DE,2050,52,150,95,0.31936386388652077
DE,2050,52,151,95,0.3193771776495427
DE,2050,52,152,95,0.3193904919675937
DE,2050,52,153,95,0.2994260857767729
DE,2050,52,154,95,0.3903454878758566
DE,2050,52,155,95,0.29454105736441766
DE,2050,52,156,95,0.2945533363047753
DE,2050,52,157,95,0.2945656157570227
DE,2050,52,158,95,0.2945778957211905
DE,2050,52,159,95,0.2945901761972785
DE,2050,52,160,95,0.4044008303756172
DE,2050,52,161,95,0.4044176891922471
DE,2050,52,162,95,0.40443454871170825
DE,2050,52,163,95,0.40445140893400516
DE,2050,52,164,95,0.4044682698591814
DE,2050,52,165,95,0.4044851314872587
DE,2050,52,166,95,0.4045019938182676
DE,2050,52,167,95,0.36751277875444005
NT,2025,11,0,96,0.0
NT,2025,11,1,96,0.0
NT,2025,11,2,96,0.0
NT,2025,11,3,96,0.0
NT,2025,11,4,96,0.0
NT,2025,11,5,96,0.0
NT,2025,11,6,96,0.0
NT,2025,11,7,96,0.0
NT,2025,11,8,96,0.0
NT,2025,11,9,96,0.0
NT,2025,11,10,96,0.0
NT,2025,11,11,96,0.0
NT,2025,11,12,96,0.0
NT,2025,11,13,96,0.0
NT,2025,11,14,96,0.0
NT,2025,11,15,96,0.0
NT,2025,11,16,96,0.0
NT,2025,11,17,96,0.0
NT,2025,11,18,96,0.0
NT,2025,11,19,96,0.0
NT,2025,11,20,96,0.0
NT,2025,11,21,96,0.0
NT,2025,11,22,96,0.0
NT,2025,11,23,96,0.0
NT,2025,11,24,96,0.0
NT,2025,11,25,96,0.0
NT,2025,11,26,96,0.0
NT,2025,11,27,96,0.0
NT,2025,11,28,96,0.0
NT,2025,11,29,96,0.0
NT,2025,11,30,96,0.0
NT,2025,11,31,96,0.0
NT,2025,11,32,96,0.0
NT,2025,11,33,96,0.0
NT,2025,11,34,96,0.0
NT,2025,11,35,96,0.0
NT,2025,11,36,96,0.0
NT,2025,11,37,96,0.0
NT,2025,11,38,96,0.0
NT,2025,11,39,96,0.0
NT,2025,11,40,96,0.0
NT,2025,11,41,96,0.0
NT,2025,11,42,96,0.0
NT,2025,11,43,96,0.0
NT,2025,11,44,96,0.0
NT,2025,11,45,96,0.0
NT,2025,11,46,96,0.0
NT,2025,11,47,96,0.0
NT,2025,11,48,96,0.0
NT,2025,11,49,96,0.0
NT,2025,11,50,96,0.0
NT,2025,11,51,96,0.0
NT,2025,11,52,96,0.0
NT,2025,11,53,96,0.0
NT,2025,11,54,96,0.0
NT,2025,11,55,96,0.0
NT,2025,11,56,96,0.0
NT,2025,11,57,96,0.0
NT,2025,11,58,96,0.0
NT,2025,11,59,96,0.0
NT,2025,11,60,96,0.0
NT,2025,11,61,96,0.0
NT,2025,11,62,96,0.0
NT,2025,11,63,96,0.0
NT,2025,11,64,96,0.0
NT,2025,11,65,96,0.0
NT,2025,11,66,96,0.0
NT,2025,11,67,96,0.0
NT,2025,11,68,96,0.0
NT,2025,11,69,96,0.0
NT,2025,11,70,96,0.0
NT,2025,11,71,96,0.0
NT,2025,11,72,96,0.0
NT,2025,11,73,96,0.0
NT,2025,11,74,96,0.0
NT,2025,11,75,96,0.0
NT,2025,11,76,96,0.0
NT,2025,11,77,96,0.0
NT,2025,11,78,96,0.0
NT,2025,11,79,96,0.0
NT,2025,11,80,96,0.0
NT,2025,11,81,96,0.0
NT,2025,11,82,96,0.0
NT,2025,11,83,96,0.0
NT,2025,11,84,96,0.0
NT,2025,11,85,96,0.0
NT,2025,11,86,96,0.0
NT,2025,11,87,96,0.0
NT,2025,11,88,96,0.0
NT,2025,11,89,96,0.0
NT,2025,11,90,96,0.0
NT,2025,11,91,96,0.0
NT,2025,11,92,96,0.0
NT,2025,11,93,96,0.0
NT,2025,11,94,96,0.0
NT,2025,11,95,96,0.0
NT,2025,11,96,96,0.0
NT,2025,11,97,96,0.0
NT,2025,11,98,96,0.0
NT,2025,11,99,96,0.0
NT,2025,11,100,96,0.0
NT,2025,11,101,96,0.0
NT,2025,11,102,96,0.0
NT,2025,11,103,96,0.0
NT,2025,11,104,96,0.0
NT,2025,11,105,96,0.0
NT,2025,11,106,96,0.0
NT,2025,11,107,96,0.0
NT,2025,11,108,96,0.0
NT,2025,11,109,96,0.0
NT,2025,11,110,96,0.0
NT,2025,11,111,96,0.0
NT,2025,11,112,96,0.0
NT,2025,11,113,96,0.0
NT,2025,11,114,96,0.0
NT,2025,11,115,96,0.0
NT,2025,11,116,96,0.0
NT,2025,11,117,96,0.0
NT,2025,11,118,96,0.0
NT,2025,11,119,96,0.0
NT,2025,11,120,96,0.0
NT,2025,11,121,96,0.0
NT,2025,11,122,96,0.0
NT,2025,11,123,96,0.0
NT,2025,11,124,96,0.0
NT,2025,11,125,96,0.0
NT,2025,11,126,96,0.0
NT,2025,11,127,96,0.0
NT,2025,11,128,96,0.0
NT,2025,11,129,96,0.0
NT,2025,11,130,96,0.0
NT,2025,11,131,96,0.0
NT,2025,11,132,96,0.0
NT,2025,11,133,96,0.0
NT,2025,11,134,96,0.0
NT,2025,11,135,96,0.0
NT,2025,11,136,96,0.0
NT,2025,11,137,96,0.0
NT,2025,11,138,96,0.0
NT,2025,11,139,96,0.0
NT,2025,11,140,96,0.0
NT,2025,11,141,96,0.0
NT,2025,11,142,96,0.0
NT,2025,11,143,96,0.0
NT,2025,11,144,96,0.0
NT,2025,11,145,96,0.0
NT,2025,11,146,96,0.0
NT,2025,11,147,96,0.0
NT,2025,11,148,96,0.0
NT,2025,11,149,96,0.0
NT,2025,11,150,96,0.0
NT,2025,11,151,96,0.0
NT,2025,11,152,96,0.0
NT,2025,11,153,96,0.0
NT,2025,11,154,96,0.0
NT,2025,11,155,96,0.0
NT,2025,11,156,96,0.0
NT,2025,11,157,96,0.0
NT,2025,11,158,96,0.0
NT,2025,11,159,96,0.0
NT,2025,11,160,96,0.0
NT,2025,11,161,96,0.0
NT,2025,11,162,96,0.0
NT,2025,11,163,96,0.0
NT,2025,11,164,96,0.0
NT,2025,11,165,96,0.0
NT,2025,11,166,96,0.0
NT,2025,11,167,96,0.0
NT,2025,21,0,96,0.0
NT,2025,21,1,96,0.0
NT,2025,21,2,96,0.0
NT,2025,21,3,96,0.0
NT,2025,21,4,96,0.0
NT,2025,21,5,96,0.0
NT,2025,21,6,96,0.0
NT,2025,21,7,96,0.0
NT,2025,21,8,96,0.0
NT,2025,21,9,96,0.0
NT,2025,21,10,96,0.0
NT,2025,21,11,96,0.0
NT,2025,21,12,96,0.0
NT,2025,21,13,96,0.0
NT,2025,21,14,96,0.0
NT,2025,21,15,96,0.0
NT,2025,21,16,96,0.0
NT,2025,21,17,96,0.0
NT,2025,21,18,96,0.0
NT,2025,21,19,96,0.0
NT,2025,21,20,96,0.0
NT,2025,21,21,96,0.0
NT,2025,21,22,96,0.0
NT,2025,21,23,96,0.0
NT,2025,21,24,96,0.0
NT,2025,21,25,96,0.0
NT,2025,21,26,96,0.0
NT,2025,21,27,96,0.0
NT,2025,21,28,96,0.0
NT,2025,21,29,96,0.0
NT,2025,21,30,96,0.0
NT,2025,21,31,96,0.0
NT,2025,21,32,96,0.0
NT,2025,21,33,96,0.0
NT,2025,21,34,96,0.0
NT,2025,21,35,96,0.0
NT,2025,21,36,96,0.0
NT,2025,21,37,96,0.0
NT,2025,21,38,96,0.0
NT,2025,21,39,96,0.0
NT,2025,21,40,96,0.0
NT,2025,21,41,96,0.0
NT,2025,21,42,96,0.0
NT,2025,21,43,96,0.0
NT,2025,21,44,96,0.0
NT,2025,21,45,96,0.0
NT,2025,21,46,96,0.0
NT,2025,21,47,96,0.0
NT,2025,21,48,96,0.0
NT,2025,21,49,96,0.0
NT,2025,21,50,96,0.0
NT,2025,21,51,96,0.0
NT,2025,21,52,96,0.0
NT,2025,21,53,96,0.0
NT,2025,21,54,96,0.0
NT,2025,21,55,96,0.0
NT,2025,21,56,96,0.0
NT,2025,21,57,96,0.0
NT,2025,21,58,96,0.0
NT,2025,21,59,96,0.0
NT,2025,21,60,96,0.0
NT,2025,21,61,96,0.0
NT,2025,21,62,96,0.0
NT,2025,21,63,96,0.0
NT,2025,21,64,96,0.0
NT,2025,21,65,96,0.0
NT,2025,21,66,96,0.0
NT,2025,21,67,96,0.0
NT,2025,21,68,96,0.0
NT,2025,21,69,96,0.0
NT,2025,21,70,96,0.0
NT,2025,21,71,96,0.0
NT,2025,21,72,96,0.0
NT,2025,21,73,96,0.0
NT,2025,21,74,96,0.0
NT,2025,21,75,96,0.0
NT,2025,21,76,96,0.0
NT,2025,21,77,96,0.0
NT,2025,21,78,96,0.0
NT,2025,21,79,96,0.0
NT,2025,21,80,96,0.0
NT,2025,21,81,96,0.0
NT,2025,21,82,96,0.0
NT,2025,21,83,96,0.0
NT,2025,21,84,96,0.0
NT,2025,21,85,96,0.0
NT,2025,21,86,96,0.0
NT,2025,21,87,96,0.0
NT,2025,21,88,96,0.0
NT,2025,21,89,96,0.0
NT,2025,21,90,96,0.0
NT,2025,21,91,96,0.0
NT,2025,21,92,96,0.0
NT,2025,21,93,96,0.0
NT,2025,21,94,96,0.0
NT,2025,21,95,96,0.0
NT,2025,21,96,96,0.0
NT,2025,21,97,96,0.0
NT,2025,21,98,96,0.0
NT,2025,21,99,96,0.0
NT,2025,21,100,96,0.0
NT,2025,21,101,96,0.0
NT,2025,21,102,96,0.0
NT,2025,21,103,96,0.0
NT,2025,21,104,96,0.0
NT,2025,21,105,96,0.0
NT,2025,21,106,96,0.0
NT,2025,21,107,96,0.0
NT,2025,21,108,96,0.0
NT,2025,21,109,96,0.0
NT,2025,21,110,96,0.0
NT,2025,21,111,96,0.0
NT,2025,21,112,96,0.0
NT,2025,21,113,96,0.0
NT,2025,21,114,96,0.0
NT,2025,21,115,96,0.0
NT,2025,21,116,96,0.0
NT,2025,21,117,96,0.0
NT,2025,21,118,96,0.0
NT,2025,21,119,96,0.0
NT,2025,21,120,96,0.0
NT,2025,21,121,96,0.0
NT,2025,21,122,96,0.0
NT,2025,21,123,96,0.0
NT,2025,21,124,96,0.0
NT,2025,21,125,96,0.0
NT,2025,21,126,96,0.0
NT,2025,21,127,96,0.0
NT,2025,21,128,96,0.0
NT,2025,21,129,96,0.0
NT,2025,21,130,96,0.0
NT,2025,21,131,96,0.0
NT,2025,21,132,96,0.0
NT,2025,21,133,96,0.0
NT,2025,21,134,96,0.0
NT,2025,21,135,96,0.0
NT,2025,21,136,96,0.0
NT,2025,21,137,96,0.0
NT,2025,21,138,96,0.0
NT,2025,21,139,96,0.0
NT,2025,21,140,96,0.0
NT,2025,21,141,96,0.0
NT,2025,21,142,96,0.0
NT,2025,21,143,96,0.0
NT,2025,21,144,96,0.0
NT,2025,21,145,96,0.0
NT,2025,21,146,96,0.0
NT,2025,21,147,96,0.0
NT,2025,21,148,96,0.0
NT,2025,21,149,96,0.0
NT,2025,21,150,96,0.0
NT,2025,21,151,96,0.0
NT,2025,21,152,96,0.0
NT,2025,21,153,96,0.0
NT,2025,21,154,96,0.0
NT,2025,21,155,96,0.0
NT,2025,21,156,96,0.0
NT,2025,21,157,96,0.0
NT,2025,21,158,96,0.0
NT,2025,21,159,96,0.0
NT,2025,21,160,96,0.0
NT,2025,21,161,96,0.0
NT,2025,21,162,96,0.0
NT,2025,21,163,96,0.0
NT,2025,21,164,96,0.0
NT,2025,21,165,96,0.0
NT,2025,21,166,96,0.0
NT,2025,21,167,96,0.0
NT,2025,42,0,96,0.0
NT,2025,42,1,96,0.0
NT,2025,42,2,96,0.0
NT,2025,42,3,96,0.0
NT,2025,42,4,96,0.0
NT,2025,42,5,96,0.0
NT,2025,42,6,96,0.0
NT,2025,42,7,96,0.0
NT,2025,42,8,96,0.0
NT,2025,42,9,96,0.0
NT,2025,42,10,96,0.0
NT,2025,42,11,96,0.0
NT,2025,42,12,96,0.0
NT,2025,42,13,96,0.0
NT,2025,42,14,96,0.0
NT,2025,42,15,96,0.0
NT,2025,42,16,96,0.0
NT,2025,42,17,96,0.0
NT,2025,42,18,96,0.0
NT,2025,42,19,96,0.0
NT,2025,42,20,96,0.0
NT,2025,42,21,96,0.0
NT,2025,42,22,96,0.0
NT,2025,42,23,96,0.0
NT,2025,42,24,96,0.0
NT,2025,42,25,96,0.0
NT,2025,42,26,96,0.0
NT,2025,42,27,96,0.0
NT,2025,42,28,96,0.0
NT,2025,42,29,96,0.0
NT,2025,42,30,96,0.0
NT,2025,42,31,96,0.0
NT,2025,42,32,96,0.0
NT,2025,42,33,96,0.0
NT,2025,42,34,96,0.0
NT,2025,42,35,96,0.0
NT,2025,42,36,96,0.0
NT,2025,42,37,96,0.0
NT,2025,42,38,96,0.0
NT,2025,42,39,96,0.0
NT,2025,42,40,96,0.0
NT,2025,42,41,96,0.0
NT,2025,42,42,96,0.0
NT,2025,42,43,96,0.0
NT,2025,42,44,96,0.0
NT,2025,42,45,96,0.0
NT,2025,42,46,96,0.0
NT,2025,42,47,96,0.0
NT,2025,42,48,96,0.0
NT,2025,42,49,96,0.0
NT,2025,42,50,96,0.0
NT,2025,42,51,96,0.0
NT,2025,42,52,96,0.0
NT,2025,42,53,96,0.0
NT,2025,42,54,96,0.0
NT,2025,42,55,96,0.0
NT,2025,42,56,96,0.0
NT,2025,42,57,96,0.0
NT,2025,42,58,96,0.0
NT,2025,42,59,96,0.0
NT,2025,42,60,96,0.0
NT,2025,42,61,96,0.0
NT,2025,42,62,96,0.0
NT,2025,42,63,96,0.0
NT,2025,42,64,96,0.0
NT,2025,42,65,96,0.0
NT,2025,42,66,96,0.0
NT,2025,42,67,96,0.0
NT,2025,42,68,96,0.0
NT,2025,42,69,96,0.0
NT,2025,42,70,96,0.0
NT,2025,42,71,96,0.0
NT,2025,42,72,96,0.0
NT,2025,42,73,96,0.0
NT,2025,42,74,96,0.0
NT,2025,42,75,96,0.0
NT,2025,42,76,96,0.0
NT,2025,42,77,96,0.0
NT,2025,42,78,96,0.0
NT,2025,42,79,96,0.0
NT,2025,42,80,96,0.0
NT,2025,42,81,96,0.0
NT,2025,42,82,96,0.0
NT,2025,42,83,96,0.0
NT,2025,42,84,96,0.0
NT,2025,42,85,96,0.0
NT,2025,42,86,96,0.0
NT,2025,42,87,96,0.0
NT,2025,42,88,96,0.0
NT,2025,42,89,96,0.0
NT,2025,42,90,96,0.0
NT,2025,42,91,96,0.0
NT,2025,42,92,96,0.0
NT,2025,42,93,96,0.0
NT,2025,42,94,96,0.0
NT,2025,42,95,96,0.0
NT,2025,42,96,96,0.0
NT,2025,42,97,96,0.0
NT,2025,42,98,96,0.0
NT,2025,42,99,96,0.0
NT,2025,42,100,96,0.0
NT,2025,42,101,96,0.0
NT,2025,42,102,96,0.0
NT,2025,42,103,96,0.0
NT,2025,42,104,96,0.0
NT,2025,42,105,96,0.0
NT,2025,42,106,96,0.0
NT,2025,42,107,96,0.0
NT,2025,42,108,96,0.0
NT,2025,42,109,96,0.0
NT,2025,42,110,96,0.0
NT,2025,42,111,96,0.0
NT,2025,42,112,96,0.0
NT,2025,42,113,96,0.0
NT,2025,42,114,96,0.0
NT,2025,42,115,96,0.0
NT,2025,42,116,96,0.0
NT,2025,42,117,96,0.0
NT,2025,42,118,96,0.0
NT,2025,42,119,96,0.0
NT,2025,42,120,96,0.0
NT,2025,42,121,96,0.0
NT,2025,42,122,96,0.0
NT,2025,42,123,96,0.0
NT,2025,42,124,96,0.0
NT,2025,42,125,96,0.0
NT,2025,42,126,96,0.0
NT,2025,42,127,96,0.0
NT,2025,42,128,96,0.0
NT,2025,42,129,96,0.0
NT,2025,42,130,96,0.0
NT,2025,42,131,96,0.0
NT,2025,42,132,96,0.0
NT,2025,42,133,96,0.0
NT,2025,42,134,96,0.0
NT,2025,42,135,96,0.0
NT,2025,42,136,96,0.0
NT,2025,42,137,96,0.0
NT,2025,42,138,96,0.0
NT,2025,42,139,96,0.0
NT,2025,42,140,96,0.0
NT,2025,42,141,96,0.0
NT,2025,42,142,96,0.0
NT,2025,42,143,96,0.0
NT,2025,42,144,96,0.0
NT,2025,42,145,96,0.0
NT,2025,42,146,96,0.0
NT,2025,42,147,96,0.0
NT,2025,42,148,96,0.0
NT,2025,42,149,96,0.0
NT,2025,42,150,96,0.0
NT,2025,42,151,96,0.0
NT,2025,42,152,96,0.0
NT,2025,42,153,96,0.0
NT,2025,42,154,96,0.0
NT,2025,42,155,96,0.0
NT,2025,42,156,96,0.0
NT,2025,42,157,96,0.0
NT,2025,42,158,96,0.0
NT,2025,42,159,96,0.0
NT,2025,42,160,96,0.0
NT,2025,42,161,96,0.0
NT,2025,42,162,96,0.0
NT,2025,42,163,96,0.0
NT,2025,42,164,96,0.0
NT,2025,42,165,96,0.0
NT,2025,42,166,96,0.0
NT,2025,42,167,96,0.0
NT,2025,52,0,96,0.0
NT,2025,52,1,96,0.0
NT,2025,52,2,96,0.0
NT,2025,52,3,96,0.0
NT,2025,52,4,96,0.0
NT,2025,52,5,96,0.0
NT,2025,52,6,96,0.0
NT,2025,52,7,96,0.0
NT,2025,52,8,96,0.0
NT,2025,52,9,96,0.0
NT,2025,52,10,96,0.0
NT,2025,52,11,96,0.0
NT,2025,52,12,96,0.0
NT,2025,52,13,96,0.0
NT,2025,52,14,96,0.0
NT,2025,52,15,96,0.0
NT,2025,52,16,96,0.0
NT,2025,52,17,96,0.0
NT,2025,52,18,96,0.0
NT,2025,52,19,96,0.0
NT,2025,52,20,96,0.0
NT,2025,52,21,96,0.0
NT,2025,52,22,96,0.0
NT,2025,52,23,96,0.0
NT,2025,52,24,96,0.0
NT,2025,52,25,96,0.0
NT,2025,52,26,96,0.0
NT,2025,52,27,96,0.0
NT,2025,52,28,96,0.0
NT,2025,52,29,96,0.0
NT,2025,52,30,96,0.0
NT,2025,52,31,96,0.0
NT,2025,52,32,96,0.0
NT,2025,52,33,96,0.0
NT,2025,52,34,96,0.0
NT,2025,52,35,96,0.0
NT,2025,52,36,96,0.0
NT,2025,52,37,96,0.0
NT,2025,52,38,96,0.0
NT,2025,52,39,96,0.0
NT,2025,52,40,96,0.0
NT,2025,52,41,96,0.0
NT,2025,52,42,96,0.0
NT,2025,52,43,96,0.0
NT,2025,52,44,96,0.0
NT,2025,52,45,96,0.0
NT,2025,52,46,96,0.0
NT,2025,52,47,96,0.0
NT,2025,52,48,96,0.0
NT,2025,52,49,96,0.0
NT,2025,52,50,96,0.0
NT,2025,52,51,96,0.0
NT,2025,52,52,96,0.0
NT,2025,52,53,96,0.0
NT,2025,52,54,96,0.0
NT,2025,52,55,96,0.0
NT,2025,52,56,96,0.0
NT,2025,52,57,96,0.0
NT,2025,52,58,96,0.0
NT,2025,52,59,96,0.0
NT,2025,52,60,96,0.0
NT,2025,52,61,96,0.0
NT,2025,52,62,96,0.0
NT,2025,52,63,96,0.0
NT,2025,52,64,96,0.0
NT,2025,52,65,96,0.0
NT,2025,52,66,96,0.0
NT,2025,52,67,96,0.0
NT,2025,52,68,96,0.0
NT,2025,52,69,96,0.0
NT,2025,52,70,96,0.0
NT,2025,52,71,96,0.0
NT,2025,52,72,96,0.0
NT,2025,52,73,96,0.0
NT,2025,52,74,96,0.0
NT,2025,52,75,96,0.0
NT,2025,52,76,96,0.0
NT,2025,52,77,96,0.0
NT,2025,52,78,96,0.0
NT,2025,52,79,96,0.0
NT,2025,52,80,96,0.0
NT,2025,52,81,96,0.0
NT,2025,52,82,96,0.0
NT,2025,52,83,96,0.0
NT,2025,52,84,96,0.0
NT,2025,52,85,96,0.0
NT,2025,52,86,96,0.0
NT,2025,52,87,96,0.0
NT,2025,52,88,96,0.0
NT,2025,52,89,96,0.0
NT,2025,52,90,96,0.0
NT,2025,52,91,96,0.0
NT,2025,52,92,96,0.0
NT,2025,52,93,96,0.0
NT,2025,52,94,96,0.0
NT,2025,52,95,96,0.0
NT,2025,52,96,96,0.0
NT,2025,52,97,96,0.0
NT,2025,52,98,96,0.0
NT,2025,52,99,96,0.0
NT,2025,52,100,96,0.0
NT,2025,52,101,96,0.0
NT,2025,52,102,96,0.0
NT,2025,52,103,96,0.0
NT,2025,52,104,96,0.0
NT,2025,52,105,96,0.0
NT,2025,52,106,96,0.0
NT,2025,52,107,96,0.0
NT,2025,52,108,96,0.0
NT,2025,52,109,96,0.0
NT,2025,52,110,96,0.0
NT,2025,52,111,96,0.0
NT,2025,52,112,96,0.0
NT,2025,52,113,96,0.0
NT,2025,52,114,96,0.0
NT,2025,52,115,96,0.0
NT,2025,52,116,96,0.0
NT,2025,52,117,96,0.0
NT,2025,52,118,96,0.0
NT,2025,52,119,96,0.0
NT,2025,52,120,96,0.0
NT,2025,52,121,96,0.0
NT,2025,52,122,96,0.0
NT,2025,52,123,96,0.0
NT,2025,52,124,96,0.0
NT,2025,52,125,96,0.0
NT,2025,52,126,96,0.0
NT,2025,52,127,96,0.0
NT,2025,52,128,96,0.0
NT,2025,52,129,96,0.0
NT,2025,52,130,96,0.0
NT,2025,52,131,96,0.0
NT,2025,52,132,96,0.0
NT,2025,52,133,96,0.0
NT,2025,52,134,96,0.0
NT,2025,52,135,96,0.0
NT,2025,52,136,96,0.0
NT,2025,52,137,96,0.0
NT,2025,52,138,96,0.0
NT,2025,52,139,96,0.0
NT,2025,52,140,96,0.0
NT,2025,52,141,96,0.0
NT,2025,52,142,96,0.0
NT,2025,52,143,96,0.0
NT,2025,52,144,96,0.0
NT,2025,52,145,96,0.0
NT,2025,52,146,96,0.0
NT,2025,52,147,96,0.0
NT,2025,52,148,96,0.0
NT,2025,52,149,96,0.0
NT,2025,52,150,96,0.0
NT,2025,52,151,96,0.0
NT,2025,52,152,96,0.0
NT,2025,52,153,96,0.0
NT,2025,52,154,96,0.0
NT,2025,52,155,96,0.0
NT,2025,52,156,96,0.0
NT,2025,52,157,96,0.0
NT,2025,52,158,96,0.0
NT,2025,52,159,96,0.0
NT,2025,52,160,96,0.0
NT,2025,52,161,96,0.0
NT,2025,52,162,96,0.0
NT,2025,52,163,96,0.0
NT,2025,52,164,96,0.0
NT,2025,52,165,96,0.0
NT,2025,52,166,96,0.0
NT,2025,52,167,96,0.0
NT,2030,11,0,96,0.0
NT,2030,11,1,96,0.0
NT,2030,11,2,96,0.0
NT,2030,11,3,96,0.0
NT,2030,11,4,96,0.0
NT,2030,11,5,96,0.0
NT,2030,11,6,96,0.0
NT,2030,11,7,96,0.0
NT,2030,11,8,96,0.0
NT,2030,11,9,96,0.0
NT,2030,11,10,96,0.0
NT,2030,11,11,96,0.0
NT,2030,11,12,96,0.0
NT,2030,11,13,96,0.0
NT,2030,11,14,96,0.0
NT,2030,11,15,96,0.0
NT,2030,11,16,96,0.0
NT,2030,11,17,96,0.0
NT,2030,11,18,96,0.0
NT,2030,11,19,96,0.0
NT,2030,11,20,96,0.0
NT,2030,11,21,96,0.0
NT,2030,11,22,96,0.0
NT,2030,11,23,96,0.0
NT,2030,11,24,96,0.0
NT,2030,11,25,96,0.0
NT,2030,11,26,96,0.0
NT,2030,11,27,96,0.0
NT,2030,11,28,96,0.0
NT,2030,11,29,96,0.0
NT,2030,11,30,96,0.0
NT,2030,11,31,96,0.0
NT,2030,11,32,96,0.0
NT,2030,11,33,96,0.0
NT,2030,11,34,96,0.0
NT,2030,11,35,96,0.0
NT,2030,11,36,96,0.0
NT,2030,11,37,96,0.0
NT,2030,11,38,96,0.0
NT,2030,11,39,96,0.0
NT,2030,11,40,96,0.0
NT,2030,11,41,96,0.0
NT,2030,11,42,96,0.0
NT,2030,11,43,96,0.0
NT,2030,11,44,96,0.0
NT,2030,11,45,96,0.0
NT,2030,11,46,96,0.0
NT,2030,11,47,96,0.0
NT,2030,11,48,96,0.0
NT,2030,11,49,96,0.0
NT,2030,11,50,96,0.0
NT,2030,11,51,96,0.0
NT,2030,11,52,96,0.0
NT,2030,11,53,96,0.0
NT,2030,11,54,96,0.0
NT,2030,11,55,96,0.0
NT,2030,11,56,96,0.0
NT,2030,11,57,96,0.0
NT,2030,11,58,96,0.0
NT,2030,11,59,96,0.0
NT,2030,11,60,96,0.0
NT,2030,11,61,96,0.0
NT,2030,11,62,96,0.0
NT,2030,11,63,96,0.0
NT,2030,11,64,96,0.0
NT,2030,11,65,96,0.0
NT,2030,11,66,96,0.0
NT,2030,11,67,96,0.0
NT,2030,11,68,96,0.0
NT,2030,11,69,96,0.0
NT,2030,11,70,96,0.0
NT,2030,11,71,96,0.0
NT,2030,11,72,96,0.0
NT,2030,11,73,96,0.0
NT,2030,11,74,96,0.0
NT,2030,11,75,96,0.0
NT,2030,11,76,96,0.0
NT,2030,11,77,96,0.0
NT,2030,11,78,96,0.0
NT,2030,11,79,96,0.0
NT,2030,11,80,96,0.0
NT,2030,11,81,96,0.0
NT,2030,11,82,96,0.0
NT,2030,11,83,96,0.0
NT,2030,11,84,96,0.0
NT,2030,11,85,96,0.0
NT,2030,11,86,96,0.0
NT,2030,11,87,96,0.0
NT,2030,11,88,96,0.0
NT,2030,11,89,96,0.0
NT,2030,11,90,96,0.0
NT,2030,11,91,96,0.0
NT,2030,11,92,96,0.0
NT,2030,11,93,96,0.0
NT,2030,11,94,96,0.0
NT,2030,11,95,96,0.0
NT,2030,11,96,96,0.0
NT,2030,11,97,96,0.0
NT,2030,11,98,96,0.0
NT,2030,11,99,96,0.0
NT,2030,11,100,96,0.0
NT,2030,11,101,96,0.0
NT,2030,11,102,96,0.0
NT,2030,11,103,96,0.0
NT,2030,11,104,96,0.0
NT,2030,11,105,96,0.0
NT,2030,11,106,96,0.0
NT,2030,11,107,96,0.0
NT,2030,11,108,96,0.0
NT,2030,11,109,96,0.0
NT,2030,11,110,96,0.0
NT,2030,11,111,96,0.0
NT,2030,11,112,96,0.0
NT,2030,11,113,96,0.0
NT,2030,11,114,96,0.0
NT,2030,11,115,96,0.0
NT,2030,11,116,96,0.0
NT,2030,11,117,96,0.0
NT,2030,11,118,96,0.0
NT,2030,11,119,96,0.0
NT,2030,11,120,96,0.0
NT,2030,11,121,96,0.0
NT,2030,11,122,96,0.0
NT,2030,11,123,96,0.0
NT,2030,11,124,96,0.0
NT,2030,11,125,96,0.0
NT,2030,11,126,96,0.0
NT,2030,11,127,96,0.0
NT,2030,11,128,96,0.0
NT,2030,11,129,96,0.0
NT,2030,11,130,96,0.0
NT,2030,11,131,96,0.0
NT,2030,11,132,96,0.0
NT,2030,11,133,96,0.0
NT,2030,11,134,96,0.0
NT,2030,11,135,96,0.0
NT,2030,11,136,96,0.0
NT,2030,11,137,96,0.0
NT,2030,11,138,96,0.0
NT,2030,11,139,96,0.0
NT,2030,11,140,96,0.0
NT,2030,11,141,96,0.0
NT,2030,11,142,96,0.0
NT,2030,11,143,96,0.0
NT,2030,11,144,96,0.0
NT,2030,11,145,96,0.0
NT,2030,11,146,96,0.0
NT,2030,11,147,96,0.0
NT,2030,11,148,96,0.0
NT,2030,11,149,96,0.0
NT,2030,11,150,96,0.0
NT,2030,11,151,96,0.0
NT,2030,11,152,96,0.0
NT,2030,11,153,96,0.0
NT,2030,11,154,96,0.0
NT,2030,11,155,96,0.0
NT,2030,11,156,96,0.0
NT,2030,11,157,96,0.0
NT,2030,11,158,96,0.0
NT,2030,11,159,96,0.0
NT,2030,11,160,96,0.0
NT,2030,11,161,96,0.0
NT,2030,11,162,96,0.0
NT,2030,11,163,96,0.0
NT,2030,11,164,96,0.0
NT,2030,11,165,96,0.0
NT,2030,11,166,96,0.0
NT,2030,11,167,96,0.0
NT,2030,21,0,96,0.0
NT,2030,21,1,96,0.0
NT,2030,21,2,96,0.0
NT,2030,21,3,96,0.0
NT,2030,21,4,96,0.0
NT,2030,21,5,96,0.0
NT,2030,21,6,96,0.0
NT,2030,21,7,96,0.0
NT,2030,21,8,96,0.0
NT,2030,21,9,96,0.0
NT,2030,21,10,96,0.0
NT,2030,21,11,96,0.0
NT,2030,21,12,96,0.0
NT,2030,21,13,96,0.0
NT,2030,21,14,96,0.0
NT,2030,21,15,96,0.0
NT,2030,21,16,96,0.0
NT,2030,21,17,96,0.0
NT,2030,21,18,96,0.0
NT,2030,21,19,96,0.0
NT,2030,21,20,96,0.0
NT,2030,21,21,96,0.0
NT,2030,21,22,96,0.0
NT,2030,21,23,96,0.0
NT,2030,21,24,96,0.0
NT,2030,21,25,96,0.0
NT,2030,21,26,96,0.0
NT,2030,21,27,96,0.0
NT,2030,21,28,96,0.0
NT,2030,21,29,96,0.0
NT,2030,21,30,96,0.0
NT,2030,21,31,96,0.0
NT,2030,21,32,96,0.0
NT,2030,21,33,96,0.0
NT,2030,21,34,96,0.0
NT,2030,21,35,96,0.0
NT,2030,21,36,96,0.0
NT,2030,21,37,96,0.0
NT,2030,21,38,96,0.0
NT,2030,21,39,96,0.0
NT,2030,21,40,96,0.0
NT,2030,21,41,96,0.0
NT,2030,21,42,96,0.0
NT,2030,21,43,96,0.0
NT,2030,21,44,96,0.0
NT,2030,21,45,96,0.0
NT,2030,21,46,96,0.0
NT,2030,21,47,96,0.0
NT,2030,21,48,96,0.0
NT,2030,21,49,96,0.0
NT,2030,21,50,96,0.0
NT,2030,21,51,96,0.0
NT,2030,21,52,96,0.0
NT,2030,21,53,96,0.0
NT,2030,21,54,96,0.0
NT,2030,21,55,96,0.0
NT,2030,21,56,96,0.0
NT,2030,21,57,96,0.0
NT,2030,21,58,96,0.0
NT,2030,21,59,96,0.0
NT,2030,21,60,96,0.0
NT,2030,21,61,96,0.0
NT,2030,21,62,96,0.0
NT,2030,21,63,96,0.0
NT,2030,21,64,96,0.0
NT,2030,21,65,96,0.0
NT,2030,21,66,96,0.0
NT,2030,21,67,96,0.0
NT,2030,21,68,96,0.0
NT,2030,21,69,96,0.0
NT,2030,21,70,96,0.0
NT,2030,21,71,96,0.0
NT,2030,21,72,96,0.0
NT,2030,21,73,96,0.0
NT,2030,21,74,96,0.0
NT,2030,21,75,96,0.0
NT,2030,21,76,96,0.0
NT,2030,21,77,96,0.0
NT,2030,21,78,96,0.0
NT,2030,21,79,96,0.0
NT,2030,21,80,96,0.0
NT,2030,21,81,96,0.0
NT,2030,21,82,96,0.0
NT,2030,21,83,96,0.0
NT,2030,21,84,96,0.0
NT,2030,21,85,96,0.0
NT,2030,21,86,96,0.0
NT,2030,21,87,96,0.0
NT,2030,21,88,96,0.0
NT,2030,21,89,96,0.0
NT,2030,21,90,96,0.0
NT,2030,21,91,96,0.0
NT,2030,21,92,96,0.0
NT,2030,21,93,96,0.0
NT,2030,21,94,96,0.0
NT,2030,21,95,96,0.0
NT,2030,21,96,96,0.0
NT,2030,21,97,96,0.0
NT,2030,21,98,96,0.0
NT,2030,21,99,96,0.0
NT,2030,21,100,96,0.0
NT,2030,21,101,96,0.0
NT,2030,21,102,96,0.0
NT,2030,21,103,96,0.0
NT,2030,21,104,96,0.0
NT,2030,21,105,96,0.0
NT,2030,21,106,96,0.0
NT,2030,21,107,96,0.0
NT,2030,21,108,96,0.0
NT,2030,21,109,96,0.0
NT,2030,21,110,96,0.0
NT,2030,21,111,96,0.0
NT,2030,21,112,96,0.0
NT,2030,21,113,96,0.0
NT,2030,21,114,96,0.0
NT,2030,21,115,96,0.0
NT,2030,21,116,96,0.0
NT,2030,21,117,96,0.0
NT,2030,21,118,96,0.0
NT,2030,21,119,96,0.0
NT,2030,21,120,96,0.0
NT,2030,21,121,96,0.0
NT,2030,21,122,96,0.0
NT,2030,21,123,96,0.0
NT,2030,21,124,96,0.0
NT,2030,21,125,96,0.0
NT,2030,21,126,96,0.0
NT,2030,21,127,96,0.0
NT,2030,21,128,96,0.0
NT,2030,21,129,96,0.0
NT,2030,21,130,96,0.0
NT,2030,21,131,96,0.0
NT,2030,21,132,96,0.0
NT,2030,21,133,96,0.0
NT,2030,21,134,96,0.0
NT,2030,21,135,96,0.0
NT,2030,21,136,96,0.0
NT,2030,21,137,96,0.0
NT,2030,21,138,96,0.0
NT,2030,21,139,96,0.0
NT,2030,21,140,96,0.0
NT,2030,21,141,96,0.0
NT,2030,21,142,96,0.0
NT,2030,21,143,96,0.0
NT,2030,21,144,96,0.0
NT,2030,21,145,96,0.0
NT,2030,21,146,96,0.0
NT,2030,21,147,96,0.0
NT,2030,21,148,96,0.0
NT,2030,21,149,96,0.0
NT,2030,21,150,96,0.0
NT,2030,21,151,96,0.0
NT,2030,21,152,96,0.0
NT,2030,21,153,96,0.0
NT,2030,21,154,96,0.0
NT,2030,21,155,96,0.0
NT,2030,21,156,96,0.0
NT,2030,21,157,96,0.0
NT,2030,21,158,96,0.0
NT,2030,21,159,96,0.0
NT,2030,21,160,96,0.0
NT,2030,21,161,96,0.0
NT,2030,21,162,96,0.0
NT,2030,21,163,96,0.0
NT,2030,21,164,96,0.0
NT,2030,21,165,96,0.0
NT,2030,21,166,96,0.0
NT,2030,21,167,96,0.0
NT,2030,42,0,96,0.0
NT,2030,42,1,96,0.0
NT,2030,42,2,96,0.0
NT,2030,42,3,96,0.0
NT,2030,42,4,96,0.0
NT,2030,42,5,96,0.0
NT,2030,42,6,96,0.0
NT,2030,42,7,96,0.0
NT,2030,42,8,96,0.0
NT,2030,42,9,96,0.0
NT,2030,42,10,96,0.0
NT,2030,42,11,96,0.0
NT,2030,42,12,96,0.0
NT,2030,42,13,96,0.0
NT,2030,42,14,96,0.0
NT,2030,42,15,96,0.0
NT,2030,42,16,96,0.0
NT,2030,42,17,96,0.0
NT,2030,42,18,96,0.0
NT,2030,42,19,96,0.0
NT,2030,42,20,96,0.0
NT,2030,42,21,96,0.0
NT,2030,42,22,96,0.0
NT,2030,42,23,96,0.0
NT,2030,42,24,96,0.0
NT,2030,42,25,96,0.0
NT,2030,42,26,96,0.0
NT,2030,42,27,96,0.0
NT,2030,42,28,96,0.0
NT,2030,42,29,96,0.0
NT,2030,42,30,96,0.0
NT,2030,42,31,96,0.0
NT,2030,42,32,96,0.0
NT,2030,42,33,96,0.0
NT,2030,42,34,96,0.0
NT,2030,42,35,96,0.0
NT,2030,42,36,96,0.0
NT,2030,42,37,96,0.0
NT,2030,42,38,96,0.0
NT,2030,42,39,96,0.0
NT,2030,42,40,96,0.0
NT,2030,42,41,96,0.0
NT,2030,42,42,96,0.0
NT,2030,42,43,96,0.0
NT,2030,42,44,96,0.0
NT,2030,42,45,96,0.0
NT,2030,42,46,96,0.0
NT,2030,42,47,96,0.0
NT,2030,42,48,96,0.0
NT,2030,42,49,96,0.0
NT,2030,42,50,96,0.0
NT,2030,42,51,96,0.0
NT,2030,42,52,96,0.0
NT,2030,42,53,96,0.0
NT,2030,42,54,96,0.0
NT,2030,42,55,96,0.0
NT,2030,42,56,96,0.0
NT,2030,42,57,96,0.0
NT,2030,42,58,96,0.0
NT,2030,42,59,96,0.0
NT,2030,42,60,96,0.0
NT,2030,42,61,96,0.0
NT,2030,42,62,96,0.0
NT,2030,42,63,96,0.0
NT,2030,42,64,96,0.0
NT,2030,42,65,96,0.0
NT,2030,42,66,96,0.0
NT,2030,42,67,96,0.0
NT,2030,42,68,96,0.0
NT,2030,42,69,96,0.0
NT,2030,42,70,96,0.0
NT,2030,42,71,96,0.0
NT,2030,42,72,96,0.0
NT,2030,42,73,96,0.0
NT,2030,42,74,96,0.0
NT,2030,42,75,96,0.0
NT,2030,42,76,96,0.0
NT,2030,42,77,96,0.0
NT,2030,42,78,96,0.0
NT,2030,42,79,96,0.0
NT,2030,42,80,96,0.0
NT,2030,42,81,96,0.0
NT,2030,42,82,96,0.0
NT,2030,42,83,96,0.0
NT,2030,42,84,96,0.0
NT,2030,42,85,96,0.0
NT,2030,42,86,96,0.0
NT,2030,42,87,96,0.0
NT,2030,42,88,96,0.0
NT,2030,42,89,96,0.0
NT,2030,42,90,96,0.0
NT,2030,42,91,96,0.0
NT,2030,42,92,96,0.0
NT,2030,42,93,96,0.0
NT,2030,42,94,96,0.0
NT,2030,42,95,96,0.0
NT,2030,42,96,96,0.0
NT,2030,42,97,96,0.0
NT,2030,42,98,96,0.0
NT,2030,42,99,96,0.0
NT,2030,42,100,96,0.0
NT,2030,42,101,96,0.0
NT,2030,42,102,96,0.0
NT,2030,42,103,96,0.0
NT,2030,42,104,96,0.0
NT,2030,42,105,96,0.0
NT,2030,42,106,96,0.0
NT,2030,42,107,96,0.0
NT,2030,42,108,96,0.0
NT,2030,42,109,96,0.0
NT,2030,42,110,96,0.0
NT,2030,42,111,96,0.0
NT,2030,42,112,96,0.0
NT,2030,42,113,96,0.0
NT,2030,42,114,96,0.0
NT,2030,42,115,96,0.0
NT,2030,42,116,96,0.0
NT,2030,42,117,96,0.0
NT,2030,42,118,96,0.0
NT,2030,42,119,96,0.0
NT,2030,42,120,96,0.0
NT,2030,42,121,96,0.0
NT,2030,42,122,96,0.0
NT,2030,42,123,96,0.0
NT,2030,42,124,96,0.0
NT,2030,42,125,96,0.0
NT,2030,42,126,96,0.0
NT,2030,42,127,96,0.0
NT,2030,42,128,96,0.0
NT,2030,42,129,96,0.0
NT,2030,42,130,96,0.0
NT,2030,42,131,96,0.0
NT,2030,42,132,96,0.0
NT,2030,42,133,96,0.0
NT,2030,42,134,96,0.0
NT,2030,42,135,96,0.0
NT,2030,42,136,96,0.0
NT,2030,42,137,96,0.0
NT,2030,42,138,96,0.0
NT,2030,42,139,96,0.0
NT,2030,42,140,96,0.0
NT,2030,42,141,96,0.0
NT,2030,42,142,96,0.0
NT,2030,42,143,96,0.0
NT,2030,42,144,96,0.0
NT,2030,42,145,96,0.0
NT,2030,42,146,96,0.0
NT,2030,42,147,96,0.0
NT,2030,42,148,96,0.0
NT,2030,42,149,96,0.0
NT,2030,42,150,96,0.0
NT,2030,42,151,96,0.0
NT,2030,42,152,96,0.0
NT,2030,42,153,96,0.0
NT,2030,42,154,96,0.0
NT,2030,42,155,96,0.0
NT,2030,42,156,96,0.0
NT,2030,42,157,96,0.0
NT,2030,42,158,96,0.0
NT,2030,42,159,96,0.0
NT,2030,42,160,96,0.0
NT,2030,42,161,96,0.0
NT,2030,42,162,96,0.0
NT,2030,42,163,96,0.0
NT,2030,42,164,96,0.0
NT,2030,42,165,96,0.0
NT,2030,42,166,96,0.0
NT,2030,42,167,96,0.0
NT,2030,52,0,96,0.0
NT,2030,52,1,96,0.0
NT,2030,52,2,96,0.0
NT,2030,52,3,96,0.0
NT,2030,52,4,96,0.0
NT,2030,52,5,96,0.0
NT,2030,52,6,96,0.0
NT,2030,52,7,96,0.0
NT,2030,52,8,96,0.0
NT,2030,52,9,96,0.0
NT,2030,52,10,96,0.0
NT,2030,52,11,96,0.0
NT,2030,52,12,96,0.0
NT,2030,52,13,96,0.0
NT,2030,52,14,96,0.0
NT,2030,52,15,96,0.0
NT,2030,52,16,96,0.0
NT,2030,52,17,96,0.0
NT,2030,52,18,96,0.0
NT,2030,52,19,96,0.0
NT,2030,52,20,96,0.0
NT,2030,52,21,96,0.0
NT,2030,52,22,96,0.0
NT,2030,52,23,96,0.0
NT,2030,52,24,96,0.0
NT,2030,52,25,96,0.0
NT,2030,52,26,96,0.0
NT,2030,52,27,96,0.0
NT,2030,52,28,96,0.0
NT,2030,52,29,96,0.0
NT,2030,52,30,96,0.0
NT,2030,52,31,96,0.0
NT,2030,52,32,96,0.0
NT,2030,52,33,96,0.0
NT,2030,52,34,96,0.0
NT,2030,52,35,96,0.0
NT,2030,52,36,96,0.0
NT,2030,52,37,96,0.0
NT,2030,52,38,96,0.0
NT,2030,52,39,96,0.0
NT,2030,52,40,96,0.0
NT,2030,52,41,96,0.0
NT,2030,52,42,96,0.0
NT,2030,52,43,96,0.0
NT,2030,52,44,96,0.0
NT,2030,52,45,96,0.0
NT,2030,52,46,96,0.0
NT,2030,52,47,96,0.0
NT,2030,52,48,96,0.0
NT,2030,52,49,96,0.0
NT,2030,52,50,96,0.0
NT,2030,52,51,96,0.0
NT,2030,52,52,96,0.0
NT,2030,52,53,96,0.0
NT,2030,52,54,96,0.0
NT,2030,52,55,96,0.0
NT,2030,52,56,96,0.0
NT,2030,52,57,96,0.0
NT,2030,52,58,96,0.0
NT,2030,52,59,96,0.0
NT,2030,52,60,96,0.0
NT,2030,52,61,96,0.0
NT,2030,52,62,96,0.0
NT,2030,52,63,96,0.0
NT,2030,52,64,96,0.0
NT,2030,52,65,96,0.0
NT,2030,52,66,96,0.0
NT,2030,52,67,96,0.0
NT,2030,52,68,96,0.0
NT,2030,52,69,96,0.0
NT,2030,52,70,96,0.0
NT,2030,52,71,96,0.0
NT,2030,52,72,96,0.0
NT,2030,52,73,96,0.0
NT,2030,52,74,96,0.0
NT,2030,52,75,96,0.0
NT,2030,52,76,96,0.0
NT,2030,52,77,96,0.0
NT,2030,52,78,96,0.0
NT,2030,52,79,96,0.0
NT,2030,52,80,96,0.0
NT,2030,52,81,96,0.0
NT,2030,52,82,96,0.0
NT,2030,52,83,96,0.0
NT,2030,52,84,96,0.0
NT,2030,52,85,96,0.0
NT,2030,52,86,96,0.0
NT,2030,52,87,96,0.0
NT,2030,52,88,96,0.0
NT,2030,52,89,96,0.0
NT,2030,52,90,96,0.0
NT,2030,52,91,96,0.0
NT,2030,52,92,96,0.0
NT,2030,52,93,96,0.0
NT,2030,52,94,96,0.0
NT,2030,52,95,96,0.0
NT,2030,52,96,96,0.0
NT,2030,52,97,96,0.0
NT,2030,52,98,96,0.0
NT,2030,52,99,96,0.0
NT,2030,52,100,96,0.0
NT,2030,52,101,96,0.0
NT,2030,52,102,96,0.0
NT,2030,52,103,96,0.0
NT,2030,52,104,96,0.0
NT,2030,52,105,96,0.0
NT,2030,52,106,96,0.0
NT,2030,52,107,96,0.0
NT,2030,52,108,96,0.0
NT,2030,52,109,96,0.0
NT,2030,52,110,96,0.0
NT,2030,52,111,96,0.0
NT,2030,52,112,96,0.0
NT,2030,52,113,96,0.0
NT,2030,52,114,96,0.0
NT,2030,52,115,96,0.0
NT,2030,52,116,96,0.0
NT,2030,52,117,96,0.0
NT,2030,52,118,96,0.0
NT,2030,52,119,96,0.0
NT,2030,52,120,96,0.0
NT,2030,52,121,96,0.0
NT,2030,52,122,96,0.0
NT,2030,52,123,96,0.0
NT,2030,52,124,96,0.0
NT,2030,52,125,96,0.0
NT,2030,52,126,96,0.0
NT,2030,52,127,96,0.0
NT,2030,52,128,96,0.0
NT,2030,52,129,96,0.0
NT,2030,52,130,96,0.0
NT,2030,52,131,96,0.0
NT,2030,52,132,96,0.0
NT,2030,52,133,96,0.0
NT,2030,52,134,96,0.0
NT,2030,52,135,96,0.0
NT,2030,52,136,96,0.0
NT,2030,52,137,96,0.0
NT,2030,52,138,96,0.0
NT,2030,52,139,96,0.0
NT,2030,52,140,96,0.0
NT,2030,52,141,96,0.0
NT,2030,52,142,96,0.0
NT,2030,52,143,96,0.0
NT,2030,52,144,96,0.0
NT,2030,52,145,96,0.0
NT,2030,52,146,96,0.0
NT,2030,52,147,96,0.0
NT,2030,52,148,96,0.0
NT,2030,52,149,96,0.0
NT,2030,52,150,96,0.0
NT,2030,52,151,96,0.0
NT,2030,52,152,96,0.0
NT,2030,52,153,96,0.0
NT,2030,52,154,96,0.0
NT,2030,52,155,96,0.0
NT,2030,52,156,96,0.0
NT,2030,52,157,96,0.0
NT,2030,52,158,96,0.0
NT,2030,52,159,96,0.0
NT,2030,52,160,96,0.0
NT,2030,52,161,96,0.0
NT,2030,52,162,96,0.0
NT,2030,52,163,96,0.0
NT,2030,52,164,96,0.0
NT,2030,52,165,96,0.0
NT,2030,52,166,96,0.0
NT,2030,52,167,96,0.0
NT,2040,11,0,96,0.0
NT,2040,11,1,96,0.0
NT,2040,11,2,96,0.0
NT,2040,11,3,96,0.0
NT,2040,11,4,96,0.0
NT,2040,11,5,96,0.0
NT,2040,11,6,96,0.0
NT,2040,11,7,96,0.0
NT,2040,11,8,96,0.0
NT,2040,11,9,96,0.0
NT,2040,11,10,96,0.0
NT,2040,11,11,96,0.0
NT,2040,11,12,96,0.0
NT,2040,11,13,96,0.0
NT,2040,11,14,96,0.0
NT,2040,11,15,96,0.0
NT,2040,11,16,96,0.0
NT,2040,11,17,96,0.0
NT,2040,11,18,96,0.0
NT,2040,11,19,96,0.0
NT,2040,11,20,96,0.0
NT,2040,11,21,96,0.0
NT,2040,11,22,96,0.0
NT,2040,11,23,96,0.0
NT,2040,11,24,96,0.0
NT,2040,11,25,96,0.0
NT,2040,11,26,96,0.0
NT,2040,11,27,96,0.0
NT,2040,11,28,96,0.0
NT,2040,11,29,96,0.0
NT,2040,11,30,96,0.0
NT,2040,11,31,96,0.0
NT,2040,11,32,96,0.0
NT,2040,11,33,96,0.0
NT,2040,11,34,96,0.0
NT,2040,11,35,96,0.0
NT,2040,11,36,96,0.0
NT,2040,11,37,96,0.0
NT,2040,11,38,96,0.0
NT,2040,11,39,96,0.0
NT,2040,11,40,96,0.0
NT,2040,11,41,96,0.0
NT,2040,11,42,96,0.0
NT,2040,11,43,96,0.0
NT,2040,11,44,96,0.0
NT,2040,11,45,96,0.0
NT,2040,11,46,96,0.0
NT,2040,11,47,96,0.0
NT,2040,11,48,96,0.0
NT,2040,11,49,96,0.0
NT,2040,11,50,96,0.0
NT,2040,11,51,96,0.0
NT,2040,11,52,96,0.0
NT,2040,11,53,96,0.0
NT,2040,11,54,96,0.0
NT,2040,11,55,96,0.0
NT,2040,11,56,96,0.0
NT,2040,11,57,96,0.0
NT,2040,11,58,96,0.0
NT,2040,11,59,96,0.0
NT,2040,11,60,96,0.0
NT,2040,11,61,96,0.0
NT,2040,11,62,96,0.0
NT,2040,11,63,96,0.0
NT,2040,11,64,96,0.0
NT,2040,11,65,96,0.0
NT,2040,11,66,96,0.0
NT,2040,11,67,96,0.0
NT,2040,11,68,96,0.0
NT,2040,11,69,96,0.0
NT,2040,11,70,96,0.0
NT,2040,11,71,96,0.0
NT,2040,11,72,96,0.0
NT,2040,11,73,96,0.0
NT,2040,11,74,96,0.0
NT,2040,11,75,96,0.0
NT,2040,11,76,96,0.0
NT,2040,11,77,96,0.0
NT,2040,11,78,96,0.0
NT,2040,11,79,96,0.0
NT,2040,11,80,96,0.0
NT,2040,11,81,96,0.0
NT,2040,11,82,96,0.0
NT,2040,11,83,96,0.0
NT,2040,11,84,96,0.0
NT,2040,11,85,96,0.0
NT,2040,11,86,96,0.0
NT,2040,11,87,96,0.0
NT,2040,11,88,96,0.0
NT,2040,11,89,96,0.0
NT,2040,11,90,96,0.0
NT,2040,11,91,96,0.0
NT,2040,11,92,96,0.0
NT,2040,11,93,96,0.0
NT,2040,11,94,96,0.0
NT,2040,11,95,96,0.0
NT,2040,11,96,96,0.0
NT,2040,11,97,96,0.0
NT,2040,11,98,96,0.0
NT,2040,11,99,96,0.0
NT,2040,11,100,96,0.0
NT,2040,11,101,96,0.0
NT,2040,11,102,96,0.0
NT,2040,11,103,96,0.0
NT,2040,11,104,96,0.0
NT,2040,11,105,96,0.0
NT,2040,11,106,96,0.0
NT,2040,11,107,96,0.0
NT,2040,11,108,96,0.0
NT,2040,11,109,96,0.0
NT,2040,11,110,96,0.0
NT,2040,11,111,96,0.0
NT,2040,11,112,96,0.0
NT,2040,11,113,96,0.0
NT,2040,11,114,96,0.0
NT,2040,11,115,96,0.0
NT,2040,11,116,96,0.0
NT,2040,11,117,96,0.0
NT,2040,11,118,96,0.0
NT,2040,11,119,96,0.0
NT,2040,11,120,96,0.0
NT,2040,11,121,96,0.0
NT,2040,11,122,96,0.0
NT,2040,11,123,96,0.0
NT,2040,11,124,96,0.0
NT,2040,11,125,96,0.0
NT,2040,11,126,96,0.0
NT,2040,11,127,96,0.0
NT,2040,11,128,96,0.0
NT,2040,11,129,96,0.0
NT,2040,11,130,96,0.0
NT,2040,11,131,96,0.0
NT,2040,11,132,96,0.0
NT,2040,11,133,96,0.0
NT,2040,11,134,96,0.0
NT,2040,11,135,96,0.0
NT,2040,11,136,96,0.0
NT,2040,11,137,96,0.0
NT,2040,11,138,96,0.0
NT,2040,11,139,96,0.0
NT,2040,11,140,96,0.0
NT,2040,11,141,96,0.0
NT,2040,11,142,96,0.0
NT,2040,11,143,96,0.0
NT,2040,11,144,96,0.0
NT,2040,11,145,96,0.0
NT,2040,11,146,96,0.0
NT,2040,11,147,96,0.0
NT,2040,11,148,96,0.0
NT,2040,11,149,96,0.0
NT,2040,11,150,96,0.0
NT,2040,11,151,96,0.0
NT,2040,11,152,96,0.0
NT,2040,11,153,96,0.0
NT,2040,11,154,96,0.0
NT,2040,11,155,96,0.0
NT,2040,11,156,96,0.0
NT,2040,11,157,96,0.0
NT,2040,11,158,96,0.0
NT,2040,11,159,96,0.0
NT,2040,11,160,96,0.0
NT,2040,11,161,96,0.0
NT,2040,11,162,96,0.0
NT,2040,11,163,96,0.0
NT,2040,11,164,96,0.0
NT,2040,11,165,96,0.0
NT,2040,11,166,96,0.0
NT,2040,11,167,96,0.0
NT,2040,21,0,96,0.0
NT,2040,21,1,96,0.0
NT,2040,21,2,96,0.0
NT,2040,21,3,96,0.0
NT,2040,21,4,96,0.0
NT,2040,21,5,96,0.0
NT,2040,21,6,96,0.0
NT,2040,21,7,96,0.0
NT,2040,21,8,96,0.0
NT,2040,21,9,96,0.0
NT,2040,21,10,96,0.0
NT,2040,21,11,96,0.0
NT,2040,21,12,96,0.0
NT,2040,21,13,96,0.0
NT,2040,21,14,96,0.0
NT,2040,21,15,96,0.0
NT,2040,21,16,96,0.0
NT,2040,21,17,96,0.0
NT,2040,21,18,96,0.0
NT,2040,21,19,96,0.0
NT,2040,21,20,96,0.0
NT,2040,21,21,96,0.0
NT,2040,21,22,96,0.0
NT,2040,21,23,96,0.0
NT,2040,21,24,96,0.0
NT,2040,21,25,96,0.0
NT,2040,21,26,96,0.0
NT,2040,21,27,96,0.0
NT,2040,21,28,96,0.0
NT,2040,21,29,96,0.0
NT,2040,21,30,96,0.0
NT,2040,21,31,96,0.0
NT,2040,21,32,96,0.0
NT,2040,21,33,96,0.0
NT,2040,21,34,96,0.0
NT,2040,21,35,96,0.0
NT,2040,21,36,96,0.0
NT,2040,21,37,96,0.0
NT,2040,21,38,96,0.0
NT,2040,21,39,96,0.0
NT,2040,21,40,96,0.0
NT,2040,21,41,96,0.0
NT,2040,21,42,96,0.0
NT,2040,21,43,96,0.0
NT,2040,21,44,96,0.0
NT,2040,21,45,96,0.0
NT,2040,21,46,96,0.0
NT,2040,21,47,96,0.0
NT,2040,21,48,96,0.0
NT,2040,21,49,96,0.0
NT,2040,21,50,96,0.0
NT,2040,21,51,96,0.0
NT,2040,21,52,96,0.0
NT,2040,21,53,96,0.0
NT,2040,21,54,96,0.0
NT,2040,21,55,96,0.0
NT,2040,21,56,96,0.0
NT,2040,21,57,96,0.0
NT,2040,21,58,96,0.0
NT,2040,21,59,96,0.0
NT,2040,21,60,96,0.0
NT,2040,21,61,96,0.0
NT,2040,21,62,96,0.0
NT,2040,21,63,96,0.0
NT,2040,21,64,96,0.0
NT,2040,21,65,96,0.0
NT,2040,21,66,96,0.0
NT,2040,21,67,96,0.0
NT,2040,21,68,96,0.0
NT,2040,21,69,96,0.0
NT,2040,21,70,96,0.0
NT,2040,21,71,96,0.0
NT,2040,21,72,96,0.0
NT,2040,21,73,96,0.0
NT,2040,21,74,96,0.0
NT,2040,21,75,96,0.0
NT,2040,21,76,96,0.0
NT,2040,21,77,96,0.0
NT,2040,21,78,96,0.0
NT,2040,21,79,96,0.0
NT,2040,21,80,96,0.0
NT,2040,21,81,96,0.0
NT,2040,21,82,96,0.0
NT,2040,21,83,96,0.0
NT,2040,21,84,96,0.0
NT,2040,21,85,96,0.0
NT,2040,21,86,96,0.0
NT,2040,21,87,96,0.0
NT,2040,21,88,96,0.0
NT,2040,21,89,96,0.0
NT,2040,21,90,96,0.0
NT,2040,21,91,96,0.0
NT,2040,21,92,96,0.0
NT,2040,21,93,96,0.0
NT,2040,21,94,96,0.0
NT,2040,21,95,96,0.0
NT,2040,21,96,96,0.0
NT,2040,21,97,96,0.0
NT,2040,21,98,96,0.0
NT,2040,21,99,96,0.0
NT,2040,21,100,96,0.0
NT,2040,21,101,96,0.0
NT,2040,21,102,96,0.0
NT,2040,21,103,96,0.0
NT,2040,21,104,96,0.0
NT,2040,21,105,96,0.0
NT,2040,21,106,96,0.0
NT,2040,21,107,96,0.0
NT,2040,21,108,96,0.0
NT,2040,21,109,96,0.0
NT,2040,21,110,96,0.0
NT,2040,21,111,96,0.0
NT,2040,21,112,96,0.0
NT,2040,21,113,96,0.0
NT,2040,21,114,96,0.0
NT,2040,21,115,96,0.0
NT,2040,21,116,96,0.0
NT,2040,21,117,96,0.0
NT,2040,21,118,96,0.0
NT,2040,21,119,96,0.0
NT,2040,21,120,96,0.0
NT,2040,21,121,96,0.0
NT,2040,21,122,96,0.0
NT,2040,21,123,96,0.0
NT,2040,21,124,96,0.0
NT,2040,21,125,96,0.0
NT,2040,21,126,96,0.0
NT,2040,21,127,96,0.0
NT,2040,21,128,96,0.0
NT,2040,21,129,96,0.0
NT,2040,21,130,96,0.0
NT,2040,21,131,96,0.0
NT,2040,21,132,96,0.0
NT,2040,21,133,96,0.0
NT,2040,21,134,96,0.0
NT,2040,21,135,96,0.0
NT,2040,21,136,96,0.0
NT,2040,21,137,96,0.0
NT,2040,21,138,96,0.0
NT,2040,21,139,96,0.0
NT,2040,21,140,96,0.0
NT,2040,21,141,96,0.0
NT,2040,21,142,96,0.0
NT,2040,21,143,96,0.0
NT,2040,21,144,96,0.0
NT,2040,21,145,96,0.0
NT,2040,21,146,96,0.0
NT,2040,21,147,96,0.0
NT,2040,21,148,96,0.0
NT,2040,21,149,96,0.0
NT,2040,21,150,96,0.0
NT,2040,21,151,96,0.0
NT,2040,21,152,96,0.0
NT,2040,21,153,96,0.0
NT,2040,21,154,96,0.0
NT,2040,21,155,96,0.0
NT,2040,21,156,96,0.0
NT,2040,21,157,96,0.0
NT,2040,21,158,96,0.0
NT,2040,21,159,96,0.0
NT,2040,21,160,96,0.0
NT,2040,21,161,96,0.0
NT,2040,21,162,96,0.0
NT,2040,21,163,96,0.0
NT,2040,21,164,96,0.0
NT,2040,21,165,96,0.0
NT,2040,21,166,96,0.0
NT,2040,21,167,96,0.0
NT,2040,42,0,96,0.0
NT,2040,42,1,96,0.0
NT,2040,42,2,96,0.0
NT,2040,42,3,96,0.0
NT,2040,42,4,96,0.0
NT,2040,42,5,96,0.0
NT,2040,42,6,96,0.0
NT,2040,42,7,96,0.0
NT,2040,42,8,96,0.0
NT,2040,42,9,96,0.0
NT,2040,42,10,96,0.0
NT,2040,42,11,96,0.0
NT,2040,42,12,96,0.0
NT,2040,42,13,96,0.0
NT,2040,42,14,96,0.0
NT,2040,42,15,96,0.0
NT,2040,42,16,96,0.0
NT,2040,42,17,96,0.0
NT,2040,42,18,96,0.0
NT,2040,42,19,96,0.0
NT,2040,42,20,96,0.0
NT,2040,42,21,96,0.0
NT,2040,42,22,96,0.0
NT,2040,42,23,96,0.0
NT,2040,42,24,96,0.0
NT,2040,42,25,96,0.0
NT,2040,42,26,96,0.0
NT,2040,42,27,96,0.0
NT,2040,42,28,96,0.0
NT,2040,42,29,96,0.0
NT,2040,42,30,96,0.0
NT,2040,42,31,96,0.0
NT,2040,42,32,96,0.0
NT,2040,42,33,96,0.0
NT,2040,42,34,96,0.0
NT,2040,42,35,96,0.0
NT,2040,42,36,96,0.0
NT,2040,42,37,96,0.0
NT,2040,42,38,96,0.0
NT,2040,42,39,96,0.0
NT,2040,42,40,96,0.0
NT,2040,42,41,96,0.0
NT,2040,42,42,96,0.0
NT,2040,42,43,96,0.0
NT,2040,42,44,96,0.0
NT,2040,42,45,96,0.0
NT,2040,42,46,96,0.0
NT,2040,42,47,96,0.0
NT,2040,42,48,96,0.0
NT,2040,42,49,96,0.0
NT,2040,42,50,96,0.0
NT,2040,42,51,96,0.0
NT,2040,42,52,96,0.0
NT,2040,42,53,96,0.0
NT,2040,42,54,96,0.0
NT,2040,42,55,96,0.0
NT,2040,42,56,96,0.0
NT,2040,42,57,96,0.0
NT,2040,42,58,96,0.0
NT,2040,42,59,96,0.0
NT,2040,42,60,96,0.0
NT,2040,42,61,96,0.0
NT,2040,42,62,96,0.0
NT,2040,42,63,96,0.0
NT,2040,42,64,96,0.0
NT,2040,42,65,96,0.0
NT,2040,42,66,96,0.0
NT,2040,42,67,96,0.0
NT,2040,42,68,96,0.0
NT,2040,42,69,96,0.0
NT,2040,42,70,96,0.0
NT,2040,42,71,96,0.0
NT,2040,42,72,96,0.0
NT,2040,42,73,96,0.0
NT,2040,42,74,96,0.0
NT,2040,42,75,96,0.0
NT,2040,42,76,96,0.0
NT,2040,42,77,96,0.0
NT,2040,42,78,96,0.0
NT,2040,42,79,96,0.0
NT,2040,42,80,96,0.0
NT,2040,42,81,96,0.0
NT,2040,42,82,96,0.0
NT,2040,42,83,96,0.0
NT,2040,42,84,96,0.0
NT,2040,42,85,96,0.0
NT,2040,42,86,96,0.0
NT,2040,42,87,96,0.0
NT,2040,42,88,96,0.0
NT,2040,42,89,96,0.0
NT,2040,42,90,96,0.0
NT,2040,42,91,96,0.0
NT,2040,42,92,96,0.0
NT,2040,42,93,96,0.0
NT,2040,42,94,96,0.0
NT,2040,42,95,96,0.0
NT,2040,42,96,96,0.0
NT,2040,42,97,96,0.0
NT,2040,42,98,96,0.0
NT,2040,42,99,96,0.0
NT,2040,42,100,96,0.0
NT,2040,42,101,96,0.0
NT,2040,42,102,96,0.0
NT,2040,42,103,96,0.0
NT,2040,42,104,96,0.0
NT,2040,42,105,96,0.0
NT,2040,42,106,96,0.0
NT,2040,42,107,96,0.0
NT,2040,42,108,96,0.0
NT,2040,42,109,96,0.0
NT,2040,42,110,96,0.0
NT,2040,42,111,96,0.0
NT,2040,42,112,96,0.0
NT,2040,42,113,96,0.0
NT,2040,42,114,96,0.0
NT,2040,42,115,96,0.0
NT,2040,42,116,96,0.0
NT,2040,42,117,96,0.0
NT,2040,42,118,96,0.0
NT,2040,42,119,96,0.0
NT,2040,42,120,96,0.0
NT,2040,42,121,96,0.0
NT,2040,42,122,96,0.0
NT,2040,42,123,96,0.0
NT,2040,42,124,96,0.0
NT,2040,42,125,96,0.0
NT,2040,42,126,96,0.0
NT,2040,42,127,96,0.0
NT,2040,42,128,96,0.0
NT,2040,42,129,96,0.0
NT,2040,42,130,96,0.0
NT,2040,42,131,96,0.0
NT,2040,42,132,96,0.0
NT,2040,42,133,96,0.0
NT,2040,42,134,96,0.0
NT,2040,42,135,96,0.0
NT,2040,42,136,96,0.0
NT,2040,42,137,96,0.0
NT,2040,42,138,96,0.0
NT,2040,42,139,96,0.0
NT,2040,42,140,96,0.0
NT,2040,42,141,96,0.0
NT,2040,42,142,96,0.0
NT,2040,42,143,96,0.0
NT,2040,42,144,96,0.0
NT,2040,42,145,96,0.0
NT,2040,42,146,96,0.0
NT,2040,42,147,96,0.0
NT,2040,42,148,96,0.0
NT,2040,42,149,96,0.0
NT,2040,42,150,96,0.0
NT,2040,42,151,96,0.0
NT,2040,42,152,96,0.0
NT,2040,42,153,96,0.0
NT,2040,42,154,96,0.0
NT,2040,42,155,96,0.0
NT,2040,42,156,96,0.0
NT,2040,42,157,96,0.0
NT,2040,42,158,96,0.0
NT,2040,42,159,96,0.0
NT,2040,42,160,96,0.0
NT,2040,42,161,96,0.0
NT,2040,42,162,96,0.0
NT,2040,42,163,96,0.0
NT,2040,42,164,96,0.0
NT,2040,42,165,96,0.0
NT,2040,42,166,96,0.0
NT,2040,42,167,96,0.0
NT,2040,52,0,96,0.0
NT,2040,52,1,96,0.0
NT,2040,52,2,96,0.0
NT,2040,52,3,96,0.0
NT,2040,52,4,96,0.0
NT,2040,52,5,96,0.0
NT,2040,52,6,96,0.0
NT,2040,52,7,96,0.0
NT,2040,52,8,96,0.0
NT,2040,52,9,96,0.0
NT,2040,52,10,96,0.0
NT,2040,52,11,96,0.0
NT,2040,52,12,96,0.0
NT,2040,52,13,96,0.0
NT,2040,52,14,96,0.0
NT,2040,52,15,96,0.0
NT,2040,52,16,96,0.0
NT,2040,52,17,96,0.0
NT,2040,52,18,96,0.0
NT,2040,52,19,96,0.0
NT,2040,52,20,96,0.0
NT,2040,52,21,96,0.0
NT,2040,52,22,96,0.0
NT,2040,52,23,96,0.0
NT,2040,52,24,96,0.0
NT,2040,52,25,96,0.0
NT,2040,52,26,96,0.0
NT,2040,52,27,96,0.0
NT,2040,52,28,96,0.0
NT,2040,52,29,96,0.0
NT,2040,52,30,96,0.0
NT,2040,52,31,96,0.0
NT,2040,52,32,96,0.0
NT,2040,52,33,96,0.0
NT,2040,52,34,96,0.0
NT,2040,52,35,96,0.0
NT,2040,52,36,96,0.0
NT,2040,52,37,96,0.0
NT,2040,52,38,96,0.0
NT,2040,52,39,96,0.0
NT,2040,52,40,96,0.0
NT,2040,52,41,96,0.0
NT,2040,52,42,96,0.0
NT,2040,52,43,96,0.0
NT,2040,52,44,96,0.0
NT,2040,52,45,96,0.0
NT,2040,52,46,96,0.0
NT,2040,52,47,96,0.0
NT,2040,52,48,96,0.0
NT,2040,52,49,96,0.0
NT,2040,52,50,96,0.0
NT,2040,52,51,96,0.0
NT,2040,52,52,96,0.0
NT,2040,52,53,96,0.0
NT,2040,52,54,96,0.0
NT,2040,52,55,96,0.0
NT,2040,52,56,96,0.0
NT,2040,52,57,96,0.0
NT,2040,52,58,96,0.0
NT,2040,52,59,96,0.0
NT,2040,52,60,96,0.0
NT,2040,52,61,96,0.0
NT,2040,52,62,96,0.0
NT,2040,52,63,96,0.0
NT,2040,52,64,96,0.0
NT,2040,52,65,96,0.0
NT,2040,52,66,96,0.0
NT,2040,52,67,96,0.0
NT,2040,52,68,96,0.0
NT,2040,52,69,96,0.0
NT,2040,52,70,96,0.0
NT,2040,52,71,96,0.0
NT,2040,52,72,96,0.0
NT,2040,52,73,96,0.0
NT,2040,52,74,96,0.0
NT,2040,52,75,96,0.0
NT,2040,52,76,96,0.0
NT,2040,52,77,96,0.0
NT,2040,52,78,96,0.0
NT,2040,52,79,96,0.0
NT,2040,52,80,96,0.0
NT,2040,52,81,96,0.0
NT,2040,52,82,96,0.0
NT,2040,52,83,96,0.0
NT,2040,52,84,96,0.0
NT,2040,52,85,96,0.0
NT,2040,52,86,96,0.0
NT,2040,52,87,96,0.0
NT,2040,52,88,96,0.0
NT,2040,52,89,96,0.0
NT,2040,52,90,96,0.0
NT,2040,52,91,96,0.0
NT,2040,52,92,96,0.0
NT,2040,52,93,96,0.0
NT,2040,52,94,96,0.0
NT,2040,52,95,96,0.0
NT,2040,52,96,96,0.0
NT,2040,52,97,96,0.0
NT,2040,52,98,96,0.0
NT,2040,52,99,96,0.0
NT,2040,52,100,96,0.0
NT,2040,52,101,96,0.0
NT,2040,52,102,96,0.0
NT,2040,52,103,96,0.0
NT,2040,52,104,96,0.0
NT,2040,52,105,96,0.0
NT,2040,52,106,96,0.0
NT,2040,52,107,96,0.0
NT,2040,52,108,96,0.0
NT,2040,52,109,96,0.0
NT,2040,52,110,96,0.0
NT,2040,52,111,96,0.0
NT,2040,52,112,96,0.0
NT,2040,52,113,96,0.0
NT,2040,52,114,96,0.0
NT,2040,52,115,96,0.0
NT,2040,52,116,96,0.0
NT,2040,52,117,96,0.0
NT,2040,52,118,96,0.0
NT,2040,52,119,96,0.0
NT,2040,52,120,96,0.0
NT,2040,52,121,96,0.0
NT,2040,52,122,96,0.0
NT,2040,52,123,96,0.0
NT,2040,52,124,96,0.0
NT,2040,52,125,96,0.0
NT,2040,52,126,96,0.0
NT,2040,52,127,96,0.0
NT,2040,52,128,96,0.0
NT,2040,52,129,96,0.0
NT,2040,52,130,96,0.0
NT,2040,52,131,96,0.0
NT,2040,52,132,96,0.0
NT,2040,52,133,96,0.0
NT,2040,52,134,96,0.0
NT,2040,52,135,96,0.0
NT,2040,52,136,96,0.0
NT,2040,52,137,96,0.0
NT,2040,52,138,96,0.0
NT,2040,52,139,96,0.0
NT,2040,52,140,96,0.0
NT,2040,52,141,96,0.0
NT,2040,52,142,96,0.0
NT,2040,52,143,96,0.0
NT,2040,52,144,96,0.0
NT,2040,52,145,96,0.0
NT,2040,52,146,96,0.0
NT,2040,52,147,96,0.0
NT,2040,52,148,96,0.0
NT,2040,52,149,96,0.0
NT,2040,52,150,96,0.0
NT,2040,52,151,96,0.0
NT,2040,52,152,96,0.0
NT,2040,52,153,96,0.0
NT,2040,52,154,96,0.0
NT,2040,52,155,96,0.0
NT,2040,52,156,96,0.0
NT,2040,52,157,96,0.0
NT,2040,52,158,96,0.0
NT,2040,52,159,96,0.0
NT,2040,52,160,96,0.0
NT,2040,52,161,96,0.0
NT,2040,52,162,96,0.0
NT,2040,52,163,96,0.0
NT,2040,52,164,96,0.0
NT,2040,52,165,96,0.0
NT,2040,52,166,96,0.0
NT,2040,52,167,96,0.0
GA,2040,11,0,96,0.0
GA,2040,11,1,96,0.0
GA,2040,11,2,96,0.0
GA,2040,11,3,96,0.0
GA,2040,11,4,96,0.0
GA,2040,11,5,96,0.0
GA,2040,11,6,96,0.0
GA,2040,11,7,96,0.0
GA,2040,11,8,96,0.0
GA,2040,11,9,96,0.0
GA,2040,11,10,96,0.0
GA,2040,11,11,96,0.0
GA,2040,11,12,96,0.0
GA,2040,11,13,96,0.0
GA,2040,11,14,96,0.0
GA,2040,11,15,96,0.0
GA,2040,11,16,96,0.0
GA,2040,11,17,96,0.0
GA,2040,11,18,96,0.0
GA,2040,11,19,96,0.0
GA,2040,11,20,96,0.0
GA,2040,11,21,96,0.0
GA,2040,11,22,96,0.0
GA,2040,11,23,96,0.0
GA,2040,11,24,96,0.0
GA,2040,11,25,96,0.0
GA,2040,11,26,96,0.0
GA,2040,11,27,96,0.0
GA,2040,11,28,96,0.0
GA,2040,11,29,96,0.0
GA,2040,11,30,96,0.0
GA,2040,11,31,96,0.0
GA,2040,11,32,96,0.0
GA,2040,11,33,96,0.0
GA,2040,11,34,96,0.0
GA,2040,11,35,96,0.0
GA,2040,11,36,96,0.0
GA,2040,11,37,96,0.0
GA,2040,11,38,96,0.0
GA,2040,11,39,96,0.0
GA,2040,11,40,96,0.0
GA,2040,11,41,96,0.0
GA,2040,11,42,96,0.0
GA,2040,11,43,96,0.0
GA,2040,11,44,96,0.0
GA,2040,11,45,96,0.0
GA,2040,11,46,96,0.0
GA,2040,11,47,96,0.0
GA,2040,11,48,96,0.0
GA,2040,11,49,96,0.0
GA,2040,11,50,96,0.0
GA,2040,11,51,96,0.0
GA,2040,11,52,96,0.0
GA,2040,11,53,96,0.0
GA,2040,11,54,96,0.0
GA,2040,11,55,96,0.0
GA,2040,11,56,96,0.0
GA,2040,11,57,96,0.0
GA,2040,11,58,96,0.0
GA,2040,11,59,96,0.0
GA,2040,11,60,96,0.0
GA,2040,11,61,96,0.0
GA,2040,11,62,96,0.0
GA,2040,11,63,96,0.0
GA,2040,11,64,96,0.0
GA,2040,11,65,96,0.0
GA,2040,11,66,96,0.0
GA,2040,11,67,96,0.0
GA,2040,11,68,96,0.0
GA,2040,11,69,96,0.0
GA,2040,11,70,96,0.0
GA,2040,11,71,96,0.0
GA,2040,11,72,96,0.0
GA,2040,11,73,96,0.0
GA,2040,11,74,96,0.0
GA,2040,11,75,96,0.0
GA,2040,11,76,96,0.0
GA,2040,11,77,96,0.0
GA,2040,11,78,96,0.0
GA,2040,11,79,96,0.0
GA,2040,11,80,96,0.0
GA,2040,11,81,96,0.0
GA,2040,11,82,96,0.0
GA,2040,11,83,96,0.0
GA,2040,11,84,96,0.0
GA,2040,11,85,96,0.0
GA,2040,11,86,96,0.0
GA,2040,11,87,96,0.0
GA,2040,11,88,96,0.0
GA,2040,11,89,96,0.0
GA,2040,11,90,96,0.0
GA,2040,11,91,96,0.0
GA,2040,11,92,96,0.0
GA,2040,11,93,96,0.0
GA,2040,11,94,96,0.0
GA,2040,11,95,96,0.0
GA,2040,11,96,96,0.0
GA,2040,11,97,96,0.0
GA,2040,11,98,96,0.0
GA,2040,11,99,96,0.0
GA,2040,11,100,96,0.0
GA,2040,11,101,96,0.0
GA,2040,11,102,96,0.0
GA,2040,11,103,96,0.0
GA,2040,11,104,96,0.0
GA,2040,11,105,96,0.0
GA,2040,11,106,96,0.0
GA,2040,11,107,96,0.0
GA,2040,11,108,96,0.0
GA,2040,11,109,96,0.0
GA,2040,11,110,96,0.0
GA,2040,11,111,96,0.0
GA,2040,11,112,96,0.0
GA,2040,11,113,96,0.0
GA,2040,11,114,96,0.0
GA,2040,11,115,96,0.0
GA,2040,11,116,96,0.0
GA,2040,11,117,96,0.0
GA,2040,11,118,96,0.0
GA,2040,11,119,96,0.0
GA,2040,11,120,96,0.0
GA,2040,11,121,96,0.0
GA,2040,11,122,96,0.0
GA,2040,11,123,96,0.0
GA,2040,11,124,96,0.0
GA,2040,11,125,96,0.0
GA,2040,11,126,96,0.0
GA,2040,11,127,96,0.0
GA,2040,11,128,96,0.0
GA,2040,11,129,96,0.0
GA,2040,11,130,96,0.0
GA,2040,11,131,96,0.0
GA,2040,11,132,96,0.0
GA,2040,11,133,96,0.0
GA,2040,11,134,96,0.0
GA,2040,11,135,96,0.0
GA,2040,11,136,96,0.0
GA,2040,11,137,96,0.0
GA,2040,11,138,96,0.0
GA,2040,11,139,96,0.0
GA,2040,11,140,96,0.0
GA,2040,11,141,96,0.0
GA,2040,11,142,96,0.0
GA,2040,11,143,96,0.0
GA,2040,11,144,96,0.0
GA,2040,11,145,96,0.0
GA,2040,11,146,96,0.0
GA,2040,11,147,96,0.0
GA,2040,11,148,96,0.0
GA,2040,11,149,96,0.0
GA,2040,11,150,96,0.0
GA,2040,11,151,96,0.0
GA,2040,11,152,96,0.0
GA,2040,11,153,96,0.0
GA,2040,11,154,96,0.0
GA,2040,11,155,96,0.0
GA,2040,11,156,96,0.0
GA,2040,11,157,96,0.0
GA,2040,11,158,96,0.0
GA,2040,11,159,96,0.0
GA,2040,11,160,96,0.0
GA,2040,11,161,96,0.0
GA,2040,11,162,96,0.0
GA,2040,11,163,96,0.0
GA,2040,11,164,96,0.0
GA,2040,11,165,96,0.0
GA,2040,11,166,96,0.0
GA,2040,11,167,96,0.0
GA,2040,21,0,96,0.0
GA,2040,21,1,96,0.0
GA,2040,21,2,96,0.0
GA,2040,21,3,96,0.0
GA,2040,21,4,96,0.0
GA,2040,21,5,96,0.0
GA,2040,21,6,96,0.0
GA,2040,21,7,96,0.0
GA,2040,21,8,96,0.0
GA,2040,21,9,96,0.0
GA,2040,21,10,96,0.0
GA,2040,21,11,96,0.0
GA,2040,21,12,96,0.0
GA,2040,21,13,96,0.0
GA,2040,21,14,96,0.0
GA,2040,21,15,96,0.0
GA,2040,21,16,96,0.0
GA,2040,21,17,96,0.0
GA,2040,21,18,96,0.0
GA,2040,21,19,96,0.0
GA,2040,21,20,96,0.0
GA,2040,21,21,96,0.0
GA,2040,21,22,96,0.0
GA,2040,21,23,96,0.0
GA,2040,21,24,96,0.0
GA,2040,21,25,96,0.0
GA,2040,21,26,96,0.0
GA,2040,21,27,96,0.0
GA,2040,21,28,96,0.0
GA,2040,21,29,96,0.0
GA,2040,21,30,96,0.0
GA,2040,21,31,96,0.0
GA,2040,21,32,96,0.0
GA,2040,21,33,96,0.0
GA,2040,21,34,96,0.0
GA,2040,21,35,96,0.0
GA,2040,21,36,96,0.0
GA,2040,21,37,96,0.0
GA,2040,21,38,96,0.0
GA,2040,21,39,96,0.0
GA,2040,21,40,96,0.0
GA,2040,21,41,96,0.0
GA,2040,21,42,96,0.0
GA,2040,21,43,96,0.0
GA,2040,21,44,96,0.0
GA,2040,21,45,96,0.0
GA,2040,21,46,96,0.0
GA,2040,21,47,96,0.0
GA,2040,21,48,96,0.0
GA,2040,21,49,96,0.0
GA,2040,21,50,96,0.0
GA,2040,21,51,96,0.0
GA,2040,21,52,96,0.0
GA,2040,21,53,96,0.0
GA,2040,21,54,96,0.0
GA,2040,21,55,96,0.0
GA,2040,21,56,96,0.0
GA,2040,21,57,96,0.0
GA,2040,21,58,96,0.0
GA,2040,21,59,96,0.0
GA,2040,21,60,96,0.0
GA,2040,21,61,96,0.0
GA,2040,21,62,96,0.0
GA,2040,21,63,96,0.0
GA,2040,21,64,96,0.0
GA,2040,21,65,96,0.0
GA,2040,21,66,96,0.0
GA,2040,21,67,96,0.0
GA,2040,21,68,96,0.0
GA,2040,21,69,96,0.0
GA,2040,21,70,96,0.0
GA,2040,21,71,96,0.0
GA,2040,21,72,96,0.0
GA,2040,21,73,96,0.0
GA,2040,21,74,96,0.0
GA,2040,21,75,96,0.0
GA,2040,21,76,96,0.0
GA,2040,21,77,96,0.0
GA,2040,21,78,96,0.0
GA,2040,21,79,96,0.0
GA,2040,21,80,96,0.0
GA,2040,21,81,96,0.0
GA,2040,21,82,96,0.0
GA,2040,21,83,96,0.0
GA,2040,21,84,96,0.0
GA,2040,21,85,96,0.0
GA,2040,21,86,96,0.0
GA,2040,21,87,96,0.0
GA,2040,21,88,96,0.0
GA,2040,21,89,96,0.0
GA,2040,21,90,96,0.0
GA,2040,21,91,96,0.0
GA,2040,21,92,96,0.0
GA,2040,21,93,96,0.0
GA,2040,21,94,96,0.0
GA,2040,21,95,96,0.0
GA,2040,21,96,96,0.0
GA,2040,21,97,96,0.0
GA,2040,21,98,96,0.0
GA,2040,21,99,96,0.0
GA,2040,21,100,96,0.0
GA,2040,21,101,96,0.0
GA,2040,21,102,96,0.0
GA,2040,21,103,96,0.0
GA,2040,21,104,96,0.0
GA,2040,21,105,96,0.0
GA,2040,21,106,96,0.0
GA,2040,21,107,96,0.0
GA,2040,21,108,96,0.0
GA,2040,21,109,96,0.0
GA,2040,21,110,96,0.0
GA,2040,21,111,96,0.0
GA,2040,21,112,96,0.0
GA,2040,21,113,96,0.0
GA,2040,21,114,96,0.0
GA,2040,21,115,96,0.0
GA,2040,21,116,96,0.0
GA,2040,21,117,96,0.0
GA,2040,21,118,96,0.0
GA,2040,21,119,96,0.0
GA,2040,21,120,96,0.0
GA,2040,21,121,96,0.0
GA,2040,21,122,96,0.0
GA,2040,21,123,96,0.0
GA,2040,21,124,96,0.0
GA,2040,21,125,96,0.0
GA,2040,21,126,96,0.0
GA,2040,21,127,96,0.0
GA,2040,21,128,96,0.0
GA,2040,21,129,96,0.0
GA,2040,21,130,96,0.0
GA,2040,21,131,96,0.0
GA,2040,21,132,96,0.0
GA,2040,21,133,96,0.0
GA,2040,21,134,96,0.0
GA,2040,21,135,96,0.0
GA,2040,21,136,96,0.0
GA,2040,21,137,96,0.0
GA,2040,21,138,96,0.0
GA,2040,21,139,96,0.0
GA,2040,21,140,96,0.0
GA,2040,21,141,96,0.0
GA,2040,21,142,96,0.0
GA,2040,21,143,96,0.0
GA,2040,21,144,96,0.0
GA,2040,21,145,96,0.0
GA,2040,21,146,96,0.0
GA,2040,21,147,96,0.0
GA,2040,21,148,96,0.0
GA,2040,21,149,96,0.0
GA,2040,21,150,96,0.0
GA,2040,21,151,96,0.0
GA,2040,21,152,96,0.0
GA,2040,21,153,96,0.0
GA,2040,21,154,96,0.0
GA,2040,21,155,96,0.0
GA,2040,21,156,96,0.0
GA,2040,21,157,96,0.0
GA,2040,21,158,96,0.0
GA,2040,21,159,96,0.0
GA,2040,21,160,96,0.0
GA,2040,21,161,96,0.0
GA,2040,21,162,96,0.0
GA,2040,21,163,96,0.0
GA,2040,21,164,96,0.0
GA,2040,21,165,96,0.0
GA,2040,21,166,96,0.0
GA,2040,21,167,96,0.0
GA,2040,42,0,96,0.0
GA,2040,42,1,96,0.0
GA,2040,42,2,96,0.0
GA,2040,42,3,96,0.0
GA,2040,42,4,96,0.0
GA,2040,42,5,96,0.0
GA,2040,42,6,96,0.0
GA,2040,42,7,96,0.0
GA,2040,42,8,96,0.0
GA,2040,42,9,96,0.0
GA,2040,42,10,96,0.0
GA,2040,42,11,96,0.0
GA,2040,42,12,96,0.0
GA,2040,42,13,96,0.0
GA,2040,42,14,96,0.0
GA,2040,42,15,96,0.0
GA,2040,42,16,96,0.0
GA,2040,42,17,96,0.0
GA,2040,42,18,96,0.0
GA,2040,42,19,96,0.0
GA,2040,42,20,96,0.0
GA,2040,42,21,96,0.0
GA,2040,42,22,96,0.0
GA,2040,42,23,96,0.0
GA,2040,42,24,96,0.0
GA,2040,42,25,96,0.0
GA,2040,42,26,96,0.0
GA,2040,42,27,96,0.0
GA,2040,42,28,96,0.0
GA,2040,42,29,96,0.0
GA,2040,42,30,96,0.0
GA,2040,42,31,96,0.0
GA,2040,42,32,96,0.0
GA,2040,42,33,96,0.0
GA,2040,42,34,96,0.0
GA,2040,42,35,96,0.0
GA,2040,42,36,96,0.0
GA,2040,42,37,96,0.0
GA,2040,42,38,96,0.0
GA,2040,42,39,96,0.0
GA,2040,42,40,96,0.0
GA,2040,42,41,96,0.0
GA,2040,42,42,96,0.0
GA,2040,42,43,96,0.0
GA,2040,42,44,96,0.0
GA,2040,42,45,96,0.0
GA,2040,42,46,96,0.0
GA,2040,42,47,96,0.0
GA,2040,42,48,96,0.0
GA,2040,42,49,96,0.0
GA,2040,42,50,96,0.0
GA,2040,42,51,96,0.0
GA,2040,42,52,96,0.0
GA,2040,42,53,96,0.0
GA,2040,42,54,96,0.0
GA,2040,42,55,96,0.0
GA,2040,42,56,96,0.0
GA,2040,42,57,96,0.0
GA,2040,42,58,96,0.0
GA,2040,42,59,96,0.0
GA,2040,42,60,96,0.0
GA,2040,42,61,96,0.0
GA,2040,42,62,96,0.0
GA,2040,42,63,96,0.0
GA,2040,42,64,96,0.0
GA,2040,42,65,96,0.0
GA,2040,42,66,96,0.0
GA,2040,42,67,96,0.0
GA,2040,42,68,96,0.0
GA,2040,42,69,96,0.0
GA,2040,42,70,96,0.0
GA,2040,42,71,96,0.0
GA,2040,42,72,96,0.0
GA,2040,42,73,96,0.0
GA,2040,42,74,96,0.0
GA,2040,42,75,96,0.0
GA,2040,42,76,96,0.0
GA,2040,42,77,96,0.0
GA,2040,42,78,96,0.0
GA,2040,42,79,96,0.0
GA,2040,42,80,96,0.0
GA,2040,42,81,96,0.0
GA,2040,42,82,96,0.0
GA,2040,42,83,96,0.0
GA,2040,42,84,96,0.0
GA,2040,42,85,96,0.0
GA,2040,42,86,96,0.0
GA,2040,42,87,96,0.0
GA,2040,42,88,96,0.0
GA,2040,42,89,96,0.0
GA,2040,42,90,96,0.0
GA,2040,42,91,96,0.0
GA,2040,42,92,96,0.0
GA,2040,42,93,96,0.0
GA,2040,42,94,96,0.0
GA,2040,42,95,96,0.0
GA,2040,42,96,96,0.0
GA,2040,42,97,96,0.0
GA,2040,42,98,96,0.0
GA,2040,42,99,96,0.0
GA,2040,42,100,96,0.0
GA,2040,42,101,96,0.0
GA,2040,42,102,96,0.0
GA,2040,42,103,96,0.0
GA,2040,42,104,96,0.0
GA,2040,42,105,96,0.0
GA,2040,42,106,96,0.0
GA,2040,42,107,96,0.0
GA,2040,42,108,96,0.0
GA,2040,42,109,96,0.0
GA,2040,42,110,96,0.0
GA,2040,42,111,96,0.0
GA,2040,42,112,96,0.0
GA,2040,42,113,96,0.0
GA,2040,42,114,96,0.0
GA,2040,42,115,96,0.0
GA,2040,42,116,96,0.0
GA,2040,42,117,96,0.0
GA,2040,42,118,96,0.0
GA,2040,42,119,96,0.0
GA,2040,42,120,96,0.0
GA,2040,42,121,96,0.0
GA,2040,42,122,96,0.0
GA,2040,42,123,96,0.0
GA,2040,42,124,96,0.0
GA,2040,42,125,96,0.0
GA,2040,42,126,96,0.0
GA,2040,42,127,96,0.0
GA,2040,42,128,96,0.0
GA,2040,42,129,96,0.0
GA,2040,42,130,96,0.0
GA,2040,42,131,96,0.0
GA,2040,42,132,96,0.0
GA,2040,42,133,96,0.0
GA,2040,42,134,96,0.0
GA,2040,42,135,96,0.0
GA,2040,42,136,96,0.0
GA,2040,42,137,96,0.0
GA,2040,42,138,96,0.0
GA,2040,42,139,96,0.0
GA,2040,42,140,96,0.0
GA,2040,42,141,96,0.0
GA,2040,42,142,96,0.0
GA,2040,42,143,96,0.0
GA,2040,42,144,96,0.0
GA,2040,42,145,96,0.0
GA,2040,42,146,96,0.0
GA,2040,42,147,96,0.0
GA,2040,42,148,96,0.0
GA,2040,42,149,96,0.0
GA,2040,42,150,96,0.0
GA,2040,42,151,96,0.0
GA,2040,42,152,96,0.0
GA,2040,42,153,96,0.0
GA,2040,42,154,96,0.0
GA,2040,42,155,96,0.0
GA,2040,42,156,96,0.0
GA,2040,42,157,96,0.0
GA,2040,42,158,96,0.0
GA,2040,42,159,96,0.0
GA,2040,42,160,96,0.0
GA,2040,42,161,96,0.0
GA,2040,42,162,96,0.0
GA,2040,42,163,96,0.0
GA,2040,42,164,96,0.0
GA,2040,42,165,96,0.0
GA,2040,42,166,96,0.0
GA,2040,42,167,96,0.0
GA,2040,52,0,96,0.0
GA,2040,52,1,96,0.0
GA,2040,52,2,96,0.0
GA,2040,52,3,96,0.0
GA,2040,52,4,96,0.0
GA,2040,52,5,96,0.0
GA,2040,52,6,96,0.0
GA,2040,52,7,96,0.0
GA,2040,52,8,96,0.0
GA,2040,52,9,96,0.0
GA,2040,52,10,96,0.0
GA,2040,52,11,96,0.0
GA,2040,52,12,96,0.0
GA,2040,52,13,96,0.0
GA,2040,52,14,96,0.0
GA,2040,52,15,96,0.0
GA,2040,52,16,96,0.0
GA,2040,52,17,96,0.0
GA,2040,52,18,96,0.0
GA,2040,52,19,96,0.0
GA,2040,52,20,96,0.0
GA,2040,52,21,96,0.0
GA,2040,52,22,96,0.0
GA,2040,52,23,96,0.0
GA,2040,52,24,96,0.0
GA,2040,52,25,96,0.0
GA,2040,52,26,96,0.0
GA,2040,52,27,96,0.0
GA,2040,52,28,96,0.0
GA,2040,52,29,96,0.0
GA,2040,52,30,96,0.0
GA,2040,52,31,96,0.0
GA,2040,52,32,96,0.0
GA,2040,52,33,96,0.0
GA,2040,52,34,96,0.0
GA,2040,52,35,96,0.0
GA,2040,52,36,96,0.0
GA,2040,52,37,96,0.0
GA,2040,52,38,96,0.0
GA,2040,52,39,96,0.0
GA,2040,52,40,96,0.0
GA,2040,52,41,96,0.0
GA,2040,52,42,96,0.0
GA,2040,52,43,96,0.0
GA,2040,52,44,96,0.0
GA,2040,52,45,96,0.0
GA,2040,52,46,96,0.0
GA,2040,52,47,96,0.0
GA,2040,52,48,96,0.0
GA,2040,52,49,96,0.0
GA,2040,52,50,96,0.0
GA,2040,52,51,96,0.0
GA,2040,52,52,96,0.0
GA,2040,52,53,96,0.0
GA,2040,52,54,96,0.0
GA,2040,52,55,96,0.0
GA,2040,52,56,96,0.0
GA,2040,52,57,96,0.0
GA,2040,52,58,96,0.0
GA,2040,52,59,96,0.0
GA,2040,52,60,96,0.0
GA,2040,52,61,96,0.0
GA,2040,52,62,96,0.0
GA,2040,52,63,96,0.0
GA,2040,52,64,96,0.0
GA,2040,52,65,96,0.0
GA,2040,52,66,96,0.0
GA,2040,52,67,96,0.0
GA,2040,52,68,96,0.0
GA,2040,52,69,96,0.0
GA,2040,52,70,96,0.0
GA,2040,52,71,96,0.0
GA,2040,52,72,96,0.0
GA,2040,52,73,96,0.0
GA,2040,52,74,96,0.0
GA,2040,52,75,96,0.0
GA,2040,52,76,96,0.0
GA,2040,52,77,96,0.0
GA,2040,52,78,96,0.0
GA,2040,52,79,96,0.0
GA,2040,52,80,96,0.0
GA,2040,52,81,96,0.0
GA,2040,52,82,96,0.0
GA,2040,52,83,96,0.0
GA,2040,52,84,96,0.0
GA,2040,52,85,96,0.0
GA,2040,52,86,96,0.0
GA,2040,52,87,96,0.0
GA,2040,52,88,96,0.0
GA,2040,52,89,96,0.0
GA,2040,52,90,96,0.0
GA,2040,52,91,96,0.0
GA,2040,52,92,96,0.0
GA,2040,52,93,96,0.0
GA,2040,52,94,96,0.0
GA,2040,52,95,96,0.0
GA,2040,52,96,96,0.0
GA,2040,52,97,96,0.0
GA,2040,52,98,96,0.0
GA,2040,52,99,96,0.0
GA,2040,52,100,96,0.0
GA,2040,52,101,96,0.0
GA,2040,52,102,96,0.0
GA,2040,52,103,96,0.0
GA,2040,52,104,96,0.0
GA,2040,52,105,96,0.0
GA,2040,52,106,96,0.0
GA,2040,52,107,96,0.0
GA,2040,52,108,96,0.0
GA,2040,52,109,96,0.0
GA,2040,52,110,96,0.0
GA,2040,52,111,96,0.0
GA,2040,52,112,96,0.0
GA,2040,52,113,96,0.0
GA,2040,52,114,96,0.0
GA,2040,52,115,96,0.0
GA,2040,52,116,96,0.0
GA,2040,52,117,96,0.0
GA,2040,52,118,96,0.0
GA,2040,52,119,96,0.0
GA,2040,52,120,96,0.0
GA,2040,52,121,96,0.0
GA,2040,52,122,96,0.0
GA,2040,52,123,96,0.0
GA,2040,52,124,96,0.0
GA,2040,52,125,96,0.0
GA,2040,52,126,96,0.0
GA,2040,52,127,96,0.0
GA,2040,52,128,96,0.0
GA,2040,52,129,96,0.0
GA,2040,52,130,96,0.0
GA,2040,52,131,96,0.0
GA,2040,52,132,96,0.0
GA,2040,52,133,96,0.0
GA,2040,52,134,96,0.0
GA,2040,52,135,96,0.0
GA,2040,52,136,96,0.0
GA,2040,52,137,96,0.0
GA,2040,52,138,96,0.0
GA,2040,52,139,96,0.0
GA,2040,52,140,96,0.0
GA,2040,52,141,96,0.0
GA,2040,52,142,96,0.0
GA,2040,52,143,96,0.0
GA,2040,52,144,96,0.0
GA,2040,52,145,96,0.0
GA,2040,52,146,96,0.0
GA,2040,52,147,96,0.0
GA,2040,52,148,96,0.0
GA,2040,52,149,96,0.0
GA,2040,52,150,96,0.0
GA,2040,52,151,96,0.0
GA,2040,52,152,96,0.0
GA,2040,52,153,96,0.0
GA,2040,52,154,96,0.0
GA,2040,52,155,96,0.0
GA,2040,52,156,96,0.0
GA,2040,52,157,96,0.0
GA,2040,52,158,96,0.0
GA,2040,52,159,96,0.0
GA,2040,52,160,96,0.0
GA,2040,52,161,96,0.0
GA,2040,52,162,96,0.0
GA,2040,52,163,96,0.0
GA,2040,52,164,96,0.0
GA,2040,52,165,96,0.0
GA,2040,52,166,96,0.0
GA,2040,52,167,96,0.0
DE,2040,11,0,96,0.0
DE,2040,11,1,96,0.0
DE,2040,11,2,96,0.0
DE,2040,11,3,96,0.0
DE,2040,11,4,96,0.0
DE,2040,11,5,96,0.0
DE,2040,11,6,96,0.0
DE,2040,11,7,96,0.0
DE,2040,11,8,96,0.0
DE,2040,11,9,96,0.0
DE,2040,11,10,96,0.0
DE,2040,11,11,96,0.0
DE,2040,11,12,96,0.0
DE,2040,11,13,96,0.0
DE,2040,11,14,96,0.0
DE,2040,11,15,96,0.0
DE,2040,11,16,96,0.0
DE,2040,11,17,96,0.0
DE,2040,11,18,96,0.0
DE,2040,11,19,96,0.0
DE,2040,11,20,96,0.0
DE,2040,11,21,96,0.0
DE,2040,11,22,96,0.0
DE,2040,11,23,96,0.0
DE,2040,11,24,96,0.0
DE,2040,11,25,96,0.0
DE,2040,11,26,96,0.0
DE,2040,11,27,96,0.0
DE,2040,11,28,96,0.0
DE,2040,11,29,96,0.0
DE,2040,11,30,96,0.0
DE,2040,11,31,96,0.0
DE,2040,11,32,96,0.0
DE,2040,11,33,96,0.0
DE,2040,11,34,96,0.0
DE,2040,11,35,96,0.0
DE,2040,11,36,96,0.0
DE,2040,11,37,96,0.0
DE,2040,11,38,96,0.0
DE,2040,11,39,96,0.0
DE,2040,11,40,96,0.0
DE,2040,11,41,96,0.0
DE,2040,11,42,96,0.0
DE,2040,11,43,96,0.0
DE,2040,11,44,96,0.0
DE,2040,11,45,96,0.0
DE,2040,11,46,96,0.0
DE,2040,11,47,96,0.0
DE,2040,11,48,96,0.0
DE,2040,11,49,96,0.0
DE,2040,11,50,96,0.0
DE,2040,11,51,96,0.0
DE,2040,11,52,96,0.0
DE,2040,11,53,96,0.0
DE,2040,11,54,96,0.0
DE,2040,11,55,96,0.0
DE,2040,11,56,96,0.0
DE,2040,11,57,96,0.0
DE,2040,11,58,96,0.0
DE,2040,11,59,96,0.0
DE,2040,11,60,96,0.0
DE,2040,11,61,96,0.0
DE,2040,11,62,96,0.0
DE,2040,11,63,96,0.0
DE,2040,11,64,96,0.0
DE,2040,11,65,96,0.0
DE,2040,11,66,96,0.0
DE,2040,11,67,96,0.0
DE,2040,11,68,96,0.0
DE,2040,11,69,96,0.0
DE,2040,11,70,96,0.0
DE,2040,11,71,96,0.0
DE,2040,11,72,96,0.0
DE,2040,11,73,96,0.0
DE,2040,11,74,96,0.0
DE,2040,11,75,96,0.0
DE,2040,11,76,96,0.0
DE,2040,11,77,96,0.0
DE,2040,11,78,96,0.0
DE,2040,11,79,96,0.0
DE,2040,11,80,96,0.0
DE,2040,11,81,96,0.0
DE,2040,11,82,96,0.0
DE,2040,11,83,96,0.0
DE,2040,11,84,96,0.0
DE,2040,11,85,96,0.0
DE,2040,11,86,96,0.0
DE,2040,11,87,96,0.0
DE,2040,11,88,96,0.0
DE,2040,11,89,96,0.0
DE,2040,11,90,96,0.0
DE,2040,11,91,96,0.0
DE,2040,11,92,96,0.0
DE,2040,11,93,96,0.0
DE,2040,11,94,96,0.0
DE,2040,11,95,96,0.0
DE,2040,11,96,96,0.0
DE,2040,11,97,96,0.0
DE,2040,11,98,96,0.0
DE,2040,11,99,96,0.0
DE,2040,11,100,96,0.0
DE,2040,11,101,96,0.0
DE,2040,11,102,96,0.0
DE,2040,11,103,96,0.0
DE,2040,11,104,96,0.0
DE,2040,11,105,96,0.0
DE,2040,11,106,96,0.0
DE,2040,11,107,96,0.0
DE,2040,11,108,96,0.0
DE,2040,11,109,96,0.0
DE,2040,11,110,96,0.0
DE,2040,11,111,96,0.0
DE,2040,11,112,96,0.0
DE,2040,11,113,96,0.0
DE,2040,11,114,96,0.0
DE,2040,11,115,96,0.0
DE,2040,11,116,96,0.0
DE,2040,11,117,96,0.0
DE,2040,11,118,96,0.0
DE,2040,11,119,96,0.0
DE,2040,11,120,96,0.0
DE,2040,11,121,96,0.0
DE,2040,11,122,96,0.0
DE,2040,11,123,96,0.0
DE,2040,11,124,96,0.0
DE,2040,11,125,96,0.0
DE,2040,11,126,96,0.0
DE,2040,11,127,96,0.0
DE,2040,11,128,96,0.0
DE,2040,11,129,96,0.0
DE,2040,11,130,96,0.0
DE,2040,11,131,96,0.0
DE,2040,11,132,96,0.0
DE,2040,11,133,96,0.0
DE,2040,11,134,96,0.0
DE,2040,11,135,96,0.0
DE,2040,11,136,96,0.0
DE,2040,11,137,96,0.0
DE,2040,11,138,96,0.0
DE,2040,11,139,96,0.0
DE,2040,11,140,96,0.0
DE,2040,11,141,96,0.0
DE,2040,11,142,96,0.0
DE,2040,11,143,96,0.0
DE,2040,11,144,96,0.0
DE,2040,11,145,96,0.0
DE,2040,11,146,96,0.0
DE,2040,11,147,96,0.0
DE,2040,11,148,96,0.0
DE,2040,11,149,96,0.0
DE,2040,11,150,96,0.0
DE,2040,11,151,96,0.0
DE,2040,11,152,96,0.0
DE,2040,11,153,96,0.0
DE,2040,11,154,96,0.0
DE,2040,11,155,96,0.0
DE,2040,11,156,96,0.0
DE,2040,11,157,96,0.0
DE,2040,11,158,96,0.0
DE,2040,11,159,96,0.0
DE,2040,11,160,96,0.0
DE,2040,11,161,96,0.0
DE,2040,11,162,96,0.0
DE,2040,11,163,96,0.0
DE,2040,11,164,96,0.0
DE,2040,11,165,96,0.0
DE,2040,11,166,96,0.0
DE,2040,11,167,96,0.0
DE,2040,21,0,96,0.0
DE,2040,21,1,96,0.0
DE,2040,21,2,96,0.0
DE,2040,21,3,96,0.0
DE,2040,21,4,96,0.0
DE,2040,21,5,96,0.0
DE,2040,21,6,96,0.0
DE,2040,21,7,96,0.0
DE,2040,21,8,96,0.0
DE,2040,21,9,96,0.0
DE,2040,21,10,96,0.0
DE,2040,21,11,96,0.0
DE,2040,21,12,96,0.0
DE,2040,21,13,96,0.0
DE,2040,21,14,96,0.0
DE,2040,21,15,96,0.0
DE,2040,21,16,96,0.0
DE,2040,21,17,96,0.0
DE,2040,21,18,96,0.0
DE,2040,21,19,96,0.0
DE,2040,21,20,96,0.0
DE,2040,21,21,96,0.0
DE,2040,21,22,96,0.0
DE,2040,21,23,96,0.0
DE,2040,21,24,96,0.0
DE,2040,21,25,96,0.0
DE,2040,21,26,96,0.0
DE,2040,21,27,96,0.0
DE,2040,21,28,96,0.0
DE,2040,21,29,96,0.0
DE,2040,21,30,96,0.0
DE,2040,21,31,96,0.0
DE,2040,21,32,96,0.0
DE,2040,21,33,96,0.0
DE,2040,21,34,96,0.0
DE,2040,21,35,96,0.0
DE,2040,21,36,96,0.0
DE,2040,21,37,96,0.0
DE,2040,21,38,96,0.0
DE,2040,21,39,96,0.0
DE,2040,21,40,96,0.0
DE,2040,21,41,96,0.0
DE,2040,21,42,96,0.0
DE,2040,21,43,96,0.0
DE,2040,21,44,96,0.0
DE,2040,21,45,96,0.0
DE,2040,21,46,96,0.0
DE,2040,21,47,96,0.0
DE,2040,21,48,96,0.0
DE,2040,21,49,96,0.0
DE,2040,21,50,96,0.0
DE,2040,21,51,96,0.0
DE,2040,21,52,96,0.0
DE,2040,21,53,96,0.0
DE,2040,21,54,96,0.0
DE,2040,21,55,96,0.0
DE,2040,21,56,96,0.0
DE,2040,21,57,96,0.0
DE,2040,21,58,96,0.0
DE,2040,21,59,96,0.0
DE,2040,21,60,96,0.0
DE,2040,21,61,96,0.0
DE,2040,21,62,96,0.0
DE,2040,21,63,96,0.0
DE,2040,21,64,96,0.0
DE,2040,21,65,96,0.0
DE,2040,21,66,96,0.0
DE,2040,21,67,96,0.0
DE,2040,21,68,96,0.0
DE,2040,21,69,96,0.0
DE,2040,21,70,96,0.0
DE,2040,21,71,96,0.0
DE,2040,21,72,96,0.0
DE,2040,21,73,96,0.0
DE,2040,21,74,96,0.0
DE,2040,21,75,96,0.0
DE,2040,21,76,96,0.0
DE,2040,21,77,96,0.0
DE,2040,21,78,96,0.0
DE,2040,21,79,96,0.0
DE,2040,21,80,96,0.0
DE,2040,21,81,96,0.0
DE,2040,21,82,96,0.0
DE,2040,21,83,96,0.0
DE,2040,21,84,96,0.0
DE,2040,21,85,96,0.0
DE,2040,21,86,96,0.0
DE,2040,21,87,96,0.0
DE,2040,21,88,96,0.0
DE,2040,21,89,96,0.0
DE,2040,21,90,96,0.0
DE,2040,21,91,96,0.0
DE,2040,21,92,96,0.0
DE,2040,21,93,96,0.0
DE,2040,21,94,96,0.0
DE,2040,21,95,96,0.0
DE,2040,21,96,96,0.0
DE,2040,21,97,96,0.0
DE,2040,21,98,96,0.0
DE,2040,21,99,96,0.0
DE,2040,21,100,96,0.0
DE,2040,21,101,96,0.0
DE,2040,21,102,96,0.0
DE,2040,21,103,96,0.0
DE,2040,21,104,96,0.0
DE,2040,21,105,96,0.0
DE,2040,21,106,96,0.0
DE,2040,21,107,96,0.0
DE,2040,21,108,96,0.0
DE,2040,21,109,96,0.0
DE,2040,21,110,96,0.0
DE,2040,21,111,96,0.0
DE,2040,21,112,96,0.0
DE,2040,21,113,96,0.0
DE,2040,21,114,96,0.0
DE,2040,21,115,96,0.0
DE,2040,21,116,96,0.0
DE,2040,21,117,96,0.0
DE,2040,21,118,96,0.0
DE,2040,21,119,96,0.0
DE,2040,21,120,96,0.0
DE,2040,21,121,96,0.0
DE,2040,21,122,96,0.0
DE,2040,21,123,96,0.0
DE,2040,21,124,96,0.0
DE,2040,21,125,96,0.0
DE,2040,21,126,96,0.0
DE,2040,21,127,96,0.0
DE,2040,21,128,96,0.0
DE,2040,21,129,96,0.0
DE,2040,21,130,96,0.0
DE,2040,21,131,96,0.0
DE,2040,21,132,96,0.0
DE,2040,21,133,96,0.0
DE,2040,21,134,96,0.0
DE,2040,21,135,96,0.0
DE,2040,21,136,96,0.0
DE,2040,21,137,96,0.0
DE,2040,21,138,96,0.0
DE,2040,21,139,96,0.0
DE,2040,21,140,96,0.0
DE,2040,21,141,96,0.0
DE,2040,21,142,96,0.0
DE,2040,21,143,96,0.0
DE,2040,21,144,96,0.0
DE,2040,21,145,96,0.0
DE,2040,21,146,96,0.0
DE,2040,21,147,96,0.0
DE,2040,21,148,96,0.0
DE,2040,21,149,96,0.0
DE,2040,21,150,96,0.0
DE,2040,21,151,96,0.0
DE,2040,21,152,96,0.0
DE,2040,21,153,96,0.0
DE,2040,21,154,96,0.0
DE,2040,21,155,96,0.0
DE,2040,21,156,96,0.0
DE,2040,21,157,96,0.0
DE,2040,21,158,96,0.0
DE,2040,21,159,96,0.0
DE,2040,21,160,96,0.0
DE,2040,21,161,96,0.0
DE,2040,21,162,96,0.0
DE,2040,21,163,96,0.0
DE,2040,21,164,96,0.0
DE,2040,21,165,96,0.0
DE,2040,21,166,96,0.0
DE,2040,21,167,96,0.0
DE,2040,42,0,96,0.0
DE,2040,42,1,96,0.0
DE,2040,42,2,96,0.0
DE,2040,42,3,96,0.0
DE,2040,42,4,96,0.0
DE,2040,42,5,96,0.0
DE,2040,42,6,96,0.0
DE,2040,42,7,96,0.0
DE,2040,42,8,96,0.0
DE,2040,42,9,96,0.0
DE,2040,42,10,96,0.0
DE,2040,42,11,96,0.0
DE,2040,42,12,96,0.0
DE,2040,42,13,96,0.0
DE,2040,42,14,96,0.0
DE,2040,42,15,96,0.0
DE,2040,42,16,96,0.0
DE,2040,42,17,96,0.0
DE,2040,42,18,96,0.0
DE,2040,42,19,96,0.0
DE,2040,42,20,96,0.0
DE,2040,42,21,96,0.0
DE,2040,42,22,96,0.0
DE,2040,42,23,96,0.0
DE,2040,42,24,96,0.0
DE,2040,42,25,96,0.0
DE,2040,42,26,96,0.0
DE,2040,42,27,96,0.0
DE,2040,42,28,96,0.0
DE,2040,42,29,96,0.0
DE,2040,42,30,96,0.0
DE,2040,42,31,96,0.0
DE,2040,42,32,96,0.0
DE,2040,42,33,96,0.0
DE,2040,42,34,96,0.0
DE,2040,42,35,96,0.0
DE,2040,42,36,96,0.0
DE,2040,42,37,96,0.0
DE,2040,42,38,96,0.0
DE,2040,42,39,96,0.0
DE,2040,42,40,96,0.0
DE,2040,42,41,96,0.0
DE,2040,42,42,96,0.0
DE,2040,42,43,96,0.0
DE,2040,42,44,96,0.0
DE,2040,42,45,96,0.0
DE,2040,42,46,96,0.0
DE,2040,42,47,96,0.0
DE,2040,42,48,96,0.0
DE,2040,42,49,96,0.0
DE,2040,42,50,96,0.0
DE,2040,42,51,96,0.0
DE,2040,42,52,96,0.0
DE,2040,42,53,96,0.0
DE,2040,42,54,96,0.0
DE,2040,42,55,96,0.0
DE,2040,42,56,96,0.0
DE,2040,42,57,96,0.0
DE,2040,42,58,96,0.0
DE,2040,42,59,96,0.0
DE,2040,42,60,96,0.0
DE,2040,42,61,96,0.0
DE,2040,42,62,96,0.0
DE,2040,42,63,96,0.0
DE,2040,42,64,96,0.0
DE,2040,42,65,96,0.0
DE,2040,42,66,96,0.0
DE,2040,42,67,96,0.0
DE,2040,42,68,96,0.0
DE,2040,42,69,96,0.0
DE,2040,42,70,96,0.0
DE,2040,42,71,96,0.0
DE,2040,42,72,96,0.0
DE,2040,42,73,96,0.0
DE,2040,42,74,96,0.0
DE,2040,42,75,96,0.0
DE,2040,42,76,96,0.0
DE,2040,42,77,96,0.0
DE,2040,42,78,96,0.0
DE,2040,42,79,96,0.0
DE,2040,42,80,96,0.0
DE,2040,42,81,96,0.0
DE,2040,42,82,96,0.0
DE,2040,42,83,96,0.0
DE,2040,42,84,96,0.0
DE,2040,42,85,96,0.0
DE,2040,42,86,96,0.0
DE,2040,42,87,96,0.0
DE,2040,42,88,96,0.0
DE,2040,42,89,96,0.0
DE,2040,42,90,96,0.0
DE,2040,42,91,96,0.0
DE,2040,42,92,96,0.0
DE,2040,42,93,96,0.0
DE,2040,42,94,96,0.0
DE,2040,42,95,96,0.0
DE,2040,42,96,96,0.0
DE,2040,42,97,96,0.0
DE,2040,42,98,96,0.0
DE,2040,42,99,96,0.0
DE,2040,42,100,96,0.0
DE,2040,42,101,96,0.0
DE,2040,42,102,96,0.0
DE,2040,42,103,96,0.0
DE,2040,42,104,96,0.0
DE,2040,42,105,96,0.0
DE,2040,42,106,96,0.0
DE,2040,42,107,96,0.0
DE,2040,42,108,96,0.0
DE,2040,42,109,96,0.0
DE,2040,42,110,96,0.0
DE,2040,42,111,96,0.0
DE,2040,42,112,96,0.0
DE,2040,42,113,96,0.0
DE,2040,42,114,96,0.0
DE,2040,42,115,96,0.0
DE,2040,42,116,96,0.0
DE,2040,42,117,96,0.0
DE,2040,42,118,96,0.0
DE,2040,42,119,96,0.0
DE,2040,42,120,96,0.0
DE,2040,42,121,96,0.0
DE,2040,42,122,96,0.0
DE,2040,42,123,96,0.0
DE,2040,42,124,96,0.0
DE,2040,42,125,96,0.0
DE,2040,42,126,96,0.0
DE,2040,42,127,96,0.0
DE,2040,42,128,96,0.0
DE,2040,42,129,96,0.0
DE,2040,42,130,96,0.0
DE,2040,42,131,96,0.0
DE,2040,42,132,96,0.0
DE,2040,42,133,96,0.0
DE,2040,42,134,96,0.0
DE,2040,42,135,96,0.0
DE,2040,42,136,96,0.0
DE,2040,42,137,96,0.0
DE,2040,42,138,96,0.0
DE,2040,42,139,96,0.0
DE,2040,42,140,96,0.0
DE,2040,42,141,96,0.0
DE,2040,42,142,96,0.0
DE,2040,42,143,96,0.0
DE,2040,42,144,96,0.0
DE,2040,42,145,96,0.0
DE,2040,42,146,96,0.0
DE,2040,42,147,96,0.0
DE,2040,42,148,96,0.0
DE,2040,42,149,96,0.0
DE,2040,42,150,96,0.0
DE,2040,42,151,96,0.0
DE,2040,42,152,96,0.0
DE,2040,42,153,96,0.0
DE,2040,42,154,96,0.0
DE,2040,42,155,96,0.0
DE,2040,42,156,96,0.0
DE,2040,42,157,96,0.0
DE,2040,42,158,96,0.0
DE,2040,42,159,96,0.0
DE,2040,42,160,96,0.0
DE,2040,42,161,96,0.0
DE,2040,42,162,96,0.0
DE,2040,42,163,96,0.0
DE,2040,42,164,96,0.0
DE,2040,42,165,96,0.0
DE,2040,42,166,96,0.0
DE,2040,42,167,96,0.0
DE,2040,52,0,96,0.0
DE,2040,52,1,96,0.0
DE,2040,52,2,96,0.0
DE,2040,52,3,96,0.0
DE,2040,52,4,96,0.0
DE,2040,52,5,96,0.0
DE,2040,52,6,96,0.0
DE,2040,52,7,96,0.0
DE,2040,52,8,96,0.0
DE,2040,52,9,96,0.0
DE,2040,52,10,96,0.0
DE,2040,52,11,96,0.0
DE,2040,52,12,96,0.0
DE,2040,52,13,96,0.0
DE,2040,52,14,96,0.0
DE,2040,52,15,96,0.0
DE,2040,52,16,96,0.0
DE,2040,52,17,96,0.0
DE,2040,52,18,96,0.0
DE,2040,52,19,96,0.0
DE,2040,52,20,96,0.0
DE,2040,52,21,96,0.0
DE,2040,52,22,96,0.0
DE,2040,52,23,96,0.0
DE,2040,52,24,96,0.0
DE,2040,52,25,96,0.0
DE,2040,52,26,96,0.0
DE,2040,52,27,96,0.0
DE,2040,52,28,96,0.0
DE,2040,52,29,96,0.0
DE,2040,52,30,96,0.0
DE,2040,52,31,96,0.0
DE,2040,52,32,96,0.0
DE,2040,52,33,96,0.0
DE,2040,52,34,96,0.0
DE,2040,52,35,96,0.0
DE,2040,52,36,96,0.0
DE,2040,52,37,96,0.0
DE,2040,52,38,96,0.0
DE,2040,52,39,96,0.0
DE,2040,52,40,96,0.0
DE,2040,52,41,96,0.0
DE,2040,52,42,96,0.0
DE,2040,52,43,96,0.0
DE,2040,52,44,96,0.0
DE,2040,52,45,96,0.0
DE,2040,52,46,96,0.0
DE,2040,52,47,96,0.0
DE,2040,52,48,96,0.0
DE,2040,52,49,96,0.0
DE,2040,52,50,96,0.0
DE,2040,52,51,96,0.0
DE,2040,52,52,96,0.0
DE,2040,52,53,96,0.0
DE,2040,52,54,96,0.0
DE,2040,52,55,96,0.0
DE,2040,52,56,96,0.0
DE,2040,52,57,96,0.0
DE,2040,52,58,96,0.0
DE,2040,52,59,96,0.0
DE,2040,52,60,96,0.0
DE,2040,52,61,96,0.0
DE,2040,52,62,96,0.0
DE,2040,52,63,96,0.0
DE,2040,52,64,96,0.0
DE,2040,52,65,96,0.0
DE,2040,52,66,96,0.0
DE,2040,52,67,96,0.0
DE,2040,52,68,96,0.0
DE,2040,52,69,96,0.0
DE,2040,52,70,96,0.0
DE,2040,52,71,96,0.0
DE,2040,52,72,96,0.0
DE,2040,52,73,96,0.0
DE,2040,52,74,96,0.0
DE,2040,52,75,96,0.0
DE,2040,52,76,96,0.0
DE,2040,52,77,96,0.0
DE,2040,52,78,96,0.0
DE,2040,52,79,96,0.0
DE,2040,52,80,96,0.0
DE,2040,52,81,96,0.0
DE,2040,52,82,96,0.0
DE,2040,52,83,96,0.0
DE,2040,52,84,96,0.0
DE,2040,52,85,96,0.0
DE,2040,52,86,96,0.0
DE,2040,52,87,96,0.0
DE,2040,52,88,96,0.0
DE,2040,52,89,96,0.0
DE,2040,52,90,96,0.0
DE,2040,52,91,96,0.0
DE,2040,52,92,96,0.0
DE,2040,52,93,96,0.0
DE,2040,52,94,96,0.0
DE,2040,52,95,96,0.0
DE,2040,52,96,96,0.0
DE,2040,52,97,96,0.0
DE,2040,52,98,96,0.0
DE,2040,52,99,96,0.0
DE,2040,52,100,96,0.0
DE,2040,52,101,96,0.0
DE,2040,52,102,96,0.0
DE,2040,52,103,96,0.0
DE,2040,52,104,96,0.0
DE,2040,52,105,96,0.0
DE,2040,52,106,96,0.0
DE,2040,52,107,96,0.0
DE,2040,52,108,96,0.0
DE,2040,52,109,96,0.0
DE,2040,52,110,96,0.0
DE,2040,52,111,96,0.0
DE,2040,52,112,96,0.0
DE,2040,52,113,96,0.0
DE,2040,52,114,96,0.0
DE,2040,52,115,96,0.0
DE,2040,52,116,96,0.0
DE,2040,52,117,96,0.0
DE,2040,52,118,96,0.0
DE,2040,52,119,96,0.0
DE,2040,52,120,96,0.0
DE,2040,52,121,96,0.0
DE,2040,52,122,96,0.0
DE,2040,52,123,96,0.0
DE,2040,52,124,96,0.0
DE,2040,52,125,96,0.0
DE,2040,52,126,96,0.0
DE,2040,52,127,96,0.0
DE,2040,52,128,96,0.0
DE,2040,52,129,96,0.0
DE,2040,52,130,96,0.0
DE,2040,52,131,96,0.0
DE,2040,52,132,96,0.0
DE,2040,52,133,96,0.0
DE,2040,52,134,96,0.0
DE,2040,52,135,96,0.0
DE,2040,52,136,96,0.0
DE,2040,52,137,96,0.0
DE,2040,52,138,96,0.0
DE,2040,52,139,96,0.0
DE,2040,52,140,96,0.0
DE,2040,52,141,96,0.0
DE,2040,52,142,96,0.0
DE,2040,52,143,96,0.0
DE,2040,52,144,96,0.0
DE,2040,52,145,96,0.0
DE,2040,52,146,96,0.0
DE,2040,52,147,96,0.0
DE,2040,52,148,96,0.0
DE,2040,52,149,96,0.0
DE,2040,52,150,96,0.0
DE,2040,52,151,96,0.0
DE,2040,52,152,96,0.0
DE,2040,52,153,96,0.0
DE,2040,52,154,96,0.0
DE,2040,52,155,96,0.0
DE,2040,52,156,96,0.0
DE,2040,52,157,96,0.0
DE,2040,52,158,96,0.0
DE,2040,52,159,96,0.0
DE,2040,52,160,96,0.0
DE,2040,52,161,96,0.0
DE,2040,52,162,96,0.0
DE,2040,52,163,96,0.0
DE,2040,52,164,96,0.0
DE,2040,52,165,96,0.0
DE,2040,52,166,96,0.0
DE,2040,52,167,96,0.0
GA,2050,11,0,96,0.0
GA,2050,11,1,96,0.0
GA,2050,11,2,96,0.0
GA,2050,11,3,96,0.0
GA,2050,11,4,96,0.0
GA,2050,11,5,96,0.0
GA,2050,11,6,96,0.0
GA,2050,11,7,96,0.0
GA,2050,11,8,96,0.0
GA,2050,11,9,96,0.0
GA,2050,11,10,96,0.0
GA,2050,11,11,96,0.0
GA,2050,11,12,96,0.0
GA,2050,11,13,96,0.0
GA,2050,11,14,96,0.0
GA,2050,11,15,96,0.0
GA,2050,11,16,96,0.0
GA,2050,11,17,96,0.0
GA,2050,11,18,96,0.0
GA,2050,11,19,96,0.0
GA,2050,11,20,96,0.0
GA,2050,11,21,96,0.0
GA,2050,11,22,96,0.0
GA,2050,11,23,96,0.0
GA,2050,11,24,96,0.0
GA,2050,11,25,96,0.0
GA,2050,11,26,96,0.0
GA,2050,11,27,96,0.0
GA,2050,11,28,96,0.0
GA,2050,11,29,96,0.0
GA,2050,11,30,96,0.0
GA,2050,11,31,96,0.0
GA,2050,11,32,96,0.0
GA,2050,11,33,96,0.0
GA,2050,11,34,96,0.0
GA,2050,11,35,96,0.0
GA,2050,11,36,96,0.0
GA,2050,11,37,96,0.0
GA,2050,11,38,96,0.0
GA,2050,11,39,96,0.0
GA,2050,11,40,96,0.0
GA,2050,11,41,96,0.0
GA,2050,11,42,96,0.0
GA,2050,11,43,96,0.0
GA,2050,11,44,96,0.0
GA,2050,11,45,96,0.0
GA,2050,11,46,96,0.0
GA,2050,11,47,96,0.0
GA,2050,11,48,96,0.0
GA,2050,11,49,96,0.0
GA,2050,11,50,96,0.0
GA,2050,11,51,96,0.0
GA,2050,11,52,96,0.0
GA,2050,11,53,96,0.0
GA,2050,11,54,96,0.0
GA,2050,11,55,96,0.0
GA,2050,11,56,96,0.0
GA,2050,11,57,96,0.0
GA,2050,11,58,96,0.0
GA,2050,11,59,96,0.0
GA,2050,11,60,96,0.0
GA,2050,11,61,96,0.0
GA,2050,11,62,96,0.0
GA,2050,11,63,96,0.0
GA,2050,11,64,96,0.0
GA,2050,11,65,96,0.0
GA,2050,11,66,96,0.0
GA,2050,11,67,96,0.0
GA,2050,11,68,96,0.0
GA,2050,11,69,96,0.0
GA,2050,11,70,96,0.0
GA,2050,11,71,96,0.0
GA,2050,11,72,96,0.0
GA,2050,11,73,96,0.0
GA,2050,11,74,96,0.0
GA,2050,11,75,96,0.0
GA,2050,11,76,96,0.0
GA,2050,11,77,96,0.0
GA,2050,11,78,96,0.0
GA,2050,11,79,96,0.0
GA,2050,11,80,96,0.0
GA,2050,11,81,96,0.0
GA,2050,11,82,96,0.0
GA,2050,11,83,96,0.0
GA,2050,11,84,96,0.0
GA,2050,11,85,96,0.0
GA,2050,11,86,96,0.0
GA,2050,11,87,96,0.0
GA,2050,11,88,96,0.0
GA,2050,11,89,96,0.0
GA,2050,11,90,96,0.0
GA,2050,11,91,96,0.0
GA,2050,11,92,96,0.0
GA,2050,11,93,96,0.0
GA,2050,11,94,96,0.0
GA,2050,11,95,96,0.0
GA,2050,11,96,96,0.0
GA,2050,11,97,96,0.0
GA,2050,11,98,96,0.0
GA,2050,11,99,96,0.0
GA,2050,11,100,96,0.0
GA,2050,11,101,96,0.0
GA,2050,11,102,96,0.0
GA,2050,11,103,96,0.0
GA,2050,11,104,96,0.0
GA,2050,11,105,96,0.0
GA,2050,11,106,96,0.0
GA,2050,11,107,96,0.0
GA,2050,11,108,96,0.0
GA,2050,11,109,96,0.0
GA,2050,11,110,96,0.0
GA,2050,11,111,96,0.0
GA,2050,11,112,96,0.0
GA,2050,11,113,96,0.0
GA,2050,11,114,96,0.0
GA,2050,11,115,96,0.0
GA,2050,11,116,96,0.0
GA,2050,11,117,96,0.0
GA,2050,11,118,96,0.0
GA,2050,11,119,96,0.0
GA,2050,11,120,96,0.0
GA,2050,11,121,96,0.0
GA,2050,11,122,96,0.0
GA,2050,11,123,96,0.0
GA,2050,11,124,96,0.0
GA,2050,11,125,96,0.0
GA,2050,11,126,96,0.0
GA,2050,11,127,96,0.0
GA,2050,11,128,96,0.0
GA,2050,11,129,96,0.0
GA,2050,11,130,96,0.0
GA,2050,11,131,96,0.0
GA,2050,11,132,96,0.0
GA,2050,11,133,96,0.0
GA,2050,11,134,96,0.0
GA,2050,11,135,96,0.0
GA,2050,11,136,96,0.0
GA,2050,11,137,96,0.0
GA,2050,11,138,96,0.0
GA,2050,11,139,96,0.0
GA,2050,11,140,96,0.0
GA,2050,11,141,96,0.0
GA,2050,11,142,96,0.0
GA,2050,11,143,96,0.0
GA,2050,11,144,96,0.0
GA,2050,11,145,96,0.0
GA,2050,11,146,96,0.0
GA,2050,11,147,96,0.0
GA,2050,11,148,96,0.0
GA,2050,11,149,96,0.0
GA,2050,11,150,96,0.0
GA,2050,11,151,96,0.0
GA,2050,11,152,96,0.0
GA,2050,11,153,96,0.0
GA,2050,11,154,96,0.0
GA,2050,11,155,96,0.0
GA,2050,11,156,96,0.0
GA,2050,11,157,96,0.0
GA,2050,11,158,96,0.0
GA,2050,11,159,96,0.0
GA,2050,11,160,96,0.0
GA,2050,11,161,96,0.0
GA,2050,11,162,96,0.0
GA,2050,11,163,96,0.0
GA,2050,11,164,96,0.0
GA,2050,11,165,96,0.0
GA,2050,11,166,96,0.0
GA,2050,11,167,96,0.0
GA,2050,21,0,96,0.0
GA,2050,21,1,96,0.0
GA,2050,21,2,96,0.0
GA,2050,21,3,96,0.0
GA,2050,21,4,96,0.0
GA,2050,21,5,96,0.0
GA,2050,21,6,96,0.0
GA,2050,21,7,96,0.0
GA,2050,21,8,96,0.0
GA,2050,21,9,96,0.0
GA,2050,21,10,96,0.0
GA,2050,21,11,96,0.0
GA,2050,21,12,96,0.0
GA,2050,21,13,96,0.0
GA,2050,21,14,96,0.0
GA,2050,21,15,96,0.0
GA,2050,21,16,96,0.0
GA,2050,21,17,96,0.0
GA,2050,21,18,96,0.0
GA,2050,21,19,96,0.0
GA,2050,21,20,96,0.0
GA,2050,21,21,96,0.0
GA,2050,21,22,96,0.0
GA,2050,21,23,96,0.0
GA,2050,21,24,96,0.0
GA,2050,21,25,96,0.0
GA,2050,21,26,96,0.0
GA,2050,21,27,96,0.0
GA,2050,21,28,96,0.0
GA,2050,21,29,96,0.0
GA,2050,21,30,96,0.0
GA,2050,21,31,96,0.0
GA,2050,21,32,96,0.0
GA,2050,21,33,96,0.0
GA,2050,21,34,96,0.0
GA,2050,21,35,96,0.0
GA,2050,21,36,96,0.0
GA,2050,21,37,96,0.0
GA,2050,21,38,96,0.0
GA,2050,21,39,96,0.0
GA,2050,21,40,96,0.0
GA,2050,21,41,96,0.0
GA,2050,21,42,96,0.0
GA,2050,21,43,96,0.0
GA,2050,21,44,96,0.0
GA,2050,21,45,96,0.0
GA,2050,21,46,96,0.0
GA,2050,21,47,96,0.0
GA,2050,21,48,96,0.0
GA,2050,21,49,96,0.0
GA,2050,21,50,96,0.0
GA,2050,21,51,96,0.0
GA,2050,21,52,96,0.0
GA,2050,21,53,96,0.0
GA,2050,21,54,96,0.0
GA,2050,21,55,96,0.0
GA,2050,21,56,96,0.0
GA,2050,21,57,96,0.0
GA,2050,21,58,96,0.0
GA,2050,21,59,96,0.0
GA,2050,21,60,96,0.0
GA,2050,21,61,96,0.0
GA,2050,21,62,96,0.0
GA,2050,21,63,96,0.0
GA,2050,21,64,96,0.0
GA,2050,21,65,96,0.0
GA,2050,21,66,96,0.0
GA,2050,21,67,96,0.0
GA,2050,21,68,96,0.0
GA,2050,21,69,96,0.0
GA,2050,21,70,96,0.0
GA,2050,21,71,96,0.0
GA,2050,21,72,96,0.0
GA,2050,21,73,96,0.0
GA,2050,21,74,96,0.0
GA,2050,21,75,96,0.0
GA,2050,21,76,96,0.0
GA,2050,21,77,96,0.0
GA,2050,21,78,96,0.0
GA,2050,21,79,96,0.0
GA,2050,21,80,96,0.0
GA,2050,21,81,96,0.0
GA,2050,21,82,96,0.0
GA,2050,21,83,96,0.0
GA,2050,21,84,96,0.0
GA,2050,21,85,96,0.0
GA,2050,21,86,96,0.0
GA,2050,21,87,96,0.0
GA,2050,21,88,96,0.0
GA,2050,21,89,96,0.0
GA,2050,21,90,96,0.0
GA,2050,21,91,96,0.0
GA,2050,21,92,96,0.0
GA,2050,21,93,96,0.0
GA,2050,21,94,96,0.0
GA,2050,21,95,96,0.0
GA,2050,21,96,96,0.0
GA,2050,21,97,96,0.0
GA,2050,21,98,96,0.0
GA,2050,21,99,96,0.0
GA,2050,21,100,96,0.0
GA,2050,21,101,96,0.0
GA,2050,21,102,96,0.0
GA,2050,21,103,96,0.0
GA,2050,21,104,96,0.0
GA,2050,21,105,96,0.0
GA,2050,21,106,96,0.0
GA,2050,21,107,96,0.0
GA,2050,21,108,96,0.0
GA,2050,21,109,96,0.0
GA,2050,21,110,96,0.0
GA,2050,21,111,96,0.0
GA,2050,21,112,96,0.0
GA,2050,21,113,96,0.0
GA,2050,21,114,96,0.0
GA,2050,21,115,96,0.0
GA,2050,21,116,96,0.0
GA,2050,21,117,96,0.0
GA,2050,21,118,96,0.0
GA,2050,21,119,96,0.0
GA,2050,21,120,96,0.0
GA,2050,21,121,96,0.0
GA,2050,21,122,96,0.0
GA,2050,21,123,96,0.0
GA,2050,21,124,96,0.0
GA,2050,21,125,96,0.0
GA,2050,21,126,96,0.0
GA,2050,21,127,96,0.0
GA,2050,21,128,96,0.0
GA,2050,21,129,96,0.0
GA,2050,21,130,96,0.0
GA,2050,21,131,96,0.0
GA,2050,21,132,96,0.0
GA,2050,21,133,96,0.0
GA,2050,21,134,96,0.0
GA,2050,21,135,96,0.0
GA,2050,21,136,96,0.0
GA,2050,21,137,96,0.0
GA,2050,21,138,96,0.0
GA,2050,21,139,96,0.0
GA,2050,21,140,96,0.0
GA,2050,21,141,96,0.0
GA,2050,21,142,96,0.0
GA,2050,21,143,96,0.0
GA,2050,21,144,96,0.0
GA,2050,21,145,96,0.0
GA,2050,21,146,96,0.0
GA,2050,21,147,96,0.0
GA,2050,21,148,96,0.0
GA,2050,21,149,96,0.0
GA,2050,21,150,96,0.0
GA,2050,21,151,96,0.0
GA,2050,21,152,96,0.0
GA,2050,21,153,96,0.0
GA,2050,21,154,96,0.0
GA,2050,21,155,96,0.0
GA,2050,21,156,96,0.0
GA,2050,21,157,96,0.0
GA,2050,21,158,96,0.0
GA,2050,21,159,96,0.0
GA,2050,21,160,96,0.0
GA,2050,21,161,96,0.0
GA,2050,21,162,96,0.0
GA,2050,21,163,96,0.0
GA,2050,21,164,96,0.0
GA,2050,21,165,96,0.0
GA,2050,21,166,96,0.0
GA,2050,21,167,96,0.0
GA,2050,42,0,96,0.0
GA,2050,42,1,96,0.0
GA,2050,42,2,96,0.0
GA,2050,42,3,96,0.0
GA,2050,42,4,96,0.0
GA,2050,42,5,96,0.0
GA,2050,42,6,96,0.0
GA,2050,42,7,96,0.0
GA,2050,42,8,96,0.0
GA,2050,42,9,96,0.0
GA,2050,42,10,96,0.0
GA,2050,42,11,96,0.0
GA,2050,42,12,96,0.0
GA,2050,42,13,96,0.0
GA,2050,42,14,96,0.0
GA,2050,42,15,96,0.0
GA,2050,42,16,96,0.0
GA,2050,42,17,96,0.0
GA,2050,42,18,96,0.0
GA,2050,42,19,96,0.0
GA,2050,42,20,96,0.0
GA,2050,42,21,96,0.0
GA,2050,42,22,96,0.0
GA,2050,42,23,96,0.0
GA,2050,42,24,96,0.0
GA,2050,42,25,96,0.0
GA,2050,42,26,96,0.0
GA,2050,42,27,96,0.0
GA,2050,42,28,96,0.0
GA,2050,42,29,96,0.0
GA,2050,42,30,96,0.0
GA,2050,42,31,96,0.0
GA,2050,42,32,96,0.0
GA,2050,42,33,96,0.0
GA,2050,42,34,96,0.0
GA,2050,42,35,96,0.0
GA,2050,42,36,96,0.0
GA,2050,42,37,96,0.0
GA,2050,42,38,96,0.0
GA,2050,42,39,96,0.0
GA,2050,42,40,96,0.0
GA,2050,42,41,96,0.0
GA,2050,42,42,96,0.0
GA,2050,42,43,96,0.0
GA,2050,42,44,96,0.0
GA,2050,42,45,96,0.0
GA,2050,42,46,96,0.0
GA,2050,42,47,96,0.0
GA,2050,42,48,96,0.0
GA,2050,42,49,96,0.0
GA,2050,42,50,96,0.0
GA,2050,42,51,96,0.0
GA,2050,42,52,96,0.0
GA,2050,42,53,96,0.0
GA,2050,42,54,96,0.0
GA,2050,42,55,96,0.0
GA,2050,42,56,96,0.0
GA,2050,42,57,96,0.0
GA,2050,42,58,96,0.0
GA,2050,42,59,96,0.0
GA,2050,42,60,96,0.0
GA,2050,42,61,96,0.0
GA,2050,42,62,96,0.0
GA,2050,42,63,96,0.0
GA,2050,42,64,96,0.0
GA,2050,42,65,96,0.0
GA,2050,42,66,96,0.0
GA,2050,42,67,96,0.0
GA,2050,42,68,96,0.0
GA,2050,42,69,96,0.0
GA,2050,42,70,96,0.0
GA,2050,42,71,96,0.0
GA,2050,42,72,96,0.0
GA,2050,42,73,96,0.0
GA,2050,42,74,96,0.0
GA,2050,42,75,96,0.0
GA,2050,42,76,96,0.0
GA,2050,42,77,96,0.0
GA,2050,42,78,96,0.0
GA,2050,42,79,96,0.0
GA,2050,42,80,96,0.0
GA,2050,42,81,96,0.0
GA,2050,42,82,96,0.0
GA,2050,42,83,96,0.0
GA,2050,42,84,96,0.0
GA,2050,42,85,96,0.0
GA,2050,42,86,96,0.0
GA,2050,42,87,96,0.0
GA,2050,42,88,96,0.0
GA,2050,42,89,96,0.0
GA,2050,42,90,96,0.0
GA,2050,42,91,96,0.0
GA,2050,42,92,96,0.0
GA,2050,42,93,96,0.0
GA,2050,42,94,96,0.0
GA,2050,42,95,96,0.0
GA,2050,42,96,96,0.0
GA,2050,42,97,96,0.0
GA,2050,42,98,96,0.0
GA,2050,42,99,96,0.0
GA,2050,42,100,96,0.0
GA,2050,42,101,96,0.0
GA,2050,42,102,96,0.0
GA,2050,42,103,96,0.0
GA,2050,42,104,96,0.0
GA,2050,42,105,96,0.0
GA,2050,42,106,96,0.0
GA,2050,42,107,96,0.0
GA,2050,42,108,96,0.0
GA,2050,42,109,96,0.0
GA,2050,42,110,96,0.0
GA,2050,42,111,96,0.0
GA,2050,42,112,96,0.0
GA,2050,42,113,96,0.0
GA,2050,42,114,96,0.0
GA,2050,42,115,96,0.0
GA,2050,42,116,96,0.0
GA,2050,42,117,96,0.0
GA,2050,42,118,96,0.0
GA,2050,42,119,96,0.0
GA,2050,42,120,96,0.0
GA,2050,42,121,96,0.0
GA,2050,42,122,96,0.0
GA,2050,42,123,96,0.0
GA,2050,42,124,96,0.0
GA,2050,42,125,96,0.0
GA,2050,42,126,96,0.0
GA,2050,42,127,96,0.0
GA,2050,42,128,96,0.0
GA,2050,42,129,96,0.0
GA,2050,42,130,96,0.0
GA,2050,42,131,96,0.0
GA,2050,42,132,96,0.0
GA,2050,42,133,96,0.0
GA,2050,42,134,96,0.0
GA,2050,42,135,96,0.0
GA,2050,42,136,96,0.0
GA,2050,42,137,96,0.0
GA,2050,42,138,96,0.0
GA,2050,42,139,96,0.0
GA,2050,42,140,96,0.0
GA,2050,42,141,96,0.0
GA,2050,42,142,96,0.0
GA,2050,42,143,96,0.0
GA,2050,42,144,96,0.0
GA,2050,42,145,96,0.0
GA,2050,42,146,96,0.0
GA,2050,42,147,96,0.0
GA,2050,42,148,96,0.0
GA,2050,42,149,96,0.0
GA,2050,42,150,96,0.0
GA,2050,42,151,96,0.0
GA,2050,42,152,96,0.0
GA,2050,42,153,96,0.0
GA,2050,42,154,96,0.0
GA,2050,42,155,96,0.0
GA,2050,42,156,96,0.0
GA,2050,42,157,96,0.0
GA,2050,42,158,96,0.0
GA,2050,42,159,96,0.0
GA,2050,42,160,96,0.0
GA,2050,42,161,96,0.0
GA,2050,42,162,96,0.0
GA,2050,42,163,96,0.0
GA,2050,42,164,96,0.0
GA,2050,42,165,96,0.0
GA,2050,42,166,96,0.0
GA,2050,42,167,96,0.0
GA,2050,52,0,96,0.0
GA,2050,52,1,96,0.0
GA,2050,52,2,96,0.0
GA,2050,52,3,96,0.0
GA,2050,52,4,96,0.0
GA,2050,52,5,96,0.0
GA,2050,52,6,96,0.0
GA,2050,52,7,96,0.0
GA,2050,52,8,96,0.0
GA,2050,52,9,96,0.0
GA,2050,52,10,96,0.0
GA,2050,52,11,96,0.0
GA,2050,52,12,96,0.0
GA,2050,52,13,96,0.0
GA,2050,52,14,96,0.0
GA,2050,52,15,96,0.0
GA,2050,52,16,96,0.0
GA,2050,52,17,96,0.0
GA,2050,52,18,96,0.0
GA,2050,52,19,96,0.0
GA,2050,52,20,96,0.0
GA,2050,52,21,96,0.0
GA,2050,52,22,96,0.0
GA,2050,52,23,96,0.0
GA,2050,52,24,96,0.0
GA,2050,52,25,96,0.0
GA,2050,52,26,96,0.0
GA,2050,52,27,96,0.0
GA,2050,52,28,96,0.0
GA,2050,52,29,96,0.0
GA,2050,52,30,96,0.0
GA,2050,52,31,96,0.0
GA,2050,52,32,96,0.0
GA,2050,52,33,96,0.0
GA,2050,52,34,96,0.0
GA,2050,52,35,96,0.0
GA,2050,52,36,96,0.0
GA,2050,52,37,96,0.0
GA,2050,52,38,96,0.0
GA,2050,52,39,96,0.0
GA,2050,52,40,96,0.0
GA,2050,52,41,96,0.0
GA,2050,52,42,96,0.0
GA,2050,52,43,96,0.0
GA,2050,52,44,96,0.0
GA,2050,52,45,96,0.0
GA,2050,52,46,96,0.0
GA,2050,52,47,96,0.0
GA,2050,52,48,96,0.0
GA,2050,52,49,96,0.0
GA,2050,52,50,96,0.0
GA,2050,52,51,96,0.0
GA,2050,52,52,96,0.0
GA,2050,52,53,96,0.0
GA,2050,52,54,96,0.0
GA,2050,52,55,96,0.0
GA,2050,52,56,96,0.0
GA,2050,52,57,96,0.0
GA,2050,52,58,96,0.0
GA,2050,52,59,96,0.0
GA,2050,52,60,96,0.0
GA,2050,52,61,96,0.0
GA,2050,52,62,96,0.0
GA,2050,52,63,96,0.0
GA,2050,52,64,96,0.0
GA,2050,52,65,96,0.0
GA,2050,52,66,96,0.0
GA,2050,52,67,96,0.0
GA,2050,52,68,96,0.0
GA,2050,52,69,96,0.0
GA,2050,52,70,96,0.0
GA,2050,52,71,96,0.0
GA,2050,52,72,96,0.0
GA,2050,52,73,96,0.0
GA,2050,52,74,96,0.0
GA,2050,52,75,96,0.0
GA,2050,52,76,96,0.0
GA,2050,52,77,96,0.0
GA,2050,52,78,96,0.0
GA,2050,52,79,96,0.0
GA,2050,52,80,96,0.0
GA,2050,52,81,96,0.0
GA,2050,52,82,96,0.0
GA,2050,52,83,96,0.0
GA,2050,52,84,96,0.0
GA,2050,52,85,96,0.0
GA,2050,52,86,96,0.0
GA,2050,52,87,96,0.0
GA,2050,52,88,96,0.0
GA,2050,52,89,96,0.0
GA,2050,52,90,96,0.0
GA,2050,52,91,96,0.0
GA,2050,52,92,96,0.0
GA,2050,52,93,96,0.0
GA,2050,52,94,96,0.0
GA,2050,52,95,96,0.0
GA,2050,52,96,96,0.0
GA,2050,52,97,96,0.0
GA,2050,52,98,96,0.0
GA,2050,52,99,96,0.0
GA,2050,52,100,96,0.0
GA,2050,52,101,96,0.0
GA,2050,52,102,96,0.0
GA,2050,52,103,96,0.0
GA,2050,52,104,96,0.0
GA,2050,52,105,96,0.0
GA,2050,52,106,96,0.0
GA,2050,52,107,96,0.0
GA,2050,52,108,96,0.0
GA,2050,52,109,96,0.0
GA,2050,52,110,96,0.0
GA,2050,52,111,96,0.0
GA,2050,52,112,96,0.0
GA,2050,52,113,96,0.0
GA,2050,52,114,96,0.0
GA,2050,52,115,96,0.0
GA,2050,52,116,96,0.0
GA,2050,52,117,96,0.0
GA,2050,52,118,96,0.0
GA,2050,52,119,96,0.0
GA,2050,52,120,96,0.0
GA,2050,52,121,96,0.0
GA,2050,52,122,96,0.0
GA,2050,52,123,96,0.0
GA,2050,52,124,96,0.0
GA,2050,52,125,96,0.0
GA,2050,52,126,96,0.0
GA,2050,52,127,96,0.0
GA,2050,52,128,96,0.0
GA,2050,52,129,96,0.0
GA,2050,52,130,96,0.0
GA,2050,52,131,96,0.0
GA,2050,52,132,96,0.0
GA,2050,52,133,96,0.0
GA,2050,52,134,96,0.0
GA,2050,52,135,96,0.0
GA,2050,52,136,96,0.0
GA,2050,52,137,96,0.0
GA,2050,52,138,96,0.0
GA,2050,52,139,96,0.0
GA,2050,52,140,96,0.0
GA,2050,52,141,96,0.0
GA,2050,52,142,96,0.0
GA,2050,52,143,96,0.0
GA,2050,52,144,96,0.0
GA,2050,52,145,96,0.0
GA,2050,52,146,96,0.0
GA,2050,52,147,96,0.0
GA,2050,52,148,96,0.0
GA,2050,52,149,96,0.0
GA,2050,52,150,96,0.0
GA,2050,52,151,96,0.0
GA,2050,52,152,96,0.0
GA,2050,52,153,96,0.0
GA,2050,52,154,96,0.0
GA,2050,52,155,96,0.0
GA,2050,52,156,96,0.0
GA,2050,52,157,96,0.0
GA,2050,52,158,96,0.0
GA,2050,52,159,96,0.0
GA,2050,52,160,96,0.0
GA,2050,52,161,96,0.0
GA,2050,52,162,96,0.0
GA,2050,52,163,96,0.0
GA,2050,52,164,96,0.0
GA,2050,52,165,96,0.0
GA,2050,52,166,96,0.0
GA,2050,52,167,96,0.0
DE,2050,11,0,96,0.0
DE,2050,11,1,96,0.0
DE,2050,11,2,96,0.0
DE,2050,11,3,96,0.0
DE,2050,11,4,96,0.0
DE,2050,11,5,96,0.0
DE,2050,11,6,96,0.0
DE,2050,11,7,96,0.0
DE,2050,11,8,96,0.0
DE,2050,11,9,96,0.0
DE,2050,11,10,96,0.0
DE,2050,11,11,96,0.0
DE,2050,11,12,96,0.0
DE,2050,11,13,96,0.0
DE,2050,11,14,96,0.0
DE,2050,11,15,96,0.0
DE,2050,11,16,96,0.0
DE,2050,11,17,96,0.0
DE,2050,11,18,96,0.0
DE,2050,11,19,96,0.0
DE,2050,11,20,96,0.0
DE,2050,11,21,96,0.0
DE,2050,11,22,96,0.0
DE,2050,11,23,96,0.0
DE,2050,11,24,96,0.0
DE,2050,11,25,96,0.0
DE,2050,11,26,96,0.0
DE,2050,11,27,96,0.0
DE,2050,11,28,96,0.0
DE,2050,11,29,96,0.0
DE,2050,11,30,96,0.0
DE,2050,11,31,96,0.0
DE,2050,11,32,96,0.0
DE,2050,11,33,96,0.0
DE,2050,11,34,96,0.0
DE,2050,11,35,96,0.0
DE,2050,11,36,96,0.0
DE,2050,11,37,96,0.0
DE,2050,11,38,96,0.0
DE,2050,11,39,96,0.0
DE,2050,11,40,96,0.0
DE,2050,11,41,96,0.0
DE,2050,11,42,96,0.0
DE,2050,11,43,96,0.0
DE,2050,11,44,96,0.0
DE,2050,11,45,96,0.0
DE,2050,11,46,96,0.0
DE,2050,11,47,96,0.0
DE,2050,11,48,96,0.0
DE,2050,11,49,96,0.0
DE,2050,11,50,96,0.0
DE,2050,11,51,96,0.0
DE,2050,11,52,96,0.0
DE,2050,11,53,96,0.0
DE,2050,11,54,96,0.0
DE,2050,11,55,96,0.0
DE,2050,11,56,96,0.0
DE,2050,11,57,96,0.0
DE,2050,11,58,96,0.0
DE,2050,11,59,96,0.0
DE,2050,11,60,96,0.0
DE,2050,11,61,96,0.0
DE,2050,11,62,96,0.0
DE,2050,11,63,96,0.0
DE,2050,11,64,96,0.0
DE,2050,11,65,96,0.0
DE,2050,11,66,96,0.0
DE,2050,11,67,96,0.0
DE,2050,11,68,96,0.0
DE,2050,11,69,96,0.0
DE,2050,11,70,96,0.0
DE,2050,11,71,96,0.0
DE,2050,11,72,96,0.0
DE,2050,11,73,96,0.0
DE,2050,11,74,96,0.0
DE,2050,11,75,96,0.0
DE,2050,11,76,96,0.0
DE,2050,11,77,96,0.0
DE,2050,11,78,96,0.0
DE,2050,11,79,96,0.0
DE,2050,11,80,96,0.0
DE,2050,11,81,96,0.0
DE,2050,11,82,96,0.0
DE,2050,11,83,96,0.0
DE,2050,11,84,96,0.0
DE,2050,11,85,96,0.0
DE,2050,11,86,96,0.0
DE,2050,11,87,96,0.0
DE,2050,11,88,96,0.0
DE,2050,11,89,96,0.0
DE,2050,11,90,96,0.0
DE,2050,11,91,96,0.0
DE,2050,11,92,96,0.0
DE,2050,11,93,96,0.0
DE,2050,11,94,96,0.0
DE,2050,11,95,96,0.0
DE,2050,11,96,96,0.0
DE,2050,11,97,96,0.0
DE,2050,11,98,96,0.0
DE,2050,11,99,96,0.0
DE,2050,11,100,96,0.0
DE,2050,11,101,96,0.0
DE,2050,11,102,96,0.0
DE,2050,11,103,96,0.0
DE,2050,11,104,96,0.0
DE,2050,11,105,96,0.0
DE,2050,11,106,96,0.0
DE,2050,11,107,96,0.0
DE,2050,11,108,96,0.0
DE,2050,11,109,96,0.0
DE,2050,11,110,96,0.0
DE,2050,11,111,96,0.0
DE,2050,11,112,96,0.0
DE,2050,11,113,96,0.0
DE,2050,11,114,96,0.0
DE,2050,11,115,96,0.0
DE,2050,11,116,96,0.0
DE,2050,11,117,96,0.0
DE,2050,11,118,96,0.0
DE,2050,11,119,96,0.0
DE,2050,11,120,96,0.0
DE,2050,11,121,96,0.0
DE,2050,11,122,96,0.0
DE,2050,11,123,96,0.0
DE,2050,11,124,96,0.0
DE,2050,11,125,96,0.0
DE,2050,11,126,96,0.0
DE,2050,11,127,96,0.0
DE,2050,11,128,96,0.0
DE,2050,11,129,96,0.0
DE,2050,11,130,96,0.0
DE,2050,11,131,96,0.0
DE,2050,11,132,96,0.0
DE,2050,11,133,96,0.0
DE,2050,11,134,96,0.0
DE,2050,11,135,96,0.0
DE,2050,11,136,96,0.0
DE,2050,11,137,96,0.0
DE,2050,11,138,96,0.0
DE,2050,11,139,96,0.0
DE,2050,11,140,96,0.0
DE,2050,11,141,96,0.0
DE,2050,11,142,96,0.0
DE,2050,11,143,96,0.0
DE,2050,11,144,96,0.0
DE,2050,11,145,96,0.0
DE,2050,11,146,96,0.0
DE,2050,11,147,96,0.0
DE,2050,11,148,96,0.0
DE,2050,11,149,96,0.0
DE,2050,11,150,96,0.0
DE,2050,11,151,96,0.0
DE,2050,11,152,96,0.0
DE,2050,11,153,96,0.0
DE,2050,11,154,96,0.0
DE,2050,11,155,96,0.0
DE,2050,11,156,96,0.0
DE,2050,11,157,96,0.0
DE,2050,11,158,96,0.0
DE,2050,11,159,96,0.0
DE,2050,11,160,96,0.0
DE,2050,11,161,96,0.0
DE,2050,11,162,96,0.0
DE,2050,11,163,96,0.0
DE,2050,11,164,96,0.0
DE,2050,11,165,96,0.0
DE,2050,11,166,96,0.0
DE,2050,11,167,96,0.0
DE,2050,21,0,96,0.0
DE,2050,21,1,96,0.0
DE,2050,21,2,96,0.0
DE,2050,21,3,96,0.0
DE,2050,21,4,96,0.0
DE,2050,21,5,96,0.0
DE,2050,21,6,96,0.0
DE,2050,21,7,96,0.0
DE,2050,21,8,96,0.0
DE,2050,21,9,96,0.0
DE,2050,21,10,96,0.0
DE,2050,21,11,96,0.0
DE,2050,21,12,96,0.0
DE,2050,21,13,96,0.0
DE,2050,21,14,96,0.0
DE,2050,21,15,96,0.0
DE,2050,21,16,96,0.0
DE,2050,21,17,96,0.0
DE,2050,21,18,96,0.0
DE,2050,21,19,96,0.0
DE,2050,21,20,96,0.0
DE,2050,21,21,96,0.0
DE,2050,21,22,96,0.0
DE,2050,21,23,96,0.0
DE,2050,21,24,96,0.0
DE,2050,21,25,96,0.0
DE,2050,21,26,96,0.0
DE,2050,21,27,96,0.0
DE,2050,21,28,96,0.0
DE,2050,21,29,96,0.0
DE,2050,21,30,96,0.0
DE,2050,21,31,96,0.0
DE,2050,21,32,96,0.0
DE,2050,21,33,96,0.0
DE,2050,21,34,96,0.0
DE,2050,21,35,96,0.0
DE,2050,21,36,96,0.0
DE,2050,21,37,96,0.0
DE,2050,21,38,96,0.0
DE,2050,21,39,96,0.0
DE,2050,21,40,96,0.0
DE,2050,21,41,96,0.0
DE,2050,21,42,96,0.0
DE,2050,21,43,96,0.0
DE,2050,21,44,96,0.0
DE,2050,21,45,96,0.0
DE,2050,21,46,96,0.0
DE,2050,21,47,96,0.0
DE,2050,21,48,96,0.0
DE,2050,21,49,96,0.0
DE,2050,21,50,96,0.0
DE,2050,21,51,96,0.0
DE,2050,21,52,96,0.0
DE,2050,21,53,96,0.0
DE,2050,21,54,96,0.0
DE,2050,21,55,96,0.0
DE,2050,21,56,96,0.0
DE,2050,21,57,96,0.0
DE,2050,21,58,96,0.0
DE,2050,21,59,96,0.0
DE,2050,21,60,96,0.0
DE,2050,21,61,96,0.0
DE,2050,21,62,96,0.0
DE,2050,21,63,96,0.0
DE,2050,21,64,96,0.0
DE,2050,21,65,96,0.0
DE,2050,21,66,96,0.0
DE,2050,21,67,96,0.0
DE,2050,21,68,96,0.0
DE,2050,21,69,96,0.0
DE,2050,21,70,96,0.0
DE,2050,21,71,96,0.0
DE,2050,21,72,96,0.0
DE,2050,21,73,96,0.0
DE,2050,21,74,96,0.0
DE,2050,21,75,96,0.0
DE,2050,21,76,96,0.0
DE,2050,21,77,96,0.0
DE,2050,21,78,96,0.0
DE,2050,21,79,96,0.0
DE,2050,21,80,96,0.0
DE,2050,21,81,96,0.0
DE,2050,21,82,96,0.0
DE,2050,21,83,96,0.0
DE,2050,21,84,96,0.0
DE,2050,21,85,96,0.0
DE,2050,21,86,96,0.0
DE,2050,21,87,96,0.0
DE,2050,21,88,96,0.0
DE,2050,21,89,96,0.0
DE,2050,21,90,96,0.0
DE,2050,21,91,96,0.0
DE,2050,21,92,96,0.0
DE,2050,21,93,96,0.0
DE,2050,21,94,96,0.0
DE,2050,21,95,96,0.0
DE,2050,21,96,96,0.0
DE,2050,21,97,96,0.0
DE,2050,21,98,96,0.0
DE,2050,21,99,96,0.0
DE,2050,21,100,96,0.0
DE,2050,21,101,96,0.0
DE,2050,21,102,96,0.0
DE,2050,21,103,96,0.0
DE,2050,21,104,96,0.0
DE,2050,21,105,96,0.0
DE,2050,21,106,96,0.0
DE,2050,21,107,96,0.0
DE,2050,21,108,96,0.0
DE,2050,21,109,96,0.0
DE,2050,21,110,96,0.0
DE,2050,21,111,96,0.0
DE,2050,21,112,96,0.0
DE,2050,21,113,96,0.0
DE,2050,21,114,96,0.0
DE,2050,21,115,96,0.0
DE,2050,21,116,96,0.0
DE,2050,21,117,96,0.0
DE,2050,21,118,96,0.0
DE,2050,21,119,96,0.0
DE,2050,21,120,96,0.0
DE,2050,21,121,96,0.0
DE,2050,21,122,96,0.0
DE,2050,21,123,96,0.0
DE,2050,21,124,96,0.0
DE,2050,21,125,96,0.0
DE,2050,21,126,96,0.0
DE,2050,21,127,96,0.0
DE,2050,21,128,96,0.0
DE,2050,21,129,96,0.0
DE,2050,21,130,96,0.0
DE,2050,21,131,96,0.0
DE,2050,21,132,96,0.0
DE,2050,21,133,96,0.0
DE,2050,21,134,96,0.0
DE,2050,21,135,96,0.0
DE,2050,21,136,96,0.0
DE,2050,21,137,96,0.0
DE,2050,21,138,96,0.0
DE,2050,21,139,96,0.0
DE,2050,21,140,96,0.0
DE,2050,21,141,96,0.0
DE,2050,21,142,96,0.0
DE,2050,21,143,96,0.0
DE,2050,21,144,96,0.0
DE,2050,21,145,96,0.0
DE,2050,21,146,96,0.0
DE,2050,21,147,96,0.0
DE,2050,21,148,96,0.0
DE,2050,21,149,96,0.0
DE,2050,21,150,96,0.0
DE,2050,21,151,96,0.0
DE,2050,21,152,96,0.0
DE,2050,21,153,96,0.0
DE,2050,21,154,96,0.0
DE,2050,21,155,96,0.0
DE,2050,21,156,96,0.0
DE,2050,21,157,96,0.0
DE,2050,21,158,96,0.0
DE,2050,21,159,96,0.0
DE,2050,21,160,96,0.0
DE,2050,21,161,96,0.0
DE,2050,21,162,96,0.0
DE,2050,21,163,96,0.0
DE,2050,21,164,96,0.0
DE,2050,21,165,96,0.0
DE,2050,21,166,96,0.0
DE,2050,21,167,96,0.0
DE,2050,42,0,96,0.0
DE,2050,42,1,96,0.0
DE,2050,42,2,96,0.0
DE,2050,42,3,96,0.0
DE,2050,42,4,96,0.0
DE,2050,42,5,96,0.0
DE,2050,42,6,96,0.0
DE,2050,42,7,96,0.0
DE,2050,42,8,96,0.0
DE,2050,42,9,96,0.0
DE,2050,42,10,96,0.0
DE,2050,42,11,96,0.0
DE,2050,42,12,96,0.0
DE,2050,42,13,96,0.0
DE,2050,42,14,96,0.0
DE,2050,42,15,96,0.0
DE,2050,42,16,96,0.0
DE,2050,42,17,96,0.0
DE,2050,42,18,96,0.0
DE,2050,42,19,96,0.0
DE,2050,42,20,96,0.0
DE,2050,42,21,96,0.0
DE,2050,42,22,96,0.0
DE,2050,42,23,96,0.0
DE,2050,42,24,96,0.0
DE,2050,42,25,96,0.0
DE,2050,42,26,96,0.0
DE,2050,42,27,96,0.0
DE,2050,42,28,96,0.0
DE,2050,42,29,96,0.0
DE,2050,42,30,96,0.0
DE,2050,42,31,96,0.0
DE,2050,42,32,96,0.0
DE,2050,42,33,96,0.0
DE,2050,42,34,96,0.0
DE,2050,42,35,96,0.0
DE,2050,42,36,96,0.0
DE,2050,42,37,96,0.0
DE,2050,42,38,96,0.0
DE,2050,42,39,96,0.0
DE,2050,42,40,96,0.0
DE,2050,42,41,96,0.0
DE,2050,42,42,96,0.0
DE,2050,42,43,96,0.0
DE,2050,42,44,96,0.0
DE,2050,42,45,96,0.0
DE,2050,42,46,96,0.0
DE,2050,42,47,96,0.0
DE,2050,42,48,96,0.0
DE,2050,42,49,96,0.0
DE,2050,42,50,96,0.0
DE,2050,42,51,96,0.0
DE,2050,42,52,96,0.0
DE,2050,42,53,96,0.0
DE,2050,42,54,96,0.0
DE,2050,42,55,96,0.0
DE,2050,42,56,96,0.0
DE,2050,42,57,96,0.0
DE,2050,42,58,96,0.0
DE,2050,42,59,96,0.0
DE,2050,42,60,96,0.0
DE,2050,42,61,96,0.0
DE,2050,42,62,96,0.0
DE,2050,42,63,96,0.0
DE,2050,42,64,96,0.0
DE,2050,42,65,96,0.0
DE,2050,42,66,96,0.0
DE,2050,42,67,96,0.0
DE,2050,42,68,96,0.0
DE,2050,42,69,96,0.0
DE,2050,42,70,96,0.0
DE,2050,42,71,96,0.0
DE,2050,42,72,96,0.0
DE,2050,42,73,96,0.0
DE,2050,42,74,96,0.0
DE,2050,42,75,96,0.0
DE,2050,42,76,96,0.0
DE,2050,42,77,96,0.0
DE,2050,42,78,96,0.0
DE,2050,42,79,96,0.0
DE,2050,42,80,96,0.0
DE,2050,42,81,96,0.0
DE,2050,42,82,96,0.0
DE,2050,42,83,96,0.0
DE,2050,42,84,96,0.0
DE,2050,42,85,96,0.0
DE,2050,42,86,96,0.0
DE,2050,42,87,96,0.0
DE,2050,42,88,96,0.0
DE,2050,42,89,96,0.0
DE,2050,42,90,96,0.0
DE,2050,42,91,96,0.0
DE,2050,42,92,96,0.0
DE,2050,42,93,96,0.0
DE,2050,42,94,96,0.0
DE,2050,42,95,96,0.0
DE,2050,42,96,96,0.0
DE,2050,42,97,96,0.0
DE,2050,42,98,96,0.0
DE,2050,42,99,96,0.0
DE,2050,42,100,96,0.0
DE,2050,42,101,96,0.0
DE,2050,42,102,96,0.0
DE,2050,42,103,96,0.0
DE,2050,42,104,96,0.0
DE,2050,42,105,96,0.0
DE,2050,42,106,96,0.0
DE,2050,42,107,96,0.0
DE,2050,42,108,96,0.0
DE,2050,42,109,96,0.0
DE,2050,42,110,96,0.0
DE,2050,42,111,96,0.0
DE,2050,42,112,96,0.0
DE,2050,42,113,96,0.0
DE,2050,42,114,96,0.0
DE,2050,42,115,96,0.0
DE,2050,42,116,96,0.0
DE,2050,42,117,96,0.0
DE,2050,42,118,96,0.0
DE,2050,42,119,96,0.0
DE,2050,42,120,96,0.0
DE,2050,42,121,96,0.0
DE,2050,42,122,96,0.0
DE,2050,42,123,96,0.0
DE,2050,42,124,96,0.0
DE,2050,42,125,96,0.0
DE,2050,42,126,96,0.0
DE,2050,42,127,96,0.0
DE,2050,42,128,96,0.0
DE,2050,42,129,96,0.0
DE,2050,42,130,96,0.0
DE,2050,42,131,96,0.0
DE,2050,42,132,96,0.0
DE,2050,42,133,96,0.0
DE,2050,42,134,96,0.0
DE,2050,42,135,96,0.0
DE,2050,42,136,96,0.0
DE,2050,42,137,96,0.0
DE,2050,42,138,96,0.0
DE,2050,42,139,96,0.0
DE,2050,42,140,96,0.0
DE,2050,42,141,96,0.0
DE,2050,42,142,96,0.0
DE,2050,42,143,96,0.0
DE,2050,42,144,96,0.0
DE,2050,42,145,96,0.0
DE,2050,42,146,96,0.0
DE,2050,42,147,96,0.0
DE,2050,42,148,96,0.0
DE,2050,42,149,96,0.0
DE,2050,42,150,96,0.0
DE,2050,42,151,96,0.0
DE,2050,42,152,96,0.0
DE,2050,42,153,96,0.0
DE,2050,42,154,96,0.0
DE,2050,42,155,96,0.0
DE,2050,42,156,96,0.0
DE,2050,42,157,96,0.0
DE,2050,42,158,96,0.0
DE,2050,42,159,96,0.0
DE,2050,42,160,96,0.0
DE,2050,42,161,96,0.0
DE,2050,42,162,96,0.0
DE,2050,42,163,96,0.0
DE,2050,42,164,96,0.0
DE,2050,42,165,96,0.0
DE,2050,42,166,96,0.0
DE,2050,42,167,96,0.0
DE,2050,52,0,96,0.0
DE,2050,52,1,96,0.0
DE,2050,52,2,96,0.0
DE,2050,52,3,96,0.0
DE,2050,52,4,96,0.0
DE,2050,52,5,96,0.0
DE,2050,52,6,96,0.0
DE,2050,52,7,96,0.0
DE,2050,52,8,96,0.0
DE,2050,52,9,96,0.0
DE,2050,52,10,96,0.0
DE,2050,52,11,96,0.0
DE,2050,52,12,96,0.0
DE,2050,52,13,96,0.0
DE,2050,52,14,96,0.0
DE,2050,52,15,96,0.0
DE,2050,52,16,96,0.0
DE,2050,52,17,96,0.0
DE,2050,52,18,96,0.0
DE,2050,52,19,96,0.0
DE,2050,52,20,96,0.0
DE,2050,52,21,96,0.0
DE,2050,52,22,96,0.0
DE,2050,52,23,96,0.0
DE,2050,52,24,96,0.0
DE,2050,52,25,96,0.0
DE,2050,52,26,96,0.0
DE,2050,52,27,96,0.0
DE,2050,52,28,96,0.0
DE,2050,52,29,96,0.0
DE,2050,52,30,96,0.0
DE,2050,52,31,96,0.0
DE,2050,52,32,96,0.0
DE,2050,52,33,96,0.0
DE,2050,52,34,96,0.0
DE,2050,52,35,96,0.0
DE,2050,52,36,96,0.0
DE,2050,52,37,96,0.0
DE,2050,52,38,96,0.0
DE,2050,52,39,96,0.0
DE,2050,52,40,96,0.0
DE,2050,52,41,96,0.0
DE,2050,52,42,96,0.0
DE,2050,52,43,96,0.0
DE,2050,52,44,96,0.0
DE,2050,52,45,96,0.0
DE,2050,52,46,96,0.0
DE,2050,52,47,96,0.0
DE,2050,52,48,96,0.0
DE,2050,52,49,96,0.0
DE,2050,52,50,96,0.0
DE,2050,52,51,96,0.0
DE,2050,52,52,96,0.0
DE,2050,52,53,96,0.0
DE,2050,52,54,96,0.0
DE,2050,52,55,96,0.0
DE,2050,52,56,96,0.0
DE,2050,52,57,96,0.0
DE,2050,52,58,96,0.0
DE,2050,52,59,96,0.0
DE,2050,52,60,96,0.0
DE,2050,52,61,96,0.0
DE,2050,52,62,96,0.0
DE,2050,52,63,96,0.0
DE,2050,52,64,96,0.0
DE,2050,52,65,96,0.0
DE,2050,52,66,96,0.0
DE,2050,52,67,96,0.0
DE,2050,52,68,96,0.0
DE,2050,52,69,96,0.0
DE,2050,52,70,96,0.0
DE,2050,52,71,96,0.0
DE,2050,52,72,96,0.0
DE,2050,52,73,96,0.0
DE,2050,52,74,96,0.0
DE,2050,52,75,96,0.0
DE,2050,52,76,96,0.0
DE,2050,52,77,96,0.0
DE,2050,52,78,96,0.0
DE,2050,52,79,96,0.0
DE,2050,52,80,96,0.0
DE,2050,52,81,96,0.0
DE,2050,52,82,96,0.0
DE,2050,52,83,96,0.0
DE,2050,52,84,96,0.0
DE,2050,52,85,96,0.0
DE,2050,52,86,96,0.0
DE,2050,52,87,96,0.0
DE,2050,52,88,96,0.0
DE,2050,52,89,96,0.0
DE,2050,52,90,96,0.0
DE,2050,52,91,96,0.0
DE,2050,52,92,96,0.0
DE,2050,52,93,96,0.0
DE,2050,52,94,96,0.0
DE,2050,52,95,96,0.0
DE,2050,52,96,96,0.0
DE,2050,52,97,96,0.0
DE,2050,52,98,96,0.0
DE,2050,52,99,96,0.0
DE,2050,52,100,96,0.0
DE,2050,52,101,96,0.0
DE,2050,52,102,96,0.0
DE,2050,52,103,96,0.0
DE,2050,52,104,96,0.0
DE,2050,52,105,96,0.0
DE,2050,52,106,96,0.0
DE,2050,52,107,96,0.0
DE,2050,52,108,96,0.0
DE,2050,52,109,96,0.0
DE,2050,52,110,96,0.0
DE,2050,52,111,96,0.0
DE,2050,52,112,96,0.0
DE,2050,52,113,96,0.0
DE,2050,52,114,96,0.0
DE,2050,52,115,96,0.0
DE,2050,52,116,96,0.0
DE,2050,52,117,96,0.0
DE,2050,52,118,96,0.0
DE,2050,52,119,96,0.0
DE,2050,52,120,96,0.0
DE,2050,52,121,96,0.0
DE,2050,52,122,96,0.0
DE,2050,52,123,96,0.0
DE,2050,52,124,96,0.0
DE,2050,52,125,96,0.0
DE,2050,52,126,96,0.0
DE,2050,52,127,96,0.0
DE,2050,52,128,96,0.0
DE,2050,52,129,96,0.0
DE,2050,52,130,96,0.0
DE,2050,52,131,96,0.0
DE,2050,52,132,96,0.0
DE,2050,52,133,96,0.0
DE,2050,52,134,96,0.0
DE,2050,52,135,96,0.0
DE,2050,52,136,96,0.0
DE,2050,52,137,96,0.0
DE,2050,52,138,96,0.0
DE,2050,52,139,96,0.0
DE,2050,52,140,96,0.0
DE,2050,52,141,96,0.0
DE,2050,52,142,96,0.0
DE,2050,52,143,96,0.0
DE,2050,52,144,96,0.0
DE,2050,52,145,96,0.0
DE,2050,52,146,96,0.0
DE,2050,52,147,96,0.0
DE,2050,52,148,96,0.0
DE,2050,52,149,96,0.0
DE,2050,52,150,96,0.0
DE,2050,52,151,96,0.0
DE,2050,52,152,96,0.0
DE,2050,52,153,96,0.0
DE,2050,52,154,96,0.0
DE,2050,52,155,96,0.0
DE,2050,52,156,96,0.0
DE,2050,52,157,96,0.0
DE,2050,52,158,96,0.0
DE,2050,52,159,96,0.0
DE,2050,52,160,96,0.0
DE,2050,52,161,96,0.0
DE,2050,52,162,96,0.0
DE,2050,52,163,96,0.0
DE,2050,52,164,96,0.0
DE,2050,52,165,96,0.0
DE,2050,52,166,96,0.0
DE,2050,52,167,96,0.0
NT,2025,11,0,97,0.0
NT,2025,11,1,97,0.0
NT,2025,11,2,97,0.0
NT,2025,11,3,97,0.0
NT,2025,11,4,97,0.0
NT,2025,11,5,97,0.0
NT,2025,11,6,97,0.0
NT,2025,11,7,97,0.0
NT,2025,11,8,97,0.0
NT,2025,11,9,97,0.0
NT,2025,11,10,97,0.0
NT,2025,11,11,97,0.0
NT,2025,11,12,97,0.0
NT,2025,11,13,97,0.0
NT,2025,11,14,97,0.0
NT,2025,11,15,97,0.0
NT,2025,11,16,97,0.0
NT,2025,11,17,97,0.0
NT,2025,11,18,97,0.0
NT,2025,11,19,97,0.0
NT,2025,11,20,97,0.0
NT,2025,11,21,97,0.0
NT,2025,11,22,97,0.0
NT,2025,11,23,97,0.0
NT,2025,11,24,97,0.0
NT,2025,11,25,97,0.0
NT,2025,11,26,97,0.0
NT,2025,11,27,97,0.0
NT,2025,11,28,97,0.0
NT,2025,11,29,97,0.0
NT,2025,11,30,97,0.0
NT,2025,11,31,97,0.0
NT,2025,11,32,97,0.0
NT,2025,11,33,97,0.0
NT,2025,11,34,97,0.0
NT,2025,11,35,97,0.0
NT,2025,11,36,97,0.0
NT,2025,11,37,97,0.0
NT,2025,11,38,97,0.0
NT,2025,11,39,97,0.0
NT,2025,11,40,97,0.0
NT,2025,11,41,97,0.0
NT,2025,11,42,97,0.0
NT,2025,11,43,97,0.0
NT,2025,11,44,97,0.0
NT,2025,11,45,97,0.0
NT,2025,11,46,97,0.0
NT,2025,11,47,97,0.0
NT,2025,11,48,97,0.0
NT,2025,11,49,97,0.0
NT,2025,11,50,97,0.0
NT,2025,11,51,97,0.0
NT,2025,11,52,97,0.0
NT,2025,11,53,97,0.0
NT,2025,11,54,97,0.0
NT,2025,11,55,97,0.0
NT,2025,11,56,97,0.0
NT,2025,11,57,97,0.0
NT,2025,11,58,97,0.0
NT,2025,11,59,97,0.0
NT,2025,11,60,97,0.0
NT,2025,11,61,97,0.0
NT,2025,11,62,97,0.0
NT,2025,11,63,97,0.0
NT,2025,11,64,97,0.0
NT,2025,11,65,97,0.0
NT,2025,11,66,97,0.0
NT,2025,11,67,97,0.0
NT,2025,11,68,97,0.0
NT,2025,11,69,97,0.0
NT,2025,11,70,97,0.0
NT,2025,11,71,97,0.0
NT,2025,11,72,97,0.0
NT,2025,11,73,97,0.0
NT,2025,11,74,97,0.0
NT,2025,11,75,97,0.0
NT,2025,11,76,97,0.0
NT,2025,11,77,97,0.0
NT,2025,11,78,97,0.0
NT,2025,11,79,97,0.0
NT,2025,11,80,97,0.0
NT,2025,11,81,97,0.0
NT,2025,11,82,97,0.0
NT,2025,11,83,97,0.0
NT,2025,11,84,97,0.0
NT,2025,11,85,97,0.0
NT,2025,11,86,97,0.0
NT,2025,11,87,97,0.0
NT,2025,11,88,97,0.0
NT,2025,11,89,97,0.0
NT,2025,11,90,97,0.0
NT,2025,11,91,97,0.0
NT,2025,11,92,97,0.0
NT,2025,11,93,97,0.0
NT,2025,11,94,97,0.0
NT,2025,11,95,97,0.0
NT,2025,11,96,97,0.0
NT,2025,11,97,97,0.0
NT,2025,11,98,97,0.0
NT,2025,11,99,97,0.0
NT,2025,11,100,97,0.0
NT,2025,11,101,97,0.0
NT,2025,11,102,97,0.0
NT,2025,11,103,97,0.0
NT,2025,11,104,97,0.0
NT,2025,11,105,97,0.0
NT,2025,11,106,97,0.0
NT,2025,11,107,97,0.0
NT,2025,11,108,97,0.0
NT,2025,11,109,97,0.0
NT,2025,11,110,97,0.0
NT,2025,11,111,97,0.0
NT,2025,11,112,97,0.0
NT,2025,11,113,97,0.0
NT,2025,11,114,97,0.0
NT,2025,11,115,97,0.0
NT,2025,11,116,97,0.0
NT,2025,11,117,97,0.0
NT,2025,11,118,97,0.0
NT,2025,11,119,97,0.0
NT,2025,11,120,97,0.0
NT,2025,11,121,97,0.0
NT,2025,11,122,97,0.0
NT,2025,11,123,97,0.0
NT,2025,11,124,97,0.0
NT,2025,11,125,97,0.0
NT,2025,11,126,97,0.0
NT,2025,11,127,97,0.0
NT,2025,11,128,97,0.0
NT,2025,11,129,97,0.0
NT,2025,11,130,97,0.0
NT,2025,11,131,97,0.0
NT,2025,11,132,97,0.0
NT,2025,11,133,97,0.0
NT,2025,11,134,97,0.0
NT,2025,11,135,97,0.0
NT,2025,11,136,97,0.0
NT,2025,11,137,97,0.0
NT,2025,11,138,97,0.0
NT,2025,11,139,97,0.0
NT,2025,11,140,97,0.0
NT,2025,11,141,97,0.0
NT,2025,11,142,97,0.0
NT,2025,11,143,97,0.0
NT,2025,11,144,97,0.0
NT,2025,11,145,97,0.0
NT,2025,11,146,97,0.0
NT,2025,11,147,97,0.0
NT,2025,11,148,97,0.0
NT,2025,11,149,97,0.0
NT,2025,11,150,97,0.0
NT,2025,11,151,97,0.0
NT,2025,11,152,97,0.0
NT,2025,11,153,97,0.0
NT,2025,11,154,97,0.0
NT,2025,11,155,97,0.0
NT,2025,11,156,97,0.0
NT,2025,11,157,97,0.0
NT,2025,11,158,97,0.0
NT,2025,11,159,97,0.0
NT,2025,11,160,97,0.0
NT,2025,11,161,97,0.0
NT,2025,11,162,97,0.0
NT,2025,11,163,97,0.0
NT,2025,11,164,97,0.0
NT,2025,11,165,97,0.0
NT,2025,11,166,97,0.0
NT,2025,11,167,97,0.0
NT,2025,21,0,97,0.0
NT,2025,21,1,97,0.0
NT,2025,21,2,97,0.0
NT,2025,21,3,97,0.0
NT,2025,21,4,97,0.0
NT,2025,21,5,97,0.0
NT,2025,21,6,97,0.0
NT,2025,21,7,97,0.0
NT,2025,21,8,97,0.0
NT,2025,21,9,97,0.0
NT,2025,21,10,97,0.0
NT,2025,21,11,97,0.0
NT,2025,21,12,97,0.0
NT,2025,21,13,97,0.0
NT,2025,21,14,97,0.0
NT,2025,21,15,97,0.0
NT,2025,21,16,97,0.0
NT,2025,21,17,97,0.0
NT,2025,21,18,97,0.0
NT,2025,21,19,97,0.0
NT,2025,21,20,97,0.0
NT,2025,21,21,97,0.0
NT,2025,21,22,97,0.0
NT,2025,21,23,97,0.0
NT,2025,21,24,97,0.0
NT,2025,21,25,97,0.0
NT,2025,21,26,97,0.0
NT,2025,21,27,97,0.0
NT,2025,21,28,97,0.0
NT,2025,21,29,97,0.0
NT,2025,21,30,97,0.0
NT,2025,21,31,97,0.0
NT,2025,21,32,97,0.0
NT,2025,21,33,97,0.0
NT,2025,21,34,97,0.0
NT,2025,21,35,97,0.0
NT,2025,21,36,97,0.0
NT,2025,21,37,97,0.0
NT,2025,21,38,97,0.0
NT,2025,21,39,97,0.0
NT,2025,21,40,97,0.0
NT,2025,21,41,97,0.0
NT,2025,21,42,97,0.0
NT,2025,21,43,97,0.0
NT,2025,21,44,97,0.0
NT,2025,21,45,97,0.0
NT,2025,21,46,97,0.0
NT,2025,21,47,97,0.0
NT,2025,21,48,97,0.0
NT,2025,21,49,97,0.0
NT,2025,21,50,97,0.0
NT,2025,21,51,97,0.0
NT,2025,21,52,97,0.0
NT,2025,21,53,97,0.0
NT,2025,21,54,97,0.0
NT,2025,21,55,97,0.0
NT,2025,21,56,97,0.0
NT,2025,21,57,97,0.0
NT,2025,21,58,97,0.0
NT,2025,21,59,97,0.0
NT,2025,21,60,97,0.0
NT,2025,21,61,97,0.0
NT,2025,21,62,97,0.0
NT,2025,21,63,97,0.0
NT,2025,21,64,97,0.0
NT,2025,21,65,97,0.0
NT,2025,21,66,97,0.0
NT,2025,21,67,97,0.0
NT,2025,21,68,97,0.0
NT,2025,21,69,97,0.0
NT,2025,21,70,97,0.0
NT,2025,21,71,97,0.0
NT,2025,21,72,97,0.0
NT,2025,21,73,97,0.0
NT,2025,21,74,97,0.0
NT,2025,21,75,97,0.0
NT,2025,21,76,97,0.0
NT,2025,21,77,97,0.0
NT,2025,21,78,97,0.0
NT,2025,21,79,97,0.0
NT,2025,21,80,97,0.0
NT,2025,21,81,97,0.0
NT,2025,21,82,97,0.0
NT,2025,21,83,97,0.0
NT,2025,21,84,97,0.0
NT,2025,21,85,97,0.0
NT,2025,21,86,97,0.0
NT,2025,21,87,97,0.0
NT,2025,21,88,97,0.0
NT,2025,21,89,97,0.0
NT,2025,21,90,97,0.0
NT,2025,21,91,97,0.0
NT,2025,21,92,97,0.0
NT,2025,21,93,97,0.0
NT,2025,21,94,97,0.0
NT,2025,21,95,97,0.0
NT,2025,21,96,97,0.0
NT,2025,21,97,97,0.0
NT,2025,21,98,97,0.0
NT,2025,21,99,97,0.0
NT,2025,21,100,97,0.0
NT,2025,21,101,97,0.0
NT,2025,21,102,97,0.0
NT,2025,21,103,97,0.0
NT,2025,21,104,97,0.0
NT,2025,21,105,97,0.0
NT,2025,21,106,97,0.0
NT,2025,21,107,97,0.0
NT,2025,21,108,97,0.0
NT,2025,21,109,97,0.0
NT,2025,21,110,97,0.0
NT,2025,21,111,97,0.0
NT,2025,21,112,97,0.0
NT,2025,21,113,97,0.0
NT,2025,21,114,97,0.0
NT,2025,21,115,97,0.0
NT,2025,21,116,97,0.0
NT,2025,21,117,97,0.0
NT,2025,21,118,97,0.0
NT,2025,21,119,97,0.0
NT,2025,21,120,97,0.0
NT,2025,21,121,97,0.0
NT,2025,21,122,97,0.0
NT,2025,21,123,97,0.0
NT,2025,21,124,97,0.0
NT,2025,21,125,97,0.0
NT,2025,21,126,97,0.0
NT,2025,21,127,97,0.0
NT,2025,21,128,97,0.0
NT,2025,21,129,97,0.0
NT,2025,21,130,97,0.0
NT,2025,21,131,97,0.0
NT,2025,21,132,97,0.0
NT,2025,21,133,97,0.0
NT,2025,21,134,97,0.0
NT,2025,21,135,97,0.0
NT,2025,21,136,97,0.0
NT,2025,21,137,97,0.0
NT,2025,21,138,97,0.0
NT,2025,21,139,97,0.0
NT,2025,21,140,97,0.0
NT,2025,21,141,97,0.0
NT,2025,21,142,97,0.0
NT,2025,21,143,97,0.0
NT,2025,21,144,97,0.0
NT,2025,21,145,97,0.0
NT,2025,21,146,97,0.0
NT,2025,21,147,97,0.0
NT,2025,21,148,97,0.0
NT,2025,21,149,97,0.0
NT,2025,21,150,97,0.0
NT,2025,21,151,97,0.0
NT,2025,21,152,97,0.0
NT,2025,21,153,97,0.0
NT,2025,21,154,97,0.0
NT,2025,21,155,97,0.0
NT,2025,21,156,97,0.0
NT,2025,21,157,97,0.0
NT,2025,21,158,97,0.0
NT,2025,21,159,97,0.0
NT,2025,21,160,97,0.0
NT,2025,21,161,97,0.0
NT,2025,21,162,97,0.0
NT,2025,21,163,97,0.0
NT,2025,21,164,97,0.0
NT,2025,21,165,97,0.0
NT,2025,21,166,97,0.0
NT,2025,21,167,97,0.0
NT,2025,42,0,97,0.0
NT,2025,42,1,97,0.0
NT,2025,42,2,97,0.0
NT,2025,42,3,97,0.0
NT,2025,42,4,97,0.0
NT,2025,42,5,97,0.0
NT,2025,42,6,97,0.0
NT,2025,42,7,97,0.0
NT,2025,42,8,97,0.0
NT,2025,42,9,97,0.0
NT,2025,42,10,97,0.0
NT,2025,42,11,97,0.0
NT,2025,42,12,97,0.0
NT,2025,42,13,97,0.0
NT,2025,42,14,97,0.0
NT,2025,42,15,97,0.0
NT,2025,42,16,97,0.0
NT,2025,42,17,97,0.0
NT,2025,42,18,97,0.0
NT,2025,42,19,97,0.0
NT,2025,42,20,97,0.0
NT,2025,42,21,97,0.0
NT,2025,42,22,97,0.0
NT,2025,42,23,97,0.0
NT,2025,42,24,97,0.0
NT,2025,42,25,97,0.0
NT,2025,42,26,97,0.0
NT,2025,42,27,97,0.0
NT,2025,42,28,97,0.0
NT,2025,42,29,97,0.0
NT,2025,42,30,97,0.0
NT,2025,42,31,97,0.0
NT,2025,42,32,97,0.0
NT,2025,42,33,97,0.0
NT,2025,42,34,97,0.0
NT,2025,42,35,97,0.0
NT,2025,42,36,97,0.0
NT,2025,42,37,97,0.0
NT,2025,42,38,97,0.0
NT,2025,42,39,97,0.0
NT,2025,42,40,97,0.0
NT,2025,42,41,97,0.0
NT,2025,42,42,97,0.0
NT,2025,42,43,97,0.0
NT,2025,42,44,97,0.0
NT,2025,42,45,97,0.0
NT,2025,42,46,97,0.0
NT,2025,42,47,97,0.0
NT,2025,42,48,97,0.0
NT,2025,42,49,97,0.0
NT,2025,42,50,97,0.0
NT,2025,42,51,97,0.0
NT,2025,42,52,97,0.0
NT,2025,42,53,97,0.0
NT,2025,42,54,97,0.0
NT,2025,42,55,97,0.0
NT,2025,42,56,97,0.0
NT,2025,42,57,97,0.0
NT,2025,42,58,97,0.0
NT,2025,42,59,97,0.0
NT,2025,42,60,97,0.0
NT,2025,42,61,97,0.0
NT,2025,42,62,97,0.0
NT,2025,42,63,97,0.0
NT,2025,42,64,97,0.0
NT,2025,42,65,97,0.0
NT,2025,42,66,97,0.0
NT,2025,42,67,97,0.0
NT,2025,42,68,97,0.0
NT,2025,42,69,97,0.0
NT,2025,42,70,97,0.0
NT,2025,42,71,97,0.0
NT,2025,42,72,97,0.0
NT,2025,42,73,97,0.0
NT,2025,42,74,97,0.0
NT,2025,42,75,97,0.0
NT,2025,42,76,97,0.0
NT,2025,42,77,97,0.0
NT,2025,42,78,97,0.0
NT,2025,42,79,97,0.0
NT,2025,42,80,97,0.0
NT,2025,42,81,97,0.0
NT,2025,42,82,97,0.0
NT,2025,42,83,97,0.0
NT,2025,42,84,97,0.0
NT,2025,42,85,97,0.0
NT,2025,42,86,97,0.0
NT,2025,42,87,97,0.0
NT,2025,42,88,97,0.0
NT,2025,42,89,97,0.0
NT,2025,42,90,97,0.0
NT,2025,42,91,97,0.0
NT,2025,42,92,97,0.0
NT,2025,42,93,97,0.0
NT,2025,42,94,97,0.0
NT,2025,42,95,97,0.0
NT,2025,42,96,97,0.0
NT,2025,42,97,97,0.0
NT,2025,42,98,97,0.0
NT,2025,42,99,97,0.0
NT,2025,42,100,97,0.0
NT,2025,42,101,97,0.0
NT,2025,42,102,97,0.0
NT,2025,42,103,97,0.0
NT,2025,42,104,97,0.0
NT,2025,42,105,97,0.0
NT,2025,42,106,97,0.0
NT,2025,42,107,97,0.0
NT,2025,42,108,97,0.0
NT,2025,42,109,97,0.0
NT,2025,42,110,97,0.0
NT,2025,42,111,97,0.0
NT,2025,42,112,97,0.0
NT,2025,42,113,97,0.0
NT,2025,42,114,97,0.0
NT,2025,42,115,97,0.0
NT,2025,42,116,97,0.0
NT,2025,42,117,97,0.0
NT,2025,42,118,97,0.0
NT,2025,42,119,97,0.0
NT,2025,42,120,97,0.0
NT,2025,42,121,97,0.0
NT,2025,42,122,97,0.0
NT,2025,42,123,97,0.0
NT,2025,42,124,97,0.0
NT,2025,42,125,97,0.0
NT,2025,42,126,97,0.0
NT,2025,42,127,97,0.0
NT,2025,42,128,97,0.0
NT,2025,42,129,97,0.0
NT,2025,42,130,97,0.0
NT,2025,42,131,97,0.0
NT,2025,42,132,97,0.0
NT,2025,42,133,97,0.0
NT,2025,42,134,97,0.0
NT,2025,42,135,97,0.0
NT,2025,42,136,97,0.0
NT,2025,42,137,97,0.0
NT,2025,42,138,97,0.0
NT,2025,42,139,97,0.0
NT,2025,42,140,97,0.0
NT,2025,42,141,97,0.0
NT,2025,42,142,97,0.0
NT,2025,42,143,97,0.0
NT,2025,42,144,97,0.0
NT,2025,42,145,97,0.0
NT,2025,42,146,97,0.0
NT,2025,42,147,97,0.0
NT,2025,42,148,97,0.0
NT,2025,42,149,97,0.0
NT,2025,42,150,97,0.0
NT,2025,42,151,97,0.0
NT,2025,42,152,97,0.0
NT,2025,42,153,97,0.0
NT,2025,42,154,97,0.0
NT,2025,42,155,97,0.0
NT,2025,42,156,97,0.0
NT,2025,42,157,97,0.0
NT,2025,42,158,97,0.0
NT,2025,42,159,97,0.0
NT,2025,42,160,97,0.0
NT,2025,42,161,97,0.0
NT,2025,42,162,97,0.0
NT,2025,42,163,97,0.0
NT,2025,42,164,97,0.0
NT,2025,42,165,97,0.0
NT,2025,42,166,97,0.0
NT,2025,42,167,97,0.0
NT,2025,52,0,97,0.0
NT,2025,52,1,97,0.0
NT,2025,52,2,97,0.0
NT,2025,52,3,97,0.0
NT,2025,52,4,97,0.0
NT,2025,52,5,97,0.0
NT,2025,52,6,97,0.0
NT,2025,52,7,97,0.0
NT,2025,52,8,97,0.0
NT,2025,52,9,97,0.0
NT,2025,52,10,97,0.0
NT,2025,52,11,97,0.0
NT,2025,52,12,97,0.0
NT,2025,52,13,97,0.0
NT,2025,52,14,97,0.0
NT,2025,52,15,97,0.0
NT,2025,52,16,97,0.0
NT,2025,52,17,97,0.0
NT,2025,52,18,97,0.0
NT,2025,52,19,97,0.0
NT,2025,52,20,97,0.0
NT,2025,52,21,97,0.0
NT,2025,52,22,97,0.0
NT,2025,52,23,97,0.0
NT,2025,52,24,97,0.0
NT,2025,52,25,97,0.0
NT,2025,52,26,97,0.0
NT,2025,52,27,97,0.0
NT,2025,52,28,97,0.0
NT,2025,52,29,97,0.0
NT,2025,52,30,97,0.0
NT,2025,52,31,97,0.0
NT,2025,52,32,97,0.0
NT,2025,52,33,97,0.0
NT,2025,52,34,97,0.0
NT,2025,52,35,97,0.0
NT,2025,52,36,97,0.0
NT,2025,52,37,97,0.0
NT,2025,52,38,97,0.0
NT,2025,52,39,97,0.0
NT,2025,52,40,97,0.0
NT,2025,52,41,97,0.0
NT,2025,52,42,97,0.0
NT,2025,52,43,97,0.0
NT,2025,52,44,97,0.0
NT,2025,52,45,97,0.0
NT,2025,52,46,97,0.0
NT,2025,52,47,97,0.0
NT,2025,52,48,97,0.0
NT,2025,52,49,97,0.0
NT,2025,52,50,97,0.0
NT,2025,52,51,97,0.0
NT,2025,52,52,97,0.0
NT,2025,52,53,97,0.0
NT,2025,52,54,97,0.0
NT,2025,52,55,97,0.0
NT,2025,52,56,97,0.0
NT,2025,52,57,97,0.0
NT,2025,52,58,97,0.0
NT,2025,52,59,97,0.0
NT,2025,52,60,97,0.0
NT,2025,52,61,97,0.0
NT,2025,52,62,97,0.0
NT,2025,52,63,97,0.0
NT,2025,52,64,97,0.0
NT,2025,52,65,97,0.0
NT,2025,52,66,97,0.0
NT,2025,52,67,97,0.0
NT,2025,52,68,97,0.0
NT,2025,52,69,97,0.0
NT,2025,52,70,97,0.0
NT,2025,52,71,97,0.0
NT,2025,52,72,97,0.0
NT,2025,52,73,97,0.0
NT,2025,52,74,97,0.0
NT,2025,52,75,97,0.0
NT,2025,52,76,97,0.0
NT,2025,52,77,97,0.0
NT,2025,52,78,97,0.0
NT,2025,52,79,97,0.0
NT,2025,52,80,97,0.0
NT,2025,52,81,97,0.0
NT,2025,52,82,97,0.0
NT,2025,52,83,97,0.0
NT,2025,52,84,97,0.0
NT,2025,52,85,97,0.0
NT,2025,52,86,97,0.0
NT,2025,52,87,97,0.0
NT,2025,52,88,97,0.0
NT,2025,52,89,97,0.0
NT,2025,52,90,97,0.0
NT,2025,52,91,97,0.0
NT,2025,52,92,97,0.0
NT,2025,52,93,97,0.0
NT,2025,52,94,97,0.0
NT,2025,52,95,97,0.0
NT,2025,52,96,97,0.0
NT,2025,52,97,97,0.0
NT,2025,52,98,97,0.0
NT,2025,52,99,97,0.0
NT,2025,52,100,97,0.0
NT,2025,52,101,97,0.0
NT,2025,52,102,97,0.0
NT,2025,52,103,97,0.0
NT,2025,52,104,97,0.0
NT,2025,52,105,97,0.0
NT,2025,52,106,97,0.0
NT,2025,52,107,97,0.0
NT,2025,52,108,97,0.0
NT,2025,52,109,97,0.0
NT,2025,52,110,97,0.0
NT,2025,52,111,97,0.0
NT,2025,52,112,97,0.0
NT,2025,52,113,97,0.0
NT,2025,52,114,97,0.0
NT,2025,52,115,97,0.0
NT,2025,52,116,97,0.0
NT,2025,52,117,97,0.0
NT,2025,52,118,97,0.0
NT,2025,52,119,97,0.0
NT,2025,52,120,97,0.0
NT,2025,52,121,97,0.0
NT,2025,52,122,97,0.0
NT,2025,52,123,97,0.0
NT,2025,52,124,97,0.0
NT,2025,52,125,97,0.0
NT,2025,52,126,97,0.0
NT,2025,52,127,97,0.0
NT,2025,52,128,97,0.0
NT,2025,52,129,97,0.0
NT,2025,52,130,97,0.0
NT,2025,52,131,97,0.0
NT,2025,52,132,97,0.0
NT,2025,52,133,97,0.0
NT,2025,52,134,97,0.0
NT,2025,52,135,97,0.0
NT,2025,52,136,97,0.0
NT,2025,52,137,97,0.0
NT,2025,52,138,97,0.0
NT,2025,52,139,97,0.0
NT,2025,52,140,97,0.0
NT,2025,52,141,97,0.0
NT,2025,52,142,97,0.0
NT,2025,52,143,97,0.0
NT,2025,52,144,97,0.0
NT,2025,52,145,97,0.0
NT,2025,52,146,97,0.0
NT,2025,52,147,97,0.0
NT,2025,52,148,97,0.0
NT,2025,52,149,97,0.0
NT,2025,52,150,97,0.0
NT,2025,52,151,97,0.0
NT,2025,52,152,97,0.0
NT,2025,52,153,97,0.0
NT,2025,52,154,97,0.0
NT,2025,52,155,97,0.0
NT,2025,52,156,97,0.0
NT,2025,52,157,97,0.0
NT,2025,52,158,97,0.0
NT,2025,52,159,97,0.0
NT,2025,52,160,97,0.0
NT,2025,52,161,97,0.0
NT,2025,52,162,97,0.0
NT,2025,52,163,97,0.0
NT,2025,52,164,97,0.0
NT,2025,52,165,97,0.0
NT,2025,52,166,97,0.0
NT,2025,52,167,97,0.0
NT,2030,11,0,97,0.0
NT,2030,11,1,97,0.0
NT,2030,11,2,97,0.0
NT,2030,11,3,97,0.0
NT,2030,11,4,97,0.0
NT,2030,11,5,97,0.0
NT,2030,11,6,97,0.0
NT,2030,11,7,97,0.0
NT,2030,11,8,97,0.0
NT,2030,11,9,97,0.0
NT,2030,11,10,97,0.0
NT,2030,11,11,97,0.0
NT,2030,11,12,97,0.0
NT,2030,11,13,97,0.0
NT,2030,11,14,97,0.0
NT,2030,11,15,97,0.0
NT,2030,11,16,97,0.0
NT,2030,11,17,97,0.0
NT,2030,11,18,97,0.0
NT,2030,11,19,97,0.0
NT,2030,11,20,97,0.0
NT,2030,11,21,97,0.0
NT,2030,11,22,97,0.0
NT,2030,11,23,97,0.0
NT,2030,11,24,97,0.0
NT,2030,11,25,97,0.0
NT,2030,11,26,97,0.0
NT,2030,11,27,97,0.0
NT,2030,11,28,97,0.0
NT,2030,11,29,97,0.0
NT,2030,11,30,97,0.0
NT,2030,11,31,97,0.0
NT,2030,11,32,97,0.0
NT,2030,11,33,97,0.0
NT,2030,11,34,97,0.0
NT,2030,11,35,97,0.0
NT,2030,11,36,97,0.0
NT,2030,11,37,97,0.0
NT,2030,11,38,97,0.0
NT,2030,11,39,97,0.0
NT,2030,11,40,97,0.0
NT,2030,11,41,97,0.0
NT,2030,11,42,97,0.0
NT,2030,11,43,97,0.0
NT,2030,11,44,97,0.0
NT,2030,11,45,97,0.0
NT,2030,11,46,97,0.0
NT,2030,11,47,97,0.0
NT,2030,11,48,97,0.0
NT,2030,11,49,97,0.0
NT,2030,11,50,97,0.0
NT,2030,11,51,97,0.0
NT,2030,11,52,97,0.0
NT,2030,11,53,97,0.0
NT,2030,11,54,97,0.0
NT,2030,11,55,97,0.0
NT,2030,11,56,97,0.0
NT,2030,11,57,97,0.0
NT,2030,11,58,97,0.0
NT,2030,11,59,97,0.0
NT,2030,11,60,97,0.0
NT,2030,11,61,97,0.0
NT,2030,11,62,97,0.0
NT,2030,11,63,97,0.0
NT,2030,11,64,97,0.0
NT,2030,11,65,97,0.0
NT,2030,11,66,97,0.0
NT,2030,11,67,97,0.0
NT,2030,11,68,97,0.0
NT,2030,11,69,97,0.0
NT,2030,11,70,97,0.0
NT,2030,11,71,97,0.0
NT,2030,11,72,97,0.0
NT,2030,11,73,97,0.0
NT,2030,11,74,97,0.0
NT,2030,11,75,97,0.0
NT,2030,11,76,97,0.0
NT,2030,11,77,97,0.0
NT,2030,11,78,97,0.0
NT,2030,11,79,97,0.0
NT,2030,11,80,97,0.0
NT,2030,11,81,97,0.0
NT,2030,11,82,97,0.0
NT,2030,11,83,97,0.0
NT,2030,11,84,97,0.0
NT,2030,11,85,97,0.0
NT,2030,11,86,97,0.0
NT,2030,11,87,97,0.0
NT,2030,11,88,97,0.0
NT,2030,11,89,97,0.0
NT,2030,11,90,97,0.0
NT,2030,11,91,97,0.0
NT,2030,11,92,97,0.0
NT,2030,11,93,97,0.0
NT,2030,11,94,97,0.0
NT,2030,11,95,97,0.0
NT,2030,11,96,97,0.0
NT,2030,11,97,97,0.0
NT,2030,11,98,97,0.0
NT,2030,11,99,97,0.0
NT,2030,11,100,97,0.0
NT,2030,11,101,97,0.0
NT,2030,11,102,97,0.0
NT,2030,11,103,97,0.0
NT,2030,11,104,97,0.0
NT,2030,11,105,97,0.0
NT,2030,11,106,97,0.0
NT,2030,11,107,97,0.0
NT,2030,11,108,97,0.0
NT,2030,11,109,97,0.0
NT,2030,11,110,97,0.0
NT,2030,11,111,97,0.0
NT,2030,11,112,97,0.0
NT,2030,11,113,97,0.0
NT,2030,11,114,97,0.0
NT,2030,11,115,97,0.0
NT,2030,11,116,97,0.0
NT,2030,11,117,97,0.0
NT,2030,11,118,97,0.0
NT,2030,11,119,97,0.0
NT,2030,11,120,97,0.0
NT,2030,11,121,97,0.0
NT,2030,11,122,97,0.0
NT,2030,11,123,97,0.0
NT,2030,11,124,97,0.0
NT,2030,11,125,97,0.0
NT,2030,11,126,97,0.0
NT,2030,11,127,97,0.0
NT,2030,11,128,97,0.0
NT,2030,11,129,97,0.0
NT,2030,11,130,97,0.0
NT,2030,11,131,97,0.0
NT,2030,11,132,97,0.0
NT,2030,11,133,97,0.0
NT,2030,11,134,97,0.0
NT,2030,11,135,97,0.0
NT,2030,11,136,97,0.0
NT,2030,11,137,97,0.0
NT,2030,11,138,97,0.0
NT,2030,11,139,97,0.0
NT,2030,11,140,97,0.0
NT,2030,11,141,97,0.0
NT,2030,11,142,97,0.0
NT,2030,11,143,97,0.0
NT,2030,11,144,97,0.0
NT,2030,11,145,97,0.0
NT,2030,11,146,97,0.0
NT,2030,11,147,97,0.0
NT,2030,11,148,97,0.0
NT,2030,11,149,97,0.0
NT,2030,11,150,97,0.0
NT,2030,11,151,97,0.0
NT,2030,11,152,97,0.0
NT,2030,11,153,97,0.0
NT,2030,11,154,97,0.0
NT,2030,11,155,97,0.0
NT,2030,11,156,97,0.0
NT,2030,11,157,97,0.0
NT,2030,11,158,97,0.0
NT,2030,11,159,97,0.0
NT,2030,11,160,97,0.0
NT,2030,11,161,97,0.0
NT,2030,11,162,97,0.0
NT,2030,11,163,97,0.0
NT,2030,11,164,97,0.0
NT,2030,11,165,97,0.0
NT,2030,11,166,97,0.0
NT,2030,11,167,97,0.0
NT,2030,21,0,97,0.0
NT,2030,21,1,97,0.0
NT,2030,21,2,97,0.0
NT,2030,21,3,97,0.0
NT,2030,21,4,97,0.0
NT,2030,21,5,97,0.0
NT,2030,21,6,97,0.0
NT,2030,21,7,97,0.0
NT,2030,21,8,97,0.0
NT,2030,21,9,97,0.0
NT,2030,21,10,97,0.0
NT,2030,21,11,97,0.0
NT,2030,21,12,97,0.0
NT,2030,21,13,97,0.0
NT,2030,21,14,97,0.0
NT,2030,21,15,97,0.0
NT,2030,21,16,97,0.0
NT,2030,21,17,97,0.0
NT,2030,21,18,97,0.0
NT,2030,21,19,97,0.0
NT,2030,21,20,97,0.0
NT,2030,21,21,97,0.0
NT,2030,21,22,97,0.0
NT,2030,21,23,97,0.0
NT,2030,21,24,97,0.0
NT,2030,21,25,97,0.0
NT,2030,21,26,97,0.0
NT,2030,21,27,97,0.0
NT,2030,21,28,97,0.0
NT,2030,21,29,97,0.0
NT,2030,21,30,97,0.0
NT,2030,21,31,97,0.0
NT,2030,21,32,97,0.0
NT,2030,21,33,97,0.0
NT,2030,21,34,97,0.0
NT,2030,21,35,97,0.0
NT,2030,21,36,97,0.0
NT,2030,21,37,97,0.0
NT,2030,21,38,97,0.0
NT,2030,21,39,97,0.0
NT,2030,21,40,97,0.0
NT,2030,21,41,97,0.0
NT,2030,21,42,97,0.0
NT,2030,21,43,97,0.0
NT,2030,21,44,97,0.0
NT,2030,21,45,97,0.0
NT,2030,21,46,97,0.0
NT,2030,21,47,97,0.0
NT,2030,21,48,97,0.0
NT,2030,21,49,97,0.0
NT,2030,21,50,97,0.0
NT,2030,21,51,97,0.0
NT,2030,21,52,97,0.0
NT,2030,21,53,97,0.0
NT,2030,21,54,97,0.0
NT,2030,21,55,97,0.0
NT,2030,21,56,97,0.0
NT,2030,21,57,97,0.0
NT,2030,21,58,97,0.0
NT,2030,21,59,97,0.0
NT,2030,21,60,97,0.0
NT,2030,21,61,97,0.0
NT,2030,21,62,97,0.0
NT,2030,21,63,97,0.0
NT,2030,21,64,97,0.0
NT,2030,21,65,97,0.0
NT,2030,21,66,97,0.0
NT,2030,21,67,97,0.0
NT,2030,21,68,97,0.0
NT,2030,21,69,97,0.0
NT,2030,21,70,97,0.0
NT,2030,21,71,97,0.0
NT,2030,21,72,97,0.0
NT,2030,21,73,97,0.0
NT,2030,21,74,97,0.0
NT,2030,21,75,97,0.0
NT,2030,21,76,97,0.0
NT,2030,21,77,97,0.0
NT,2030,21,78,97,0.0
NT,2030,21,79,97,0.0
NT,2030,21,80,97,0.0
NT,2030,21,81,97,0.0
NT,2030,21,82,97,0.0
NT,2030,21,83,97,0.0
NT,2030,21,84,97,0.0
NT,2030,21,85,97,0.0
NT,2030,21,86,97,0.0
NT,2030,21,87,97,0.0
NT,2030,21,88,97,0.0
NT,2030,21,89,97,0.0
NT,2030,21,90,97,0.0
NT,2030,21,91,97,0.0
NT,2030,21,92,97,0.0
NT,2030,21,93,97,0.0
NT,2030,21,94,97,0.0
NT,2030,21,95,97,0.0
NT,2030,21,96,97,0.0
NT,2030,21,97,97,0.0
NT,2030,21,98,97,0.0
NT,2030,21,99,97,0.0
NT,2030,21,100,97,0.0
NT,2030,21,101,97,0.0
NT,2030,21,102,97,0.0
NT,2030,21,103,97,0.0
NT,2030,21,104,97,0.0
NT,2030,21,105,97,0.0
NT,2030,21,106,97,0.0
NT,2030,21,107,97,0.0
NT,2030,21,108,97,0.0
NT,2030,21,109,97,0.0
NT,2030,21,110,97,0.0
NT,2030,21,111,97,0.0
NT,2030,21,112,97,0.0
NT,2030,21,113,97,0.0
NT,2030,21,114,97,0.0
NT,2030,21,115,97,0.0
NT,2030,21,116,97,0.0
NT,2030,21,117,97,0.0
NT,2030,21,118,97,0.0
NT,2030,21,119,97,0.0
NT,2030,21,120,97,0.0
NT,2030,21,121,97,0.0
NT,2030,21,122,97,0.0
NT,2030,21,123,97,0.0
NT,2030,21,124,97,0.0
NT,2030,21,125,97,0.0
NT,2030,21,126,97,0.0
NT,2030,21,127,97,0.0
NT,2030,21,128,97,0.0
NT,2030,21,129,97,0.0
NT,2030,21,130,97,0.0
NT,2030,21,131,97,0.0
NT,2030,21,132,97,0.0
NT,2030,21,133,97,0.0
NT,2030,21,134,97,0.0
NT,2030,21,135,97,0.0
NT,2030,21,136,97,0.0
NT,2030,21,137,97,0.0
NT,2030,21,138,97,0.0
NT,2030,21,139,97,0.0
NT,2030,21,140,97,0.0
NT,2030,21,141,97,0.0
NT,2030,21,142,97,0.0
NT,2030,21,143,97,0.0
NT,2030,21,144,97,0.0
NT,2030,21,145,97,0.0
NT,2030,21,146,97,0.0
NT,2030,21,147,97,0.0
NT,2030,21,148,97,0.0
NT,2030,21,149,97,0.0
NT,2030,21,150,97,0.0
NT,2030,21,151,97,0.0
NT,2030,21,152,97,0.0
NT,2030,21,153,97,0.0
NT,2030,21,154,97,0.0
NT,2030,21,155,97,0.0
NT,2030,21,156,97,0.0
NT,2030,21,157,97,0.0
NT,2030,21,158,97,0.0
NT,2030,21,159,97,0.0
NT,2030,21,160,97,0.0
NT,2030,21,161,97,0.0
NT,2030,21,162,97,0.0
NT,2030,21,163,97,0.0
NT,2030,21,164,97,0.0
NT,2030,21,165,97,0.0
NT,2030,21,166,97,0.0
NT,2030,21,167,97,0.0
NT,2030,42,0,97,0.0
NT,2030,42,1,97,0.0
NT,2030,42,2,97,0.0
NT,2030,42,3,97,0.0
NT,2030,42,4,97,0.0
NT,2030,42,5,97,0.0
NT,2030,42,6,97,0.0
NT,2030,42,7,97,0.0
NT,2030,42,8,97,0.0
NT,2030,42,9,97,0.0
NT,2030,42,10,97,0.0
NT,2030,42,11,97,0.0
NT,2030,42,12,97,0.0
NT,2030,42,13,97,0.0
NT,2030,42,14,97,0.0
NT,2030,42,15,97,0.0
NT,2030,42,16,97,0.0
NT,2030,42,17,97,0.0
NT,2030,42,18,97,0.0
NT,2030,42,19,97,0.0
NT,2030,42,20,97,0.0
NT,2030,42,21,97,0.0
NT,2030,42,22,97,0.0
NT,2030,42,23,97,0.0
NT,2030,42,24,97,0.0
NT,2030,42,25,97,0.0
NT,2030,42,26,97,0.0
NT,2030,42,27,97,0.0
NT,2030,42,28,97,0.0
NT,2030,42,29,97,0.0
NT,2030,42,30,97,0.0
NT,2030,42,31,97,0.0
NT,2030,42,32,97,0.0
NT,2030,42,33,97,0.0
NT,2030,42,34,97,0.0
NT,2030,42,35,97,0.0
NT,2030,42,36,97,0.0
NT,2030,42,37,97,0.0
NT,2030,42,38,97,0.0
NT,2030,42,39,97,0.0
NT,2030,42,40,97,0.0
NT,2030,42,41,97,0.0
NT,2030,42,42,97,0.0
NT,2030,42,43,97,0.0
NT,2030,42,44,97,0.0
NT,2030,42,45,97,0.0
NT,2030,42,46,97,0.0
NT,2030,42,47,97,0.0
NT,2030,42,48,97,0.0
NT,2030,42,49,97,0.0
NT,2030,42,50,97,0.0
NT,2030,42,51,97,0.0
NT,2030,42,52,97,0.0
NT,2030,42,53,97,0.0
NT,2030,42,54,97,0.0
NT,2030,42,55,97,0.0
NT,2030,42,56,97,0.0
NT,2030,42,57,97,0.0
NT,2030,42,58,97,0.0
NT,2030,42,59,97,0.0
NT,2030,42,60,97,0.0
NT,2030,42,61,97,0.0
NT,2030,42,62,97,0.0
NT,2030,42,63,97,0.0
NT,2030,42,64,97,0.0
NT,2030,42,65,97,0.0
NT,2030,42,66,97,0.0
NT,2030,42,67,97,0.0
NT,2030,42,68,97,0.0
NT,2030,42,69,97,0.0
NT,2030,42,70,97,0.0
NT,2030,42,71,97,0.0
NT,2030,42,72,97,0.0
NT,2030,42,73,97,0.0
NT,2030,42,74,97,0.0
NT,2030,42,75,97,0.0
NT,2030,42,76,97,0.0
NT,2030,42,77,97,0.0
NT,2030,42,78,97,0.0
NT,2030,42,79,97,0.0
NT,2030,42,80,97,0.0
NT,2030,42,81,97,0.0
NT,2030,42,82,97,0.0
NT,2030,42,83,97,0.0
NT,2030,42,84,97,0.0
NT,2030,42,85,97,0.0
NT,2030,42,86,97,0.0
NT,2030,42,87,97,0.0
NT,2030,42,88,97,0.0
NT,2030,42,89,97,0.0
NT,2030,42,90,97,0.0
NT,2030,42,91,97,0.0
NT,2030,42,92,97,0.0
NT,2030,42,93,97,0.0
NT,2030,42,94,97,0.0
NT,2030,42,95,97,0.0
NT,2030,42,96,97,0.0
NT,2030,42,97,97,0.0
NT,2030,42,98,97,0.0
NT,2030,42,99,97,0.0
NT,2030,42,100,97,0.0
NT,2030,42,101,97,0.0
NT,2030,42,102,97,0.0
NT,2030,42,103,97,0.0
NT,2030,42,104,97,0.0
NT,2030,42,105,97,0.0
NT,2030,42,106,97,0.0
NT,2030,42,107,97,0.0
NT,2030,42,108,97,0.0
NT,2030,42,109,97,0.0
NT,2030,42,110,97,0.0
NT,2030,42,111,97,0.0
NT,2030,42,112,97,0.0
NT,2030,42,113,97,0.0
NT,2030,42,114,97,0.0
NT,2030,42,115,97,0.0
NT,2030,42,116,97,0.0
NT,2030,42,117,97,0.0
NT,2030,42,118,97,0.0
NT,2030,42,119,97,0.0
NT,2030,42,120,97,0.0
NT,2030,42,121,97,0.0
NT,2030,42,122,97,0.0
NT,2030,42,123,97,0.0
NT,2030,42,124,97,0.0
NT,2030,42,125,97,0.0
NT,2030,42,126,97,0.0
NT,2030,42,127,97,0.0
NT,2030,42,128,97,0.0
NT,2030,42,129,97,0.0
NT,2030,42,130,97,0.0
NT,2030,42,131,97,0.0
NT,2030,42,132,97,0.0
NT,2030,42,133,97,0.0
NT,2030,42,134,97,0.0
NT,2030,42,135,97,0.0
NT,2030,42,136,97,0.0
NT,2030,42,137,97,0.0
NT,2030,42,138,97,0.0
NT,2030,42,139,97,0.0
NT,2030,42,140,97,0.0
NT,2030,42,141,97,0.0
NT,2030,42,142,97,0.0
NT,2030,42,143,97,0.0
NT,2030,42,144,97,0.0
NT,2030,42,145,97,0.0
NT,2030,42,146,97,0.0
NT,2030,42,147,97,0.0
NT,2030,42,148,97,0.0
NT,2030,42,149,97,0.0
NT,2030,42,150,97,0.0
NT,2030,42,151,97,0.0
NT,2030,42,152,97,0.0
NT,2030,42,153,97,0.0
NT,2030,42,154,97,0.0
NT,2030,42,155,97,0.0
NT,2030,42,156,97,0.0
NT,2030,42,157,97,0.0
NT,2030,42,158,97,0.0
NT,2030,42,159,97,0.0
NT,2030,42,160,97,0.0
NT,2030,42,161,97,0.0
NT,2030,42,162,97,0.0
NT,2030,42,163,97,0.0
NT,2030,42,164,97,0.0
NT,2030,42,165,97,0.0
NT,2030,42,166,97,0.0
NT,2030,42,167,97,0.0
NT,2030,52,0,97,0.0
NT,2030,52,1,97,0.0
NT,2030,52,2,97,0.0
NT,2030,52,3,97,0.0
NT,2030,52,4,97,0.0
NT,2030,52,5,97,0.0
NT,2030,52,6,97,0.0
NT,2030,52,7,97,0.0
NT,2030,52,8,97,0.0
NT,2030,52,9,97,0.0
NT,2030,52,10,97,0.0
NT,2030,52,11,97,0.0
NT,2030,52,12,97,0.0
NT,2030,52,13,97,0.0
NT,2030,52,14,97,0.0
NT,2030,52,15,97,0.0
NT,2030,52,16,97,0.0
NT,2030,52,17,97,0.0
NT,2030,52,18,97,0.0
NT,2030,52,19,97,0.0
NT,2030,52,20,97,0.0
NT,2030,52,21,97,0.0
NT,2030,52,22,97,0.0
NT,2030,52,23,97,0.0
NT,2030,52,24,97,0.0
NT,2030,52,25,97,0.0
NT,2030,52,26,97,0.0
NT,2030,52,27,97,0.0
NT,2030,52,28,97,0.0
NT,2030,52,29,97,0.0
NT,2030,52,30,97,0.0
NT,2030,52,31,97,0.0
NT,2030,52,32,97,0.0
NT,2030,52,33,97,0.0
NT,2030,52,34,97,0.0
NT,2030,52,35,97,0.0
NT,2030,52,36,97,0.0
NT,2030,52,37,97,0.0
NT,2030,52,38,97,0.0
NT,2030,52,39,97,0.0
NT,2030,52,40,97,0.0
NT,2030,52,41,97,0.0
NT,2030,52,42,97,0.0
NT,2030,52,43,97,0.0
NT,2030,52,44,97,0.0
NT,2030,52,45,97,0.0
NT,2030,52,46,97,0.0
NT,2030,52,47,97,0.0
NT,2030,52,48,97,0.0
NT,2030,52,49,97,0.0
NT,2030,52,50,97,0.0
NT,2030,52,51,97,0.0
NT,2030,52,52,97,0.0
NT,2030,52,53,97,0.0
NT,2030,52,54,97,0.0
NT,2030,52,55,97,0.0
NT,2030,52,56,97,0.0
NT,2030,52,57,97,0.0
NT,2030,52,58,97,0.0
NT,2030,52,59,97,0.0
NT,2030,52,60,97,0.0
NT,2030,52,61,97,0.0
NT,2030,52,62,97,0.0
NT,2030,52,63,97,0.0
NT,2030,52,64,97,0.0
NT,2030,52,65,97,0.0
NT,2030,52,66,97,0.0
NT,2030,52,67,97,0.0
NT,2030,52,68,97,0.0
NT,2030,52,69,97,0.0
NT,2030,52,70,97,0.0
NT,2030,52,71,97,0.0
NT,2030,52,72,97,0.0
NT,2030,52,73,97,0.0
NT,2030,52,74,97,0.0
NT,2030,52,75,97,0.0
NT,2030,52,76,97,0.0
NT,2030,52,77,97,0.0
NT,2030,52,78,97,0.0
NT,2030,52,79,97,0.0
NT,2030,52,80,97,0.0
NT,2030,52,81,97,0.0
NT,2030,52,82,97,0.0
NT,2030,52,83,97,0.0
NT,2030,52,84,97,0.0
NT,2030,52,85,97,0.0
NT,2030,52,86,97,0.0
NT,2030,52,87,97,0.0
NT,2030,52,88,97,0.0
NT,2030,52,89,97,0.0
NT,2030,52,90,97,0.0
NT,2030,52,91,97,0.0
NT,2030,52,92,97,0.0
NT,2030,52,93,97,0.0
NT,2030,52,94,97,0.0
NT,2030,52,95,97,0.0
NT,2030,52,96,97,0.0
NT,2030,52,97,97,0.0
NT,2030,52,98,97,0.0
NT,2030,52,99,97,0.0
NT,2030,52,100,97,0.0
NT,2030,52,101,97,0.0
NT,2030,52,102,97,0.0
NT,2030,52,103,97,0.0
NT,2030,52,104,97,0.0
NT,2030,52,105,97,0.0
NT,2030,52,106,97,0.0
NT,2030,52,107,97,0.0
NT,2030,52,108,97,0.0
NT,2030,52,109,97,0.0
NT,2030,52,110,97,0.0
NT,2030,52,111,97,0.0
NT,2030,52,112,97,0.0
NT,2030,52,113,97,0.0
NT,2030,52,114,97,0.0
NT,2030,52,115,97,0.0
NT,2030,52,116,97,0.0
NT,2030,52,117,97,0.0
NT,2030,52,118,97,0.0
NT,2030,52,119,97,0.0
NT,2030,52,120,97,0.0
NT,2030,52,121,97,0.0
NT,2030,52,122,97,0.0
NT,2030,52,123,97,0.0
NT,2030,52,124,97,0.0
NT,2030,52,125,97,0.0
NT,2030,52,126,97,0.0
NT,2030,52,127,97,0.0
NT,2030,52,128,97,0.0
NT,2030,52,129,97,0.0
NT,2030,52,130,97,0.0
NT,2030,52,131,97,0.0
NT,2030,52,132,97,0.0
NT,2030,52,133,97,0.0
NT,2030,52,134,97,0.0
NT,2030,52,135,97,0.0
NT,2030,52,136,97,0.0
NT,2030,52,137,97,0.0
NT,2030,52,138,97,0.0
NT,2030,52,139,97,0.0
NT,2030,52,140,97,0.0
NT,2030,52,141,97,0.0
NT,2030,52,142,97,0.0
NT,2030,52,143,97,0.0
NT,2030,52,144,97,0.0
NT,2030,52,145,97,0.0
NT,2030,52,146,97,0.0
NT,2030,52,147,97,0.0
NT,2030,52,148,97,0.0
NT,2030,52,149,97,0.0
NT,2030,52,150,97,0.0
NT,2030,52,151,97,0.0
NT,2030,52,152,97,0.0
NT,2030,52,153,97,0.0
NT,2030,52,154,97,0.0
NT,2030,52,155,97,0.0
NT,2030,52,156,97,0.0
NT,2030,52,157,97,0.0
NT,2030,52,158,97,0.0
NT,2030,52,159,97,0.0
NT,2030,52,160,97,0.0
NT,2030,52,161,97,0.0
NT,2030,52,162,97,0.0
NT,2030,52,163,97,0.0
NT,2030,52,164,97,0.0
NT,2030,52,165,97,0.0
NT,2030,52,166,97,0.0
NT,2030,52,167,97,0.0
NT,2040,11,0,97,0.0
NT,2040,11,1,97,0.0
NT,2040,11,2,97,0.0
NT,2040,11,3,97,0.0
NT,2040,11,4,97,0.0
NT,2040,11,5,97,0.0
NT,2040,11,6,97,0.0
NT,2040,11,7,97,0.0
NT,2040,11,8,97,0.0
NT,2040,11,9,97,0.0
NT,2040,11,10,97,0.0
NT,2040,11,11,97,0.0
NT,2040,11,12,97,0.0
NT,2040,11,13,97,0.0
NT,2040,11,14,97,0.0
NT,2040,11,15,97,0.0
NT,2040,11,16,97,0.0
NT,2040,11,17,97,0.0
NT,2040,11,18,97,0.0
NT,2040,11,19,97,0.0
NT,2040,11,20,97,0.0
NT,2040,11,21,97,0.0
NT,2040,11,22,97,0.0
NT,2040,11,23,97,0.0
NT,2040,11,24,97,0.0
NT,2040,11,25,97,0.0
NT,2040,11,26,97,0.0
NT,2040,11,27,97,0.0
NT,2040,11,28,97,0.0
NT,2040,11,29,97,0.0
NT,2040,11,30,97,0.0
NT,2040,11,31,97,0.0
NT,2040,11,32,97,0.0
NT,2040,11,33,97,0.0
NT,2040,11,34,97,0.0
NT,2040,11,35,97,0.0
NT,2040,11,36,97,0.0
NT,2040,11,37,97,0.0
NT,2040,11,38,97,0.0
NT,2040,11,39,97,0.0
NT,2040,11,40,97,0.0
NT,2040,11,41,97,0.0
NT,2040,11,42,97,0.0
NT,2040,11,43,97,0.0
NT,2040,11,44,97,0.0
NT,2040,11,45,97,0.0
NT,2040,11,46,97,0.0
NT,2040,11,47,97,0.0
NT,2040,11,48,97,0.0
NT,2040,11,49,97,0.0
NT,2040,11,50,97,0.0
NT,2040,11,51,97,0.0
NT,2040,11,52,97,0.0
NT,2040,11,53,97,0.0
NT,2040,11,54,97,0.0
NT,2040,11,55,97,0.0
NT,2040,11,56,97,0.0
NT,2040,11,57,97,0.0
NT,2040,11,58,97,0.0
NT,2040,11,59,97,0.0
NT,2040,11,60,97,0.0
NT,2040,11,61,97,0.0
NT,2040,11,62,97,0.0
NT,2040,11,63,97,0.0
NT,2040,11,64,97,0.0
NT,2040,11,65,97,0.0
NT,2040,11,66,97,0.0
NT,2040,11,67,97,0.0
NT,2040,11,68,97,0.0
NT,2040,11,69,97,0.0
NT,2040,11,70,97,0.0
NT,2040,11,71,97,0.0
NT,2040,11,72,97,0.0
NT,2040,11,73,97,0.0
NT,2040,11,74,97,0.0
NT,2040,11,75,97,0.0
NT,2040,11,76,97,0.0
NT,2040,11,77,97,0.0
NT,2040,11,78,97,0.0
NT,2040,11,79,97,0.0
NT,2040,11,80,97,0.0
NT,2040,11,81,97,0.0
NT,2040,11,82,97,0.0
NT,2040,11,83,97,0.0
NT,2040,11,84,97,0.0
NT,2040,11,85,97,0.0
NT,2040,11,86,97,0.0
NT,2040,11,87,97,0.0
NT,2040,11,88,97,0.0
NT,2040,11,89,97,0.0
NT,2040,11,90,97,0.0
NT,2040,11,91,97,0.0
NT,2040,11,92,97,0.0
NT,2040,11,93,97,0.0
NT,2040,11,94,97,0.0
NT,2040,11,95,97,0.0
NT,2040,11,96,97,0.0
NT,2040,11,97,97,0.0
NT,2040,11,98,97,0.0
NT,2040,11,99,97,0.0
NT,2040,11,100,97,0.0
NT,2040,11,101,97,0.0
NT,2040,11,102,97,0.0
NT,2040,11,103,97,0.0
NT,2040,11,104,97,0.0
NT,2040,11,105,97,0.0
NT,2040,11,106,97,0.0
NT,2040,11,107,97,0.0
NT,2040,11,108,97,0.0
NT,2040,11,109,97,0.0
NT,2040,11,110,97,0.0
NT,2040,11,111,97,0.0
NT,2040,11,112,97,0.0
NT,2040,11,113,97,0.0
NT,2040,11,114,97,0.0
NT,2040,11,115,97,0.0
NT,2040,11,116,97,0.0
NT,2040,11,117,97,0.0
NT,2040,11,118,97,0.0
NT,2040,11,119,97,0.0
NT,2040,11,120,97,0.0
NT,2040,11,121,97,0.0
NT,2040,11,122,97,0.0
NT,2040,11,123,97,0.0
NT,2040,11,124,97,0.0
NT,2040,11,125,97,0.0
NT,2040,11,126,97,0.0
NT,2040,11,127,97,0.0
NT,2040,11,128,97,0.0
NT,2040,11,129,97,0.0
NT,2040,11,130,97,0.0
NT,2040,11,131,97,0.0
NT,2040,11,132,97,0.0
NT,2040,11,133,97,0.0
NT,2040,11,134,97,0.0
NT,2040,11,135,97,0.0
NT,2040,11,136,97,0.0
NT,2040,11,137,97,0.0
NT,2040,11,138,97,0.0
NT,2040,11,139,97,0.0
NT,2040,11,140,97,0.0
NT,2040,11,141,97,0.0
NT,2040,11,142,97,0.0
NT,2040,11,143,97,0.0
NT,2040,11,144,97,0.0
NT,2040,11,145,97,0.0
NT,2040,11,146,97,0.0
NT,2040,11,147,97,0.0
NT,2040,11,148,97,0.0
NT,2040,11,149,97,0.0
NT,2040,11,150,97,0.0
NT,2040,11,151,97,0.0
NT,2040,11,152,97,0.0
NT,2040,11,153,97,0.0
NT,2040,11,154,97,0.0
NT,2040,11,155,97,0.0
NT,2040,11,156,97,0.0
NT,2040,11,157,97,0.0
NT,2040,11,158,97,0.0
NT,2040,11,159,97,0.0
NT,2040,11,160,97,0.0
NT,2040,11,161,97,0.0
NT,2040,11,162,97,0.0
NT,2040,11,163,97,0.0
NT,2040,11,164,97,0.0
NT,2040,11,165,97,0.0
NT,2040,11,166,97,0.0
NT,2040,11,167,97,0.0
NT,2040,21,0,97,0.0
NT,2040,21,1,97,0.0
NT,2040,21,2,97,0.0
NT,2040,21,3,97,0.0
NT,2040,21,4,97,0.0
NT,2040,21,5,97,0.0
NT,2040,21,6,97,0.0
NT,2040,21,7,97,0.0
NT,2040,21,8,97,0.0
NT,2040,21,9,97,0.0
NT,2040,21,10,97,0.0
NT,2040,21,11,97,0.0
NT,2040,21,12,97,0.0
NT,2040,21,13,97,0.0
NT,2040,21,14,97,0.0
NT,2040,21,15,97,0.0
NT,2040,21,16,97,0.0
NT,2040,21,17,97,0.0
NT,2040,21,18,97,0.0
NT,2040,21,19,97,0.0
NT,2040,21,20,97,0.0
NT,2040,21,21,97,0.0
NT,2040,21,22,97,0.0
NT,2040,21,23,97,0.0
NT,2040,21,24,97,0.0
NT,2040,21,25,97,0.0
NT,2040,21,26,97,0.0
NT,2040,21,27,97,0.0
NT,2040,21,28,97,0.0
NT,2040,21,29,97,0.0
NT,2040,21,30,97,0.0
NT,2040,21,31,97,0.0
NT,2040,21,32,97,0.0
NT,2040,21,33,97,0.0
NT,2040,21,34,97,0.0
NT,2040,21,35,97,0.0
NT,2040,21,36,97,0.0
NT,2040,21,37,97,0.0
NT,2040,21,38,97,0.0
NT,2040,21,39,97,0.0
NT,2040,21,40,97,0.0
NT,2040,21,41,97,0.0
NT,2040,21,42,97,0.0
NT,2040,21,43,97,0.0
NT,2040,21,44,97,0.0
NT,2040,21,45,97,0.0
NT,2040,21,46,97,0.0
NT,2040,21,47,97,0.0
NT,2040,21,48,97,0.0
NT,2040,21,49,97,0.0
NT,2040,21,50,97,0.0
NT,2040,21,51,97,0.0
NT,2040,21,52,97,0.0
NT,2040,21,53,97,0.0
NT,2040,21,54,97,0.0
NT,2040,21,55,97,0.0
NT,2040,21,56,97,0.0
NT,2040,21,57,97,0.0
NT,2040,21,58,97,0.0
NT,2040,21,59,97,0.0
NT,2040,21,60,97,0.0
NT,2040,21,61,97,0.0
NT,2040,21,62,97,0.0
NT,2040,21,63,97,0.0
NT,2040,21,64,97,0.0
NT,2040,21,65,97,0.0
NT,2040,21,66,97,0.0
NT,2040,21,67,97,0.0
NT,2040,21,68,97,0.0
NT,2040,21,69,97,0.0
NT,2040,21,70,97,0.0
NT,2040,21,71,97,0.0
NT,2040,21,72,97,0.0
NT,2040,21,73,97,0.0
NT,2040,21,74,97,0.0
NT,2040,21,75,97,0.0
NT,2040,21,76,97,0.0
NT,2040,21,77,97,0.0
NT,2040,21,78,97,0.0
NT,2040,21,79,97,0.0
NT,2040,21,80,97,0.0
NT,2040,21,81,97,0.0
NT,2040,21,82,97,0.0
NT,2040,21,83,97,0.0
NT,2040,21,84,97,0.0
NT,2040,21,85,97,0.0
NT,2040,21,86,97,0.0
NT,2040,21,87,97,0.0
NT,2040,21,88,97,0.0
NT,2040,21,89,97,0.0
NT,2040,21,90,97,0.0
NT,2040,21,91,97,0.0
NT,2040,21,92,97,0.0
NT,2040,21,93,97,0.0
NT,2040,21,94,97,0.0
NT,2040,21,95,97,0.0
NT,2040,21,96,97,0.0
NT,2040,21,97,97,0.0
NT,2040,21,98,97,0.0
NT,2040,21,99,97,0.0
NT,2040,21,100,97,0.0
NT,2040,21,101,97,0.0
NT,2040,21,102,97,0.0
NT,2040,21,103,97,0.0
NT,2040,21,104,97,0.0
NT,2040,21,105,97,0.0
NT,2040,21,106,97,0.0
NT,2040,21,107,97,0.0
NT,2040,21,108,97,0.0
NT,2040,21,109,97,0.0
NT,2040,21,110,97,0.0
NT,2040,21,111,97,0.0
NT,2040,21,112,97,0.0
NT,2040,21,113,97,0.0
NT,2040,21,114,97,0.0
NT,2040,21,115,97,0.0
NT,2040,21,116,97,0.0
NT,2040,21,117,97,0.0
NT,2040,21,118,97,0.0
NT,2040,21,119,97,0.0
NT,2040,21,120,97,0.0
NT,2040,21,121,97,0.0
NT,2040,21,122,97,0.0
NT,2040,21,123,97,0.0
NT,2040,21,124,97,0.0
NT,2040,21,125,97,0.0
NT,2040,21,126,97,0.0
NT,2040,21,127,97,0.0
NT,2040,21,128,97,0.0
NT,2040,21,129,97,0.0
NT,2040,21,130,97,0.0
NT,2040,21,131,97,0.0
NT,2040,21,132,97,0.0
NT,2040,21,133,97,0.0
NT,2040,21,134,97,0.0
NT,2040,21,135,97,0.0
NT,2040,21,136,97,0.0
NT,2040,21,137,97,0.0
NT,2040,21,138,97,0.0
NT,2040,21,139,97,0.0
NT,2040,21,140,97,0.0
NT,2040,21,141,97,0.0
NT,2040,21,142,97,0.0
NT,2040,21,143,97,0.0
NT,2040,21,144,97,0.0
NT,2040,21,145,97,0.0
NT,2040,21,146,97,0.0
NT,2040,21,147,97,0.0
NT,2040,21,148,97,0.0
NT,2040,21,149,97,0.0
NT,2040,21,150,97,0.0
NT,2040,21,151,97,0.0
NT,2040,21,152,97,0.0
NT,2040,21,153,97,0.0
NT,2040,21,154,97,0.0
NT,2040,21,155,97,0.0
NT,2040,21,156,97,0.0
NT,2040,21,157,97,0.0
NT,2040,21,158,97,0.0
NT,2040,21,159,97,0.0
NT,2040,21,160,97,0.0
NT,2040,21,161,97,0.0
NT,2040,21,162,97,0.0
NT,2040,21,163,97,0.0
NT,2040,21,164,97,0.0
NT,2040,21,165,97,0.0
NT,2040,21,166,97,0.0
NT,2040,21,167,97,0.0
NT,2040,42,0,97,0.0
NT,2040,42,1,97,0.0
NT,2040,42,2,97,0.0
NT,2040,42,3,97,0.0
NT,2040,42,4,97,0.0
NT,2040,42,5,97,0.0
NT,2040,42,6,97,0.0
NT,2040,42,7,97,0.0
NT,2040,42,8,97,0.0
NT,2040,42,9,97,0.0
NT,2040,42,10,97,0.0
NT,2040,42,11,97,0.0
NT,2040,42,12,97,0.0
NT,2040,42,13,97,0.0
NT,2040,42,14,97,0.0
NT,2040,42,15,97,0.0
NT,2040,42,16,97,0.0
NT,2040,42,17,97,0.0
NT,2040,42,18,97,0.0
NT,2040,42,19,97,0.0
NT,2040,42,20,97,0.0
NT,2040,42,21,97,0.0
NT,2040,42,22,97,0.0
NT,2040,42,23,97,0.0
NT,2040,42,24,97,0.0
NT,2040,42,25,97,0.0
NT,2040,42,26,97,0.0
NT,2040,42,27,97,0.0
NT,2040,42,28,97,0.0
NT,2040,42,29,97,0.0
NT,2040,42,30,97,0.0
NT,2040,42,31,97,0.0
NT,2040,42,32,97,0.0
NT,2040,42,33,97,0.0
NT,2040,42,34,97,0.0
NT,2040,42,35,97,0.0
NT,2040,42,36,97,0.0
NT,2040,42,37,97,0.0
NT,2040,42,38,97,0.0
NT,2040,42,39,97,0.0
NT,2040,42,40,97,0.0
NT,2040,42,41,97,0.0
NT,2040,42,42,97,0.0
NT,2040,42,43,97,0.0
NT,2040,42,44,97,0.0
NT,2040,42,45,97,0.0
NT,2040,42,46,97,0.0
NT,2040,42,47,97,0.0
NT,2040,42,48,97,0.0
NT,2040,42,49,97,0.0
NT,2040,42,50,97,0.0
NT,2040,42,51,97,0.0
NT,2040,42,52,97,0.0
NT,2040,42,53,97,0.0
NT,2040,42,54,97,0.0
NT,2040,42,55,97,0.0
NT,2040,42,56,97,0.0
NT,2040,42,57,97,0.0
NT,2040,42,58,97,0.0
NT,2040,42,59,97,0.0
NT,2040,42,60,97,0.0
NT,2040,42,61,97,0.0
NT,2040,42,62,97,0.0
NT,2040,42,63,97,0.0
NT,2040,42,64,97,0.0
NT,2040,42,65,97,0.0
NT,2040,42,66,97,0.0
NT,2040,42,67,97,0.0
NT,2040,42,68,97,0.0
NT,2040,42,69,97,0.0
NT,2040,42,70,97,0.0
NT,2040,42,71,97,0.0
NT,2040,42,72,97,0.0
NT,2040,42,73,97,0.0
NT,2040,42,74,97,0.0
NT,2040,42,75,97,0.0
NT,2040,42,76,97,0.0
NT,2040,42,77,97,0.0
NT,2040,42,78,97,0.0
NT,2040,42,79,97,0.0
NT,2040,42,80,97,0.0
NT,2040,42,81,97,0.0
NT,2040,42,82,97,0.0
NT,2040,42,83,97,0.0
NT,2040,42,84,97,0.0
NT,2040,42,85,97,0.0
NT,2040,42,86,97,0.0
NT,2040,42,87,97,0.0
NT,2040,42,88,97,0.0
NT,2040,42,89,97,0.0
NT,2040,42,90,97,0.0
NT,2040,42,91,97,0.0
NT,2040,42,92,97,0.0
NT,2040,42,93,97,0.0
NT,2040,42,94,97,0.0
NT,2040,42,95,97,0.0
NT,2040,42,96,97,0.0
NT,2040,42,97,97,0.0
NT,2040,42,98,97,0.0
NT,2040,42,99,97,0.0
NT,2040,42,100,97,0.0
NT,2040,42,101,97,0.0
NT,2040,42,102,97,0.0
NT,2040,42,103,97,0.0
NT,2040,42,104,97,0.0
NT,2040,42,105,97,0.0
NT,2040,42,106,97,0.0
NT,2040,42,107,97,0.0
NT,2040,42,108,97,0.0
NT,2040,42,109,97,0.0
NT,2040,42,110,97,0.0
NT,2040,42,111,97,0.0
NT,2040,42,112,97,0.0
NT,2040,42,113,97,0.0
NT,2040,42,114,97,0.0
NT,2040,42,115,97,0.0
NT,2040,42,116,97,0.0
NT,2040,42,117,97,0.0
NT,2040,42,118,97,0.0
NT,2040,42,119,97,0.0
NT,2040,42,120,97,0.0
NT,2040,42,121,97,0.0
NT,2040,42,122,97,0.0
NT,2040,42,123,97,0.0
NT,2040,42,124,97,0.0
NT,2040,42,125,97,0.0
NT,2040,42,126,97,0.0
NT,2040,42,127,97,0.0
NT,2040,42,128,97,0.0
NT,2040,42,129,97,0.0
NT,2040,42,130,97,0.0
NT,2040,42,131,97,0.0
NT,2040,42,132,97,0.0
NT,2040,42,133,97,0.0
NT,2040,42,134,97,0.0
NT,2040,42,135,97,0.0
NT,2040,42,136,97,0.0
NT,2040,42,137,97,0.0
NT,2040,42,138,97,0.0
NT,2040,42,139,97,0.0
NT,2040,42,140,97,0.0
NT,2040,42,141,97,0.0
NT,2040,42,142,97,0.0
NT,2040,42,143,97,0.0
NT,2040,42,144,97,0.0
NT,2040,42,145,97,0.0
NT,2040,42,146,97,0.0
NT,2040,42,147,97,0.0
NT,2040,42,148,97,0.0
NT,2040,42,149,97,0.0
NT,2040,42,150,97,0.0
NT,2040,42,151,97,0.0
NT,2040,42,152,97,0.0
NT,2040,42,153,97,0.0
NT,2040,42,154,97,0.0
NT,2040,42,155,97,0.0
NT,2040,42,156,97,0.0
NT,2040,42,157,97,0.0
NT,2040,42,158,97,0.0
NT,2040,42,159,97,0.0
NT,2040,42,160,97,0.0
NT,2040,42,161,97,0.0
NT,2040,42,162,97,0.0
NT,2040,42,163,97,0.0
NT,2040,42,164,97,0.0
NT,2040,42,165,97,0.0
NT,2040,42,166,97,0.0
NT,2040,42,167,97,0.0
NT,2040,52,0,97,0.0
NT,2040,52,1,97,0.0
NT,2040,52,2,97,0.0
NT,2040,52,3,97,0.0
NT,2040,52,4,97,0.0
NT,2040,52,5,97,0.0
NT,2040,52,6,97,0.0
NT,2040,52,7,97,0.0
NT,2040,52,8,97,0.0
NT,2040,52,9,97,0.0
NT,2040,52,10,97,0.0
NT,2040,52,11,97,0.0
NT,2040,52,12,97,0.0
NT,2040,52,13,97,0.0
NT,2040,52,14,97,0.0
NT,2040,52,15,97,0.0
NT,2040,52,16,97,0.0
NT,2040,52,17,97,0.0
NT,2040,52,18,97,0.0
NT,2040,52,19,97,0.0
NT,2040,52,20,97,0.0
NT,2040,52,21,97,0.0
NT,2040,52,22,97,0.0
NT,2040,52,23,97,0.0
NT,2040,52,24,97,0.0
NT,2040,52,25,97,0.0
NT,2040,52,26,97,0.0
NT,2040,52,27,97,0.0
NT,2040,52,28,97,0.0
NT,2040,52,29,97,0.0
NT,2040,52,30,97,0.0
NT,2040,52,31,97,0.0
NT,2040,52,32,97,0.0
NT,2040,52,33,97,0.0
NT,2040,52,34,97,0.0
NT,2040,52,35,97,0.0
NT,2040,52,36,97,0.0
NT,2040,52,37,97,0.0
NT,2040,52,38,97,0.0
NT,2040,52,39,97,0.0
NT,2040,52,40,97,0.0
NT,2040,52,41,97,0.0
NT,2040,52,42,97,0.0
NT,2040,52,43,97,0.0
NT,2040,52,44,97,0.0
NT,2040,52,45,97,0.0
NT,2040,52,46,97,0.0
NT,2040,52,47,97,0.0
NT,2040,52,48,97,0.0
NT,2040,52,49,97,0.0
NT,2040,52,50,97,0.0
NT,2040,52,51,97,0.0
NT,2040,52,52,97,0.0
NT,2040,52,53,97,0.0
NT,2040,52,54,97,0.0
NT,2040,52,55,97,0.0
NT,2040,52,56,97,0.0
NT,2040,52,57,97,0.0
NT,2040,52,58,97,0.0
NT,2040,52,59,97,0.0
NT,2040,52,60,97,0.0
NT,2040,52,61,97,0.0
NT,2040,52,62,97,0.0
NT,2040,52,63,97,0.0
NT,2040,52,64,97,0.0
NT,2040,52,65,97,0.0
NT,2040,52,66,97,0.0
NT,2040,52,67,97,0.0
NT,2040,52,68,97,0.0
NT,2040,52,69,97,0.0
NT,2040,52,70,97,0.0
NT,2040,52,71,97,0.0
NT,2040,52,72,97,0.0
NT,2040,52,73,97,0.0
NT,2040,52,74,97,0.0
NT,2040,52,75,97,0.0
NT,2040,52,76,97,0.0
NT,2040,52,77,97,0.0
NT,2040,52,78,97,0.0
NT,2040,52,79,97,0.0
NT,2040,52,80,97,0.0
NT,2040,52,81,97,0.0
NT,2040,52,82,97,0.0
NT,2040,52,83,97,0.0
NT,2040,52,84,97,0.0
NT,2040,52,85,97,0.0
NT,2040,52,86,97,0.0
NT,2040,52,87,97,0.0
NT,2040,52,88,97,0.0
NT,2040,52,89,97,0.0
NT,2040,52,90,97,0.0
NT,2040,52,91,97,0.0
NT,2040,52,92,97,0.0
NT,2040,52,93,97,0.0
NT,2040,52,94,97,0.0
NT,2040,52,95,97,0.0
NT,2040,52,96,97,0.0
NT,2040,52,97,97,0.0
NT,2040,52,98,97,0.0
NT,2040,52,99,97,0.0
NT,2040,52,100,97,0.0
NT,2040,52,101,97,0.0
NT,2040,52,102,97,0.0
NT,2040,52,103,97,0.0
NT,2040,52,104,97,0.0
NT,2040,52,105,97,0.0
NT,2040,52,106,97,0.0
NT,2040,52,107,97,0.0
NT,2040,52,108,97,0.0
NT,2040,52,109,97,0.0
NT,2040,52,110,97,0.0
NT,2040,52,111,97,0.0
NT,2040,52,112,97,0.0
NT,2040,52,113,97,0.0
NT,2040,52,114,97,0.0
NT,2040,52,115,97,0.0
NT,2040,52,116,97,0.0
NT,2040,52,117,97,0.0
NT,2040,52,118,97,0.0
NT,2040,52,119,97,0.0
NT,2040,52,120,97,0.0
NT,2040,52,121,97,0.0
NT,2040,52,122,97,0.0
NT,2040,52,123,97,0.0
NT,2040,52,124,97,0.0
NT,2040,52,125,97,0.0
NT,2040,52,126,97,0.0
NT,2040,52,127,97,0.0
NT,2040,52,128,97,0.0
NT,2040,52,129,97,0.0
NT,2040,52,130,97,0.0
NT,2040,52,131,97,0.0
NT,2040,52,132,97,0.0
NT,2040,52,133,97,0.0
NT,2040,52,134,97,0.0
NT,2040,52,135,97,0.0
NT,2040,52,136,97,0.0
NT,2040,52,137,97,0.0
NT,2040,52,138,97,0.0
NT,2040,52,139,97,0.0
NT,2040,52,140,97,0.0
NT,2040,52,141,97,0.0
NT,2040,52,142,97,0.0
NT,2040,52,143,97,0.0
NT,2040,52,144,97,0.0
NT,2040,52,145,97,0.0
NT,2040,52,146,97,0.0
NT,2040,52,147,97,0.0
NT,2040,52,148,97,0.0
NT,2040,52,149,97,0.0
NT,2040,52,150,97,0.0
NT,2040,52,151,97,0.0
NT,2040,52,152,97,0.0
NT,2040,52,153,97,0.0
NT,2040,52,154,97,0.0
NT,2040,52,155,97,0.0
NT,2040,52,156,97,0.0
NT,2040,52,157,97,0.0
NT,2040,52,158,97,0.0
NT,2040,52,159,97,0.0
NT,2040,52,160,97,0.0
NT,2040,52,161,97,0.0
NT,2040,52,162,97,0.0
NT,2040,52,163,97,0.0
NT,2040,52,164,97,0.0
NT,2040,52,165,97,0.0
NT,2040,52,166,97,0.0
NT,2040,52,167,97,0.0
GA,2040,11,0,97,0.0
GA,2040,11,1,97,0.0
GA,2040,11,2,97,0.0
GA,2040,11,3,97,0.0
GA,2040,11,4,97,0.0
GA,2040,11,5,97,0.0
GA,2040,11,6,97,0.0
GA,2040,11,7,97,0.0
GA,2040,11,8,97,0.0
GA,2040,11,9,97,0.0
GA,2040,11,10,97,0.0
GA,2040,11,11,97,0.0
GA,2040,11,12,97,0.0
GA,2040,11,13,97,0.0
GA,2040,11,14,97,0.0
GA,2040,11,15,97,0.0
GA,2040,11,16,97,0.0
GA,2040,11,17,97,0.0
GA,2040,11,18,97,0.0
GA,2040,11,19,97,0.0
GA,2040,11,20,97,0.0
GA,2040,11,21,97,0.0
GA,2040,11,22,97,0.0
GA,2040,11,23,97,0.0
GA,2040,11,24,97,0.0
GA,2040,11,25,97,0.0
GA,2040,11,26,97,0.0
GA,2040,11,27,97,0.0
GA,2040,11,28,97,0.0
GA,2040,11,29,97,0.0
GA,2040,11,30,97,0.0
GA,2040,11,31,97,0.0
GA,2040,11,32,97,0.0
GA,2040,11,33,97,0.0
GA,2040,11,34,97,0.0
GA,2040,11,35,97,0.0
GA,2040,11,36,97,0.0
GA,2040,11,37,97,0.0
GA,2040,11,38,97,0.0
GA,2040,11,39,97,0.0
GA,2040,11,40,97,0.0
GA,2040,11,41,97,0.0
GA,2040,11,42,97,0.0
GA,2040,11,43,97,0.0
GA,2040,11,44,97,0.0
GA,2040,11,45,97,0.0
GA,2040,11,46,97,0.0
GA,2040,11,47,97,0.0
GA,2040,11,48,97,0.0
GA,2040,11,49,97,0.0
GA,2040,11,50,97,0.0
GA,2040,11,51,97,0.0
GA,2040,11,52,97,0.0
GA,2040,11,53,97,0.0
GA,2040,11,54,97,0.0
GA,2040,11,55,97,0.0
GA,2040,11,56,97,0.0
GA,2040,11,57,97,0.0
GA,2040,11,58,97,0.0
GA,2040,11,59,97,0.0
GA,2040,11,60,97,0.0
GA,2040,11,61,97,0.0
GA,2040,11,62,97,0.0
GA,2040,11,63,97,0.0
GA,2040,11,64,97,0.0
GA,2040,11,65,97,0.0
GA,2040,11,66,97,0.0
GA,2040,11,67,97,0.0
GA,2040,11,68,97,0.0
GA,2040,11,69,97,0.0
GA,2040,11,70,97,0.0
GA,2040,11,71,97,0.0
GA,2040,11,72,97,0.0
GA,2040,11,73,97,0.0
GA,2040,11,74,97,0.0
GA,2040,11,75,97,0.0
GA,2040,11,76,97,0.0
GA,2040,11,77,97,0.0
GA,2040,11,78,97,0.0
GA,2040,11,79,97,0.0
GA,2040,11,80,97,0.0
GA,2040,11,81,97,0.0
GA,2040,11,82,97,0.0
GA,2040,11,83,97,0.0
GA,2040,11,84,97,0.0
GA,2040,11,85,97,0.0
GA,2040,11,86,97,0.0
GA,2040,11,87,97,0.0
GA,2040,11,88,97,0.0
GA,2040,11,89,97,0.0
GA,2040,11,90,97,0.0
GA,2040,11,91,97,0.0
GA,2040,11,92,97,0.0
GA,2040,11,93,97,0.0
GA,2040,11,94,97,0.0
GA,2040,11,95,97,0.0
GA,2040,11,96,97,0.0
GA,2040,11,97,97,0.0
GA,2040,11,98,97,0.0
GA,2040,11,99,97,0.0
GA,2040,11,100,97,0.0
GA,2040,11,101,97,0.0
GA,2040,11,102,97,0.0
GA,2040,11,103,97,0.0
GA,2040,11,104,97,0.0
GA,2040,11,105,97,0.0
GA,2040,11,106,97,0.0
GA,2040,11,107,97,0.0
GA,2040,11,108,97,0.0
GA,2040,11,109,97,0.0
GA,2040,11,110,97,0.0
GA,2040,11,111,97,0.0
GA,2040,11,112,97,0.0
GA,2040,11,113,97,0.0
GA,2040,11,114,97,0.0
GA,2040,11,115,97,0.0
GA,2040,11,116,97,0.0
GA,2040,11,117,97,0.0
GA,2040,11,118,97,0.0
GA,2040,11,119,97,0.0
GA,2040,11,120,97,0.0
GA,2040,11,121,97,0.0
GA,2040,11,122,97,0.0
GA,2040,11,123,97,0.0
GA,2040,11,124,97,0.0
GA,2040,11,125,97,0.0
GA,2040,11,126,97,0.0
GA,2040,11,127,97,0.0
GA,2040,11,128,97,0.0
GA,2040,11,129,97,0.0
GA,2040,11,130,97,0.0
GA,2040,11,131,97,0.0
GA,2040,11,132,97,0.0
GA,2040,11,133,97,0.0
GA,2040,11,134,97,0.0
GA,2040,11,135,97,0.0
GA,2040,11,136,97,0.0
GA,2040,11,137,97,0.0
GA,2040,11,138,97,0.0
GA,2040,11,139,97,0.0
GA,2040,11,140,97,0.0
GA,2040,11,141,97,0.0
GA,2040,11,142,97,0.0
GA,2040,11,143,97,0.0
GA,2040,11,144,97,0.0
GA,2040,11,145,97,0.0
GA,2040,11,146,97,0.0
GA,2040,11,147,97,0.0
GA,2040,11,148,97,0.0
GA,2040,11,149,97,0.0
GA,2040,11,150,97,0.0
GA,2040,11,151,97,0.0
GA,2040,11,152,97,0.0
GA,2040,11,153,97,0.0
GA,2040,11,154,97,0.0
GA,2040,11,155,97,0.0
GA,2040,11,156,97,0.0
GA,2040,11,157,97,0.0
GA,2040,11,158,97,0.0
GA,2040,11,159,97,0.0
GA,2040,11,160,97,0.0
GA,2040,11,161,97,0.0
GA,2040,11,162,97,0.0
GA,2040,11,163,97,0.0
GA,2040,11,164,97,0.0
GA,2040,11,165,97,0.0
GA,2040,11,166,97,0.0
GA,2040,11,167,97,0.0
GA,2040,21,0,97,0.0
GA,2040,21,1,97,0.0
GA,2040,21,2,97,0.0
GA,2040,21,3,97,0.0
GA,2040,21,4,97,0.0
GA,2040,21,5,97,0.0
GA,2040,21,6,97,0.0
GA,2040,21,7,97,0.0
GA,2040,21,8,97,0.0
GA,2040,21,9,97,0.0
GA,2040,21,10,97,0.0
GA,2040,21,11,97,0.0
GA,2040,21,12,97,0.0
GA,2040,21,13,97,0.0
GA,2040,21,14,97,0.0
GA,2040,21,15,97,0.0
GA,2040,21,16,97,0.0
GA,2040,21,17,97,0.0
GA,2040,21,18,97,0.0
GA,2040,21,19,97,0.0
GA,2040,21,20,97,0.0
GA,2040,21,21,97,0.0
GA,2040,21,22,97,0.0
GA,2040,21,23,97,0.0
GA,2040,21,24,97,0.0
GA,2040,21,25,97,0.0
GA,2040,21,26,97,0.0
GA,2040,21,27,97,0.0
GA,2040,21,28,97,0.0
GA,2040,21,29,97,0.0
GA,2040,21,30,97,0.0
GA,2040,21,31,97,0.0
GA,2040,21,32,97,0.0
GA,2040,21,33,97,0.0
GA,2040,21,34,97,0.0
GA,2040,21,35,97,0.0
GA,2040,21,36,97,0.0
GA,2040,21,37,97,0.0
GA,2040,21,38,97,0.0
GA,2040,21,39,97,0.0
GA,2040,21,40,97,0.0
GA,2040,21,41,97,0.0
GA,2040,21,42,97,0.0
GA,2040,21,43,97,0.0
GA,2040,21,44,97,0.0
GA,2040,21,45,97,0.0
GA,2040,21,46,97,0.0
GA,2040,21,47,97,0.0
GA,2040,21,48,97,0.0
GA,2040,21,49,97,0.0
GA,2040,21,50,97,0.0
GA,2040,21,51,97,0.0
GA,2040,21,52,97,0.0
GA,2040,21,53,97,0.0
GA,2040,21,54,97,0.0
GA,2040,21,55,97,0.0
GA,2040,21,56,97,0.0
GA,2040,21,57,97,0.0
GA,2040,21,58,97,0.0
GA,2040,21,59,97,0.0
GA,2040,21,60,97,0.0
GA,2040,21,61,97,0.0
GA,2040,21,62,97,0.0
GA,2040,21,63,97,0.0
GA,2040,21,64,97,0.0
GA,2040,21,65,97,0.0
GA,2040,21,66,97,0.0
GA,2040,21,67,97,0.0
GA,2040,21,68,97,0.0
GA,2040,21,69,97,0.0
GA,2040,21,70,97,0.0
GA,2040,21,71,97,0.0
GA,2040,21,72,97,0.0
GA,2040,21,73,97,0.0
GA,2040,21,74,97,0.0
GA,2040,21,75,97,0.0
GA,2040,21,76,97,0.0
GA,2040,21,77,97,0.0
GA,2040,21,78,97,0.0
GA,2040,21,79,97,0.0
GA,2040,21,80,97,0.0
GA,2040,21,81,97,0.0
GA,2040,21,82,97,0.0
GA,2040,21,83,97,0.0
GA,2040,21,84,97,0.0
GA,2040,21,85,97,0.0
GA,2040,21,86,97,0.0
GA,2040,21,87,97,0.0
GA,2040,21,88,97,0.0
GA,2040,21,89,97,0.0
GA,2040,21,90,97,0.0
GA,2040,21,91,97,0.0
GA,2040,21,92,97,0.0
GA,2040,21,93,97,0.0
GA,2040,21,94,97,0.0
GA,2040,21,95,97,0.0
GA,2040,21,96,97,0.0
GA,2040,21,97,97,0.0
GA,2040,21,98,97,0.0
GA,2040,21,99,97,0.0
GA,2040,21,100,97,0.0
GA,2040,21,101,97,0.0
GA,2040,21,102,97,0.0
GA,2040,21,103,97,0.0
GA,2040,21,104,97,0.0
GA,2040,21,105,97,0.0
GA,2040,21,106,97,0.0
GA,2040,21,107,97,0.0
GA,2040,21,108,97,0.0
GA,2040,21,109,97,0.0
GA,2040,21,110,97,0.0
GA,2040,21,111,97,0.0
GA,2040,21,112,97,0.0
GA,2040,21,113,97,0.0
GA,2040,21,114,97,0.0
GA,2040,21,115,97,0.0
GA,2040,21,116,97,0.0
GA,2040,21,117,97,0.0
GA,2040,21,118,97,0.0
GA,2040,21,119,97,0.0
GA,2040,21,120,97,0.0
GA,2040,21,121,97,0.0
GA,2040,21,122,97,0.0
GA,2040,21,123,97,0.0
GA,2040,21,124,97,0.0
GA,2040,21,125,97,0.0
GA,2040,21,126,97,0.0
GA,2040,21,127,97,0.0
GA,2040,21,128,97,0.0
GA,2040,21,129,97,0.0
GA,2040,21,130,97,0.0
GA,2040,21,131,97,0.0
GA,2040,21,132,97,0.0
GA,2040,21,133,97,0.0
GA,2040,21,134,97,0.0
GA,2040,21,135,97,0.0
GA,2040,21,136,97,0.0
GA,2040,21,137,97,0.0
GA,2040,21,138,97,0.0
GA,2040,21,139,97,0.0
GA,2040,21,140,97,0.0
GA,2040,21,141,97,0.0
GA,2040,21,142,97,0.0
GA,2040,21,143,97,0.0
GA,2040,21,144,97,0.0
GA,2040,21,145,97,0.0
GA,2040,21,146,97,0.0
GA,2040,21,147,97,0.0
GA,2040,21,148,97,0.0
GA,2040,21,149,97,0.0
GA,2040,21,150,97,0.0
GA,2040,21,151,97,0.0
GA,2040,21,152,97,0.0
GA,2040,21,153,97,0.0
GA,2040,21,154,97,0.0
GA,2040,21,155,97,0.0
GA,2040,21,156,97,0.0
GA,2040,21,157,97,0.0
GA,2040,21,158,97,0.0
GA,2040,21,159,97,0.0
GA,2040,21,160,97,0.0
GA,2040,21,161,97,0.0
GA,2040,21,162,97,0.0
GA,2040,21,163,97,0.0
GA,2040,21,164,97,0.0
GA,2040,21,165,97,0.0
GA,2040,21,166,97,0.0
GA,2040,21,167,97,0.0
GA,2040,42,0,97,0.0
GA,2040,42,1,97,0.0
GA,2040,42,2,97,0.0
GA,2040,42,3,97,0.0
GA,2040,42,4,97,0.0
GA,2040,42,5,97,0.0
GA,2040,42,6,97,0.0
GA,2040,42,7,97,0.0
GA,2040,42,8,97,0.0
GA,2040,42,9,97,0.0
GA,2040,42,10,97,0.0
GA,2040,42,11,97,0.0
GA,2040,42,12,97,0.0
GA,2040,42,13,97,0.0
GA,2040,42,14,97,0.0
GA,2040,42,15,97,0.0
GA,2040,42,16,97,0.0
GA,2040,42,17,97,0.0
GA,2040,42,18,97,0.0
GA,2040,42,19,97,0.0
GA,2040,42,20,97,0.0
GA,2040,42,21,97,0.0
GA,2040,42,22,97,0.0
GA,2040,42,23,97,0.0
GA,2040,42,24,97,0.0
GA,2040,42,25,97,0.0
GA,2040,42,26,97,0.0
GA,2040,42,27,97,0.0
GA,2040,42,28,97,0.0
GA,2040,42,29,97,0.0
GA,2040,42,30,97,0.0
GA,2040,42,31,97,0.0
GA,2040,42,32,97,0.0
GA,2040,42,33,97,0.0
GA,2040,42,34,97,0.0
GA,2040,42,35,97,0.0
GA,2040,42,36,97,0.0
GA,2040,42,37,97,0.0
GA,2040,42,38,97,0.0
GA,2040,42,39,97,0.0
GA,2040,42,40,97,0.0
GA,2040,42,41,97,0.0
GA,2040,42,42,97,0.0
GA,2040,42,43,97,0.0
GA,2040,42,44,97,0.0
GA,2040,42,45,97,0.0
GA,2040,42,46,97,0.0
GA,2040,42,47,97,0.0
GA,2040,42,48,97,0.0
GA,2040,42,49,97,0.0
GA,2040,42,50,97,0.0
GA,2040,42,51,97,0.0
GA,2040,42,52,97,0.0
GA,2040,42,53,97,0.0
GA,2040,42,54,97,0.0
GA,2040,42,55,97,0.0
GA,2040,42,56,97,0.0
GA,2040,42,57,97,0.0
GA,2040,42,58,97,0.0
GA,2040,42,59,97,0.0
GA,2040,42,60,97,0.0
GA,2040,42,61,97,0.0
GA,2040,42,62,97,0.0
GA,2040,42,63,97,0.0
GA,2040,42,64,97,0.0
GA,2040,42,65,97,0.0
GA,2040,42,66,97,0.0
GA,2040,42,67,97,0.0
GA,2040,42,68,97,0.0
GA,2040,42,69,97,0.0
GA,2040,42,70,97,0.0
GA,2040,42,71,97,0.0
GA,2040,42,72,97,0.0
GA,2040,42,73,97,0.0
GA,2040,42,74,97,0.0
GA,2040,42,75,97,0.0
GA,2040,42,76,97,0.0
GA,2040,42,77,97,0.0
GA,2040,42,78,97,0.0
GA,2040,42,79,97,0.0
GA,2040,42,80,97,0.0
GA,2040,42,81,97,0.0
GA,2040,42,82,97,0.0
GA,2040,42,83,97,0.0
GA,2040,42,84,97,0.0
GA,2040,42,85,97,0.0
GA,2040,42,86,97,0.0
GA,2040,42,87,97,0.0
GA,2040,42,88,97,0.0
GA,2040,42,89,97,0.0
GA,2040,42,90,97,0.0
GA,2040,42,91,97,0.0
GA,2040,42,92,97,0.0
GA,2040,42,93,97,0.0
GA,2040,42,94,97,0.0
GA,2040,42,95,97,0.0
GA,2040,42,96,97,0.0
GA,2040,42,97,97,0.0
GA,2040,42,98,97,0.0
GA,2040,42,99,97,0.0
GA,2040,42,100,97,0.0
GA,2040,42,101,97,0.0
GA,2040,42,102,97,0.0
GA,2040,42,103,97,0.0
GA,2040,42,104,97,0.0
GA,2040,42,105,97,0.0
GA,2040,42,106,97,0.0
GA,2040,42,107,97,0.0
GA,2040,42,108,97,0.0
GA,2040,42,109,97,0.0
GA,2040,42,110,97,0.0
GA,2040,42,111,97,0.0
GA,2040,42,112,97,0.0
GA,2040,42,113,97,0.0
GA,2040,42,114,97,0.0
GA,2040,42,115,97,0.0
GA,2040,42,116,97,0.0
GA,2040,42,117,97,0.0
GA,2040,42,118,97,0.0
GA,2040,42,119,97,0.0
GA,2040,42,120,97,0.0
GA,2040,42,121,97,0.0
GA,2040,42,122,97,0.0
GA,2040,42,123,97,0.0
GA,2040,42,124,97,0.0
GA,2040,42,125,97,0.0
GA,2040,42,126,97,0.0
GA,2040,42,127,97,0.0
GA,2040,42,128,97,0.0
GA,2040,42,129,97,0.0
GA,2040,42,130,97,0.0
GA,2040,42,131,97,0.0
GA,2040,42,132,97,0.0
GA,2040,42,133,97,0.0
GA,2040,42,134,97,0.0
GA,2040,42,135,97,0.0
GA,2040,42,136,97,0.0
GA,2040,42,137,97,0.0
GA,2040,42,138,97,0.0
GA,2040,42,139,97,0.0
GA,2040,42,140,97,0.0
GA,2040,42,141,97,0.0
GA,2040,42,142,97,0.0
GA,2040,42,143,97,0.0
GA,2040,42,144,97,0.0
GA,2040,42,145,97,0.0
GA,2040,42,146,97,0.0
GA,2040,42,147,97,0.0
GA,2040,42,148,97,0.0
GA,2040,42,149,97,0.0
GA,2040,42,150,97,0.0
GA,2040,42,151,97,0.0
GA,2040,42,152,97,0.0
GA,2040,42,153,97,0.0
GA,2040,42,154,97,0.0
GA,2040,42,155,97,0.0
GA,2040,42,156,97,0.0
GA,2040,42,157,97,0.0
GA,2040,42,158,97,0.0
GA,2040,42,159,97,0.0
GA,2040,42,160,97,0.0
GA,2040,42,161,97,0.0
GA,2040,42,162,97,0.0
GA,2040,42,163,97,0.0
GA,2040,42,164,97,0.0
GA,2040,42,165,97,0.0
GA,2040,42,166,97,0.0
GA,2040,42,167,97,0.0
GA,2040,52,0,97,0.0
GA,2040,52,1,97,0.0
GA,2040,52,2,97,0.0
GA,2040,52,3,97,0.0
GA,2040,52,4,97,0.0
GA,2040,52,5,97,0.0
GA,2040,52,6,97,0.0
GA,2040,52,7,97,0.0
GA,2040,52,8,97,0.0
GA,2040,52,9,97,0.0
GA,2040,52,10,97,0.0
GA,2040,52,11,97,0.0
GA,2040,52,12,97,0.0
GA,2040,52,13,97,0.0
GA,2040,52,14,97,0.0
GA,2040,52,15,97,0.0
GA,2040,52,16,97,0.0
GA,2040,52,17,97,0.0
GA,2040,52,18,97,0.0
GA,2040,52,19,97,0.0
GA,2040,52,20,97,0.0
GA,2040,52,21,97,0.0
GA,2040,52,22,97,0.0
GA,2040,52,23,97,0.0
GA,2040,52,24,97,0.0
GA,2040,52,25,97,0.0
GA,2040,52,26,97,0.0
GA,2040,52,27,97,0.0
GA,2040,52,28,97,0.0
GA,2040,52,29,97,0.0
GA,2040,52,30,97,0.0
GA,2040,52,31,97,0.0
GA,2040,52,32,97,0.0
GA,2040,52,33,97,0.0
GA,2040,52,34,97,0.0
GA,2040,52,35,97,0.0
GA,2040,52,36,97,0.0
GA,2040,52,37,97,0.0
GA,2040,52,38,97,0.0
GA,2040,52,39,97,0.0
GA,2040,52,40,97,0.0
GA,2040,52,41,97,0.0
GA,2040,52,42,97,0.0
GA,2040,52,43,97,0.0
GA,2040,52,44,97,0.0
GA,2040,52,45,97,0.0
GA,2040,52,46,97,0.0
GA,2040,52,47,97,0.0
GA,2040,52,48,97,0.0
GA,2040,52,49,97,0.0
GA,2040,52,50,97,0.0
GA,2040,52,51,97,0.0
GA,2040,52,52,97,0.0
GA,2040,52,53,97,0.0
GA,2040,52,54,97,0.0
GA,2040,52,55,97,0.0
GA,2040,52,56,97,0.0
GA,2040,52,57,97,0.0
GA,2040,52,58,97,0.0
GA,2040,52,59,97,0.0
GA,2040,52,60,97,0.0
GA,2040,52,61,97,0.0
GA,2040,52,62,97,0.0
GA,2040,52,63,97,0.0
GA,2040,52,64,97,0.0
GA,2040,52,65,97,0.0
GA,2040,52,66,97,0.0
GA,2040,52,67,97,0.0
GA,2040,52,68,97,0.0
GA,2040,52,69,97,0.0
GA,2040,52,70,97,0.0
GA,2040,52,71,97,0.0
GA,2040,52,72,97,0.0
GA,2040,52,73,97,0.0
GA,2040,52,74,97,0.0
GA,2040,52,75,97,0.0
GA,2040,52,76,97,0.0
GA,2040,52,77,97,0.0
GA,2040,52,78,97,0.0
GA,2040,52,79,97,0.0
GA,2040,52,80,97,0.0
GA,2040,52,81,97,0.0
GA,2040,52,82,97,0.0
GA,2040,52,83,97,0.0
GA,2040,52,84,97,0.0
GA,2040,52,85,97,0.0
GA,2040,52,86,97,0.0
GA,2040,52,87,97,0.0
GA,2040,52,88,97,0.0
GA,2040,52,89,97,0.0
GA,2040,52,90,97,0.0
GA,2040,52,91,97,0.0
GA,2040,52,92,97,0.0
GA,2040,52,93,97,0.0
GA,2040,52,94,97,0.0
GA,2040,52,95,97,0.0
GA,2040,52,96,97,0.0
GA,2040,52,97,97,0.0
GA,2040,52,98,97,0.0
GA,2040,52,99,97,0.0
GA,2040,52,100,97,0.0
GA,2040,52,101,97,0.0
GA,2040,52,102,97,0.0
GA,2040,52,103,97,0.0
GA,2040,52,104,97,0.0
GA,2040,52,105,97,0.0
GA,2040,52,106,97,0.0
GA,2040,52,107,97,0.0
GA,2040,52,108,97,0.0
GA,2040,52,109,97,0.0
GA,2040,52,110,97,0.0
GA,2040,52,111,97,0.0
GA,2040,52,112,97,0.0
GA,2040,52,113,97,0.0
GA,2040,52,114,97,0.0
GA,2040,52,115,97,0.0
GA,2040,52,116,97,0.0
GA,2040,52,117,97,0.0
GA,2040,52,118,97,0.0
GA,2040,52,119,97,0.0
GA,2040,52,120,97,0.0
GA,2040,52,121,97,0.0
GA,2040,52,122,97,0.0
GA,2040,52,123,97,0.0
GA,2040,52,124,97,0.0
GA,2040,52,125,97,0.0
GA,2040,52,126,97,0.0
GA,2040,52,127,97,0.0
GA,2040,52,128,97,0.0
GA,2040,52,129,97,0.0
GA,2040,52,130,97,0.0
GA,2040,52,131,97,0.0
GA,2040,52,132,97,0.0
GA,2040,52,133,97,0.0
GA,2040,52,134,97,0.0
GA,2040,52,135,97,0.0
GA,2040,52,136,97,0.0
GA,2040,52,137,97,0.0
GA,2040,52,138,97,0.0
GA,2040,52,139,97,0.0
GA,2040,52,140,97,0.0
GA,2040,52,141,97,0.0
GA,2040,52,142,97,0.0
GA,2040,52,143,97,0.0
GA,2040,52,144,97,0.0
GA,2040,52,145,97,0.0
GA,2040,52,146,97,0.0
GA,2040,52,147,97,0.0
GA,2040,52,148,97,0.0
GA,2040,52,149,97,0.0
GA,2040,52,150,97,0.0
GA,2040,52,151,97,0.0
GA,2040,52,152,97,0.0
GA,2040,52,153,97,0.0
GA,2040,52,154,97,0.0
GA,2040,52,155,97,0.0
GA,2040,52,156,97,0.0
GA,2040,52,157,97,0.0
GA,2040,52,158,97,0.0
GA,2040,52,159,97,0.0
GA,2040,52,160,97,0.0
GA,2040,52,161,97,0.0
GA,2040,52,162,97,0.0
GA,2040,52,163,97,0.0
GA,2040,52,164,97,0.0
GA,2040,52,165,97,0.0
GA,2040,52,166,97,0.0
GA,2040,52,167,97,0.0
DE,2040,11,0,97,0.0
DE,2040,11,1,97,0.0
DE,2040,11,2,97,0.0
DE,2040,11,3,97,0.0
DE,2040,11,4,97,0.0
DE,2040,11,5,97,0.0
DE,2040,11,6,97,0.0
DE,2040,11,7,97,0.0
DE,2040,11,8,97,0.0
DE,2040,11,9,97,0.0
DE,2040,11,10,97,0.0
DE,2040,11,11,97,0.0
DE,2040,11,12,97,0.0
DE,2040,11,13,97,0.0
DE,2040,11,14,97,0.0
DE,2040,11,15,97,0.0
DE,2040,11,16,97,0.0
DE,2040,11,17,97,0.0
DE,2040,11,18,97,0.0
DE,2040,11,19,97,0.0
DE,2040,11,20,97,0.0
DE,2040,11,21,97,0.0
DE,2040,11,22,97,0.0
DE,2040,11,23,97,0.0
DE,2040,11,24,97,0.0
DE,2040,11,25,97,0.0
DE,2040,11,26,97,0.0
DE,2040,11,27,97,0.0
DE,2040,11,28,97,0.0
DE,2040,11,29,97,0.0
DE,2040,11,30,97,0.0
DE,2040,11,31,97,0.0
DE,2040,11,32,97,0.0
DE,2040,11,33,97,0.0
DE,2040,11,34,97,0.0
DE,2040,11,35,97,0.0
DE,2040,11,36,97,0.0
DE,2040,11,37,97,0.0
DE,2040,11,38,97,0.0
DE,2040,11,39,97,0.0
DE,2040,11,40,97,0.0
DE,2040,11,41,97,0.0
DE,2040,11,42,97,0.0
DE,2040,11,43,97,0.0
DE,2040,11,44,97,0.0
DE,2040,11,45,97,0.0
DE,2040,11,46,97,0.0
DE,2040,11,47,97,0.0
DE,2040,11,48,97,0.0
DE,2040,11,49,97,0.0
DE,2040,11,50,97,0.0
DE,2040,11,51,97,0.0
DE,2040,11,52,97,0.0
DE,2040,11,53,97,0.0
DE,2040,11,54,97,0.0
DE,2040,11,55,97,0.0
DE,2040,11,56,97,0.0
DE,2040,11,57,97,0.0
DE,2040,11,58,97,0.0
DE,2040,11,59,97,0.0
DE,2040,11,60,97,0.0
DE,2040,11,61,97,0.0
DE,2040,11,62,97,0.0
DE,2040,11,63,97,0.0
DE,2040,11,64,97,0.0
DE,2040,11,65,97,0.0
DE,2040,11,66,97,0.0
DE,2040,11,67,97,0.0
DE,2040,11,68,97,0.0
DE,2040,11,69,97,0.0
DE,2040,11,70,97,0.0
DE,2040,11,71,97,0.0
DE,2040,11,72,97,0.0
DE,2040,11,73,97,0.0
DE,2040,11,74,97,0.0
DE,2040,11,75,97,0.0
DE,2040,11,76,97,0.0
DE,2040,11,77,97,0.0
DE,2040,11,78,97,0.0
DE,2040,11,79,97,0.0
DE,2040,11,80,97,0.0
DE,2040,11,81,97,0.0
DE,2040,11,82,97,0.0
DE,2040,11,83,97,0.0
DE,2040,11,84,97,0.0
DE,2040,11,85,97,0.0
DE,2040,11,86,97,0.0
DE,2040,11,87,97,0.0
DE,2040,11,88,97,0.0
DE,2040,11,89,97,0.0
DE,2040,11,90,97,0.0
DE,2040,11,91,97,0.0
DE,2040,11,92,97,0.0
DE,2040,11,93,97,0.0
DE,2040,11,94,97,0.0
DE,2040,11,95,97,0.0
DE,2040,11,96,97,0.0
DE,2040,11,97,97,0.0
DE,2040,11,98,97,0.0
DE,2040,11,99,97,0.0
DE,2040,11,100,97,0.0
DE,2040,11,101,97,0.0
DE,2040,11,102,97,0.0
DE,2040,11,103,97,0.0
DE,2040,11,104,97,0.0
DE,2040,11,105,97,0.0
DE,2040,11,106,97,0.0
DE,2040,11,107,97,0.0
DE,2040,11,108,97,0.0
DE,2040,11,109,97,0.0
DE,2040,11,110,97,0.0
DE,2040,11,111,97,0.0
DE,2040,11,112,97,0.0
DE,2040,11,113,97,0.0
DE,2040,11,114,97,0.0
DE,2040,11,115,97,0.0
DE,2040,11,116,97,0.0
DE,2040,11,117,97,0.0
DE,2040,11,118,97,0.0
DE,2040,11,119,97,0.0
DE,2040,11,120,97,0.0
DE,2040,11,121,97,0.0
DE,2040,11,122,97,0.0
DE,2040,11,123,97,0.0
DE,2040,11,124,97,0.0
DE,2040,11,125,97,0.0
DE,2040,11,126,97,0.0
DE,2040,11,127,97,0.0
DE,2040,11,128,97,0.0
DE,2040,11,129,97,0.0
DE,2040,11,130,97,0.0
DE,2040,11,131,97,0.0
DE,2040,11,132,97,0.0
DE,2040,11,133,97,0.0
DE,2040,11,134,97,0.0
DE,2040,11,135,97,0.0
DE,2040,11,136,97,0.0
DE,2040,11,137,97,0.0
DE,2040,11,138,97,0.0
DE,2040,11,139,97,0.0
DE,2040,11,140,97,0.0
DE,2040,11,141,97,0.0
DE,2040,11,142,97,0.0
DE,2040,11,143,97,0.0
DE,2040,11,144,97,0.0
DE,2040,11,145,97,0.0
DE,2040,11,146,97,0.0
DE,2040,11,147,97,0.0
DE,2040,11,148,97,0.0
DE,2040,11,149,97,0.0
DE,2040,11,150,97,0.0
DE,2040,11,151,97,0.0
DE,2040,11,152,97,0.0
DE,2040,11,153,97,0.0
DE,2040,11,154,97,0.0
DE,2040,11,155,97,0.0
DE,2040,11,156,97,0.0
DE,2040,11,157,97,0.0
DE,2040,11,158,97,0.0
DE,2040,11,159,97,0.0
DE,2040,11,160,97,0.0
DE,2040,11,161,97,0.0
DE,2040,11,162,97,0.0
DE,2040,11,163,97,0.0
DE,2040,11,164,97,0.0
DE,2040,11,165,97,0.0
DE,2040,11,166,97,0.0
DE,2040,11,167,97,0.0
DE,2040,21,0,97,0.0
DE,2040,21,1,97,0.0
DE,2040,21,2,97,0.0
DE,2040,21,3,97,0.0
DE,2040,21,4,97,0.0
DE,2040,21,5,97,0.0
DE,2040,21,6,97,0.0
DE,2040,21,7,97,0.0
DE,2040,21,8,97,0.0
DE,2040,21,9,97,0.0
DE,2040,21,10,97,0.0
DE,2040,21,11,97,0.0
DE,2040,21,12,97,0.0
DE,2040,21,13,97,0.0
DE,2040,21,14,97,0.0
DE,2040,21,15,97,0.0
DE,2040,21,16,97,0.0
DE,2040,21,17,97,0.0
DE,2040,21,18,97,0.0
DE,2040,21,19,97,0.0
DE,2040,21,20,97,0.0
DE,2040,21,21,97,0.0
DE,2040,21,22,97,0.0
DE,2040,21,23,97,0.0
DE,2040,21,24,97,0.0
DE,2040,21,25,97,0.0
DE,2040,21,26,97,0.0
DE,2040,21,27,97,0.0
DE,2040,21,28,97,0.0
DE,2040,21,29,97,0.0
DE,2040,21,30,97,0.0
DE,2040,21,31,97,0.0
DE,2040,21,32,97,0.0
DE,2040,21,33,97,0.0
DE,2040,21,34,97,0.0
DE,2040,21,35,97,0.0
DE,2040,21,36,97,0.0
DE,2040,21,37,97,0.0
DE,2040,21,38,97,0.0
DE,2040,21,39,97,0.0
DE,2040,21,40,97,0.0
DE,2040,21,41,97,0.0
DE,2040,21,42,97,0.0
DE,2040,21,43,97,0.0
DE,2040,21,44,97,0.0
DE,2040,21,45,97,0.0
DE,2040,21,46,97,0.0
DE,2040,21,47,97,0.0
DE,2040,21,48,97,0.0
DE,2040,21,49,97,0.0
DE,2040,21,50,97,0.0
DE,2040,21,51,97,0.0
DE,2040,21,52,97,0.0
DE,2040,21,53,97,0.0
DE,2040,21,54,97,0.0
DE,2040,21,55,97,0.0
DE,2040,21,56,97,0.0
DE,2040,21,57,97,0.0
DE,2040,21,58,97,0.0
DE,2040,21,59,97,0.0
DE,2040,21,60,97,0.0
DE,2040,21,61,97,0.0
DE,2040,21,62,97,0.0
DE,2040,21,63,97,0.0
DE,2040,21,64,97,0.0
DE,2040,21,65,97,0.0
DE,2040,21,66,97,0.0
DE,2040,21,67,97,0.0
DE,2040,21,68,97,0.0
DE,2040,21,69,97,0.0
DE,2040,21,70,97,0.0
DE,2040,21,71,97,0.0
DE,2040,21,72,97,0.0
DE,2040,21,73,97,0.0
DE,2040,21,74,97,0.0
DE,2040,21,75,97,0.0
DE,2040,21,76,97,0.0
DE,2040,21,77,97,0.0
DE,2040,21,78,97,0.0
DE,2040,21,79,97,0.0
DE,2040,21,80,97,0.0
DE,2040,21,81,97,0.0
DE,2040,21,82,97,0.0
DE,2040,21,83,97,0.0
DE,2040,21,84,97,0.0
DE,2040,21,85,97,0.0
DE,2040,21,86,97,0.0
DE,2040,21,87,97,0.0
DE,2040,21,88,97,0.0
DE,2040,21,89,97,0.0
DE,2040,21,90,97,0.0
DE,2040,21,91,97,0.0
DE,2040,21,92,97,0.0
DE,2040,21,93,97,0.0
DE,2040,21,94,97,0.0
DE,2040,21,95,97,0.0
DE,2040,21,96,97,0.0
DE,2040,21,97,97,0.0
DE,2040,21,98,97,0.0
DE,2040,21,99,97,0.0
DE,2040,21,100,97,0.0
DE,2040,21,101,97,0.0
DE,2040,21,102,97,0.0
DE,2040,21,103,97,0.0
DE,2040,21,104,97,0.0
DE,2040,21,105,97,0.0
DE,2040,21,106,97,0.0
DE,2040,21,107,97,0.0
DE,2040,21,108,97,0.0
DE,2040,21,109,97,0.0
DE,2040,21,110,97,0.0
DE,2040,21,111,97,0.0
DE,2040,21,112,97,0.0
DE,2040,21,113,97,0.0
DE,2040,21,114,97,0.0
DE,2040,21,115,97,0.0
DE,2040,21,116,97,0.0
DE,2040,21,117,97,0.0
DE,2040,21,118,97,0.0
DE,2040,21,119,97,0.0
DE,2040,21,120,97,0.0
DE,2040,21,121,97,0.0
DE,2040,21,122,97,0.0
DE,2040,21,123,97,0.0
DE,2040,21,124,97,0.0
DE,2040,21,125,97,0.0
DE,2040,21,126,97,0.0
DE,2040,21,127,97,0.0
DE,2040,21,128,97,0.0
DE,2040,21,129,97,0.0
DE,2040,21,130,97,0.0
DE,2040,21,131,97,0.0
DE,2040,21,132,97,0.0
DE,2040,21,133,97,0.0
DE,2040,21,134,97,0.0
DE,2040,21,135,97,0.0
DE,2040,21,136,97,0.0
DE,2040,21,137,97,0.0
DE,2040,21,138,97,0.0
DE,2040,21,139,97,0.0
DE,2040,21,140,97,0.0
DE,2040,21,141,97,0.0
DE,2040,21,142,97,0.0
DE,2040,21,143,97,0.0
DE,2040,21,144,97,0.0
DE,2040,21,145,97,0.0
DE,2040,21,146,97,0.0
DE,2040,21,147,97,0.0
DE,2040,21,148,97,0.0
DE,2040,21,149,97,0.0
DE,2040,21,150,97,0.0
DE,2040,21,151,97,0.0
DE,2040,21,152,97,0.0
DE,2040,21,153,97,0.0
DE,2040,21,154,97,0.0
DE,2040,21,155,97,0.0
DE,2040,21,156,97,0.0
DE,2040,21,157,97,0.0
DE,2040,21,158,97,0.0
DE,2040,21,159,97,0.0
DE,2040,21,160,97,0.0
DE,2040,21,161,97,0.0
DE,2040,21,162,97,0.0
DE,2040,21,163,97,0.0
DE,2040,21,164,97,0.0
DE,2040,21,165,97,0.0
DE,2040,21,166,97,0.0
DE,2040,21,167,97,0.0
DE,2040,42,0,97,0.0
DE,2040,42,1,97,0.0
DE,2040,42,2,97,0.0
DE,2040,42,3,97,0.0
DE,2040,42,4,97,0.0
DE,2040,42,5,97,0.0
DE,2040,42,6,97,0.0
DE,2040,42,7,97,0.0
DE,2040,42,8,97,0.0
DE,2040,42,9,97,0.0
DE,2040,42,10,97,0.0
DE,2040,42,11,97,0.0
DE,2040,42,12,97,0.0
DE,2040,42,13,97,0.0
DE,2040,42,14,97,0.0
DE,2040,42,15,97,0.0
DE,2040,42,16,97,0.0
DE,2040,42,17,97,0.0
DE,2040,42,18,97,0.0
DE,2040,42,19,97,0.0
DE,2040,42,20,97,0.0
DE,2040,42,21,97,0.0
DE,2040,42,22,97,0.0
DE,2040,42,23,97,0.0
DE,2040,42,24,97,0.0
DE,2040,42,25,97,0.0
DE,2040,42,26,97,0.0
DE,2040,42,27,97,0.0
DE,2040,42,28,97,0.0
DE,2040,42,29,97,0.0
DE,2040,42,30,97,0.0
DE,2040,42,31,97,0.0
DE,2040,42,32,97,0.0
DE,2040,42,33,97,0.0
DE,2040,42,34,97,0.0
DE,2040,42,35,97,0.0
DE,2040,42,36,97,0.0
DE,2040,42,37,97,0.0
DE,2040,42,38,97,0.0
DE,2040,42,39,97,0.0
DE,2040,42,40,97,0.0
DE,2040,42,41,97,0.0
DE,2040,42,42,97,0.0
DE,2040,42,43,97,0.0
DE,2040,42,44,97,0.0
DE,2040,42,45,97,0.0
DE,2040,42,46,97,0.0
DE,2040,42,47,97,0.0
DE,2040,42,48,97,0.0
DE,2040,42,49,97,0.0
DE,2040,42,50,97,0.0
DE,2040,42,51,97,0.0
DE,2040,42,52,97,0.0
DE,2040,42,53,97,0.0
DE,2040,42,54,97,0.0
DE,2040,42,55,97,0.0
DE,2040,42,56,97,0.0
DE,2040,42,57,97,0.0
DE,2040,42,58,97,0.0
DE,2040,42,59,97,0.0
DE,2040,42,60,97,0.0
DE,2040,42,61,97,0.0
DE,2040,42,62,97,0.0
DE,2040,42,63,97,0.0
DE,2040,42,64,97,0.0
DE,2040,42,65,97,0.0
DE,2040,42,66,97,0.0
DE,2040,42,67,97,0.0
DE,2040,42,68,97,0.0
DE,2040,42,69,97,0.0
DE,2040,42,70,97,0.0
DE,2040,42,71,97,0.0
DE,2040,42,72,97,0.0
DE,2040,42,73,97,0.0
DE,2040,42,74,97,0.0
DE,2040,42,75,97,0.0
DE,2040,42,76,97,0.0
DE,2040,42,77,97,0.0
DE,2040,42,78,97,0.0
DE,2040,42,79,97,0.0
DE,2040,42,80,97,0.0
DE,2040,42,81,97,0.0
DE,2040,42,82,97,0.0
DE,2040,42,83,97,0.0
DE,2040,42,84,97,0.0
DE,2040,42,85,97,0.0
DE,2040,42,86,97,0.0
DE,2040,42,87,97,0.0
DE,2040,42,88,97,0.0
DE,2040,42,89,97,0.0
DE,2040,42,90,97,0.0
DE,2040,42,91,97,0.0
DE,2040,42,92,97,0.0
DE,2040,42,93,97,0.0
DE,2040,42,94,97,0.0
DE,2040,42,95,97,0.0
DE,2040,42,96,97,0.0
DE,2040,42,97,97,0.0
DE,2040,42,98,97,0.0
DE,2040,42,99,97,0.0
DE,2040,42,100,97,0.0
DE,2040,42,101,97,0.0
DE,2040,42,102,97,0.0
DE,2040,42,103,97,0.0
DE,2040,42,104,97,0.0
DE,2040,42,105,97,0.0
DE,2040,42,106,97,0.0
DE,2040,42,107,97,0.0
DE,2040,42,108,97,0.0
DE,2040,42,109,97,0.0
DE,2040,42,110,97,0.0
DE,2040,42,111,97,0.0
DE,2040,42,112,97,0.0
DE,2040,42,113,97,0.0
DE,2040,42,114,97,0.0
DE,2040,42,115,97,0.0
DE,2040,42,116,97,0.0
DE,2040,42,117,97,0.0
DE,2040,42,118,97,0.0
DE,2040,42,119,97,0.0
DE,2040,42,120,97,0.0
DE,2040,42,121,97,0.0
DE,2040,42,122,97,0.0
DE,2040,42,123,97,0.0
DE,2040,42,124,97,0.0
DE,2040,42,125,97,0.0
DE,2040,42,126,97,0.0
DE,2040,42,127,97,0.0
DE,2040,42,128,97,0.0
DE,2040,42,129,97,0.0
DE,2040,42,130,97,0.0
DE,2040,42,131,97,0.0
DE,2040,42,132,97,0.0
DE,2040,42,133,97,0.0
DE,2040,42,134,97,0.0
DE,2040,42,135,97,0.0
DE,2040,42,136,97,0.0
DE,2040,42,137,97,0.0
DE,2040,42,138,97,0.0
DE,2040,42,139,97,0.0
DE,2040,42,140,97,0.0
DE,2040,42,141,97,0.0
DE,2040,42,142,97,0.0
DE,2040,42,143,97,0.0
DE,2040,42,144,97,0.0
DE,2040,42,145,97,0.0
DE,2040,42,146,97,0.0
DE,2040,42,147,97,0.0
DE,2040,42,148,97,0.0
DE,2040,42,149,97,0.0
DE,2040,42,150,97,0.0
DE,2040,42,151,97,0.0
DE,2040,42,152,97,0.0
DE,2040,42,153,97,0.0
DE,2040,42,154,97,0.0
DE,2040,42,155,97,0.0
DE,2040,42,156,97,0.0
DE,2040,42,157,97,0.0
DE,2040,42,158,97,0.0
DE,2040,42,159,97,0.0
DE,2040,42,160,97,0.0
DE,2040,42,161,97,0.0
DE,2040,42,162,97,0.0
DE,2040,42,163,97,0.0
DE,2040,42,164,97,0.0
DE,2040,42,165,97,0.0
DE,2040,42,166,97,0.0
DE,2040,42,167,97,0.0
DE,2040,52,0,97,0.0
DE,2040,52,1,97,0.0
DE,2040,52,2,97,0.0
DE,2040,52,3,97,0.0
DE,2040,52,4,97,0.0
DE,2040,52,5,97,0.0
DE,2040,52,6,97,0.0
DE,2040,52,7,97,0.0
DE,2040,52,8,97,0.0
DE,2040,52,9,97,0.0
DE,2040,52,10,97,0.0
DE,2040,52,11,97,0.0
DE,2040,52,12,97,0.0
DE,2040,52,13,97,0.0
DE,2040,52,14,97,0.0
DE,2040,52,15,97,0.0
DE,2040,52,16,97,0.0
DE,2040,52,17,97,0.0
DE,2040,52,18,97,0.0
DE,2040,52,19,97,0.0
DE,2040,52,20,97,0.0
DE,2040,52,21,97,0.0
DE,2040,52,22,97,0.0
DE,2040,52,23,97,0.0
DE,2040,52,24,97,0.0
DE,2040,52,25,97,0.0
DE,2040,52,26,97,0.0
DE,2040,52,27,97,0.0
DE,2040,52,28,97,0.0
DE,2040,52,29,97,0.0
DE,2040,52,30,97,0.0
DE,2040,52,31,97,0.0
DE,2040,52,32,97,0.0
DE,2040,52,33,97,0.0
DE,2040,52,34,97,0.0
DE,2040,52,35,97,0.0
DE,2040,52,36,97,0.0
DE,2040,52,37,97,0.0
DE,2040,52,38,97,0.0
DE,2040,52,39,97,0.0
DE,2040,52,40,97,0.0
DE,2040,52,41,97,0.0
DE,2040,52,42,97,0.0
DE,2040,52,43,97,0.0
DE,2040,52,44,97,0.0
DE,2040,52,45,97,0.0
DE,2040,52,46,97,0.0
DE,2040,52,47,97,0.0
DE,2040,52,48,97,0.0
DE,2040,52,49,97,0.0
DE,2040,52,50,97,0.0
DE,2040,52,51,97,0.0
DE,2040,52,52,97,0.0
DE,2040,52,53,97,0.0
DE,2040,52,54,97,0.0
DE,2040,52,55,97,0.0
DE,2040,52,56,97,0.0
DE,2040,52,57,97,0.0
DE,2040,52,58,97,0.0
DE,2040,52,59,97,0.0
DE,2040,52,60,97,0.0
DE,2040,52,61,97,0.0
DE,2040,52,62,97,0.0
DE,2040,52,63,97,0.0
DE,2040,52,64,97,0.0
DE,2040,52,65,97,0.0
DE,2040,52,66,97,0.0
DE,2040,52,67,97,0.0
DE,2040,52,68,97,0.0
DE,2040,52,69,97,0.0
DE,2040,52,70,97,0.0
DE,2040,52,71,97,0.0
DE,2040,52,72,97,0.0
DE,2040,52,73,97,0.0
DE,2040,52,74,97,0.0
DE,2040,52,75,97,0.0
DE,2040,52,76,97,0.0
DE,2040,52,77,97,0.0
DE,2040,52,78,97,0.0
DE,2040,52,79,97,0.0
DE,2040,52,80,97,0.0
DE,2040,52,81,97,0.0
DE,2040,52,82,97,0.0
DE,2040,52,83,97,0.0
DE,2040,52,84,97,0.0
DE,2040,52,85,97,0.0
DE,2040,52,86,97,0.0
DE,2040,52,87,97,0.0
DE,2040,52,88,97,0.0
DE,2040,52,89,97,0.0
DE,2040,52,90,97,0.0
DE,2040,52,91,97,0.0
DE,2040,52,92,97,0.0
DE,2040,52,93,97,0.0
DE,2040,52,94,97,0.0
DE,2040,52,95,97,0.0
DE,2040,52,96,97,0.0
DE,2040,52,97,97,0.0
DE,2040,52,98,97,0.0
DE,2040,52,99,97,0.0
DE,2040,52,100,97,0.0
DE,2040,52,101,97,0.0
DE,2040,52,102,97,0.0
DE,2040,52,103,97,0.0
DE,2040,52,104,97,0.0
DE,2040,52,105,97,0.0
DE,2040,52,106,97,0.0
DE,2040,52,107,97,0.0
DE,2040,52,108,97,0.0
DE,2040,52,109,97,0.0
DE,2040,52,110,97,0.0
DE,2040,52,111,97,0.0
DE,2040,52,112,97,0.0
DE,2040,52,113,97,0.0
DE,2040,52,114,97,0.0
DE,2040,52,115,97,0.0
DE,2040,52,116,97,0.0
DE,2040,52,117,97,0.0
DE,2040,52,118,97,0.0
DE,2040,52,119,97,0.0
DE,2040,52,120,97,0.0
DE,2040,52,121,97,0.0
DE,2040,52,122,97,0.0
DE,2040,52,123,97,0.0
DE,2040,52,124,97,0.0
DE,2040,52,125,97,0.0
DE,2040,52,126,97,0.0
DE,2040,52,127,97,0.0
DE,2040,52,128,97,0.0
DE,2040,52,129,97,0.0
DE,2040,52,130,97,0.0
DE,2040,52,131,97,0.0
DE,2040,52,132,97,0.0
DE,2040,52,133,97,0.0
DE,2040,52,134,97,0.0
DE,2040,52,135,97,0.0
DE,2040,52,136,97,0.0
DE,2040,52,137,97,0.0
DE,2040,52,138,97,0.0
DE,2040,52,139,97,0.0
DE,2040,52,140,97,0.0
DE,2040,52,141,97,0.0
DE,2040,52,142,97,0.0
DE,2040,52,143,97,0.0
DE,2040,52,144,97,0.0
DE,2040,52,145,97,0.0
DE,2040,52,146,97,0.0
DE,2040,52,147,97,0.0
DE,2040,52,148,97,0.0
DE,2040,52,149,97,0.0
DE,2040,52,150,97,0.0
DE,2040,52,151,97,0.0
DE,2040,52,152,97,0.0
DE,2040,52,153,97,0.0
DE,2040,52,154,97,0.0
DE,2040,52,155,97,0.0
DE,2040,52,156,97,0.0
DE,2040,52,157,97,0.0
DE,2040,52,158,97,0.0
DE,2040,52,159,97,0.0
DE,2040,52,160,97,0.0
DE,2040,52,161,97,0.0
DE,2040,52,162,97,0.0
DE,2040,52,163,97,0.0
DE,2040,52,164,97,0.0
DE,2040,52,165,97,0.0
DE,2040,52,166,97,0.0
DE,2040,52,167,97,0.0
GA,2050,11,0,97,0.0
GA,2050,11,1,97,0.0
GA,2050,11,2,97,0.0
GA,2050,11,3,97,0.0
GA,2050,11,4,97,0.0
GA,2050,11,5,97,0.0
GA,2050,11,6,97,0.0
GA,2050,11,7,97,0.0
GA,2050,11,8,97,0.0
GA,2050,11,9,97,0.0
GA,2050,11,10,97,0.0
GA,2050,11,11,97,0.0
GA,2050,11,12,97,0.0
GA,2050,11,13,97,0.0
GA,2050,11,14,97,0.0
GA,2050,11,15,97,0.0
GA,2050,11,16,97,0.0
GA,2050,11,17,97,0.0
GA,2050,11,18,97,0.0
GA,2050,11,19,97,0.0
GA,2050,11,20,97,0.0
GA,2050,11,21,97,0.0
GA,2050,11,22,97,0.0
GA,2050,11,23,97,0.0
GA,2050,11,24,97,0.0
GA,2050,11,25,97,0.0
GA,2050,11,26,97,0.0
GA,2050,11,27,97,0.0
GA,2050,11,28,97,0.0
GA,2050,11,29,97,0.0
GA,2050,11,30,97,0.0
GA,2050,11,31,97,0.0
GA,2050,11,32,97,0.0
GA,2050,11,33,97,0.0
GA,2050,11,34,97,0.0
GA,2050,11,35,97,0.0
GA,2050,11,36,97,0.0
GA,2050,11,37,97,0.0
GA,2050,11,38,97,0.0
GA,2050,11,39,97,0.0
GA,2050,11,40,97,0.0
GA,2050,11,41,97,0.0
GA,2050,11,42,97,0.0
GA,2050,11,43,97,0.0
GA,2050,11,44,97,0.0
GA,2050,11,45,97,0.0
GA,2050,11,46,97,0.0
GA,2050,11,47,97,0.0
GA,2050,11,48,97,0.0
GA,2050,11,49,97,0.0
GA,2050,11,50,97,0.0
GA,2050,11,51,97,0.0
GA,2050,11,52,97,0.0
GA,2050,11,53,97,0.0
GA,2050,11,54,97,0.0
GA,2050,11,55,97,0.0
GA,2050,11,56,97,0.0
GA,2050,11,57,97,0.0
GA,2050,11,58,97,0.0
GA,2050,11,59,97,0.0
GA,2050,11,60,97,0.0
GA,2050,11,61,97,0.0
GA,2050,11,62,97,0.0
GA,2050,11,63,97,0.0
GA,2050,11,64,97,0.0
GA,2050,11,65,97,0.0
GA,2050,11,66,97,0.0
GA,2050,11,67,97,0.0
GA,2050,11,68,97,0.0
GA,2050,11,69,97,0.0
GA,2050,11,70,97,0.0
GA,2050,11,71,97,0.0
GA,2050,11,72,97,0.0
GA,2050,11,73,97,0.0
GA,2050,11,74,97,0.0
GA,2050,11,75,97,0.0
GA,2050,11,76,97,0.0
GA,2050,11,77,97,0.0
GA,2050,11,78,97,0.0
GA,2050,11,79,97,0.0
GA,2050,11,80,97,0.0
GA,2050,11,81,97,0.0
GA,2050,11,82,97,0.0
GA,2050,11,83,97,0.0
GA,2050,11,84,97,0.0
GA,2050,11,85,97,0.0
GA,2050,11,86,97,0.0
GA,2050,11,87,97,0.0
GA,2050,11,88,97,0.0
GA,2050,11,89,97,0.0
GA,2050,11,90,97,0.0
GA,2050,11,91,97,0.0
GA,2050,11,92,97,0.0
GA,2050,11,93,97,0.0
GA,2050,11,94,97,0.0
GA,2050,11,95,97,0.0
GA,2050,11,96,97,0.0
GA,2050,11,97,97,0.0
GA,2050,11,98,97,0.0
GA,2050,11,99,97,0.0
GA,2050,11,100,97,0.0
GA,2050,11,101,97,0.0
GA,2050,11,102,97,0.0
GA,2050,11,103,97,0.0
GA,2050,11,104,97,0.0
GA,2050,11,105,97,0.0
GA,2050,11,106,97,0.0
GA,2050,11,107,97,0.0
GA,2050,11,108,97,0.0
GA,2050,11,109,97,0.0
GA,2050,11,110,97,0.0
GA,2050,11,111,97,0.0
GA,2050,11,112,97,0.0
GA,2050,11,113,97,0.0
GA,2050,11,114,97,0.0
GA,2050,11,115,97,0.0
GA,2050,11,116,97,0.0
GA,2050,11,117,97,0.0
GA,2050,11,118,97,0.0
GA,2050,11,119,97,0.0
GA,2050,11,120,97,0.0
GA,2050,11,121,97,0.0
GA,2050,11,122,97,0.0
GA,2050,11,123,97,0.0
GA,2050,11,124,97,0.0
GA,2050,11,125,97,0.0
GA,2050,11,126,97,0.0
GA,2050,11,127,97,0.0
GA,2050,11,128,97,0.0
GA,2050,11,129,97,0.0
GA,2050,11,130,97,0.0
GA,2050,11,131,97,0.0
GA,2050,11,132,97,0.0
GA,2050,11,133,97,0.0
GA,2050,11,134,97,0.0
GA,2050,11,135,97,0.0
GA,2050,11,136,97,0.0
GA,2050,11,137,97,0.0
GA,2050,11,138,97,0.0
GA,2050,11,139,97,0.0
GA,2050,11,140,97,0.0
GA,2050,11,141,97,0.0
GA,2050,11,142,97,0.0
GA,2050,11,143,97,0.0
GA,2050,11,144,97,0.0
GA,2050,11,145,97,0.0
GA,2050,11,146,97,0.0
GA,2050,11,147,97,0.0
GA,2050,11,148,97,0.0
GA,2050,11,149,97,0.0
GA,2050,11,150,97,0.0
GA,2050,11,151,97,0.0
GA,2050,11,152,97,0.0
GA,2050,11,153,97,0.0
GA,2050,11,154,97,0.0
GA,2050,11,155,97,0.0
GA,2050,11,156,97,0.0
GA,2050,11,157,97,0.0
GA,2050,11,158,97,0.0
GA,2050,11,159,97,0.0
GA,2050,11,160,97,0.0
GA,2050,11,161,97,0.0
GA,2050,11,162,97,0.0
GA,2050,11,163,97,0.0
GA,2050,11,164,97,0.0
GA,2050,11,165,97,0.0
GA,2050,11,166,97,0.0
GA,2050,11,167,97,0.0
GA,2050,21,0,97,0.0
GA,2050,21,1,97,0.0
GA,2050,21,2,97,0.0
GA,2050,21,3,97,0.0
GA,2050,21,4,97,0.0
GA,2050,21,5,97,0.0
GA,2050,21,6,97,0.0
GA,2050,21,7,97,0.0
GA,2050,21,8,97,0.0
GA,2050,21,9,97,0.0
GA,2050,21,10,97,0.0
GA,2050,21,11,97,0.0
GA,2050,21,12,97,0.0
GA,2050,21,13,97,0.0
GA,2050,21,14,97,0.0
GA,2050,21,15,97,0.0
GA,2050,21,16,97,0.0
GA,2050,21,17,97,0.0
GA,2050,21,18,97,0.0
GA,2050,21,19,97,0.0
GA,2050,21,20,97,0.0
GA,2050,21,21,97,0.0
GA,2050,21,22,97,0.0
GA,2050,21,23,97,0.0
GA,2050,21,24,97,0.0
GA,2050,21,25,97,0.0
GA,2050,21,26,97,0.0
GA,2050,21,27,97,0.0
GA,2050,21,28,97,0.0
GA,2050,21,29,97,0.0
GA,2050,21,30,97,0.0
GA,2050,21,31,97,0.0
GA,2050,21,32,97,0.0
GA,2050,21,33,97,0.0
GA,2050,21,34,97,0.0
GA,2050,21,35,97,0.0
GA,2050,21,36,97,0.0
GA,2050,21,37,97,0.0
GA,2050,21,38,97,0.0
GA,2050,21,39,97,0.0
GA,2050,21,40,97,0.0
GA,2050,21,41,97,0.0
GA,2050,21,42,97,0.0
GA,2050,21,43,97,0.0
GA,2050,21,44,97,0.0
GA,2050,21,45,97,0.0
GA,2050,21,46,97,0.0
GA,2050,21,47,97,0.0
GA,2050,21,48,97,0.0
GA,2050,21,49,97,0.0
GA,2050,21,50,97,0.0
GA,2050,21,51,97,0.0
GA,2050,21,52,97,0.0
GA,2050,21,53,97,0.0
GA,2050,21,54,97,0.0
GA,2050,21,55,97,0.0
GA,2050,21,56,97,0.0
GA,2050,21,57,97,0.0
GA,2050,21,58,97,0.0
GA,2050,21,59,97,0.0
GA,2050,21,60,97,0.0
GA,2050,21,61,97,0.0
GA,2050,21,62,97,0.0
GA,2050,21,63,97,0.0
GA,2050,21,64,97,0.0
GA,2050,21,65,97,0.0
GA,2050,21,66,97,0.0
GA,2050,21,67,97,0.0
GA,2050,21,68,97,0.0
GA,2050,21,69,97,0.0
GA,2050,21,70,97,0.0
GA,2050,21,71,97,0.0
GA,2050,21,72,97,0.0
GA,2050,21,73,97,0.0
GA,2050,21,74,97,0.0
GA,2050,21,75,97,0.0
GA,2050,21,76,97,0.0
GA,2050,21,77,97,0.0
GA,2050,21,78,97,0.0
GA,2050,21,79,97,0.0
GA,2050,21,80,97,0.0
GA,2050,21,81,97,0.0
GA,2050,21,82,97,0.0
GA,2050,21,83,97,0.0
GA,2050,21,84,97,0.0
GA,2050,21,85,97,0.0
GA,2050,21,86,97,0.0
GA,2050,21,87,97,0.0
GA,2050,21,88,97,0.0
GA,2050,21,89,97,0.0
GA,2050,21,90,97,0.0
GA,2050,21,91,97,0.0
GA,2050,21,92,97,0.0
GA,2050,21,93,97,0.0
GA,2050,21,94,97,0.0
GA,2050,21,95,97,0.0
GA,2050,21,96,97,0.0
GA,2050,21,97,97,0.0
GA,2050,21,98,97,0.0
GA,2050,21,99,97,0.0
GA,2050,21,100,97,0.0
GA,2050,21,101,97,0.0
GA,2050,21,102,97,0.0
GA,2050,21,103,97,0.0
GA,2050,21,104,97,0.0
GA,2050,21,105,97,0.0
GA,2050,21,106,97,0.0
GA,2050,21,107,97,0.0
GA,2050,21,108,97,0.0
GA,2050,21,109,97,0.0
GA,2050,21,110,97,0.0
GA,2050,21,111,97,0.0
GA,2050,21,112,97,0.0
GA,2050,21,113,97,0.0
GA,2050,21,114,97,0.0
GA,2050,21,115,97,0.0
GA,2050,21,116,97,0.0
GA,2050,21,117,97,0.0
GA,2050,21,118,97,0.0
GA,2050,21,119,97,0.0
GA,2050,21,120,97,0.0
GA,2050,21,121,97,0.0
GA,2050,21,122,97,0.0
GA,2050,21,123,97,0.0
GA,2050,21,124,97,0.0
GA,2050,21,125,97,0.0
GA,2050,21,126,97,0.0
GA,2050,21,127,97,0.0
GA,2050,21,128,97,0.0
GA,2050,21,129,97,0.0
GA,2050,21,130,97,0.0
GA,2050,21,131,97,0.0
GA,2050,21,132,97,0.0
GA,2050,21,133,97,0.0
GA,2050,21,134,97,0.0
GA,2050,21,135,97,0.0
GA,2050,21,136,97,0.0
GA,2050,21,137,97,0.0
GA,2050,21,138,97,0.0
GA,2050,21,139,97,0.0
GA,2050,21,140,97,0.0
GA,2050,21,141,97,0.0
GA,2050,21,142,97,0.0
GA,2050,21,143,97,0.0
GA,2050,21,144,97,0.0
GA,2050,21,145,97,0.0
GA,2050,21,146,97,0.0
GA,2050,21,147,97,0.0
GA,2050,21,148,97,0.0
GA,2050,21,149,97,0.0
GA,2050,21,150,97,0.0
GA,2050,21,151,97,0.0
GA,2050,21,152,97,0.0
GA,2050,21,153,97,0.0
GA,2050,21,154,97,0.0
GA,2050,21,155,97,0.0
GA,2050,21,156,97,0.0
GA,2050,21,157,97,0.0
GA,2050,21,158,97,0.0
GA,2050,21,159,97,0.0
GA,2050,21,160,97,0.0
GA,2050,21,161,97,0.0
GA,2050,21,162,97,0.0
GA,2050,21,163,97,0.0
GA,2050,21,164,97,0.0
GA,2050,21,165,97,0.0
GA,2050,21,166,97,0.0
GA,2050,21,167,97,0.0
GA,2050,42,0,97,0.0
GA,2050,42,1,97,0.0
GA,2050,42,2,97,0.0
GA,2050,42,3,97,0.0
GA,2050,42,4,97,0.0
GA,2050,42,5,97,0.0
GA,2050,42,6,97,0.0
GA,2050,42,7,97,0.0
GA,2050,42,8,97,0.0
GA,2050,42,9,97,0.0
GA,2050,42,10,97,0.0
GA,2050,42,11,97,0.0
GA,2050,42,12,97,0.0
GA,2050,42,13,97,0.0
GA,2050,42,14,97,0.0
GA,2050,42,15,97,0.0
GA,2050,42,16,97,0.0
GA,2050,42,17,97,0.0
GA,2050,42,18,97,0.0
GA,2050,42,19,97,0.0
GA,2050,42,20,97,0.0
GA,2050,42,21,97,0.0
GA,2050,42,22,97,0.0
GA,2050,42,23,97,0.0
GA,2050,42,24,97,0.0
GA,2050,42,25,97,0.0
GA,2050,42,26,97,0.0
GA,2050,42,27,97,0.0
GA,2050,42,28,97,0.0
GA,2050,42,29,97,0.0
GA,2050,42,30,97,0.0
GA,2050,42,31,97,0.0
GA,2050,42,32,97,0.0
GA,2050,42,33,97,0.0
GA,2050,42,34,97,0.0
GA,2050,42,35,97,0.0
GA,2050,42,36,97,0.0
GA,2050,42,37,97,0.0
GA,2050,42,38,97,0.0
GA,2050,42,39,97,0.0
GA,2050,42,40,97,0.0
GA,2050,42,41,97,0.0
GA,2050,42,42,97,0.0
GA,2050,42,43,97,0.0
GA,2050,42,44,97,0.0
GA,2050,42,45,97,0.0
GA,2050,42,46,97,0.0
GA,2050,42,47,97,0.0
GA,2050,42,48,97,0.0
GA,2050,42,49,97,0.0
GA,2050,42,50,97,0.0
GA,2050,42,51,97,0.0
GA,2050,42,52,97,0.0
GA,2050,42,53,97,0.0
GA,2050,42,54,97,0.0
GA,2050,42,55,97,0.0
GA,2050,42,56,97,0.0
GA,2050,42,57,97,0.0
GA,2050,42,58,97,0.0
GA,2050,42,59,97,0.0
GA,2050,42,60,97,0.0
GA,2050,42,61,97,0.0
GA,2050,42,62,97,0.0
GA,2050,42,63,97,0.0
GA,2050,42,64,97,0.0
GA,2050,42,65,97,0.0
GA,2050,42,66,97,0.0
GA,2050,42,67,97,0.0
GA,2050,42,68,97,0.0
GA,2050,42,69,97,0.0
GA,2050,42,70,97,0.0
GA,2050,42,71,97,0.0
GA,2050,42,72,97,0.0
GA,2050,42,73,97,0.0
GA,2050,42,74,97,0.0
GA,2050,42,75,97,0.0
GA,2050,42,76,97,0.0
GA,2050,42,77,97,0.0
GA,2050,42,78,97,0.0
GA,2050,42,79,97,0.0
GA,2050,42,80,97,0.0
GA,2050,42,81,97,0.0
GA,2050,42,82,97,0.0
GA,2050,42,83,97,0.0
GA,2050,42,84,97,0.0
GA,2050,42,85,97,0.0
GA,2050,42,86,97,0.0
GA,2050,42,87,97,0.0
GA,2050,42,88,97,0.0
GA,2050,42,89,97,0.0
GA,2050,42,90,97,0.0
GA,2050,42,91,97,0.0
GA,2050,42,92,97,0.0
GA,2050,42,93,97,0.0
GA,2050,42,94,97,0.0
GA,2050,42,95,97,0.0
GA,2050,42,96,97,0.0
GA,2050,42,97,97,0.0
GA,2050,42,98,97,0.0
GA,2050,42,99,97,0.0
GA,2050,42,100,97,0.0
GA,2050,42,101,97,0.0
GA,2050,42,102,97,0.0
GA,2050,42,103,97,0.0
GA,2050,42,104,97,0.0
GA,2050,42,105,97,0.0
GA,2050,42,106,97,0.0
GA,2050,42,107,97,0.0
GA,2050,42,108,97,0.0
GA,2050,42,109,97,0.0
GA,2050,42,110,97,0.0
GA,2050,42,111,97,0.0
GA,2050,42,112,97,0.0
GA,2050,42,113,97,0.0
GA,2050,42,114,97,0.0
GA,2050,42,115,97,0.0
GA,2050,42,116,97,0.0
GA,2050,42,117,97,0.0
GA,2050,42,118,97,0.0
GA,2050,42,119,97,0.0
GA,2050,42,120,97,0.0
GA,2050,42,121,97,0.0
GA,2050,42,122,97,0.0
GA,2050,42,123,97,0.0
GA,2050,42,124,97,0.0
GA,2050,42,125,97,0.0
GA,2050,42,126,97,0.0
GA,2050,42,127,97,0.0
GA,2050,42,128,97,0.0
GA,2050,42,129,97,0.0
GA,2050,42,130,97,0.0
GA,2050,42,131,97,0.0
GA,2050,42,132,97,0.0
GA,2050,42,133,97,0.0
GA,2050,42,134,97,0.0
GA,2050,42,135,97,0.0
GA,2050,42,136,97,0.0
GA,2050,42,137,97,0.0
GA,2050,42,138,97,0.0
GA,2050,42,139,97,0.0
GA,2050,42,140,97,0.0
GA,2050,42,141,97,0.0
GA,2050,42,142,97,0.0
GA,2050,42,143,97,0.0
GA,2050,42,144,97,0.0
GA,2050,42,145,97,0.0
GA,2050,42,146,97,0.0
GA,2050,42,147,97,0.0
GA,2050,42,148,97,0.0
GA,2050,42,149,97,0.0
GA,2050,42,150,97,0.0
GA,2050,42,151,97,0.0
GA,2050,42,152,97,0.0
GA,2050,42,153,97,0.0
GA,2050,42,154,97,0.0
GA,2050,42,155,97,0.0
GA,2050,42,156,97,0.0
GA,2050,42,157,97,0.0
GA,2050,42,158,97,0.0
GA,2050,42,159,97,0.0
GA,2050,42,160,97,0.0
GA,2050,42,161,97,0.0
GA,2050,42,162,97,0.0
GA,2050,42,163,97,0.0
GA,2050,42,164,97,0.0
GA,2050,42,165,97,0.0
GA,2050,42,166,97,0.0
GA,2050,42,167,97,0.0
GA,2050,52,0,97,0.0
GA,2050,52,1,97,0.0
GA,2050,52,2,97,0.0
GA,2050,52,3,97,0.0
GA,2050,52,4,97,0.0
GA,2050,52,5,97,0.0
GA,2050,52,6,97,0.0
GA,2050,52,7,97,0.0
GA,2050,52,8,97,0.0
GA,2050,52,9,97,0.0
GA,2050,52,10,97,0.0
GA,2050,52,11,97,0.0
GA,2050,52,12,97,0.0
GA,2050,52,13,97,0.0
GA,2050,52,14,97,0.0
GA,2050,52,15,97,0.0
GA,2050,52,16,97,0.0
GA,2050,52,17,97,0.0
GA,2050,52,18,97,0.0
GA,2050,52,19,97,0.0
GA,2050,52,20,97,0.0
GA,2050,52,21,97,0.0
GA,2050,52,22,97,0.0
GA,2050,52,23,97,0.0
GA,2050,52,24,97,0.0
GA,2050,52,25,97,0.0
GA,2050,52,26,97,0.0
GA,2050,52,27,97,0.0
GA,2050,52,28,97,0.0
GA,2050,52,29,97,0.0
GA,2050,52,30,97,0.0
GA,2050,52,31,97,0.0
GA,2050,52,32,97,0.0
GA,2050,52,33,97,0.0
GA,2050,52,34,97,0.0
GA,2050,52,35,97,0.0
GA,2050,52,36,97,0.0
GA,2050,52,37,97,0.0
GA,2050,52,38,97,0.0
GA,2050,52,39,97,0.0
GA,2050,52,40,97,0.0
GA,2050,52,41,97,0.0
GA,2050,52,42,97,0.0
GA,2050,52,43,97,0.0
GA,2050,52,44,97,0.0
GA,2050,52,45,97,0.0
GA,2050,52,46,97,0.0
GA,2050,52,47,97,0.0
GA,2050,52,48,97,0.0
GA,2050,52,49,97,0.0
GA,2050,52,50,97,0.0
GA,2050,52,51,97,0.0
GA,2050,52,52,97,0.0
GA,2050,52,53,97,0.0
GA,2050,52,54,97,0.0
GA,2050,52,55,97,0.0
GA,2050,52,56,97,0.0
GA,2050,52,57,97,0.0
GA,2050,52,58,97,0.0
GA,2050,52,59,97,0.0
GA,2050,52,60,97,0.0
GA,2050,52,61,97,0.0
GA,2050,52,62,97,0.0
GA,2050,52,63,97,0.0
GA,2050,52,64,97,0.0
GA,2050,52,65,97,0.0
GA,2050,52,66,97,0.0
GA,2050,52,67,97,0.0
GA,2050,52,68,97,0.0
GA,2050,52,69,97,0.0
GA,2050,52,70,97,0.0
GA,2050,52,71,97,0.0
GA,2050,52,72,97,0.0
GA,2050,52,73,97,0.0
GA,2050,52,74,97,0.0
GA,2050,52,75,97,0.0
GA,2050,52,76,97,0.0
GA,2050,52,77,97,0.0
GA,2050,52,78,97,0.0
GA,2050,52,79,97,0.0
GA,2050,52,80,97,0.0
GA,2050,52,81,97,0.0
GA,2050,52,82,97,0.0
GA,2050,52,83,97,0.0
GA,2050,52,84,97,0.0
GA,2050,52,85,97,0.0
GA,2050,52,86,97,0.0
GA,2050,52,87,97,0.0
GA,2050,52,88,97,0.0
GA,2050,52,89,97,0.0
GA,2050,52,90,97,0.0
GA,2050,52,91,97,0.0
GA,2050,52,92,97,0.0
GA,2050,52,93,97,0.0
GA,2050,52,94,97,0.0
GA,2050,52,95,97,0.0
GA,2050,52,96,97,0.0
GA,2050,52,97,97,0.0
GA,2050,52,98,97,0.0
GA,2050,52,99,97,0.0
GA,2050,52,100,97,0.0
GA,2050,52,101,97,0.0
GA,2050,52,102,97,0.0
GA,2050,52,103,97,0.0
GA,2050,52,104,97,0.0
GA,2050,52,105,97,0.0
GA,2050,52,106,97,0.0
GA,2050,52,107,97,0.0
GA,2050,52,108,97,0.0
GA,2050,52,109,97,0.0
GA,2050,52,110,97,0.0
GA,2050,52,111,97,0.0
GA,2050,52,112,97,0.0
GA,2050,52,113,97,0.0
GA,2050,52,114,97,0.0
GA,2050,52,115,97,0.0
GA,2050,52,116,97,0.0
GA,2050,52,117,97,0.0
GA,2050,52,118,97,0.0
GA,2050,52,119,97,0.0
GA,2050,52,120,97,0.0
GA,2050,52,121,97,0.0
GA,2050,52,122,97,0.0
GA,2050,52,123,97,0.0
GA,2050,52,124,97,0.0
GA,2050,52,125,97,0.0
GA,2050,52,126,97,0.0
GA,2050,52,127,97,0.0
GA,2050,52,128,97,0.0
GA,2050,52,129,97,0.0
GA,2050,52,130,97,0.0
GA,2050,52,131,97,0.0
GA,2050,52,132,97,0.0
GA,2050,52,133,97,0.0
GA,2050,52,134,97,0.0
GA,2050,52,135,97,0.0
GA,2050,52,136,97,0.0
GA,2050,52,137,97,0.0
GA,2050,52,138,97,0.0
GA,2050,52,139,97,0.0
GA,2050,52,140,97,0.0
GA,2050,52,141,97,0.0
GA,2050,52,142,97,0.0
GA,2050,52,143,97,0.0
GA,2050,52,144,97,0.0
GA,2050,52,145,97,0.0
GA,2050,52,146,97,0.0
GA,2050,52,147,97,0.0
GA,2050,52,148,97,0.0
GA,2050,52,149,97,0.0
GA,2050,52,150,97,0.0
GA,2050,52,151,97,0.0
GA,2050,52,152,97,0.0
GA,2050,52,153,97,0.0
GA,2050,52,154,97,0.0
GA,2050,52,155,97,0.0
GA,2050,52,156,97,0.0
GA,2050,52,157,97,0.0
GA,2050,52,158,97,0.0
GA,2050,52,159,97,0.0
GA,2050,52,160,97,0.0
GA,2050,52,161,97,0.0
GA,2050,52,162,97,0.0
GA,2050,52,163,97,0.0
GA,2050,52,164,97,0.0
GA,2050,52,165,97,0.0
GA,2050,52,166,97,0.0
GA,2050,52,167,97,0.0
DE,2050,11,0,97,0.0
DE,2050,11,1,97,0.0
DE,2050,11,2,97,0.0
DE,2050,11,3,97,0.0
DE,2050,11,4,97,0.0
DE,2050,11,5,97,0.0
DE,2050,11,6,97,0.0
DE,2050,11,7,97,0.0
DE,2050,11,8,97,0.0
DE,2050,11,9,97,0.0
DE,2050,11,10,97,0.0
DE,2050,11,11,97,0.0
DE,2050,11,12,97,0.0
DE,2050,11,13,97,0.0
DE,2050,11,14,97,0.0
DE,2050,11,15,97,0.0
DE,2050,11,16,97,0.0
DE,2050,11,17,97,0.0
DE,2050,11,18,97,0.0
DE,2050,11,19,97,0.0
DE,2050,11,20,97,0.0
DE,2050,11,21,97,0.0
DE,2050,11,22,97,0.0
DE,2050,11,23,97,0.0
DE,2050,11,24,97,0.0
DE,2050,11,25,97,0.0
DE,2050,11,26,97,0.0
DE,2050,11,27,97,0.0
DE,2050,11,28,97,0.0
DE,2050,11,29,97,0.0
DE,2050,11,30,97,0.0
DE,2050,11,31,97,0.0
DE,2050,11,32,97,0.0
DE,2050,11,33,97,0.0
DE,2050,11,34,97,0.0
DE,2050,11,35,97,0.0
DE,2050,11,36,97,0.0
DE,2050,11,37,97,0.0
DE,2050,11,38,97,0.0
DE,2050,11,39,97,0.0
DE,2050,11,40,97,0.0
DE,2050,11,41,97,0.0
DE,2050,11,42,97,0.0
DE,2050,11,43,97,0.0
DE,2050,11,44,97,0.0
DE,2050,11,45,97,0.0
DE,2050,11,46,97,0.0
DE,2050,11,47,97,0.0
DE,2050,11,48,97,0.0
DE,2050,11,49,97,0.0
DE,2050,11,50,97,0.0
DE,2050,11,51,97,0.0
DE,2050,11,52,97,0.0
DE,2050,11,53,97,0.0
DE,2050,11,54,97,0.0
DE,2050,11,55,97,0.0
DE,2050,11,56,97,0.0
DE,2050,11,57,97,0.0
DE,2050,11,58,97,0.0
DE,2050,11,59,97,0.0
DE,2050,11,60,97,0.0
DE,2050,11,61,97,0.0
DE,2050,11,62,97,0.0
DE,2050,11,63,97,0.0
DE,2050,11,64,97,0.0
DE,2050,11,65,97,0.0
DE,2050,11,66,97,0.0
DE,2050,11,67,97,0.0
DE,2050,11,68,97,0.0
DE,2050,11,69,97,0.0
DE,2050,11,70,97,0.0
DE,2050,11,71,97,0.0
DE,2050,11,72,97,0.0
DE,2050,11,73,97,0.0
DE,2050,11,74,97,0.0
DE,2050,11,75,97,0.0
DE,2050,11,76,97,0.0
DE,2050,11,77,97,0.0
DE,2050,11,78,97,0.0
DE,2050,11,79,97,0.0
DE,2050,11,80,97,0.0
DE,2050,11,81,97,0.0
DE,2050,11,82,97,0.0
DE,2050,11,83,97,0.0
DE,2050,11,84,97,0.0
DE,2050,11,85,97,0.0
DE,2050,11,86,97,0.0
DE,2050,11,87,97,0.0
DE,2050,11,88,97,0.0
DE,2050,11,89,97,0.0
DE,2050,11,90,97,0.0
DE,2050,11,91,97,0.0
DE,2050,11,92,97,0.0
DE,2050,11,93,97,0.0
DE,2050,11,94,97,0.0
DE,2050,11,95,97,0.0
DE,2050,11,96,97,0.0
DE,2050,11,97,97,0.0
DE,2050,11,98,97,0.0
DE,2050,11,99,97,0.0
DE,2050,11,100,97,0.0
DE,2050,11,101,97,0.0
DE,2050,11,102,97,0.0
DE,2050,11,103,97,0.0
DE,2050,11,104,97,0.0
DE,2050,11,105,97,0.0
DE,2050,11,106,97,0.0
DE,2050,11,107,97,0.0
DE,2050,11,108,97,0.0
DE,2050,11,109,97,0.0
DE,2050,11,110,97,0.0
DE,2050,11,111,97,0.0
DE,2050,11,112,97,0.0
DE,2050,11,113,97,0.0
DE,2050,11,114,97,0.0
DE,2050,11,115,97,0.0
DE,2050,11,116,97,0.0
DE,2050,11,117,97,0.0
DE,2050,11,118,97,0.0
DE,2050,11,119,97,0.0
DE,2050,11,120,97,0.0
DE,2050,11,121,97,0.0
DE,2050,11,122,97,0.0
DE,2050,11,123,97,0.0
DE,2050,11,124,97,0.0
DE,2050,11,125,97,0.0
DE,2050,11,126,97,0.0
DE,2050,11,127,97,0.0
DE,2050,11,128,97,0.0
DE,2050,11,129,97,0.0
DE,2050,11,130,97,0.0
DE,2050,11,131,97,0.0
DE,2050,11,132,97,0.0
DE,2050,11,133,97,0.0
DE,2050,11,134,97,0.0
DE,2050,11,135,97,0.0
DE,2050,11,136,97,0.0
DE,2050,11,137,97,0.0
DE,2050,11,138,97,0.0
DE,2050,11,139,97,0.0
DE,2050,11,140,97,0.0
DE,2050,11,141,97,0.0
DE,2050,11,142,97,0.0
DE,2050,11,143,97,0.0
DE,2050,11,144,97,0.0
DE,2050,11,145,97,0.0
DE,2050,11,146,97,0.0
DE,2050,11,147,97,0.0
DE,2050,11,148,97,0.0
DE,2050,11,149,97,0.0
DE,2050,11,150,97,0.0
DE,2050,11,151,97,0.0
DE,2050,11,152,97,0.0
DE,2050,11,153,97,0.0
DE,2050,11,154,97,0.0
DE,2050,11,155,97,0.0
DE,2050,11,156,97,0.0
DE,2050,11,157,97,0.0
DE,2050,11,158,97,0.0
DE,2050,11,159,97,0.0
DE,2050,11,160,97,0.0
DE,2050,11,161,97,0.0
DE,2050,11,162,97,0.0
DE,2050,11,163,97,0.0
DE,2050,11,164,97,0.0
DE,2050,11,165,97,0.0
DE,2050,11,166,97,0.0
DE,2050,11,167,97,0.0
DE,2050,21,0,97,0.0
DE,2050,21,1,97,0.0
DE,2050,21,2,97,0.0
DE,2050,21,3,97,0.0
DE,2050,21,4,97,0.0
DE,2050,21,5,97,0.0
DE,2050,21,6,97,0.0
DE,2050,21,7,97,0.0
DE,2050,21,8,97,0.0
DE,2050,21,9,97,0.0
DE,2050,21,10,97,0.0
DE,2050,21,11,97,0.0
DE,2050,21,12,97,0.0
DE,2050,21,13,97,0.0
DE,2050,21,14,97,0.0
DE,2050,21,15,97,0.0
DE,2050,21,16,97,0.0
DE,2050,21,17,97,0.0
DE,2050,21,18,97,0.0
DE,2050,21,19,97,0.0
DE,2050,21,20,97,0.0
DE,2050,21,21,97,0.0
DE,2050,21,22,97,0.0
DE,2050,21,23,97,0.0
DE,2050,21,24,97,0.0
DE,2050,21,25,97,0.0
DE,2050,21,26,97,0.0
DE,2050,21,27,97,0.0
DE,2050,21,28,97,0.0
DE,2050,21,29,97,0.0
DE,2050,21,30,97,0.0
DE,2050,21,31,97,0.0
DE,2050,21,32,97,0.0
DE,2050,21,33,97,0.0
DE,2050,21,34,97,0.0
DE,2050,21,35,97,0.0
DE,2050,21,36,97,0.0
DE,2050,21,37,97,0.0
DE,2050,21,38,97,0.0
DE,2050,21,39,97,0.0
DE,2050,21,40,97,0.0
DE,2050,21,41,97,0.0
DE,2050,21,42,97,0.0
DE,2050,21,43,97,0.0
DE,2050,21,44,97,0.0
DE,2050,21,45,97,0.0
DE,2050,21,46,97,0.0
DE,2050,21,47,97,0.0
DE,2050,21,48,97,0.0
DE,2050,21,49,97,0.0
DE,2050,21,50,97,0.0
DE,2050,21,51,97,0.0
DE,2050,21,52,97,0.0
DE,2050,21,53,97,0.0
DE,2050,21,54,97,0.0
DE,2050,21,55,97,0.0
DE,2050,21,56,97,0.0
DE,2050,21,57,97,0.0
DE,2050,21,58,97,0.0
DE,2050,21,59,97,0.0
DE,2050,21,60,97,0.0
DE,2050,21,61,97,0.0
DE,2050,21,62,97,0.0
DE,2050,21,63,97,0.0
DE,2050,21,64,97,0.0
DE,2050,21,65,97,0.0
DE,2050,21,66,97,0.0
DE,2050,21,67,97,0.0
DE,2050,21,68,97,0.0
DE,2050,21,69,97,0.0
DE,2050,21,70,97,0.0
DE,2050,21,71,97,0.0
DE,2050,21,72,97,0.0
DE,2050,21,73,97,0.0
DE,2050,21,74,97,0.0
DE,2050,21,75,97,0.0
DE,2050,21,76,97,0.0
DE,2050,21,77,97,0.0
DE,2050,21,78,97,0.0
DE,2050,21,79,97,0.0
DE,2050,21,80,97,0.0
DE,2050,21,81,97,0.0
DE,2050,21,82,97,0.0
DE,2050,21,83,97,0.0
DE,2050,21,84,97,0.0
DE,2050,21,85,97,0.0
DE,2050,21,86,97,0.0
DE,2050,21,87,97,0.0
DE,2050,21,88,97,0.0
DE,2050,21,89,97,0.0
DE,2050,21,90,97,0.0
DE,2050,21,91,97,0.0
DE,2050,21,92,97,0.0
DE,2050,21,93,97,0.0
DE,2050,21,94,97,0.0
DE,2050,21,95,97,0.0
DE,2050,21,96,97,0.0
DE,2050,21,97,97,0.0
DE,2050,21,98,97,0.0
DE,2050,21,99,97,0.0
DE,2050,21,100,97,0.0
DE,2050,21,101,97,0.0
DE,2050,21,102,97,0.0
DE,2050,21,103,97,0.0
DE,2050,21,104,97,0.0
DE,2050,21,105,97,0.0
DE,2050,21,106,97,0.0
DE,2050,21,107,97,0.0
DE,2050,21,108,97,0.0
DE,2050,21,109,97,0.0
DE,2050,21,110,97,0.0
DE,2050,21,111,97,0.0
DE,2050,21,112,97,0.0
DE,2050,21,113,97,0.0
DE,2050,21,114,97,0.0
DE,2050,21,115,97,0.0
DE,2050,21,116,97,0.0
DE,2050,21,117,97,0.0
DE,2050,21,118,97,0.0
DE,2050,21,119,97,0.0
DE,2050,21,120,97,0.0
DE,2050,21,121,97,0.0
DE,2050,21,122,97,0.0
DE,2050,21,123,97,0.0
DE,2050,21,124,97,0.0
DE,2050,21,125,97,0.0
DE,2050,21,126,97,0.0
DE,2050,21,127,97,0.0
DE,2050,21,128,97,0.0
DE,2050,21,129,97,0.0
DE,2050,21,130,97,0.0
DE,2050,21,131,97,0.0
DE,2050,21,132,97,0.0
DE,2050,21,133,97,0.0
DE,2050,21,134,97,0.0
DE,2050,21,135,97,0.0
DE,2050,21,136,97,0.0
DE,2050,21,137,97,0.0
DE,2050,21,138,97,0.0
DE,2050,21,139,97,0.0
DE,2050,21,140,97,0.0
DE,2050,21,141,97,0.0
DE,2050,21,142,97,0.0
DE,2050,21,143,97,0.0
DE,2050,21,144,97,0.0
DE,2050,21,145,97,0.0
DE,2050,21,146,97,0.0
DE,2050,21,147,97,0.0
DE,2050,21,148,97,0.0
DE,2050,21,149,97,0.0
DE,2050,21,150,97,0.0
DE,2050,21,151,97,0.0
DE,2050,21,152,97,0.0
DE,2050,21,153,97,0.0
DE,2050,21,154,97,0.0
DE,2050,21,155,97,0.0
DE,2050,21,156,97,0.0
DE,2050,21,157,97,0.0
DE,2050,21,158,97,0.0
DE,2050,21,159,97,0.0
DE,2050,21,160,97,0.0
DE,2050,21,161,97,0.0
DE,2050,21,162,97,0.0
DE,2050,21,163,97,0.0
DE,2050,21,164,97,0.0
DE,2050,21,165,97,0.0
DE,2050,21,166,97,0.0
DE,2050,21,167,97,0.0
DE,2050,42,0,97,0.0
DE,2050,42,1,97,0.0
DE,2050,42,2,97,0.0
DE,2050,42,3,97,0.0
DE,2050,42,4,97,0.0
DE,2050,42,5,97,0.0
DE,2050,42,6,97,0.0
DE,2050,42,7,97,0.0
DE,2050,42,8,97,0.0
DE,2050,42,9,97,0.0
DE,2050,42,10,97,0.0
DE,2050,42,11,97,0.0
DE,2050,42,12,97,0.0
DE,2050,42,13,97,0.0
DE,2050,42,14,97,0.0
DE,2050,42,15,97,0.0
DE,2050,42,16,97,0.0
DE,2050,42,17,97,0.0
DE,2050,42,18,97,0.0
DE,2050,42,19,97,0.0
DE,2050,42,20,97,0.0
DE,2050,42,21,97,0.0
DE,2050,42,22,97,0.0
DE,2050,42,23,97,0.0
DE,2050,42,24,97,0.0
DE,2050,42,25,97,0.0
DE,2050,42,26,97,0.0
DE,2050,42,27,97,0.0
DE,2050,42,28,97,0.0
DE,2050,42,29,97,0.0
DE,2050,42,30,97,0.0
DE,2050,42,31,97,0.0
DE,2050,42,32,97,0.0
DE,2050,42,33,97,0.0
DE,2050,42,34,97,0.0
DE,2050,42,35,97,0.0
DE,2050,42,36,97,0.0
DE,2050,42,37,97,0.0
DE,2050,42,38,97,0.0
DE,2050,42,39,97,0.0
DE,2050,42,40,97,0.0
DE,2050,42,41,97,0.0
DE,2050,42,42,97,0.0
DE,2050,42,43,97,0.0
DE,2050,42,44,97,0.0
DE,2050,42,45,97,0.0
DE,2050,42,46,97,0.0
DE,2050,42,47,97,0.0
DE,2050,42,48,97,0.0
DE,2050,42,49,97,0.0
DE,2050,42,50,97,0.0
DE,2050,42,51,97,0.0
DE,2050,42,52,97,0.0
DE,2050,42,53,97,0.0
DE,2050,42,54,97,0.0
DE,2050,42,55,97,0.0
DE,2050,42,56,97,0.0
DE,2050,42,57,97,0.0
DE,2050,42,58,97,0.0
DE,2050,42,59,97,0.0
DE,2050,42,60,97,0.0
DE,2050,42,61,97,0.0
DE,2050,42,62,97,0.0
DE,2050,42,63,97,0.0
DE,2050,42,64,97,0.0
DE,2050,42,65,97,0.0
DE,2050,42,66,97,0.0
DE,2050,42,67,97,0.0
DE,2050,42,68,97,0.0
DE,2050,42,69,97,0.0
DE,2050,42,70,97,0.0
DE,2050,42,71,97,0.0
DE,2050,42,72,97,0.0
DE,2050,42,73,97,0.0
DE,2050,42,74,97,0.0
DE,2050,42,75,97,0.0
DE,2050,42,76,97,0.0
DE,2050,42,77,97,0.0
DE,2050,42,78,97,0.0
DE,2050,42,79,97,0.0
DE,2050,42,80,97,0.0
DE,2050,42,81,97,0.0
DE,2050,42,82,97,0.0
DE,2050,42,83,97,0.0
DE,2050,42,84,97,0.0
DE,2050,42,85,97,0.0
DE,2050,42,86,97,0.0
DE,2050,42,87,97,0.0
DE,2050,42,88,97,0.0
DE,2050,42,89,97,0.0
DE,2050,42,90,97,0.0
DE,2050,42,91,97,0.0
DE,2050,42,92,97,0.0
DE,2050,42,93,97,0.0
DE,2050,42,94,97,0.0
DE,2050,42,95,97,0.0
DE,2050,42,96,97,0.0
DE,2050,42,97,97,0.0
DE,2050,42,98,97,0.0
DE,2050,42,99,97,0.0
DE,2050,42,100,97,0.0
DE,2050,42,101,97,0.0
DE,2050,42,102,97,0.0
DE,2050,42,103,97,0.0
DE,2050,42,104,97,0.0
DE,2050,42,105,97,0.0
DE,2050,42,106,97,0.0
DE,2050,42,107,97,0.0
DE,2050,42,108,97,0.0
DE,2050,42,109,97,0.0
DE,2050,42,110,97,0.0
DE,2050,42,111,97,0.0
DE,2050,42,112,97,0.0
DE,2050,42,113,97,0.0
DE,2050,42,114,97,0.0
DE,2050,42,115,97,0.0
DE,2050,42,116,97,0.0
DE,2050,42,117,97,0.0
DE,2050,42,118,97,0.0
DE,2050,42,119,97,0.0
DE,2050,42,120,97,0.0
DE,2050,42,121,97,0.0
DE,2050,42,122,97,0.0
DE,2050,42,123,97,0.0
DE,2050,42,124,97,0.0
DE,2050,42,125,97,0.0
DE,2050,42,126,97,0.0
DE,2050,42,127,97,0.0
DE,2050,42,128,97,0.0
DE,2050,42,129,97,0.0
DE,2050,42,130,97,0.0
DE,2050,42,131,97,0.0
DE,2050,42,132,97,0.0
DE,2050,42,133,97,0.0
DE,2050,42,134,97,0.0
DE,2050,42,135,97,0.0
DE,2050,42,136,97,0.0
DE,2050,42,137,97,0.0
DE,2050,42,138,97,0.0
DE,2050,42,139,97,0.0
DE,2050,42,140,97,0.0
DE,2050,42,141,97,0.0
DE,2050,42,142,97,0.0
DE,2050,42,143,97,0.0
DE,2050,42,144,97,0.0
DE,2050,42,145,97,0.0
DE,2050,42,146,97,0.0
DE,2050,42,147,97,0.0
DE,2050,42,148,97,0.0
DE,2050,42,149,97,0.0
DE,2050,42,150,97,0.0
DE,2050,42,151,97,0.0
DE,2050,42,152,97,0.0
DE,2050,42,153,97,0.0
DE,2050,42,154,97,0.0
DE,2050,42,155,97,0.0
DE,2050,42,156,97,0.0
DE,2050,42,157,97,0.0
DE,2050,42,158,97,0.0
DE,2050,42,159,97,0.0
DE,2050,42,160,97,0.0
DE,2050,42,161,97,0.0
DE,2050,42,162,97,0.0
DE,2050,42,163,97,0.0
DE,2050,42,164,97,0.0
DE,2050,42,165,97,0.0
DE,2050,42,166,97,0.0
DE,2050,42,167,97,0.0
DE,2050,52,0,97,0.0
DE,2050,52,1,97,0.0
DE,2050,52,2,97,0.0
DE,2050,52,3,97,0.0
DE,2050,52,4,97,0.0
DE,2050,52,5,97,0.0
DE,2050,52,6,97,0.0
DE,2050,52,7,97,0.0
DE,2050,52,8,97,0.0
DE,2050,52,9,97,0.0
DE,2050,52,10,97,0.0
DE,2050,52,11,97,0.0
DE,2050,52,12,97,0.0
DE,2050,52,13,97,0.0
DE,2050,52,14,97,0.0
DE,2050,52,15,97,0.0
DE,2050,52,16,97,0.0
DE,2050,52,17,97,0.0
DE,2050,52,18,97,0.0
DE,2050,52,19,97,0.0
DE,2050,52,20,97,0.0
DE,2050,52,21,97,0.0
DE,2050,52,22,97,0.0
DE,2050,52,23,97,0.0
DE,2050,52,24,97,0.0
DE,2050,52,25,97,0.0
DE,2050,52,26,97,0.0
DE,2050,52,27,97,0.0
DE,2050,52,28,97,0.0
DE,2050,52,29,97,0.0
DE,2050,52,30,97,0.0
DE,2050,52,31,97,0.0
DE,2050,52,32,97,0.0
DE,2050,52,33,97,0.0
DE,2050,52,34,97,0.0
DE,2050,52,35,97,0.0
DE,2050,52,36,97,0.0
DE,2050,52,37,97,0.0
DE,2050,52,38,97,0.0
DE,2050,52,39,97,0.0
DE,2050,52,40,97,0.0
DE,2050,52,41,97,0.0
DE,2050,52,42,97,0.0
DE,2050,52,43,97,0.0
DE,2050,52,44,97,0.0
DE,2050,52,45,97,0.0
DE,2050,52,46,97,0.0
DE,2050,52,47,97,0.0
DE,2050,52,48,97,0.0
DE,2050,52,49,97,0.0
DE,2050,52,50,97,0.0
DE,2050,52,51,97,0.0
DE,2050,52,52,97,0.0
DE,2050,52,53,97,0.0
DE,2050,52,54,97,0.0
DE,2050,52,55,97,0.0
DE,2050,52,56,97,0.0
DE,2050,52,57,97,0.0
DE,2050,52,58,97,0.0
DE,2050,52,59,97,0.0
DE,2050,52,60,97,0.0
DE,2050,52,61,97,0.0
DE,2050,52,62,97,0.0
DE,2050,52,63,97,0.0
DE,2050,52,64,97,0.0
DE,2050,52,65,97,0.0
DE,2050,52,66,97,0.0
DE,2050,52,67,97,0.0
DE,2050,52,68,97,0.0
DE,2050,52,69,97,0.0
DE,2050,52,70,97,0.0
DE,2050,52,71,97,0.0
DE,2050,52,72,97,0.0
DE,2050,52,73,97,0.0
DE,2050,52,74,97,0.0
DE,2050,52,75,97,0.0
DE,2050,52,76,97,0.0
DE,2050,52,77,97,0.0
DE,2050,52,78,97,0.0
DE,2050,52,79,97,0.0
DE,2050,52,80,97,0.0
DE,2050,52,81,97,0.0
DE,2050,52,82,97,0.0
DE,2050,52,83,97,0.0
DE,2050,52,84,97,0.0
DE,2050,52,85,97,0.0
DE,2050,52,86,97,0.0
DE,2050,52,87,97,0.0
DE,2050,52,88,97,0.0
DE,2050,52,89,97,0.0
DE,2050,52,90,97,0.0
DE,2050,52,91,97,0.0
DE,2050,52,92,97,0.0
DE,2050,52,93,97,0.0
DE,2050,52,94,97,0.0
DE,2050,52,95,97,0.0
DE,2050,52,96,97,0.0
DE,2050,52,97,97,0.0
DE,2050,52,98,97,0.0
DE,2050,52,99,97,0.0
DE,2050,52,100,97,0.0
DE,2050,52,101,97,0.0
DE,2050,52,102,97,0.0
DE,2050,52,103,97,0.0
DE,2050,52,104,97,0.0
DE,2050,52,105,97,0.0
DE,2050,52,106,97,0.0
DE,2050,52,107,97,0.0
DE,2050,52,108,97,0.0
DE,2050,52,109,97,0.0
DE,2050,52,110,97,0.0
DE,2050,52,111,97,0.0
DE,2050,52,112,97,0.0
DE,2050,52,113,97,0.0
DE,2050,52,114,97,0.0
DE,2050,52,115,97,0.0
DE,2050,52,116,97,0.0
DE,2050,52,117,97,0.0
DE,2050,52,118,97,0.0
DE,2050,52,119,97,0.0
DE,2050,52,120,97,0.0
DE,2050,52,121,97,0.0
DE,2050,52,122,97,0.0
DE,2050,52,123,97,0.0
DE,2050,52,124,97,0.0
DE,2050,52,125,97,0.0
DE,2050,52,126,97,0.0
DE,2050,52,127,97,0.0
DE,2050,52,128,97,0.0
DE,2050,52,129,97,0.0
DE,2050,52,130,97,0.0
DE,2050,52,131,97,0.0
DE,2050,52,132,97,0.0
DE,2050,52,133,97,0.0
DE,2050,52,134,97,0.0
DE,2050,52,135,97,0.0
DE,2050,52,136,97,0.0
DE,2050,52,137,97,0.0
DE,2050,52,138,97,0.0
DE,2050,52,139,97,0.0
DE,2050,52,140,97,0.0
DE,2050,52,141,97,0.0
DE,2050,52,142,97,0.0
DE,2050,52,143,97,0.0
DE,2050,52,144,97,0.0
DE,2050,52,145,97,0.0
DE,2050,52,146,97,0.0
DE,2050,52,147,97,0.0
DE,2050,52,148,97,0.0
DE,2050,52,149,97,0.0
DE,2050,52,150,97,0.0
DE,2050,52,151,97,0.0
DE,2050,52,152,97,0.0
DE,2050,52,153,97,0.0
DE,2050,52,154,97,0.0
DE,2050,52,155,97,0.0
DE,2050,52,156,97,0.0
DE,2050,52,157,97,0.0
DE,2050,52,158,97,0.0
DE,2050,52,159,97,0.0
DE,2050,52,160,97,0.0
DE,2050,52,161,97,0.0
DE,2050,52,162,97,0.0
DE,2050,52,163,97,0.0
DE,2050,52,164,97,0.0
DE,2050,52,165,97,0.0
DE,2050,52,166,97,0.0
DE,2050,52,167,97,0.0
NT,2025,11,0,99,0.0
NT,2025,11,1,99,9.324974619931752e-05
NT,2025,11,2,99,9.324974619931752e-05
NT,2025,11,3,99,9.324974619931752e-05
NT,2025,11,4,99,9.324974619931752e-05
NT,2025,11,5,99,9.324974619931752e-05
NT,2025,11,6,99,9.386935359210627e-05
NT,2025,11,7,99,9.386935359210627e-05
NT,2025,11,8,99,9.324974619931752e-05
NT,2025,11,9,99,9.299700677868263e-05
NT,2025,11,10,99,9.299700677868263e-05
NT,2025,11,11,99,9.299700677868263e-05
NT,2025,11,12,99,9.299700677868263e-05
NT,2025,11,13,99,9.299700677868263e-05
NT,2025,11,14,99,9.300088367350424e-05
NT,2025,11,15,99,9.300476072994664e-05
NT,2025,11,16,99,9.300863794801836e-05
NT,2025,11,17,99,9.324974619931752e-05
NT,2025,11,18,99,9.324974619931752e-05
NT,2025,11,19,99,9.386935359210627e-05
NT,2025,11,20,99,9.386935359210627e-05
NT,2025,11,21,99,9.387085316308843e-05
NT,2025,11,22,99,9.386935359210627e-05
NT,2025,11,23,99,9.355557266383108e-05
NT,2025,11,24,99,9.386935359210627e-05
NT,2025,11,25,99,9.387085316308843e-05
NT,2025,11,26,99,9.387085316308843e-05
NT,2025,11,27,99,9.412777117949865e-05
NT,2025,11,28,99,9.413290432504654e-05
NT,2025,11,29,99,9.413290432504654e-05
NT,2025,11,30,99,9.489490487620806e-05
NT,2025,11,31,99,9.528557406697437e-05
NT,2025,11,32,99,9.413290432504654e-05
NT,2025,11,33,99,9.412777117949865e-05
NT,2025,11,34,99,9.412777117949865e-05
NT,2025,11,35,99,9.412777117949865e-05
NT,2025,11,36,99,9.412777117949865e-05
NT,2025,11,37,99,9.412777117949865e-05
NT,2025,11,38,99,9.412777117949865e-05
NT,2025,11,39,99,9.412777117949865e-05
NT,2025,11,40,99,9.412777117950078e-05
NT,2025,11,41,99,9.489490487620806e-05
NT,2025,11,42,99,0.00010097746444615698
NT,2025,11,43,99,0.00010098167403335332
NT,2025,11,44,99,0.00010098588379604001
NT,2025,11,45,99,0.00010099009373422346
NT,2025,11,46,99,9.489490487620806e-05
NT,2025,11,47,99,9.412777117949865e-05
NT,2025,11,48,99,9.387085316308843e-05
NT,2025,11,49,99,9.324974619931752e-05
NT,2025,11,50,99,9.324974619931752e-05
NT,2025,11,51,99,9.324974619931752e-05
NT,2025,11,52,99,9.324974619931752e-05
NT,2025,11,53,99,9.324974619931752e-05
NT,2025,11,54,99,9.386935359210627e-05
NT,2025,11,55,99,9.387085316308843e-05
NT,2025,11,56,99,9.386935359210627e-05
NT,2025,11,57,99,9.324974619931752e-05
NT,2025,11,58,99,9.299700677868263e-05
NT,2025,11,59,99,9.299700677868263e-05
NT,2025,11,60,99,9.299700677868263e-05
NT,2025,11,61,99,9.299660379884166e-05
NT,2025,11,62,99,9.299700677868263e-05
NT,2025,11,63,99,9.300088367350424e-05
NT,2025,11,64,99,9.300476072994664e-05
NT,2025,11,65,99,9.355557266383108e-05
NT,2025,11,66,99,9.412777117950078e-05
NT,2025,11,67,99,9.413290432504654e-05
NT,2025,11,68,99,9.413290432504654e-05
NT,2025,11,69,99,9.413290432504654e-05
NT,2025,11,70,99,9.413290432504654e-05
NT,2025,11,71,99,9.387085316308843e-05
NT,2025,11,72,99,9.381824241495812e-05
NT,2025,11,73,99,9.381824241495812e-05
NT,2025,11,74,99,9.381824241495812e-05
NT,2025,11,75,99,9.381824241495812e-05
NT,2025,11,76,99,9.387085316308843e-05
NT,2025,11,77,99,9.413290432504654e-05
NT,2025,11,78,99,9.489490487620806e-05
NT,2025,11,79,99,9.522227686045462e-05
NT,2025,11,80,99,9.489490487620806e-05
NT,2025,11,81,99,9.381824241495812e-05
NT,2025,11,82,99,9.307457539087116e-05
NT,2025,11,83,99,9.307845551940105e-05
NT,2025,11,84,99,9.3082335809688e-05
NT,2025,11,85,99,9.308621626173841e-05
NT,2025,11,86,99,9.309009687555865e-05
NT,2025,11,87,99,9.324270847474363e-05
NT,2025,11,88,99,9.412777117949865e-05
NT,2025,11,89,99,9.455288226760397e-05
NT,2025,11,90,99,0.3489153317986265
NT,2025,11,91,99,0.34892987751455457
NT,2025,11,92,99,0.3489444238368752
NT,2025,11,93,99,0.3451854197517729
NT,2025,11,94,99,0.3489735183007724
NT,2025,11,95,99,0.3474015148236877
NT,2025,11,96,99,0.33386518188294945
NT,2025,11,97,99,0.32182244511812885
NT,2025,11,98,99,0.33764725690184044
NT,2025,11,99,99,0.3218492781920123
NT,2025,11,100,99,0.33794445591509875
NT,2025,11,101,99,0.34907536802932193
NT,2025,11,102,99,0.34908992041691067
NT,2025,11,103,99,0.34910447341114487
NT,2025,11,104,99,0.34911902701209424
NT,2025,11,105,99,0.33454250783548206
NT,2025,11,106,99,0.3206429653455378
NT,2025,11,107,99,0.3206563324322391
NT,2025,11,108,99,0.3206697000761803
NT,2025,11,109,99,0.32068306827740506
NT,2025,11,110,99,0.32069643703591333
NT,2025,11,111,99,0.32070980635176616
NT,2025,11,112,99,0.35836557756361076
NT,2025,11,113,99,0.3583805172450112
NT,2025,11,114,99,0.3583954575492087
NT,2025,11,115,99,0.3584103984762556
NT,2025,11,116,99,0.3584253400261606
NT,2025,11,117,99,0.35844028219894986
NT,2025,11,118,99,0.35845522499464955
NT,2025,11,119,99,0.35847016841330326
NT,2025,11,120,99,0.34363311410880254
NT,2025,11,121,99,0.35528411568713186
NT,2025,11,122,99,0.35528411568713186
NT,2025,11,123,99,0.32249003392839454
NT,2025,11,124,99,0.27793947768517036
NT,2025,11,125,99,0.3014385537647672
NT,2025,11,126,99,9.588333904595306e-05
NT,2025,11,127,99,9.588733626730058e-05
NT,2025,11,128,99,9.501879612079226e-05
NT,2025,11,129,99,9.489490487620806e-05
NT,2025,11,130,99,9.488699334069155e-05
NT,2025,11,131,99,9.48909490259978e-05
NT,2025,11,132,99,9.489490487620806e-05
NT,2025,11,133,99,9.489886089133085e-05
NT,2025,11,134,99,9.490281707137469e-05
NT,2025,11,135,99,9.490677341634596e-05
NT,2025,11,136,99,9.501879612079226e-05
NT,2025,11,137,99,0.34120689112539726
NT,2025,11,138,99,0.3412211154889033
NT,2025,11,139,99,0.34123534044538867
NT,2025,11,140,99,0.341249565994897
NT,2025,11,141,99,0.3412637921374457
NT,2025,11,142,99,0.34127801887306963
NT,2025,11,143,99,0.34129224620176885
NT,2025,11,144,99,0.34130647412358694
NT,2025,11,145,99,0.33850426987606275
NT,2025,11,146,99,0.3412495665879548
NT,2025,11,147,99,0.34098965664740455
NT,2025,11,148,99,0.3412495665879548
NT,2025,11,149,99,0.3412495665879548
NT,2025,11,150,99,0.34109304699027043
NT,2025,11,151,99,0.34140608618560425
NT,2025,11,152,99,0.3414203188532193
NT,2025,11,153,99,0.34143455211418866
NT,2025,11,154,99,0.34144878596850364
NT,2025,11,155,99,9.489490487620806e-05
NT,2025,11,156,99,9.412777117949865e-05
NT,2025,11,157,99,9.387085316308843e-05
NT,2025,11,158,99,9.386935359210627e-05
NT,2025,11,159,99,9.386935359210627e-05
NT,2025,11,160,99,9.412777117949865e-05
NT,2025,11,161,99,9.42690160335592e-05
NT,2025,11,162,99,9.489490487620806e-05
NT,2025,11,163,99,9.489490487620806e-05
NT,2025,11,164,99,9.489490487620806e-05
NT,2025,11,165,99,9.42690160335592e-05
NT,2025,11,166,99,9.412777117950078e-05
NT,2025,11,167,99,9.412777117950078e-05
NT,2025,21,0,99,0.0
NT,2025,21,1,99,0.6752945138036809
NT,2025,21,2,99,0.35265985652792037
NT,2025,21,3,99,0.3526745583470074
NT,2025,21,4,99,0.3526892607790278
NT,2025,21,5,99,0.35744444813884513
NT,2025,21,6,99,0.3825241870916253
NT,2025,21,7,99,0.35631599070372294
NT,2025,21,8,99,0.33243422948155477
NT,2025,21,9,99,0.3324480881269826
NT,2025,21,10,99,0.34857422787079934
NT,2025,21,11,99,0.3449094493238814
NT,2025,21,12,99,0.34127933244033254
NT,2025,21,13,99,0.34213380458304155
NT,2025,21,14,99,0.33764725690184044
NT,2025,21,15,99,0.33764725690184044
NT,2025,21,16,99,0.3412495665879548
NT,2025,21,17,99,0.3412080658873816
NT,2025,21,18,99,0.34129106728850184
NT,2025,21,19,99,0.3594409583232235
NT,2025,21,20,99,0.34606682311891185
NT,2025,21,21,99,0.34009112272075964
NT,2025,21,22,99,0.34748482958380444
NT,2025,21,23,99,0.3369912843660206
NT,2025,21,24,99,0.3400349631257285
NT,2025,21,25,99,0.34048718927621335
NT,2025,21,26,99,0.3395827369752175
NT,2025,21,27,99,0.332697642562305
NT,2025,21,28,99,0.33666512123264347
NT,2025,21,29,99,0.36084142450875845
NT,2025,21,30,99,0.36085646740422367
NT,2025,21,31,99,0.3608715109267768
NT,2025,21,32,99,0.3516917355511371
NT,2025,21,33,99,0.32854033110712305
NT,2025,21,34,99,0.3562816232389569
NT,2025,21,35,99,0.35091689128973097
NT,2025,21,36,99,0.3328585711334311
NT,2025,21,37,99,0.32859511979348544
NT,2025,21,38,99,0.3286088183926202
NT,2025,21,39,99,0.3286225175628528
NT,2025,21,40,99,0.3286362173041746
NT,2025,21,41,99,0.3286499176166117
NT,2025,21,42,99,0.3355727207286317
NT,2025,21,43,99,0.35645129170175904
NT,2025,21,44,99,0.34992519500268426
NT,2025,21,45,99,0.33626358676152973
NT,2025,21,46,99,0.34309439088210264
NT,2025,21,47,99,0.33764725690184044
NT,2025,21,48,99,0.33764725690184044
NT,2025,21,49,99,0.33764725690184044
NT,2025,21,50,99,0.3425109964536915
NT,2025,21,51,99,0.33862292479164985
NT,2025,21,52,99,0.3386525199957859
NT,2025,21,53,99,0.3565999183607682
NT,2025,21,54,99,0.35661478443467687
NT,2025,21,55,99,0.35662965112833883
NT,2025,21,56,99,9.571069469444321e-05
NT,2025,21,57,99,9.413290432504654e-05
NT,2025,21,58,99,9.413290432504654e-05
NT,2025,21,59,99,9.412777117949865e-05
NT,2025,21,60,99,9.409246222872998e-05
NT,2025,21,61,99,9.409638479131887e-05
NT,2025,21,62,99,9.412777117949865e-05
NT,2025,21,63,99,9.412777117949865e-05
NT,2025,21,64,99,9.412777117949865e-05
NT,2025,21,65,99,9.412777117949865e-05
NT,2025,21,66,99,9.412777117949865e-05
NT,2025,21,67,99,9.413290432504654e-05
NT,2025,21,68,99,9.412777117950078e-05
NT,2025,21,69,99,9.412777117949865e-05
NT,2025,21,70,99,9.413169521405956e-05
NT,2025,21,71,99,9.413561941220864e-05
NT,2025,21,72,99,9.413954377395014e-05
NT,2025,21,73,99,9.414346829928834e-05
NT,2025,21,74,99,9.414739298823599e-05
NT,2025,21,75,99,9.41513178407995e-05
NT,2025,21,76,99,9.571069469444321e-05
NT,2025,21,77,99,0.00010211582921778427
NT,2025,21,78,99,0.00010212008626156537
NT,2025,21,79,99,0.000102124343482817
NT,2025,21,80,99,9.413290432504654e-05
NT,2025,21,81,99,9.412777117950078e-05
NT,2025,21,82,99,9.412777117950078e-05
NT,2025,21,83,99,9.412777117949865e-05
NT,2025,21,84,99,9.412777117949865e-05
NT,2025,21,85,99,9.412777117950078e-05
NT,2025,21,86,99,9.412777117950078e-05
NT,2025,21,87,99,9.412898024008334e-05
NT,2025,21,88,99,9.413290432504654e-05
NT,2025,21,89,99,9.413682857360218e-05
NT,2025,21,90,99,9.414075298575024e-05
NT,2025,21,91,99,9.489490487620806e-05
NT,2025,21,92,99,9.489490487620806e-05
NT,2025,21,93,99,9.41525272038363e-05
NT,2025,21,94,99,0.0001021128839630714
NT,2025,21,95,99,9.528557406697437e-05
NT,2025,21,96,99,9.416430289453099e-05
NT,2025,21,97,99,9.528557406697437e-05
NT,2025,21,98,99,0.00010212991271188183
NT,2025,21,99,99,0.00010213417034278203
NT,2025,21,100,99,0.00010213842815117616
NT,2025,21,101,99,0.0001021426861370685
NT,2025,21,102,99,0.00010214694430047182
NT,2025,21,103,99,0.00010215120264139462
NT,2025,21,104,99,9.413290432504654e-05
NT,2025,21,105,99,9.412777117950078e-05
NT,2025,21,106,99,9.412777117950078e-05
NT,2025,21,107,99,9.412777117950078e-05
NT,2025,21,108,99,9.412777117949865e-05
NT,2025,21,109,99,9.413169521405956e-05
NT,2025,21,110,99,9.413561941220864e-05
NT,2025,21,111,99,9.413954377395014e-05
NT,2025,21,112,99,9.414346829928834e-05
NT,2025,21,113,99,9.414739298823599e-05
NT,2025,21,114,99,9.528557406697437e-05
NT,2025,21,115,99,0.029115471340338747
NT,2025,21,116,99,0.029116685117254393
NT,2025,21,117,99,0.02911789894476979
NT,2025,21,118,99,0.02911911282288985
NT,2025,21,119,99,0.029120326751611837
NT,2025,21,120,99,0.029121540730942305
NT,2025,21,121,99,0.0291227547608807
NT,2025,21,122,99,0.029123968841430294
NT,2025,21,123,99,0.029125182972593266
NT,2025,21,124,99,0.029126397154371257
NT,2025,21,125,99,0.029127611386766988
NT,2025,21,126,99,0.029128825669781002
NT,2025,21,127,99,0.029130040003417665
NT,2025,21,128,99,9.413290432504654e-05
NT,2025,21,129,99,9.413290432504654e-05
NT,2025,21,130,99,9.412777117949865e-05
NT,2025,21,131,99,9.411720896665459e-05
NT,2025,21,132,99,9.412113256089587e-05
NT,2025,21,133,99,9.412505631870191e-05
NT,2025,21,134,99,9.412898024008334e-05
NT,2025,21,135,99,9.413290432504654e-05
NT,2025,21,136,99,9.413682857360218e-05
NT,2025,21,137,99,9.414075298575024e-05
NT,2025,21,138,99,0.33756281282807793
NT,2025,21,139,99,0.34117844417727083
NT,2025,21,140,99,0.3411926673548618
NT,2025,21,141,99,0.341206891125406
NT,2025,21,142,99,0.3412211154889033
NT,2025,21,143,99,0.34123534044538867
NT,2025,21,144,99,0.341249565994897
NT,2025,21,145,99,0.3412637921374631
NT,2025,21,146,99,0.3412780188730609
NT,2025,21,147,99,0.34129224620176885
NT,2025,21,148,99,0.34130647412358694
NT,2025,21,149,99,0.3413207026385501
NT,2025,21,150,99,0.34133493174665824
NT,2025,21,151,99,0.3413491614479812
NT,2025,21,152,99,9.412777117950078e-05
NT,2025,21,153,99,9.387085316308843e-05
NT,2025,21,154,99,9.386302700435457e-05
NT,2025,21,155,99,9.38669400021595e-05
NT,2025,21,156,99,9.387085316308843e-05
NT,2025,21,157,99,9.3874766487152e-05
NT,2025,21,158,99,9.38786799743545e-05
NT,2025,21,159,99,9.388259362470654e-05
NT,2025,21,160,99,9.388650743821027e-05
NT,2025,21,161,99,9.412777117949865e-05
NT,2025,21,162,99,9.42690160335592e-05
NT,2025,21,163,99,0.00010183286286654946
NT,2025,21,164,99,0.00010183710811392471
NT,2025,21,165,99,0.00010184135353827224
NT,2025,21,166,99,0.0001018455991396091
NT,2025,21,167,99,0.0001018498449179374
NT,2025,42,0,99,0.0
NT,2025,42,1,99,0.6712713127201885
NT,2025,42,2,99,0.35722338543187543
NT,2025,42,3,99,0.3572382774971305
NT,2025,42,4,99,0.3572531701832117
NT,2025,42,5,99,0.35976992209725595
NT,2025,42,6,99,0.3874741697787625
NT,2025,42,7,99,0.3874903229502831
NT,2025,42,8,99,0.3348137246455523
NT,2025,42,9,99,0.3326213698293704
NT,2025,42,10,99,0.3326352362763753
NT,2025,42,11,99,0.36075869966168517
NT,2025,42,12,99,0.33266297090460956
NT,2025,42,13,99,0.33267683908589124
NT,2025,42,14,99,0.33269070784531757
NT,2025,42,15,99,0.34260380595835455
NT,2025,42,16,99,0.3608339031655579
NT,2025,42,17,99,0.36084894574746174
NT,2025,42,18,99,0.3608639889564622
NT,2025,42,19,99,0.3608790327925767
NT,2025,42,20,99,0.3608940772558488
NT,2025,42,21,99,0.3427028939458081
NT,2025,42,22,99,0.356706937671767
NT,2025,42,23,99,0.32811057731719734
NT,2025,42,24,99,0.3281242557165569
NT,2025,42,25,99,0.33764725690184044
NT,2025,42,26,99,0.33764725690184044
NT,2025,42,27,99,0.33764725690184044
NT,2025,42,28,99,0.3281789750165319
NT,2025,42,29,99,0.35091689128973097
NT,2025,42,30,99,0.35076450067193793
NT,2025,42,31,99,0.35595534939393225
NT,2025,42,32,99,0.3437392934526854
NT,2025,42,33,99,0.3267067709025157
NT,2025,42,34,99,0.3254139969281898
NT,2025,42,35,99,0.32542756291146885
NT,2025,42,36,99,0.3254411294602991
NT,2025,42,37,99,0.325454696574698
NT,2025,42,38,99,0.3254682642546918
NT,2025,42,39,99,0.32548183250028034
NT,2025,42,40,99,0.32549540131152477
NT,2025,42,41,99,0.35610376926381593
NT,2025,42,42,99,0.3561186146540721
NT,2025,42,43,99,0.35613346066321816
NT,2025,42,44,99,0.3553211448182668
NT,2025,42,45,99,0.3284116338629358
NT,2025,42,46,99,0.3294961069791323
NT,2025,42,47,99,0.32843901633353584
NT,2025,42,48,99,0.3284527084249768
NT,2025,42,49,99,0.3284664010872366
NT,2025,42,50,99,0.3284800943203152
NT,2025,42,51,99,0.3284937881242301
NT,2025,42,52,99,0.32850748249903355
NT,2025,42,53,99,0.3554544819263829
NT,2025,42,54,99,0.35091689128973097
NT,2025,42,55,99,0.3563116610549875
NT,2025,42,56,99,0.337275869659908
NT,2025,42,57,99,0.328575962936955
NT,2025,42,58,99,0.3379886388752024
NT,2025,42,59,99,0.34309439088210264
NT,2025,42,60,99,0.3286170580516912
NT,2025,42,61,99,0.3286307575654163
NT,2025,42,62,99,0.328644457650248
NT,2025,42,63,99,0.33012448060998306
NT,2025,42,64,99,0.3664310146782567
NT,2025,42,65,99,0.3664462905946805
NT,2025,42,66,99,0.36646156714793365
NT,2025,42,67,99,0.36647684433804245
NT,2025,42,68,99,0.3570501608140634
NT,2025,42,69,99,0.34919621024930086
NT,2025,42,70,99,0.3562816232389569
NT,2025,42,71,99,0.34110368932358626
NT,2025,42,72,99,0.3476262191782814
NT,2025,42,73,99,0.3476262191782814
NT,2025,42,74,99,0.3476262191782814
NT,2025,42,75,99,0.3432867889927365
NT,2025,42,76,99,0.35530253104837245
NT,2025,42,77,99,0.366629651271962
NT,2025,42,78,99,0.36664493546921795
NT,2025,42,79,99,0.36666022030366086
NT,2025,42,80,99,0.3651853189249541
NT,2025,42,81,99,0.33811897876212615
NT,2025,42,82,99,0.3381330743955515
NT,2025,42,83,99,0.3381471706166101
NT,2025,42,84,99,0.33816126742530195
NT,2025,42,85,99,0.33817536482168814
NT,2025,42,86,99,0.33818946280575984
NT,2025,42,87,99,0.34295647209334534
NT,2025,42,88,99,0.3667978124907427
NT,2025,42,89,99,0.3668131036983813
NT,2025,42,90,99,0.366828395543486
NT,2025,42,91,99,0.3668436880260742
NT,2025,42,92,99,0.3668589811461808
NT,2025,42,93,99,0.3650799221740857
NT,2025,42,94,99,0.3446131924796322
NT,2025,42,95,99,0.3446160858805068
NT,2025,42,96,99,0.3438639833246208
NT,2025,42,97,99,0.34309439088210264
NT,2025,42,98,99,0.34309439088210264
NT,2025,42,99,99,0.34309439088210264
NT,2025,42,100,99,0.3521959622355559
NT,2025,42,101,99,0.3669966479198729
NT,2025,42,102,99,0.3670119474166375
NT,2025,42,103,99,0.3670272475511996
NT,2025,42,104,99,0.3510129246591893
NT,2025,42,105,99,9.412777117950078e-05
NT,2025,42,106,99,9.412777117949865e-05
NT,2025,42,107,99,9.412777117949865e-05
NT,2025,42,108,99,9.412384730851952e-05
NT,2025,42,109,99,9.412777117949865e-05
NT,2025,42,110,99,9.413169521405956e-05
NT,2025,42,111,99,9.413561941220864e-05
NT,2025,42,112,99,9.413954377395014e-05
NT,2025,42,113,99,0.00010318808015859667
NT,2025,42,114,99,0.00010319238190278584
NT,2025,42,115,99,0.00010319668382630646
NT,2025,42,116,99,0.00010320098592917127
NT,2025,42,117,99,0.0001032052882113803
NT,2025,42,118,99,9.508046508706282e-05
NT,2025,42,119,99,9.508442883789114e-05
NT,2025,42,120,99,9.501879612079226e-05
NT,2025,42,121,99,9.412777117949865e-05
NT,2025,42,122,99,9.412777117949865e-05
NT,2025,42,123,99,9.412777117950078e-05
NT,2025,42,124,99,9.489490487620806e-05
NT,2025,42,125,99,9.501879612079226e-05
NT,2025,42,126,99,0.00010206050379495523
NT,2025,42,127,99,0.00010206475853230945
NT,2025,42,128,99,9.501879612079226e-05
NT,2025,42,129,99,9.412777117950078e-05
NT,2025,42,130,99,9.412777117950078e-05
NT,2025,42,131,99,9.412777117949865e-05
NT,2025,42,132,99,9.412777117950078e-05
NT,2025,42,133,99,9.413169521406169e-05
NT,2025,42,134,99,9.413561941220651e-05
NT,2025,42,135,99,9.413954377395014e-05
NT,2025,42,136,99,9.501879612079226e-05
NT,2025,42,137,99,0.341934184931972
NT,2025,42,138,99,0.3419484396151646
NT,2025,42,139,99,0.34196269489262726
NT,2025,42,140,99,0.34197695076436874
NT,2025,42,141,99,0.34199120723040644
NT,2025,42,142,99,0.33852443760627227
NT,2025,42,143,99,0.33764725690184044
NT,2025,42,144,99,0.33764725690184044
NT,2025,42,145,99,0.33764725690184044
NT,2025,42,146,99,0.33764725690184044
NT,2025,42,147,99,0.33764725690184044
NT,2025,42,148,99,0.3420910191353196
NT,2025,42,149,99,0.3421052803566952
NT,2025,42,150,99,0.3421195421726025
NT,2025,42,151,99,0.34213380458304155
NT,2025,42,152,99,0.33905772121511474
NT,2025,42,153,99,9.412777117949865e-05
NT,2025,42,154,99,9.412777117950078e-05
NT,2025,42,155,99,9.412777117949865e-05
NT,2025,42,156,99,9.413169521405956e-05
NT,2025,42,157,99,9.413561941220864e-05
NT,2025,42,158,99,9.413954377395014e-05
NT,2025,42,159,99,9.414346829928834e-05
NT,2025,42,160,99,0.3281247814459563
NT,2025,42,161,99,0.3400066136860864
NT,2025,42,162,99,0.3400207880119586
NT,2025,42,163,99,0.3400349629287432
NT,2025,42,164,99,0.3400491384364576
NT,2025,42,165,99,0.34006331453512806
NT,2025,42,166,99,0.3400774912247632
NT,2025,42,167,99,0.3328009649456387
NT,2025,52,0,99,0.0
NT,2025,52,1,99,0.6734547178128095
NT,2025,52,2,99,0.3466501715643585
NT,2025,52,3,99,0.3466646228494115
NT,2025,52,4,99,0.346679074736915
NT,2025,52,5,99,0.34669352722691266
NT,2025,52,6,99,0.3638747041473772
NT,2025,52,7,99,0.3760212584286607
NT,2025,52,8,99,0.3760369341468329
NT,2025,52,9,99,9.501879612079226e-05
NT,2025,52,10,99,9.412777117950078e-05
NT,2025,52,11,99,9.412777117949865e-05
NT,2025,52,12,99,9.412777117950078e-05
NT,2025,52,13,99,9.412777117950078e-05
NT,2025,52,14,99,9.412777117949865e-05
NT,2025,52,15,99,9.412777117949865e-05
NT,2025,52,16,99,9.501879612079226e-05
NT,2025,52,17,99,9.501879612079226e-05
NT,2025,52,18,99,9.501879612079226e-05
NT,2025,52,19,99,9.501879612079226e-05
NT,2025,52,20,99,9.412777117949865e-05
NT,2025,52,21,99,9.412777117949865e-05
NT,2025,52,22,99,9.412777117949865e-05
NT,2025,52,23,99,9.412777117950078e-05
NT,2025,52,24,99,9.386935359210627e-05
NT,2025,52,25,99,9.324974619931752e-05
NT,2025,52,26,99,9.324974619931752e-05
NT,2025,52,27,99,9.324974619931752e-05
NT,2025,52,28,99,9.324974619931752e-05
NT,2025,52,29,99,9.324974619931752e-05
NT,2025,52,30,99,9.324974619931752e-05
NT,2025,52,31,99,9.324974619931752e-05
NT,2025,52,32,99,9.324974619931752e-05
NT,2025,52,33,99,9.324974619931752e-05
NT,2025,52,34,99,9.324974619931752e-05
NT,2025,52,35,99,9.324974619931752e-05
NT,2025,52,36,99,9.324974619931752e-05
NT,2025,52,37,99,9.324974619931752e-05
NT,2025,52,38,99,9.324974619931752e-05
NT,2025,52,39,99,9.324974619931752e-05
NT,2025,52,40,99,9.324974619931752e-05
NT,2025,52,41,99,9.324974619931752e-05
NT,2025,52,42,99,9.324974619931752e-05
NT,2025,52,43,99,9.324974619931752e-05
NT,2025,52,44,99,9.299700677868263e-05
NT,2025,52,45,99,9.299700677868263e-05
NT,2025,52,46,99,9.299700677868263e-05
NT,2025,52,47,99,9.299700677868263e-05
NT,2025,52,48,99,9.299700677868263e-05
NT,2025,52,49,99,9.299700677868263e-05
NT,2025,52,50,99,9.299700677868263e-05
NT,2025,52,51,99,9.299700677868263e-05
NT,2025,52,52,99,9.299700677868263e-05
NT,2025,52,53,99,9.299700677868263e-05
NT,2025,52,54,99,9.299700677868263e-05
NT,2025,52,55,99,9.299700677868263e-05
NT,2025,52,56,99,9.299700677868263e-05
NT,2025,52,57,99,9.299700677868263e-05
NT,2025,52,58,99,9.299700677868263e-05
NT,2025,52,59,99,9.299700677868263e-05
NT,2025,52,60,99,9.299700677868263e-05
NT,2025,52,61,99,9.299700677868263e-05
NT,2025,52,62,99,9.299700677868263e-05
NT,2025,52,63,99,9.299700677868263e-05
NT,2025,52,64,99,9.299700677868263e-05
NT,2025,52,65,99,9.299700677868263e-05
NT,2025,52,66,99,9.324974619931752e-05
NT,2025,52,67,99,9.324974619931752e-05
NT,2025,52,68,99,9.324974619931752e-05
NT,2025,52,69,99,9.324974619931752e-05
NT,2025,52,70,99,9.324974619931752e-05
NT,2025,52,71,99,9.299700677868263e-05
NT,2025,52,72,99,9.299700677868263e-05
NT,2025,52,73,99,9.299660379884166e-05
NT,2025,52,74,99,9.299700677868263e-05
NT,2025,52,75,99,9.299700677868263e-05
NT,2025,52,76,99,9.299700677868263e-05
NT,2025,52,77,99,9.299700677868263e-05
NT,2025,52,78,99,9.324270847474363e-05
NT,2025,52,79,99,9.381824241495812e-05
NT,2025,52,80,99,9.387085316308843e-05
NT,2025,52,81,99,9.299660379884166e-05
NT,2025,52,82,99,9.299660379884166e-05
NT,2025,52,83,99,9.299700677868263e-05
NT,2025,52,84,99,9.299700677868263e-05
NT,2025,52,85,99,9.299700677868263e-05
NT,2025,52,86,99,9.299660379884166e-05
NT,2025,52,87,99,9.327389040467642e-05
NT,2025,52,88,99,9.412777117949865e-05
NT,2025,52,89,99,9.412777117949865e-05
NT,2025,52,90,99,9.412777117949865e-05
NT,2025,52,91,99,9.412777117949865e-05
NT,2025,52,92,99,9.412777117949865e-05
NT,2025,52,93,99,9.412777117949865e-05
NT,2025,52,94,99,9.412777117950078e-05
NT,2025,52,95,99,9.387085316308843e-05
NT,2025,52,96,99,9.324974619931752e-05
NT,2025,52,97,99,9.299700677868263e-05
NT,2025,52,98,99,9.299700677868263e-05
NT,2025,52,99,99,9.299700677868263e-05
NT,2025,52,100,99,9.299700677868263e-05
NT,2025,52,101,99,9.324974619931752e-05
NT,2025,52,102,99,9.324974619931752e-05
NT,2025,52,103,99,9.386935359210627e-05
NT,2025,52,104,99,9.386935359210627e-05
NT,2025,52,105,99,9.386935359210627e-05
NT,2025,52,106,99,9.324974619931752e-05
NT,2025,52,107,99,9.299700677868263e-05
NT,2025,52,108,99,9.324974619931752e-05
NT,2025,52,109,99,9.324974619931752e-05
NT,2025,52,110,99,9.324974619931752e-05
NT,2025,52,111,99,9.324974619931752e-05
NT,2025,52,112,99,9.386935359210627e-05
NT,2025,52,113,99,9.387085316308843e-05
NT,2025,52,114,99,9.387085316308843e-05
NT,2025,52,115,99,9.386935359210627e-05
NT,2025,52,116,99,9.386935359210627e-05
NT,2025,52,117,99,9.324974619931752e-05
NT,2025,52,118,99,9.324974619931752e-05
NT,2025,52,119,99,9.324974619931752e-05
NT,2025,52,120,99,9.324974619931752e-05
NT,2025,52,121,99,9.324974619931752e-05
NT,2025,52,122,99,9.324974619931752e-05
NT,2025,52,123,99,9.324974619931752e-05
NT,2025,52,124,99,9.324974619931752e-05
NT,2025,52,125,99,9.324974619931752e-05
NT,2025,52,126,99,9.324974619931752e-05
NT,2025,52,127,99,9.324974619931752e-05
NT,2025,52,128,99,9.324974619931752e-05
NT,2025,52,129,99,9.299700677868263e-05
NT,2025,52,130,99,9.298165008781208e-05
NT,2025,52,131,99,9.298537706388292e-05
NT,2025,52,132,99,9.298925347387622e-05
NT,2025,52,133,99,9.299313004547754e-05
NT,2025,52,134,99,9.299700677868263e-05
NT,2025,52,135,99,9.300088367350424e-05
NT,2025,52,136,99,9.386935359210627e-05
NT,2025,52,137,99,9.412777117949865e-05
NT,2025,52,138,99,9.412777117950078e-05
NT,2025,52,139,99,9.489490487620806e-05
NT,2025,52,140,99,9.501879612079226e-05
NT,2025,52,141,99,9.501879612079226e-05
NT,2025,52,142,99,9.501879612079226e-05
NT,2025,52,143,99,9.489490487620806e-05
NT,2025,52,144,99,9.489490487620806e-05
NT,2025,52,145,99,9.413290432504654e-05
NT,2025,52,146,99,9.413290432504654e-05
NT,2025,52,147,99,9.489490487620806e-05
NT,2025,52,148,99,9.489490487620806e-05
NT,2025,52,149,99,9.528557406697437e-05
NT,2025,52,150,99,0.00010092275577895778
NT,2025,52,151,99,0.00010092696308543724
NT,2025,52,152,99,0.00010093117056731125
NT,2025,52,153,99,9.387085316308843e-05
NT,2025,52,154,99,9.307457539087116e-05
NT,2025,52,155,99,9.307845551940105e-05
NT,2025,52,156,99,9.3082335809688e-05
NT,2025,52,157,99,9.308621626173841e-05
NT,2025,52,158,99,9.309009687555865e-05
NT,2025,52,159,99,9.412777117949865e-05
NT,2025,52,160,99,0.33761206918197534
NT,2025,52,161,99,0.3412070312028521
NT,2025,52,162,99,0.34122125557221006
NT,2025,52,163,99,0.3412354805345299
NT,2025,52,164,99,0.3412497060898814
NT,2025,52,165,99,0.3412639322382733
NT,2025,52,166,99,0.341278158979723
NT,2025,52,167,99,0.33756279815916307
NT,2030,11,0,99,0.0
NT,2030,11,1,99,9.324974619931752e-05
NT,2030,11,2,99,9.324974619931752e-05
NT,2030,11,3,99,9.324974619931752e-05
NT,2030,11,4,99,9.324974619931752e-05
NT,2030,11,5,99,9.324974619931752e-05
NT,2030,11,6,99,9.387085316308843e-05
NT,2030,11,7,99,9.387085316308843e-05
NT,2030,11,8,99,9.386935359210627e-05
NT,2030,11,9,99,9.299700677868263e-05
NT,2030,11,10,99,9.299700677868263e-05
NT,2030,11,11,99,9.299700677868263e-05
NT,2030,11,12,99,9.300088367350424e-05
NT,2030,11,13,99,9.300476072994664e-05
NT,2030,11,14,99,9.300863794801836e-05
NT,2030,11,15,99,9.301251532772365e-05
NT,2030,11,16,99,9.301639286906888e-05
NT,2030,11,17,99,9.325363363043638e-05
NT,2030,11,18,99,9.386935359210627e-05
NT,2030,11,19,99,9.387085316308843e-05
NT,2030,11,20,99,9.387085316308843e-05
NT,2030,11,21,99,9.387085316308843e-05
NT,2030,11,22,99,9.386935359210627e-05
NT,2030,11,23,99,9.386935359210627e-05
NT,2030,11,24,99,9.387085316308843e-05
NT,2030,11,25,99,9.387085316308843e-05
NT,2030,11,26,99,9.413290432504654e-05
NT,2030,11,27,99,9.413290432504654e-05
NT,2030,11,28,99,9.413290432504654e-05
NT,2030,11,29,99,9.413290432504654e-05
NT,2030,11,30,99,9.528557406697437e-05
NT,2030,11,31,99,0.00010119281656680354
NT,2030,11,32,99,9.489490487620806e-05
NT,2030,11,33,99,9.413290432504654e-05
NT,2030,11,34,99,9.42690160335592e-05
NT,2030,11,35,99,9.412777117949865e-05
NT,2030,11,36,99,9.412777117950078e-05
NT,2030,11,37,99,9.412777117950078e-05
NT,2030,11,38,99,9.412777117950078e-05
NT,2030,11,39,99,9.412777117950078e-05
NT,2030,11,40,99,9.42690160335592e-05
NT,2030,11,41,99,9.501879612079226e-05
NT,2030,11,42,99,0.00010123923045424806
NT,2030,11,43,99,0.0001012434509540449
NT,2030,11,44,99,0.00010124767162978774
NT,2030,11,45,99,0.000101251892481483
NT,2030,11,46,99,0.00010125611350913918
NT,2030,11,47,99,9.42690160335592e-05
NT,2030,11,48,99,9.412777117949865e-05
NT,2030,11,49,99,9.386935359210627e-05
NT,2030,11,50,99,9.324974619931752e-05
NT,2030,11,51,99,9.324974619931752e-05
NT,2030,11,52,99,9.324974619931752e-05
NT,2030,11,53,99,9.386935359210627e-05
NT,2030,11,54,99,9.386935359210627e-05
NT,2030,11,55,99,9.387085316308843e-05
NT,2030,11,56,99,9.387085316308843e-05
NT,2030,11,57,99,9.324974619931752e-05
NT,2030,11,58,99,9.299700677868263e-05
NT,2030,11,59,99,9.299700677868263e-05
NT,2030,11,60,99,9.299700677868263e-05
NT,2030,11,61,99,9.300088367350424e-05
NT,2030,11,62,99,9.300476072994664e-05
NT,2030,11,63,99,9.300863794801836e-05
NT,2030,11,64,99,9.326140897886298e-05
NT,2030,11,65,99,9.387085316308843e-05
NT,2030,11,66,99,9.413290432504654e-05
NT,2030,11,67,99,9.42690160335592e-05
NT,2030,11,68,99,9.42690160335592e-05
NT,2030,11,69,99,9.413290432504654e-05
NT,2030,11,70,99,9.413290432504654e-05
NT,2030,11,71,99,9.413290432504654e-05
NT,2030,11,72,99,9.412777117949865e-05
NT,2030,11,73,99,9.387085316308843e-05
NT,2030,11,74,99,9.387085316308843e-05
NT,2030,11,75,99,9.412777117949865e-05
NT,2030,11,76,99,9.412777117950078e-05
NT,2030,11,77,99,9.413290432504654e-05
NT,2030,11,78,99,9.522227686045462e-05
NT,2030,11,79,99,9.571069469444321e-05
NT,2030,11,80,99,9.522227686045462e-05
NT,2030,11,81,99,9.412777117950078e-05
NT,2030,11,82,99,9.324270847474363e-05
NT,2030,11,83,99,9.308621626173841e-05
NT,2030,11,84,99,9.309009687555865e-05
NT,2030,11,85,99,9.309397765115511e-05
NT,2030,11,86,99,9.309785858853631e-05
NT,2030,11,87,99,9.327389040467642e-05
NT,2030,11,88,99,9.413290432504654e-05
NT,2030,11,89,99,9.522227686045462e-05
NT,2030,11,90,99,0.3547716868057848
NT,2030,11,91,99,0.35478647666368734
NT,2030,11,92,99,0.3548012671381426
NT,2030,11,93,99,0.3500151106205023
NT,2030,11,94,99,0.35483084993686803
NT,2030,11,95,99,0.3451993713041365
NT,2030,11,96,99,0.330095142499553
NT,2030,11,97,99,0.33764725690184044
NT,2030,11,98,99,0.3313300350190854
NT,2030,11,99,99,0.32725134413785406
NT,2030,11,100,99,0.3306582025751844
NT,2030,11,101,99,0.35493440915800306
NT,2030,11,102,99,0.3549492057995201
NT,2030,11,103,99,0.35496400305790377
NT,2030,11,104,99,0.3549788009331628
NT,2030,11,105,99,0.3273332081452929
NT,2030,11,106,99,0.3273468541373765
NT,2030,11,107,99,0.3273605006983603
NT,2030,11,108,99,0.32737414782824426
NT,2030,11,109,99,0.3273877955270458
NT,2030,11,110,99,0.32740144379479974
NT,2030,11,111,99,0.3274150926315411
NT,2030,11,112,99,0.3607436610508146
NT,2030,11,113,99,0.36075869987066217
NT,2030,11,114,99,0.36077373931745804
NT,2030,11,115,99,0.3607887793912197
NT,2030,11,116,99,0.36080382009198203
NT,2030,11,117,99,0.3608188614197625
NT,2030,11,118,99,0.3608339033745872
NT,2030,11,119,99,0.36084894595649103
NT,2030,11,120,99,0.33337176173425376
NT,2030,11,121,99,0.35528411568713186
NT,2030,11,122,99,0.35528411568713186
NT,2030,11,123,99,0.31460761764664097
NT,2030,11,124,99,0.31462073312945465
NT,2030,11,125,99,0.3400349631257285
NT,2030,11,126,99,0.34123534103841163
NT,2030,11,127,99,0.3412495665879548
NT,2030,11,128,99,9.501879612079226e-05
NT,2030,11,129,99,9.501879612079226e-05
NT,2030,11,130,99,9.500691357168716e-05
NT,2030,11,131,99,9.501087425627051e-05
NT,2030,11,132,99,9.501483510597078e-05
NT,2030,11,133,99,9.501879612079226e-05
NT,2030,11,134,99,9.50227573007413e-05
NT,2030,11,135,99,9.502671864582431e-05
NT,2030,11,136,99,9.503068015605193e-05
NT,2030,11,137,99,0.34379190933046405
NT,2030,11,138,99,0.3438062414591924
NT,2030,11,139,99,0.34382057418540907
NT,2030,11,140,99,0.34383490750914
NT,2030,11,141,99,0.34384924143037654
NT,2030,11,142,99,0.34386357594920597
NT,2030,11,143,99,0.34387791106560206
NT,2030,11,144,99,0.3438922467795997
NT,2030,11,145,99,0.33518604769042337
NT,2030,11,146,99,0.34102659490714504
NT,2030,11,147,99,0.3400349631257285
NT,2030,11,148,99,0.3412495665879548
NT,2030,11,149,99,0.34213380458304155
NT,2030,11,150,99,0.3403653285928419
NT,2030,11,151,99,0.3420291311477665
NT,2030,11,152,99,0.3440069540085161
NT,2030,11,153,99,0.3440212951021138
NT,2030,11,154,99,0.3440356367935661
NT,2030,11,155,99,0.3286485125024639
NT,2030,11,156,99,9.489490487620806e-05
NT,2030,11,157,99,9.412777117949865e-05
NT,2030,11,158,99,9.412384730851952e-05
NT,2030,11,159,99,9.412777117949865e-05
NT,2030,11,160,99,9.413169521405956e-05
NT,2030,11,161,99,9.42690160335592e-05
NT,2030,11,162,99,9.489490487620806e-05
NT,2030,11,163,99,0.00010209880281720107
NT,2030,11,164,99,0.00010210305915118102
NT,2030,11,165,99,9.489490487620806e-05
NT,2030,11,166,99,9.42690160335592e-05
NT,2030,11,167,99,9.412777117949865e-05
NT,2030,21,0,99,0.0
NT,2030,21,1,99,0.6752945138036809
NT,2030,21,2,99,0.354264091793591
NT,2030,21,3,99,0.35427886049067026
NT,2030,21,4,99,0.3542936298034388
NT,2030,21,5,99,0.3602723794227791
NT,2030,21,6,99,0.3842642739757786
NT,2030,21,7,99,0.3658588041546315
NT,2030,21,8,99,0.33351353623324376
NT,2030,21,9,99,0.33352743987322964
NT,2030,21,10,99,0.3484518734215707
NT,2030,21,11,99,0.3457968960002203
NT,2030,21,12,99,0.34098965664740455
NT,2030,21,13,99,0.34309439088210264
NT,2030,21,14,99,0.33944364222297607
NT,2030,21,15,99,0.33764725690184044
NT,2030,21,16,99,0.3412495665879548
NT,2030,21,17,99,0.3400349631257285
NT,2030,21,18,99,0.3448082634166695
NT,2030,21,19,99,0.36084894595649103
NT,2030,21,20,99,0.3516970122944133
NT,2030,21,21,99,0.3400349631257285
NT,2030,21,22,99,0.34664424328274474
NT,2030,21,23,99,0.33585488989314743
NT,2030,21,24,99,0.3412495665879548
NT,2030,21,25,99,0.3412495665879548
NT,2030,21,26,99,0.33882035966351093
NT,2030,21,27,99,0.33591089838428906
NT,2030,21,28,99,0.34067902784899196
NT,2030,21,29,99,0.36201296026298124
NT,2030,21,30,99,0.362028051997851
NT,2030,21,31,99,0.36204314436188423
NT,2030,21,32,99,0.3508900863093826
NT,2030,21,33,99,0.3324480881269739
NT,2030,21,34,99,0.3562816232389569
NT,2030,21,35,99,0.3542230473451551
NT,2030,21,36,99,0.33248966752981396
NT,2030,21,37,99,0.33250352848637255
NT,2030,21,38,99,0.3325173900207617
NT,2030,21,39,99,0.3325312521330077
NT,2030,21,40,99,0.33254511482316285
NT,2030,21,41,99,0.33299266208838557
NT,2030,21,42,99,0.3361210134249283
NT,2030,21,43,99,0.36069103003980535
NT,2030,21,44,99,0.34810926336335607
NT,2030,21,45,99,0.33616305220186204
NT,2030,21,46,99,0.3412495665879548
NT,2030,21,47,99,0.3412495665879548
NT,2030,21,48,99,0.33817683449586877
NT,2030,21,49,99,0.33965022036304804
NT,2030,21,50,99,0.3438564086897913
NT,2030,21,51,99,0.3425109964536915
NT,2030,21,52,99,0.3425109964536915
NT,2030,21,53,99,0.36084142450876716
NT,2030,21,54,99,0.36085646740422367
NT,2030,21,55,99,0.3608715109267855
NT,2030,21,56,99,0.24791103612212143
NT,2030,21,57,99,9.489490487620806e-05
NT,2030,21,58,99,9.413290432504654e-05
NT,2030,21,59,99,9.412777117950078e-05
NT,2030,21,60,99,9.412777117949865e-05
NT,2030,21,61,99,9.412777117950078e-05
NT,2030,21,62,99,9.412898024008334e-05
NT,2030,21,63,99,9.413290432504654e-05
NT,2030,21,64,99,9.413682857360218e-05
NT,2030,21,65,99,9.414075298575024e-05
NT,2030,21,66,99,9.414467756150138e-05
NT,2030,21,67,99,9.528557406697437e-05
NT,2030,21,68,99,9.489490487620806e-05
NT,2030,21,69,99,9.415645227043498e-05
NT,2030,21,70,99,9.416037750066442e-05
NT,2030,21,71,99,9.416430289453099e-05
NT,2030,21,72,99,9.416822845203897e-05
NT,2030,21,73,99,9.417215417319472e-05
NT,2030,21,74,99,9.489490487620806e-05
NT,2030,21,75,99,9.528557406697437e-05
NT,2030,21,76,99,0.0001021426861370685
NT,2030,21,77,99,0.00010214694430047182
NT,2030,21,78,99,0.0001021512026413925
NT,2030,21,79,99,0.00010215546115983479
NT,2030,21,80,99,9.571069469444321e-05
NT,2030,21,81,99,9.413290432504654e-05
NT,2030,21,82,99,9.412777117950078e-05
NT,2030,21,83,99,9.412777117950078e-05
NT,2030,21,84,99,9.412777117950078e-05
NT,2030,21,85,99,9.412777117950078e-05
NT,2030,21,86,99,9.413169521406169e-05
NT,2030,21,87,99,9.413561941220651e-05
NT,2030,21,88,99,9.413954377395014e-05
NT,2030,21,89,99,9.414346829929047e-05
NT,2030,21,90,99,9.423891647798033e-05
NT,2030,21,91,99,9.528557406697437e-05
NT,2030,21,92,99,9.528557406697437e-05
NT,2030,21,93,99,9.528557406697437e-05
NT,2030,21,94,99,0.33754170576961867
NT,2030,21,95,99,0.3375557773374654
NT,2030,21,96,99,0.3375698494919424
NT,2030,21,97,99,0.33758392223306716
NT,2030,21,98,99,0.3375979955608571
NT,2030,21,99,99,0.33761206947533845
NT,2030,21,100,99,0.33762614397654606
NT,2030,21,101,99,0.3376402190644886
NT,2030,21,102,99,0.337654294739201
NT,2030,21,103,99,0.3376683710007094
NT,2030,21,104,99,0.02222795045526681
NT,2030,21,105,99,9.413290432504654e-05
NT,2030,21,106,99,9.413290432504654e-05
NT,2030,21,107,99,9.412898024008546e-05
NT,2030,21,108,99,9.413290432504654e-05
NT,2030,21,109,99,9.413682857360218e-05
NT,2030,21,110,99,9.414075298575024e-05
NT,2030,21,111,99,9.414467756150138e-05
NT,2030,21,112,99,9.414860230085986e-05
NT,2030,21,113,99,9.497627550216952e-05
NT,2030,21,114,99,0.33759095772360126
NT,2030,21,115,99,0.33760503134468456
NT,2030,21,116,99,0.3376191055524767
NT,2030,21,117,99,0.3376331803470038
NT,2030,21,118,99,0.3376472557282833
NT,2030,21,119,99,0.3376613316963501
NT,2030,21,120,99,0.3376754082512129
NT,2030,21,121,99,0.3376894853929066
NT,2030,21,122,99,0.3377035631214399
NT,2030,21,123,99,0.33771764143688265
NT,2030,21,124,99,0.33773172033919985
NT,2030,21,125,99,0.33774579982845265
NT,2030,21,126,99,0.3377598799046497
NT,2030,21,127,99,0.33777396056784337
NT,2030,21,128,99,9.455288226760397e-05
NT,2030,21,129,99,9.413290432504654e-05
NT,2030,21,130,99,9.413290432504654e-05
NT,2030,21,131,99,9.412777117949865e-05
NT,2030,21,132,99,9.412777117950078e-05
NT,2030,21,133,99,9.413169521406169e-05
NT,2030,21,134,99,9.413561941220651e-05
NT,2030,21,135,99,9.413954377395014e-05
NT,2030,21,136,99,9.414346829929047e-05
NT,2030,21,137,99,9.497109636689027e-05
NT,2030,21,138,99,0.33759799477859326
NT,2030,21,139,99,0.3412140029612464
NT,2030,21,140,99,0.3412282276212203
NT,2030,21,141,99,0.3412424528742171
NT,2030,21,142,99,0.3412566787202369
NT,2030,21,143,99,0.3412709051593058
NT,2030,21,144,99,0.34128513219144996
NT,2030,21,145,99,0.3412495665879548
NT,2030,21,146,99,0.3412495665879548
NT,2030,21,147,99,0.34132781684659563
NT,2030,21,148,99,0.341342046251285
NT,2030,21,149,99,0.34135627624918924
NT,2030,21,150,99,0.34137050684032566
NT,2030,21,151,99,0.3413847380247031
NT,2030,21,152,99,0.33711933792062015
NT,2030,21,153,99,9.412777117950078e-05
NT,2030,21,154,99,9.412777117949865e-05
NT,2030,21,155,99,9.411600005727042e-05
NT,2030,21,156,99,9.411992360111366e-05
NT,2030,21,157,99,9.412384730852165e-05
NT,2030,21,158,99,9.412777117950078e-05
NT,2030,21,159,99,9.413169521406169e-05
NT,2030,21,160,99,9.413561941220651e-05
NT,2030,21,161,99,9.501879612079226e-05
NT,2030,21,162,99,0.00010318808015859667
NT,2030,21,163,99,0.00010319238190278584
NT,2030,21,164,99,0.00010319668382630859
NT,2030,21,165,99,0.00010320098592917127
NT,2030,21,166,99,0.00010320528821138243
NT,2030,21,167,99,0.00010320959067294844
NT,2030,42,0,99,0.0
NT,2030,42,1,99,0.6780953859444881
NT,2030,42,2,99,0.35472081607486833
NT,2030,42,3,99,0.3547356038120323
NT,2030,42,4,99,0.3547503921656966
NT,2030,42,5,99,0.3791889717733844
NT,2030,42,6,99,0.3847596750858815
NT,2030,42,7,99,0.3847757150945093
NT,2030,42,8,99,0.3404700223841233
NT,2030,42,9,99,0.33569435453775986
NT,2030,42,10,99,0.33570834909252806
NT,2030,42,11,99,0.36409163635197267
NT,2030,42,12,99,0.33573633995230967
NT,2030,42,13,99,0.3357503362573755
NT,2030,42,14,99,0.33576433314594073
NT,2030,42,15,99,0.33953018065774015
NT,2030,42,16,99,0.36416753463747525
NT,2030,42,17,99,0.3641827161930812
NT,2030,42,18,99,0.3641978983815833
NT,2030,42,19,99,0.3642130812029903
NT,2030,42,20,99,0.36422826465735453
NT,2030,42,21,99,0.33764725690184044
NT,2030,42,22,99,0.35528411568713186
NT,2030,42,23,99,0.33254418731300434
NT,2030,42,24,99,0.3325580505423902
NT,2030,42,25,99,0.33525955067796104
NT,2030,42,26,99,0.3400349631257285
NT,2030,42,27,99,0.33764725690184044
NT,2030,42,28,99,0.33261350923954797
NT,2030,42,29,99,0.34984412323577974
NT,2030,42,30,99,0.3519896593436909
NT,2030,42,31,99,0.3607652132149555
NT,2030,42,32,99,0.3410065923240911
NT,2030,42,33,99,0.3297974205303446
NT,2030,42,34,99,0.3298111692514732
NT,2030,42,35,99,0.32982491854574914
NT,2030,42,36,99,0.3298386684132248
NT,2030,42,37,99,0.3298524188539176
NT,2030,42,38,99,0.3298661698678275
NT,2030,42,39,99,0.3298799214550069
NT,2030,42,40,99,0.32989367361545574
NT,2030,42,41,99,0.3577853448491798
NT,2030,42,42,99,0.35780026034160556
NT,2030,42,43,99,0.35781517645585165
NT,2030,42,44,99,0.35375485607062923
NT,2030,42,45,99,0.3328493118998279
NT,2030,42,46,99,0.33586411067750077
NT,2030,42,47,99,0.330924413262639
NT,2030,42,48,99,0.33000371154010477
NT,2030,42,49,99,0.3300174688611736
NT,2030,42,50,99,0.330031226755756
NT,2030,42,51,99,0.3300449852238783
NT,2030,42,52,99,0.3329464556952413
NT,2030,42,53,99,0.3565337359381012
NT,2030,42,54,99,0.3533984659014668
NT,2030,42,55,99,0.3579942183366792
NT,2030,42,56,99,0.33751643903890793
NT,2030,42,57,99,0.3301275480784307
NT,2030,42,58,99,0.34087562397120535
NT,2030,42,59,99,0.34110368932358626
NT,2030,42,60,99,0.33016883725048285
NT,2030,42,61,99,0.3301826014553638
NT,2030,42,62,99,0.3301963662340637
NT,2030,42,63,99,0.3316833780849377
NT,2030,42,64,99,0.3721212793700544
NT,2030,42,65,99,0.3721367925044009
NT,2030,42,66,99,0.3721523062854754
NT,2030,42,67,99,0.37216782071328663
NT,2030,42,68,99,0.36954147573036955
NT,2030,42,69,99,0.34472905320275304
NT,2030,42,70,99,0.35695743417956366
NT,2030,42,71,99,0.3459601601858407
NT,2030,42,72,99,0.3484604395994136
NT,2030,42,73,99,0.3484604395994136
NT,2030,42,74,99,0.3500151106205023
NT,2030,42,75,99,0.3432867889927365
NT,2030,42,76,99,0.35916050479841843
NT,2030,42,77,99,0.3723230005683359
NT,2030,42,78,99,0.3723385221121346
NT,2030,42,79,99,0.3723540443029839
NT,2030,42,80,99,0.36311017178621313
NT,2030,42,81,99,0.34336958913460613
NT,2030,42,82,99,0.34338390365749183
NT,2030,42,83,99,0.34339821877713317
NT,2030,42,84,99,0.3434125344935388
NT,2030,42,85,99,0.34342685080675234
NT,2030,42,86,99,0.34344116771678257
NT,2030,42,87,99,0.34345548522366437
NT,2030,42,88,99,0.372493773143184
NT,2030,42,89,99,0.3725093018062144
NT,2030,42,90,99,0.37252483111659196
NT,2030,42,91,99,0.37254036107436905
NT,2030,42,92,99,0.37255589167954567
NT,2030,42,93,99,0.3714356596489492
NT,2030,42,94,99,0.3438564086897913
NT,2030,42,95,99,0.3438564086897913
NT,2030,42,96,99,0.3458804913559891
NT,2030,42,97,99,0.3435986931246364
NT,2030,42,98,99,0.34408547551008256
NT,2030,42,99,99,0.3436273418695087
NT,2030,42,100,99,0.3532935373293272
NT,2030,42,101,99,0.3726956962646074
NT,2030,42,102,99,0.37271123334547973
NT,2030,42,103,99,0.37272677107405683
NT,2030,42,104,99,0.372742309450391
NT,2030,42,105,99,9.501879612079226e-05
NT,2030,42,106,99,9.487512727414789e-05
NT,2030,42,107,99,9.487908246477618e-05
NT,2030,42,108,99,9.488303782028718e-05
NT,2030,42,109,99,9.488699334069155e-05
NT,2030,42,110,99,9.48909490259978e-05
NT,2030,42,111,99,9.489490487620806e-05
NT,2030,42,112,99,9.501879612079226e-05
NT,2030,42,113,99,0.3399995268678202
NT,2030,42,114,99,0.34001370089827104
NT,2030,42,115,99,0.3400278755195994
NT,2030,42,116,99,0.3400420507318489
NT,2030,42,117,99,0.3400562265350457
NT,2030,42,118,99,9.667788732643663e-05
NT,2030,42,119,99,9.668191767121479e-05
NT,2030,42,120,99,9.566530885797392e-05
NT,2030,42,121,99,9.566929698999307e-05
NT,2030,42,122,99,9.567328528827253e-05
NT,2030,42,123,99,9.567727375281656e-05
NT,2030,42,124,99,9.568126238363153e-05
NT,2030,42,125,99,0.0001037708698149733
NT,2030,42,126,99,0.00010377519585472133
NT,2030,42,127,99,0.00010377952207481431
NT,2030,42,128,99,0.00010288371032892934
NT,2030,42,129,99,9.501879612079226e-05
NT,2030,42,130,99,9.489490487620806e-05
NT,2030,42,131,99,9.487908246477618e-05
NT,2030,42,132,99,9.488303782028718e-05
NT,2030,42,133,99,9.488699334069155e-05
NT,2030,42,134,99,9.48909490259978e-05
NT,2030,42,135,99,9.489490487620806e-05
NT,2030,42,136,99,0.29402811961112313
NT,2030,42,137,99,0.3453330170170275
NT,2030,42,138,99,0.3453474133920443
NT,2030,42,139,99,0.3453618103672179
NT,2030,42,140,99,0.34537620794259205
NT,2030,42,141,99,0.34539060611817535
NT,2030,42,142,99,0.3356345996883659
NT,2030,42,143,99,0.34213380458304155
NT,2030,42,144,99,0.33764725690184044
NT,2030,42,145,99,0.33764725690184044
NT,2030,42,146,99,0.33764725690184044
NT,2030,42,147,99,0.33868751375543665
NT,2030,42,148,99,0.34549141015525253
NT,2030,42,149,99,0.3455058131334338
NT,2030,42,150,99,0.3455202167120336
NT,2030,42,151,99,0.345534620891113
NT,2030,42,152,99,0.3425520096223782
NT,2030,42,153,99,9.501879612079226e-05
NT,2030,42,154,99,9.500691357168716e-05
NT,2030,42,155,99,9.501087425627051e-05
NT,2030,42,156,99,9.501483510597078e-05
NT,2030,42,157,99,9.501879612079226e-05
NT,2030,42,158,99,9.502275730073917e-05
NT,2030,42,159,99,9.502671864582431e-05
NT,2030,42,160,99,0.3420910189371569
NT,2030,42,161,99,0.34210528015851505
NT,2030,42,162,99,0.34211954197441363
NT,2030,42,163,99,0.34213380438485264
NT,2030,42,164,99,0.3421480673898757
NT,2030,42,165,99,0.3421623309894828
NT,2030,42,166,99,0.34217659518374366
NT,2030,42,167,99,0.33311791861995466
NT,2030,52,0,99,0.0
NT,2030,52,1,99,0.6726490303442466
NT,2030,52,2,99,0.3474558590329302
NT,2030,52,3,99,0.3474703439057932
NT,2030,52,4,99,0.34748482938251085
NT,2030,52,5,99,0.3474993154631093
NT,2030,52,6,99,0.36306891591117185
NT,2030,52,7,99,0.3768952104433644
NT,2030,52,8,99,0.3769109225951817
NT,2030,52,9,99,0.27306426938550854
NT,2030,52,10,99,9.501879612079226e-05
NT,2030,52,11,99,9.412777117950078e-05
NT,2030,52,12,99,9.412777117949865e-05
NT,2030,52,13,99,9.412777117950078e-05
NT,2030,52,14,99,9.412777117949865e-05
NT,2030,52,15,99,9.412777117949865e-05
NT,2030,52,16,99,9.501879612079226e-05
NT,2030,52,17,99,9.501879612079226e-05
NT,2030,52,18,99,9.501879612079226e-05
NT,2030,52,19,99,9.501879612079226e-05
NT,2030,52,20,99,9.412777117949865e-05
NT,2030,52,21,99,9.412777117949865e-05
NT,2030,52,22,99,9.412777117949865e-05
NT,2030,52,23,99,9.412777117949865e-05
NT,2030,52,24,99,9.386935359210627e-05
NT,2030,52,25,99,9.327389040467642e-05
NT,2030,52,26,99,9.324974619931752e-05
NT,2030,52,27,99,9.324974619931752e-05
NT,2030,52,28,99,9.324974619931752e-05
NT,2030,52,29,99,9.324974619931752e-05
NT,2030,52,30,99,9.324974619931752e-05
NT,2030,52,31,99,9.324974619931752e-05
NT,2030,52,32,99,9.324974619931752e-05
NT,2030,52,33,99,9.324974619931752e-05
NT,2030,52,34,99,9.324974619931752e-05
NT,2030,52,35,99,9.324974619931752e-05
NT,2030,52,36,99,9.324974619931752e-05
NT,2030,52,37,99,9.324974619931752e-05
NT,2030,52,38,99,9.324974619931752e-05
NT,2030,52,39,99,9.324974619931752e-05
NT,2030,52,40,99,9.324974619931752e-05
NT,2030,52,41,99,9.324974619931752e-05
NT,2030,52,42,99,9.324974619931752e-05
NT,2030,52,43,99,9.324974619931752e-05
NT,2030,52,44,99,9.324974619931752e-05
NT,2030,52,45,99,9.299700677868263e-05
NT,2030,52,46,99,9.299700677868263e-05
NT,2030,52,47,99,9.299700677868263e-05
NT,2030,52,48,99,9.299700677868263e-05
NT,2030,52,49,99,9.299700677868263e-05
NT,2030,52,50,99,9.299700677868263e-05
NT,2030,52,51,99,9.299700677868263e-05
NT,2030,52,52,99,9.299700677868263e-05
NT,2030,52,53,99,9.299700677868263e-05
NT,2030,52,54,99,9.299700677868263e-05
NT,2030,52,55,99,9.299700677868263e-05
NT,2030,52,56,99,9.299700677868263e-05
NT,2030,52,57,99,9.299700677868263e-05
NT,2030,52,58,99,9.324974619931752e-05
NT,2030,52,59,99,9.299700677868263e-05
NT,2030,52,60,99,9.299700677868263e-05
NT,2030,52,61,99,9.299700677868263e-05
NT,2030,52,62,99,9.299700677868263e-05
NT,2030,52,63,99,9.299700677868263e-05
NT,2030,52,64,99,9.299700677868263e-05
NT,2030,52,65,99,9.299700677868263e-05
NT,2030,52,66,99,9.324974619931752e-05
NT,2030,52,67,99,9.324974619931752e-05
NT,2030,52,68,99,9.324974619931752e-05
NT,2030,52,69,99,9.324974619931752e-05
NT,2030,52,70,99,9.324974619931752e-05
NT,2030,52,71,99,9.299700677868263e-05
NT,2030,52,72,99,9.299700677868263e-05
NT,2030,52,73,99,9.299700677868263e-05
NT,2030,52,74,99,9.299660379884166e-05
NT,2030,52,75,99,9.299700677868263e-05
NT,2030,52,76,99,9.299700677868263e-05
NT,2030,52,77,99,9.299700677868263e-05
NT,2030,52,78,99,9.324270847474363e-05
NT,2030,52,79,99,9.387085316308843e-05
NT,2030,52,80,99,9.412777117949865e-05
NT,2030,52,81,99,9.324270847474363e-05
NT,2030,52,82,99,9.299660379884166e-05
NT,2030,52,83,99,9.299700677868263e-05
NT,2030,52,84,99,9.299660379884166e-05
NT,2030,52,85,99,9.299700677868263e-05
NT,2030,52,86,99,9.300435771650698e-05
NT,2030,52,87,99,9.381824241495812e-05
NT,2030,52,88,99,9.412777117949865e-05
NT,2030,52,89,99,9.412777117949865e-05
NT,2030,52,90,99,9.412777117949865e-05
NT,2030,52,91,99,9.412777117949865e-05
NT,2030,52,92,99,9.412777117949865e-05
NT,2030,52,93,99,9.412777117949865e-05
NT,2030,52,94,99,9.412777117950078e-05
NT,2030,52,95,99,9.412777117950078e-05
NT,2030,52,96,99,9.324974619931752e-05
NT,2030,52,97,99,9.299700677868263e-05
NT,2030,52,98,99,9.299700677868263e-05
NT,2030,52,99,99,9.299700677868263e-05
NT,2030,52,100,99,9.299700677868263e-05
NT,2030,52,101,99,9.324974619931752e-05
NT,2030,52,102,99,9.386935359210627e-05
NT,2030,52,103,99,9.386935359210627e-05
NT,2030,52,104,99,9.387085316308843e-05
NT,2030,52,105,99,9.386935359210627e-05
NT,2030,52,106,99,9.386935359210627e-05
NT,2030,52,107,99,9.324974619931752e-05
NT,2030,52,108,99,9.324974619931752e-05
NT,2030,52,109,99,9.324974619931752e-05
NT,2030,52,110,99,9.324974619931752e-05
NT,2030,52,111,99,9.324974619931752e-05
NT,2030,52,112,99,9.386935359210627e-05
NT,2030,52,113,99,9.412777117949865e-05
NT,2030,52,114,99,9.412777117950078e-05
NT,2030,52,115,99,9.412777117950078e-05
NT,2030,52,116,99,9.387085316308843e-05
NT,2030,52,117,99,9.386935359210627e-05
NT,2030,52,118,99,9.386935359210627e-05
NT,2030,52,119,99,9.324974619931752e-05
NT,2030,52,120,99,9.324974619931752e-05
NT,2030,52,121,99,9.324974619931752e-05
NT,2030,52,122,99,9.324974619931752e-05
NT,2030,52,123,99,9.324974619931752e-05
NT,2030,52,124,99,9.324974619931752e-05
NT,2030,52,125,99,9.324974619931752e-05
NT,2030,52,126,99,9.324974619931752e-05
NT,2030,52,127,99,9.324974619931752e-05
NT,2030,52,128,99,9.386935359210627e-05
NT,2030,52,129,99,9.324974619931752e-05
NT,2030,52,130,99,9.299700677868263e-05
NT,2030,52,131,99,9.298925347387622e-05
NT,2030,52,132,99,9.299313004547754e-05
NT,2030,52,133,99,9.299700677868263e-05
NT,2030,52,134,99,9.300088367350424e-05
NT,2030,52,135,99,9.300476072994664e-05
NT,2030,52,136,99,9.386935359210627e-05
NT,2030,52,137,99,9.412777117950078e-05
NT,2030,52,138,99,9.489490487620806e-05
NT,2030,52,139,99,9.501879612079226e-05
NT,2030,52,140,99,9.528557406697437e-05
NT,2030,52,141,99,9.528557406697437e-05
NT,2030,52,142,99,0.00010200946077911046
NT,2030,52,143,99,9.528557406697437e-05
NT,2030,52,144,99,9.528557406697437e-05
NT,2030,52,145,99,9.489490487620806e-05
NT,2030,52,146,99,9.489490487620806e-05
NT,2030,52,147,99,9.489490487620806e-05
NT,2030,52,148,99,9.528557406697437e-05
NT,2030,52,149,99,0.00010203923276851941
NT,2030,52,150,99,0.0001020434866191172
NT,2030,52,151,99,0.00010204774064705564
NT,2030,52,152,99,0.00010205199485233471
NT,2030,52,153,99,9.412777117949865e-05
NT,2030,52,154,99,9.410815346025901e-05
NT,2030,52,155,99,9.411207667698979e-05
NT,2030,52,156,99,9.411600005727042e-05
NT,2030,52,157,99,9.411992360111366e-05
NT,2030,52,158,99,9.412384730851952e-05
NT,2030,52,159,99,9.412777117949865e-05
NT,2030,52,160,99,0.3432581684414488
NT,2030,52,161,99,0.34327247831937185
NT,2030,52,162,99,0.34328678879387614
NT,2030,52,163,99,0.3433010998649529
NT,2030,52,164,99,0.34331541153262823
NT,2030,52,165,99,0.3433297237969371
NT,2030,52,166,99,0.34334403665790564
NT,2030,52,167,99,0.33195047714578396
NT,2040,11,0,99,0.0
NT,2040,11,1,99,3.125849474617073e-05
NT,2040,11,2,99,3.1259797862267194e-05
NT,2040,11,3,99,3.126110103268793e-05
NT,2040,11,4,99,3.1262404257435076e-05
NT,2040,11,5,99,3.128978453070138e-05
NT,2040,11,6,99,3.1375923726500615e-05
NT,2040,11,7,99,3.1375923726500615e-05
NT,2040,11,8,99,3.1375923726500615e-05
NT,2040,11,9,99,3.1290284387696145e-05
NT,2040,11,10,99,3.1290284387696145e-05
NT,2040,11,11,99,3.128978453070138e-05
NT,2040,11,12,99,3.127283201146307e-05
NT,2040,11,13,99,3.1274135725255395e-05
NT,2040,11,14,99,3.127543949339861e-05
NT,2040,11,15,99,3.127674331589485e-05
NT,2040,11,16,99,3.127804719274305e-05
NT,2040,11,17,99,3.128978453070138e-05
NT,2040,11,18,99,3.1375923726500615e-05
NT,2040,11,19,99,3.137592372649955e-05
NT,2040,11,20,99,3.142300534452009e-05
NT,2040,11,21,99,3.142300534452009e-05
NT,2040,11,22,99,3.1375923726500615e-05
NT,2040,11,23,99,3.1375923726500615e-05
NT,2040,11,24,99,3.1375923726500615e-05
NT,2040,11,25,99,3.137763477501658e-05
NT,2040,11,26,99,3.1518941341451754e-05
NT,2040,11,27,99,3.1631634958735665e-05
NT,2040,11,28,99,3.1631634958735665e-05
NT,2040,11,29,99,0.10583372254043422
NT,2040,11,30,99,0.11714091798651816
NT,2040,11,31,99,0.11714580140195602
NT,2040,11,32,99,0.11715068502097244
NT,2040,11,33,99,0.11034902603765682
NT,2040,11,34,99,0.11681978155164595
NT,2040,11,35,99,0.11067992950698549
NT,2040,11,36,99,0.11374985552931681
NT,2040,11,37,99,0.11254908563394826
NT,2040,11,38,99,0.1080495604711845
NT,2040,11,39,99,0.10805406488262564
NT,2040,11,40,99,0.10805856948185127
NT,2040,11,41,99,0.11719464675470091
NT,2040,11,42,99,0.11719953241000433
NT,2040,11,43,99,0.1172044182689735
NT,2040,11,44,99,0.11720930433163461
NT,2040,11,45,99,0.1172141905979811
NT,2040,11,46,99,0.11721907706803261
NT,2040,11,47,99,0.11167053411409453
NT,2040,11,48,99,3.1631634958735665e-05
NT,2040,11,49,99,3.1375923726500615e-05
NT,2040,11,50,99,3.1375923726500615e-05
NT,2040,11,51,99,3.1290284387696145e-05
NT,2040,11,52,99,3.1290284387696145e-05
NT,2040,11,53,99,3.1290284387696145e-05
NT,2040,11,54,99,3.137592372649955e-05
NT,2040,11,55,99,3.142300534452009e-05
NT,2040,11,56,99,3.1375923726500615e-05
NT,2040,11,57,99,3.1290284387696145e-05
NT,2040,11,58,99,3.128978453070138e-05
NT,2040,11,59,99,3.128898000071948e-05
NT,2040,11,60,99,3.1290284387696145e-05
NT,2040,11,61,99,3.129158882905031e-05
NT,2040,11,62,99,3.129289332478519e-05
NT,2040,11,63,99,3.129419787490182e-05
NT,2040,11,64,99,3.129550247940342e-05
NT,2040,11,65,99,3.1375923726500615e-05
NT,2040,11,66,99,3.1740758953484875e-05
NT,2040,11,67,99,3.190356489814738e-05
NT,2040,11,68,99,3.190356489814738e-05
NT,2040,11,69,99,3.176185802232444e-05
NT,2040,11,70,99,3.1740758953484875e-05
NT,2040,11,71,99,3.1631634958735665e-05
NT,2040,11,72,99,3.151762742253395e-05
NT,2040,11,73,99,3.142300534452009e-05
NT,2040,11,74,99,3.142300534452009e-05
NT,2040,11,75,99,3.151762742253395e-05
NT,2040,11,76,99,3.1631634958735665e-05
NT,2040,11,77,99,3.174208217439611e-05
NT,2040,11,78,99,3.4410011742167904e-05
NT,2040,11,79,99,3.441144623991057e-05
NT,2040,11,80,99,3.441288079745592e-05
NT,2040,11,81,99,3.1740758953484875e-05
NT,2040,11,82,99,3.1740758953484875e-05
NT,2040,11,83,99,3.173546662142492e-05
NT,2040,11,84,99,3.173678962170791e-05
NT,2040,11,85,99,3.173811267714344e-05
NT,2040,11,86,99,3.17394357877347e-05
NT,2040,11,87,99,3.1740758953484875e-05
NT,2040,11,88,99,3.174340545046838e-05
NT,2040,11,89,99,0.08335968512668848
NT,2040,11,90,99,0.123288215945983
NT,2040,11,91,99,0.12329335563232695
NT,2040,11,92,99,0.12329849553293726
NT,2040,11,93,99,0.12330363564782264
NT,2040,11,94,99,0.12200709989715162
NT,2040,11,95,99,0.11509403058444959
NT,2040,11,96,99,0.11372873414139725
NT,2040,11,97,99,0.1137614943855652
NT,2040,11,98,99,0.11373821667306626
NT,2040,11,99,99,0.11372450475950126
NT,2040,11,100,99,0.11372924575019337
NT,2040,11,101,99,0.11375244195303554
NT,2040,11,102,99,0.12334990632559796
NT,2040,11,103,99,0.12335504858371385
NT,2040,11,104,99,0.12260253904347516
NT,2040,11,105,99,0.11255215106844182
NT,2040,11,106,99,0.11255684318560344
NT,2040,11,107,99,0.11256153549837244
NT,2040,11,108,99,0.11256622800675539
NT,2040,11,109,99,0.11257092071076534
NT,2040,11,110,99,0.11257561361040232
NT,2040,11,111,99,0.11258030670568156
NT,2040,11,112,99,0.11258499999660745
NT,2040,11,113,99,0.1292060004129151
NT,2040,11,114,99,0.12921138680212357
NT,2040,11,115,99,0.12921677341588503
NT,2040,11,116,99,0.12922216025420385
NT,2040,11,117,99,0.12922754731709313
NT,2040,11,118,99,0.12923293460455718
NT,2040,11,119,99,0.12923832211661349
NT,2040,11,120,99,0.10867502562840922
NT,2040,11,121,99,0.10867955611448195
NT,2040,11,122,99,0.11254908563394826
NT,2040,11,123,99,0.11334498770857326
NT,2040,11,124,99,0.11264537388946966
NT,2040,11,125,99,0.11404460152768123
NT,2040,11,126,99,0.11404460152768123
NT,2040,11,127,99,0.11404460152768123
NT,2040,11,128,99,0.11578398193007615
NT,2040,11,129,99,0.11517100497424457
NT,2040,11,130,99,0.11648254586674557
NT,2040,11,131,99,0.10872487136428682
NT,2040,11,132,99,0.10872940392834687
NT,2040,11,133,99,0.10873393668136225
NT,2040,11,134,99,0.10873846962334383
NT,2040,11,135,99,0.10874300275429598
NT,2040,11,136,99,0.10874753607422524
NT,2040,11,137,99,0.11794186372051794
NT,2040,11,138,99,0.11794678052608497
NT,2040,11,139,99,0.11795169753662595
NT,2040,11,140,99,0.1179566147521474
NT,2040,11,141,99,0.11796153217265806
NT,2040,11,142,99,0.11796644979817537
NT,2040,11,143,99,0.11766903525684881
NT,2040,11,144,99,0.11368210897890156
NT,2040,11,145,99,0.11230825261914136
NT,2040,11,146,99,0.11436479696070233
NT,2040,11,147,99,0.11404460152768123
NT,2040,11,148,99,0.11436479696070233
NT,2040,11,149,99,0.11461880289659708
NT,2040,11,150,99,0.11351261023604764
NT,2040,11,151,99,0.11374985552931681
NT,2040,11,152,99,0.11571441684327323
NT,2040,11,153,99,0.11802055721121439
NT,2040,11,154,99,0.11802547729738924
NT,2040,11,155,99,0.1167844412970942
NT,2040,11,156,99,0.11281630058379362
NT,2040,11,157,99,0.10832676417466064
NT,2040,11,158,99,0.10833128014227851
NT,2040,11,159,99,0.10833579629815618
NT,2040,11,160,99,0.10834031264230891
NT,2040,11,161,99,0.11164399292358448
NT,2040,11,162,99,0.11750510897669793
NT,2040,11,163,99,0.11751000757466941
NT,2040,11,164,99,0.11697229709657844
NT,2040,11,165,99,0.11751980538325799
NT,2040,11,166,99,0.1175247045938947
NT,2040,11,167,99,3.1631634958735665e-05
NT,2040,21,0,99,0.0
NT,2040,21,1,99,0.23175081278551657
NT,2040,21,2,99,0.1178530567488012
NT,2040,21,3,99,0.11777048070054368
NT,2040,21,4,99,0.11777539036143274
NT,2040,21,5,99,0.12773300013121625
NT,2040,21,6,99,0.1277383251134262
NT,2040,21,7,99,0.12774365031762946
NT,2040,21,8,99,0.11412119274352042
NT,2040,21,9,99,0.11412595027148803
NT,2040,21,10,99,0.1181711275782076
NT,2040,21,11,99,0.11979764588871908
NT,2040,21,12,99,0.11587540639275828
NT,2040,21,13,99,0.11745013325020913
NT,2040,21,14,99,0.11461880289659708
NT,2040,21,15,99,0.1155572830314643
NT,2040,21,16,99,0.11415925852110413
NT,2040,21,17,99,0.11416401763597586
NT,2040,21,18,99,0.11930294302119707
NT,2040,21,19,99,0.1234747847955289
NT,2040,21,20,99,0.12326902723042503
NT,2040,21,21,99,0.11418305607954912
NT,2040,21,22,99,0.11546649520214423
NT,2040,21,23,99,0.11419257649190356
NT,2040,21,24,99,0.11419733699574781
NT,2040,21,25,99,0.11420209769805127
NT,2040,21,26,99,0.1142068585988205
NT,2040,21,27,99,0.11421161969806422
NT,2040,21,28,99,0.1142163809957933
NT,2040,21,29,99,0.12387308557374238
NT,2040,21,30,99,0.12387824964236162
NT,2040,21,31,99,0.12388341392625453
NT,2040,21,32,99,0.12258078181628548
NT,2040,21,33,99,0.11392890114563595
NT,2040,21,34,99,0.1225910024184427
NT,2040,21,35,99,0.11843081062086931
NT,2040,21,36,99,0.11254908563394826
NT,2040,21,37,99,0.11254908563394826
NT,2040,21,38,99,0.11254908563394826
NT,2040,21,39,99,0.11336370757358583
NT,2040,21,40,99,0.11254439377497506
NT,2040,21,41,99,0.11374985546342174
NT,2040,21,42,99,0.11375459751094233
NT,2040,21,43,99,0.1209559866250495
NT,2040,21,44,99,0.11876054107965377
NT,2040,21,45,99,0.11363532296552264
NT,2040,21,46,99,0.11377356767799894
NT,2040,21,47,99,0.11355287008693378
NT,2040,21,48,99,0.11337171267288283
NT,2040,21,49,99,0.1144631389281205
NT,2040,21,50,99,0.11477446686507803
NT,2040,21,51,99,0.11356619743738294
NT,2040,21,52,99,0.11350920104827876
NT,2040,21,53,99,0.12212081176364353
NT,2040,21,54,99,0.12212590278279797
NT,2040,21,55,99,0.12213099401418674
NT,2040,21,56,99,0.11843496995680801
NT,2040,21,57,99,0.10444979907747842
NT,2040,21,58,99,0.10445415342068783
NT,2040,21,59,99,0.10445850794542647
NT,2040,21,60,99,0.10446286265169867
NT,2040,21,61,99,0.10446721753950665
NT,2040,21,62,99,0.10447157260886131
NT,2040,21,63,99,0.10447592785977569
NT,2040,21,64,99,0.10448028329225638
NT,2040,21,65,99,0.10539878371003003
NT,2040,21,66,99,0.11430998285930662
NT,2040,21,67,99,0.11431474825763303
NT,2040,21,68,99,0.11431951385462363
NT,2040,21,69,99,0.11254908563394826
NT,2040,21,70,99,0.11366321888246746
NT,2040,21,71,99,0.11143495238543125
NT,2040,21,72,99,0.10867771424989157
NT,2040,21,73,99,0.1136252079904047
NT,2040,21,74,99,0.1137012297745302
NT,2040,21,75,99,0.11238363037156032
NT,2040,21,76,99,0.11435764578335231
NT,2040,21,77,99,0.11436241316866926
NT,2040,21,78,99,0.11436718075273104
NT,2040,21,79,99,0.11437194853554639
NT,2040,21,80,99,0.11437671651712618
NT,2040,21,81,99,0.10954278640051535
NT,2040,21,82,99,0.11339415814734584
NT,2040,21,83,99,0.10456307101644254
NT,2040,21,84,99,0.10456743008177959
NT,2040,21,85,99,0.10457178932883336
NT,2040,21,86,99,0.10457614875761913
NT,2040,21,87,99,0.1045805083681456
NT,2040,21,88,99,0.10458486816041716
NT,2040,21,89,99,0.10458922813444033
NT,2040,21,90,99,0.11480433098551146
NT,2040,21,91,99,0.1148091169924141
NT,2040,21,92,99,0.11481390319883558
NT,2040,21,93,99,0.11306756029318937
NT,2040,21,94,99,0.11482347621027432
NT,2040,21,95,99,0.11436479696070233
NT,2040,21,96,99,0.11254908563394826
NT,2040,21,97,99,0.11254908563394826
NT,2040,21,98,99,0.11310436924256576
NT,2040,21,99,99,0.11414722061938422
NT,2040,21,100,99,0.11485220003396285
NT,2040,21,101,99,0.11485698803644637
NT,2040,21,102,99,0.11486177623853376
NT,2040,21,103,99,0.11486656464023812
NT,2040,21,104,99,0.11487135324155942
NT,2040,21,105,99,0.11090907909965608
NT,2040,21,106,99,0.11436479696070233
NT,2040,21,107,99,0.10501526737702209
NT,2040,21,108,99,0.10501964529369347
NT,2040,21,109,99,0.10502402339287303
NT,2040,21,110,99,0.1050284016745673
NT,2040,21,111,99,0.10503278013878502
NT,2040,21,112,99,0.10503715878553707
NT,2040,21,113,99,0.1137478770919331
NT,2040,21,114,99,0.11491925023574585
NT,2040,21,115,99,0.11492404103344671
NT,2040,21,116,99,0.11492883203086701
NT,2040,21,117,99,0.11493362322801545
NT,2040,21,118,99,0.1149384146248986
NT,2040,21,119,99,0.11485337391510997
NT,2040,21,120,99,0.11353955507352329
NT,2040,21,121,99,0.11366321888246746
NT,2040,21,122,99,0.11366321888246746
NT,2040,21,123,99,0.11487286550631953
NT,2040,21,124,99,0.1149671672011645
NT,2040,21,125,99,0.11497195999644558
NT,2040,21,126,99,0.11497675299152676
NT,2040,21,127,99,0.1149815461864233
NT,2040,21,128,99,0.11498633958114175
NT,2040,21,129,99,0.10461080502826922
NT,2040,21,130,99,0.113455382583713
NT,2040,21,131,99,0.10461952732064997
NT,2040,21,132,99,0.10462388873955716
NT,2040,21,133,99,0.10462825034028356
NT,2040,21,134,99,0.10463261212283786
NT,2040,21,135,99,0.10463697408723101
NT,2040,21,136,99,0.10464133623346734
NT,2040,21,137,99,0.10886170610044077
NT,2040,21,138,99,0.1157076245206295
NT,2040,21,139,99,0.11571244818437755
NT,2040,21,140,99,0.11571727204921643
NT,2040,21,141,99,0.11572209611515269
NT,2040,21,142,99,0.1157269203821994
NT,2040,21,143,99,0.11573174485035874
NT,2040,21,144,99,0.11404460152768123
NT,2040,21,145,99,0.11404460152768123
NT,2040,21,146,99,0.11404460152768123
NT,2040,21,147,99,0.1144289296642455
NT,2040,21,148,99,0.11538287749786888
NT,2040,21,149,99,0.1157606958832297
NT,2040,21,150,99,0.11576552175943698
NT,2040,21,151,99,0.11577034783682884
NT,2040,21,152,99,0.11577517411541184
NT,2040,21,153,99,0.10675865450881303
NT,2040,21,154,99,0.11404460152768123
NT,2040,21,155,99,0.11404460152768123
NT,2040,21,156,99,0.10677200685241924
NT,2040,21,157,99,0.1067764580047156
NT,2040,21,158,99,0.1067809093425769
NT,2040,21,159,99,0.10678536086600317
NT,2040,21,160,99,0.10678981257500746
NT,2040,21,161,99,0.10679426446959633
NT,2040,21,162,99,0.11582344796859627
NT,2040,21,163,99,0.11582827646083767
NT,2040,21,164,99,0.1158331051543705
NT,2040,21,165,99,0.11583793404920127
NT,2040,21,166,99,0.1158427631453431
NT,2040,21,167,99,0.11499115189985287
NT,2040,42,0,99,0.0
NT,2040,42,1,99,0.2006653004830129
NT,2040,42,2,99,0.1369819564188232
NT,2040,42,3,99,0.13698766697506695
NT,2040,42,4,99,0.13699337776937281
NT,2040,42,5,99,0.14857581950602114
NT,2040,42,6,99,0.14858201339166666
NT,2040,42,7,99,0.14858820753552457
NT,2040,42,8,99,0.11652717661844571
NT,2040,42,9,99,0.1152362744207796
NT,2040,42,10,99,0.11524107843469932
NT,2040,42,11,99,0.124984418575457
NT,2040,42,12,99,0.1152506870633715
NT,2040,42,13,99,0.11525549167813706
NT,2040,42,14,99,0.11526029649319765
NT,2040,42,15,99,0.11526510150856198
NT,2040,42,16,99,0.1250104727391308
NT,2040,42,17,99,0.12501568422357417
NT,2040,42,18,99,0.12502089592527968
NT,2040,42,19,99,0.1250261078442516
NT,2040,42,20,99,0.12503131998050526
NT,2040,42,21,99,0.1193910538556939
NT,2040,42,22,99,0.11537000713662551
NT,2040,42,23,99,0.11243888014815102
NT,2040,42,24,99,0.11254908563394826
NT,2040,42,25,99,0.11334498770857326
NT,2040,42,26,99,0.11334498770857326
NT,2040,42,27,99,0.11245763090097195
NT,2040,42,28,99,0.11246231907774216
NT,2040,42,29,99,0.11811017414753247
NT,2040,42,30,99,0.12028298198549629
NT,2040,42,31,99,0.12198089191714151
NT,2040,42,32,99,0.11592936710385246
NT,2040,42,33,99,0.11254908563394826
NT,2040,42,34,99,0.11681978155164595
NT,2040,42,35,99,0.11155897204094543
NT,2040,42,36,99,0.11156362275408149
NT,2040,42,37,99,0.11156827366109597
NT,2040,42,38,99,0.11157292476199977
NT,2040,42,39,99,0.11157757605680378
NT,2040,42,40,99,0.11158222754550802
NT,2040,42,41,99,0.12184650113235158
NT,2040,42,42,99,0.12185158071593888
NT,2040,42,43,99,0.1218566605112852
NT,2040,42,44,99,0.11988015219243207
NT,2040,42,45,99,0.11254204799218201
NT,2040,42,46,99,0.11254673968816287
NT,2040,42,47,99,0.11255143157973366
NT,2040,42,48,99,0.11255612366690095
NT,2040,42,49,99,0.11256081594967562
NT,2040,42,50,99,0.11239462662048923
NT,2040,42,51,99,0.11239931217070975
NT,2040,42,52,99,0.11240399791626514
NT,2040,42,53,99,0.11823472942111966
NT,2040,42,54,99,0.12191255223874982
NT,2040,42,55,99,0.12191763457589991
NT,2040,42,56,99,0.1152091634460348
NT,2040,42,57,99,0.11259836125464404
NT,2040,42,58,99,0.11531293045999867
NT,2040,42,59,99,0.11610198731611383
NT,2040,42,60,99,0.11244149091368312
NT,2040,42,61,99,0.11244617841760104
NT,2040,42,62,99,0.11245086611693451
NT,2040,42,63,99,0.1124555540116944
NT,2040,42,64,99,0.12824728386533324
NT,2040,42,65,99,0.12825263028720443
NT,2040,42,66,99,0.12825797693195418
NT,2040,42,67,99,0.12826332379959987
NT,2040,42,68,99,0.1282686708901459
NT,2040,42,69,99,0.11827916325321626
NT,2040,42,70,99,0.11828409412025256
NT,2040,42,71,99,0.11828902519285367
NT,2040,42,72,99,0.11829395647102177
NT,2040,42,73,99,0.11829888795476556
NT,2040,42,74,99,0.11830381964409378
NT,2040,42,75,99,0.11830875153901733
NT,2040,42,76,99,0.11831368363954711
NT,2040,42,77,99,0.1283168047371973
NT,2040,42,78,99,0.12832215405727865
NT,2040,42,79,99,0.12832750360036063
NT,2040,42,80,99,0.12721979677393802
NT,2040,42,81,99,0.11731197499156291
NT,2040,42,82,99,0.11731686553808679
NT,2040,42,83,99,0.11732175628849227
NT,2040,42,84,99,0.11732664724278156
NT,2040,42,85,99,0.11733153840096772
NT,2040,42,86,99,0.11733642976306165
NT,2040,42,87,99,0.11734132132906555
NT,2040,42,88,99,0.1283756595248577
NT,2040,42,89,99,0.12838101129849971
NT,2040,42,90,99,0.12838636329525138
NT,2040,42,91,99,0.12839171551511266
NT,2040,42,92,99,0.12839706795810105
NT,2040,42,93,99,0.12840242062422524
NT,2040,42,94,99,0.11841908949317544
NT,2040,42,95,99,0.11680517261871214
NT,2040,42,96,99,0.11681004203746602
NT,2040,42,97,99,0.1168149116592185
NT,2040,42,98,99,0.11681978148397612
NT,2040,42,99,99,0.1168246515117476
NT,2040,42,100,99,0.11682952174254384
NT,2040,42,101,99,0.12670716072580782
NT,2040,42,102,99,0.12671244294242817
NT,2040,42,103,99,0.12671772537925838
NT,2040,42,104,99,0.10744832620466727
NT,2040,42,105,99,0.107452805551623
NT,2040,42,106,99,0.10745728508531886
NT,2040,42,107,99,0.10746176480575921
NT,2040,42,108,99,0.10746624471294842
NT,2040,42,109,99,0.10747072480690174
NT,2040,42,110,99,0.10747520508761918
NT,2040,42,111,99,0.10747968555511599
NT,2040,42,112,99,0.11535988348086591
NT,2040,42,113,99,0.11781536550917536
NT,2040,42,114,99,0.11782027704123764
NT,2040,42,115,99,0.11782518877805147
NT,2040,42,116,99,0.11783010071963211
NT,2040,42,117,99,0.11783501286597739
NT,2040,42,118,99,0.10865807392404112
NT,2040,42,119,99,0.10866260370342339
NT,2040,42,120,99,0.11374985552931681
NT,2040,42,121,99,0.1136526040197436
NT,2040,42,122,99,0.11254908563394826
NT,2040,42,123,99,0.10806253795274716
NT,2040,42,124,99,0.10886892499341116
NT,2040,42,125,99,0.11663000873658945
NT,2040,42,126,99,0.11663487085304308
NT,2040,42,127,99,0.11663973317219006
NT,2040,42,128,99,0.11664459569403912
NT,2040,42,129,99,0.10884947571681014
NT,2040,42,130,99,0.11564255500535331
NT,2040,42,131,99,0.10663636371668497
NT,2040,42,132,99,0.10664080921423882
NT,2040,42,133,99,0.1066452548971178
NT,2040,42,134,99,0.1066497007653328
NT,2040,42,135,99,0.10665414681888817
NT,2040,42,136,99,0.11637877443569485
NT,2040,42,137,99,0.11668836751368902
NT,2040,42,138,99,0.11669323206302541
NT,2040,42,139,99,0.11669809681515762
NT,2040,42,140,99,0.11670296177009438
NT,2040,42,141,99,0.11670782692784223
NT,2040,42,142,99,0.11320422059864428
NT,2040,42,143,99,0.11334498770857326
NT,2040,42,144,99,0.11334498770857326
NT,2040,42,145,99,0.11334498770857326
NT,2040,42,146,99,0.11334498770857326
NT,2040,42,147,99,0.11334498770857326
NT,2040,42,148,99,0.11334498770857326
NT,2040,42,149,99,0.11674675549208169
NT,2040,42,150,99,0.11675162247551743
NT,2040,42,151,99,0.11675648966185148
NT,2040,42,152,99,0.11676135705109254
NT,2040,42,153,99,0.11199516820978316
NT,2040,42,154,99,0.10746165002330586
NT,2040,42,155,99,0.1074661299257115
NT,2040,42,156,99,0.10747061001487908
NT,2040,42,157,99,0.10747509029081076
NT,2040,42,158,99,0.10747957075352182
NT,2040,42,159,99,0.10748405140301444
NT,2040,42,160,99,0.11680030347060923
NT,2040,42,161,99,0.11680517268637543
NT,2040,42,162,99,0.11681004210513149
NT,2040,42,163,99,0.11681491172688398
NT,2040,42,164,99,0.11681978155164595
NT,2040,42,165,99,0.11682465157942179
NT,2040,42,166,99,0.11285376125378462
NT,2040,42,167,99,0.11035655029251557
NT,2040,52,0,99,0.0
NT,2040,52,1,99,0.228857859328491
NT,2040,52,2,99,0.11586816065702513
NT,2040,52,3,99,0.11587299101326438
NT,2040,52,4,99,0.11587782157087356
NT,2040,52,5,99,0.11588265232986356
NT,2040,52,6,99,0.11588748329023872
NT,2040,52,7,99,0.12568547531782126
NT,2040,52,8,99,0.12569071494203293
NT,2040,52,9,99,0.11759336625403984
NT,2040,52,10,99,0.10448070127120924
NT,2040,52,11,99,0.10448505690268332
NT,2040,52,12,99,0.10448941271573459
NT,2040,52,13,99,0.10449376871037395
NT,2040,52,14,99,0.10449812488661012
NT,2040,52,15,99,0.10450248124444747
NT,2040,52,16,99,0.11333790029942295
NT,2040,52,17,99,0.11334262517319835
NT,2040,52,18,99,0.11334735024395036
NT,2040,52,19,99,0.11335207551168118
NT,2040,52,20,99,3.1672932040264084e-05
NT,2040,52,21,99,3.1672932040264084e-05
NT,2040,52,22,99,3.1375923726500615e-05
NT,2040,52,23,99,3.137592372649955e-05
NT,2040,52,24,99,3.1375923726500615e-05
NT,2040,52,25,99,3.1290284387696145e-05
NT,2040,52,26,99,3.128978453070138e-05
NT,2040,52,27,99,3.128978453070138e-05
NT,2040,52,28,99,3.1091296801559876e-05
NT,2040,52,29,99,3.1091296801559876e-05
NT,2040,52,30,99,3.128978453070138e-05
NT,2040,52,31,99,3.128978453070138e-05
NT,2040,52,32,99,3.128978453070138e-05
NT,2040,52,33,99,3.128978453070138e-05
NT,2040,52,34,99,0.0
NT,2040,52,35,99,0.0
NT,2040,52,36,99,3.1083248733106195e-05
NT,2040,52,37,99,3.1083248733106195e-05
NT,2040,52,38,99,3.1083248733106195e-05
NT,2040,52,39,99,3.1083248733106195e-05
NT,2040,52,40,99,3.1083248733106195e-05
NT,2040,52,41,99,1.5071234879831703e-05
NT,2040,52,42,99,3.1083248733106195e-05
NT,2040,52,43,99,3.1083248733106195e-05
NT,2040,52,44,99,3.1083248733106195e-05
NT,2040,52,45,99,3.1083248733106195e-05
NT,2040,52,46,99,3.1083248733106195e-05
NT,2040,52,47,99,3.1083248733106195e-05
NT,2040,52,48,99,3.1083248733106195e-05
NT,2040,52,49,99,3.099900225956123e-05
NT,2040,52,50,99,3.099900225956123e-05
NT,2040,52,51,99,3.099900225956123e-05
NT,2040,52,52,99,3.099900225956123e-05
NT,2040,52,53,99,3.099900225956123e-05
NT,2040,52,54,99,3.099900225956123e-05
NT,2040,52,55,99,3.099900225956123e-05
NT,2040,52,56,99,3.1083248733106195e-05
NT,2040,52,57,99,3.1083248733106195e-05
NT,2040,52,58,99,3.1083248733106195e-05
NT,2040,52,59,99,3.1083248733106195e-05
NT,2040,52,60,99,3.1083248733106195e-05
NT,2040,52,61,99,3.1083248733106195e-05
NT,2040,52,62,99,3.1006891455926365e-05
NT,2040,52,63,99,3.1008184083088445e-05
NT,2040,52,64,99,3.1083248733106195e-05
NT,2040,52,65,99,3.1083248733106195e-05
NT,2040,52,66,99,3.1083248733106195e-05
NT,2040,52,67,99,3.118519088794405e-05
NT,2040,52,68,99,3.128978453070138e-05
NT,2040,52,69,99,3.128978453070138e-05
NT,2040,52,70,99,3.118519088794405e-05
NT,2040,52,71,99,3.1083248733106195e-05
NT,2040,52,72,99,3.1080902824913835e-05
NT,2040,52,73,99,3.1078311561801684e-05
NT,2040,52,74,99,3.1022406538936184e-05
NT,2040,52,75,99,3.1080902824913835e-05
NT,2040,52,76,99,3.1082198537488965e-05
NT,2040,52,77,99,3.1083248733106195e-05
NT,2040,52,78,99,3.1290284387696145e-05
NT,2040,52,79,99,3.1375923726500615e-05
NT,2040,52,80,99,3.137763477501658e-05
NT,2040,52,81,99,3.1375923726500615e-05
NT,2040,52,82,99,3.1290284387696145e-05
NT,2040,52,83,99,3.1290284387696145e-05
NT,2040,52,84,99,3.1290284387696145e-05
NT,2040,52,85,99,3.1290284387696145e-05
NT,2040,52,86,99,3.1290284387696145e-05
NT,2040,52,87,99,3.1375923726500615e-05
NT,2040,52,88,99,3.1375923726500615e-05
NT,2040,52,89,99,3.1375923726500615e-05
NT,2040,52,90,99,3.137592372649955e-05
NT,2040,52,91,99,3.137592372649955e-05
NT,2040,52,92,99,3.137592372649955e-05
NT,2040,52,93,99,3.1375923726500615e-05
NT,2040,52,94,99,3.1375923726500615e-05
NT,2040,52,95,99,3.1375923726500615e-05
NT,2040,52,96,99,3.1375923726500615e-05
NT,2040,52,97,99,3.128978453070138e-05
NT,2040,52,98,99,3.118519088794405e-05
NT,2040,52,99,99,3.1083248733106195e-05
NT,2040,52,100,99,3.1083248733106195e-05
NT,2040,52,101,99,3.128978453070138e-05
NT,2040,52,102,99,3.1375923726500615e-05
NT,2040,52,103,99,3.1375923726500615e-05
NT,2040,52,104,99,3.1375923726500615e-05
NT,2040,52,105,99,3.1375923726500615e-05
NT,2040,52,106,99,3.1375923726500615e-05
NT,2040,52,107,99,3.1375923726500615e-05
NT,2040,52,108,99,3.1375923726500615e-05
NT,2040,52,109,99,3.128978453070138e-05
NT,2040,52,110,99,3.1290284387696145e-05
NT,2040,52,111,99,3.1375923726500615e-05
NT,2040,52,112,99,3.137592372649955e-05
NT,2040,52,113,99,0.0
NT,2040,52,114,99,0.0
NT,2040,52,115,99,3.1375923726500615e-05
NT,2040,52,116,99,3.137592372649955e-05
NT,2040,52,117,99,3.1375923726500615e-05
NT,2040,52,118,99,3.137592372649955e-05
NT,2040,52,119,99,3.128978453070138e-05
NT,2040,52,120,99,3.1083248733106195e-05
NT,2040,52,121,99,3.1083248733106195e-05
NT,2040,52,122,99,3.1084544543479504e-05
NT,2040,52,123,99,3.1085840407871554e-05
NT,2040,52,124,99,3.10871363262866e-05
NT,2040,52,125,99,3.108843229872783e-05
NT,2040,52,126,99,3.128978453070138e-05
NT,2040,52,127,99,3.1290284387696145e-05
NT,2040,52,128,99,3.1375923726500615e-05
NT,2040,52,129,99,3.128978453070138e-05
NT,2040,52,130,99,3.109491297138008e-05
NT,2040,52,131,99,3.109620926801678e-05
NT,2040,52,132,99,3.109750561869351e-05
NT,2040,52,133,99,3.109880202341346e-05
NT,2040,52,134,99,3.1100098482176634e-05
NT,2040,52,135,99,3.118519088794405e-05
NT,2040,52,136,99,3.1375923726500615e-05
NT,2040,52,137,99,0.10997843956884959
NT,2040,52,138,99,0.1140279628910875
NT,2040,52,139,99,0.11435287859677366
NT,2040,52,140,99,0.11435764578335231
NT,2040,52,141,99,0.11436241316866926
NT,2040,52,142,99,0.11436718075273104
NT,2040,52,143,99,0.11437194853554639
NT,2040,52,144,99,0.11435764538585609
NT,2040,52,145,99,0.10830685438546574
NT,2040,52,146,99,0.10994879558695692
NT,2040,52,147,99,0.11155848464775628
NT,2040,52,148,99,0.11428850289436318
NT,2040,52,149,99,0.1144005594067145
NT,2040,52,150,99,0.11440532858102931
NT,2040,52,151,99,0.11441009795416529
NT,2040,52,152,99,0.11441486752612895
NT,2040,52,153,99,0.11400644780723461
NT,2040,52,154,99,0.10550868630117878
NT,2040,52,155,99,0.1055130847876847
NT,2040,52,156,99,0.10551748345755566
NT,2040,52,157,99,0.10552188231080255
NT,2040,52,158,99,0.10552628134742974
NT,2040,52,159,99,0.10553068056744812
NT,2040,52,160,99,0.11786535756556818
NT,2040,52,161,99,0.11787027118171389
NT,2040,52,162,99,0.11787518500270709
NT,2040,52,163,99,0.1178800990285456
NT,2040,52,164,99,0.1178850132592425
NT,2040,52,165,99,0.11788992769480867
NT,2040,52,166,99,0.11789484233524415
NT,2040,52,167,99,0.10807163865974496
GA,2040,11,0,99,0.0
GA,2040,11,1,99,3.1083248733106195e-05
GA,2040,11,2,99,3.1083248733106195e-05
GA,2040,11,3,99,3.1083248733106195e-05
GA,2040,11,4,99,3.1083248733106195e-05
GA,2040,11,5,99,3.128978453070138e-05
GA,2040,11,6,99,3.137592372649955e-05
GA,2040,11,7,99,3.1375923726500615e-05
GA,2040,11,8,99,3.1290284387696145e-05
GA,2040,11,9,99,3.1290284387696145e-05
GA,2040,11,10,99,3.118519088794405e-05
GA,2040,11,11,99,3.108065727441259e-05
GA,2040,11,12,99,3.1081952976750555e-05
GA,2040,11,13,99,3.1083248733106195e-05
GA,2040,11,14,99,3.1084544543479504e-05
GA,2040,11,15,99,3.1085840407871554e-05
GA,2040,11,16,99,3.10871363262866e-05
GA,2040,11,17,99,3.108843229872783e-05
GA,2040,11,18,99,3.1290284387696145e-05
GA,2040,11,19,99,3.1375923726500615e-05
GA,2040,11,20,99,3.137592372649955e-05
GA,2040,11,21,99,3.1375923726500615e-05
GA,2040,11,22,99,3.1290284387696145e-05
GA,2040,11,23,99,3.1290284387696145e-05
GA,2040,11,24,99,3.1290284387696145e-05
GA,2040,11,25,99,3.1375923726500615e-05
GA,2040,11,26,99,3.137763477501658e-05
GA,2040,11,27,99,3.137763477501658e-05
GA,2040,11,28,99,3.137763477501658e-05
GA,2040,11,29,99,3.1631634958735665e-05
GA,2040,11,30,99,3.433504952279023e-05
GA,2040,11,31,99,3.433648089547956e-05
GA,2040,11,32,99,3.4337912327839564e-05
GA,2040,11,33,99,3.166369082811758e-05
GA,2040,11,34,99,3.1672932040264084e-05
GA,2040,11,35,99,3.1666330899276226e-05
GA,2040,11,36,99,3.1667651017403364e-05
GA,2040,11,37,99,3.1668971190561676e-05
GA,2040,11,38,99,3.167029141875755e-05
GA,2040,11,39,99,3.1671611701989906e-05
GA,2040,11,40,99,3.1672932040264084e-05
GA,2040,11,41,99,0.04766318199403255
GA,2040,11,42,99,0.04766516899500876
GA,2040,11,43,99,0.04766715607882311
GA,2040,11,44,99,0.04766914324546689
GA,2040,11,45,99,0.047671130494966255
GA,2040,11,46,99,0.11376882483967209
GA,2040,11,47,99,3.1631634958735665e-05
GA,2040,11,48,99,3.1375923726500615e-05
GA,2040,11,49,99,3.1375923726500615e-05
GA,2040,11,50,99,3.128978453070138e-05
GA,2040,11,51,99,3.128978453070138e-05
GA,2040,11,52,99,3.128978453070138e-05
GA,2040,11,53,99,3.128978453070138e-05
GA,2040,11,54,99,3.1290284387696145e-05
GA,2040,11,55,99,3.137592372649955e-05
GA,2040,11,56,99,3.1375923726500615e-05
GA,2040,11,57,99,3.128978453070138e-05
GA,2040,11,58,99,3.118259093017427e-05
GA,2040,11,59,99,3.118389088196355e-05
GA,2040,11,60,99,3.118519088794405e-05
GA,2040,11,61,99,3.118649094812e-05
GA,2040,11,62,99,3.11877910624946e-05
GA,2040,11,63,99,3.118909123106786e-05
GA,2040,11,64,99,3.119039145384297e-05
GA,2040,11,65,99,3.1290284387696145e-05
GA,2040,11,66,99,3.142300534452009e-05
GA,2040,11,67,99,3.1740758953484875e-05
GA,2040,11,68,99,3.1740758953484875e-05
GA,2040,11,69,99,3.1631634958735665e-05
GA,2040,11,70,99,3.142300534452009e-05
GA,2040,11,71,99,3.137763477501658e-05
GA,2040,11,72,99,3.137763477501658e-05
GA,2040,11,73,99,3.137763477501658e-05
GA,2040,11,74,99,3.137763477501658e-05
GA,2040,11,75,99,3.137763477501658e-05
GA,2040,11,76,99,3.137763477501658e-05
GA,2040,11,77,99,3.1631634958735665e-05
GA,2040,11,78,99,3.190356489814738e-05
GA,2040,11,79,99,3.392872560795283e-05
GA,2040,11,80,99,3.393014004165587e-05
GA,2040,11,81,99,3.1740758953484875e-05
GA,2040,11,82,99,3.137763477501658e-05
GA,2040,11,83,99,3.1290284387696145e-05
GA,2040,11,84,99,3.129158882905138e-05
GA,2040,11,85,99,3.129289332478519e-05
GA,2040,11,86,99,3.129419787490182e-05
GA,2040,11,87,99,3.1375923726500615e-05
GA,2040,11,88,99,3.137763477501658e-05
GA,2040,11,89,99,3.190356489814738e-05
GA,2040,11,90,99,0.12027044686636967
GA,2040,11,91,99,0.12027546074680386
GA,2040,11,92,99,0.12028047483625426
GA,2040,11,93,99,0.12028548913473831
GA,2040,11,94,99,0.1202905036422582
GA,2040,11,95,99,0.11356173574972858
GA,2040,11,96,99,0.11254908563394826
GA,2040,11,97,99,0.11374985552931681
GA,2040,11,98,99,0.11172158687666287
GA,2040,11,99,99,0.110976646578731
GA,2040,11,100,99,0.11173090205539533
GA,2040,11,101,99,0.11783233621178829
GA,2040,11,102,99,0.12033062722883885
GA,2040,11,103,99,0.1203356436180933
GA,2040,11,104,99,0.12034066021647298
GA,2040,11,105,99,0.11096858256163308
GA,2040,11,106,99,0.11097320866238326
GA,2040,11,107,99,0.1109778349559915
GA,2040,11,108,99,0.11098246144246213
GA,2040,11,109,99,0.11098708812180388
GA,2040,11,110,99,0.1109917149940211
GA,2040,11,111,99,0.11099634205912691
GA,2040,11,112,99,0.11921956309320941
GA,2040,11,113,99,0.1216701978828524
GA,2040,11,114,99,0.12167527011664171
GA,2040,11,115,99,0.1216803425618826
GA,2040,11,116,99,0.1216854152185882
GA,2040,11,117,99,0.12169048808676282
GA,2040,11,118,99,0.12169556116641739
GA,2040,11,119,99,0.12170063445756063
GA,2040,11,120,99,0.11464281099815675
GA,2040,11,121,99,0.10919581045692735
GA,2040,11,122,99,0.11842803856237946
GA,2040,11,123,99,0.11287007266665157
GA,2040,11,124,99,0.10677983474721034
GA,2040,11,125,99,0.11374985552931681
GA,2040,11,126,99,0.11374985552931681
GA,2040,11,127,99,0.11461880289659708
GA,2040,11,128,99,0.11517100497424457
GA,2040,11,129,99,0.11291819808112007
GA,2040,11,130,99,0.10991405116843071
GA,2040,11,131,99,0.10568347728084866
GA,2040,11,132,99,0.10568788305410716
GA,2040,11,133,99,0.1056922890110381
GA,2040,11,134,99,0.10569669515164586
GA,2040,11,135,99,0.1057011014759348
GA,2040,11,136,99,0.10570550798392235
GA,2040,11,137,99,0.11586574561314629
GA,2040,11,138,99,0.11587057586870822
GA,2040,11,139,99,0.11587540632563136
GA,2040,11,140,99,0.11588023698393311
GA,2040,11,141,99,0.11588506784361352
GA,2040,11,142,99,0.11588989890468782
GA,2040,11,143,99,0.11589473016716037
GA,2040,11,144,99,0.11564340919627246
GA,2040,11,145,99,0.11009365762475394
GA,2040,11,146,99,0.11461880289659708
GA,2040,11,147,99,0.11374985552931681
GA,2040,11,148,99,0.11374985552931681
GA,2040,11,149,99,0.11433934752604782
GA,2040,11,150,99,0.11316036353258362
GA,2040,11,151,99,0.11390682898498865
GA,2040,11,152,99,0.11593822059375868
GA,2040,11,153,99,0.11594305387068257
GA,2040,11,154,99,0.11594788734910065
GA,2040,11,155,99,0.11472869717378191
GA,2040,11,156,99,0.11165107763049179
GA,2040,11,157,99,0.10448941271573677
GA,2040,11,158,99,0.10449376871037831
GA,2040,11,159,99,0.10449812488660794
GA,2040,11,160,99,0.10450248124444529
GA,2040,11,161,99,0.10450683778389036
GA,2040,11,162,99,0.11334262517319835
GA,2040,11,163,99,0.11334735024395036
GA,2040,11,164,99,0.113352075511679
GA,2040,11,165,99,0.11335680097639951
GA,2040,11,166,99,3.1672932040264084e-05
GA,2040,11,167,99,3.137592372649955e-05
GA,2040,21,0,99,0.0
GA,2040,21,1,99,0.2296443542858326
GA,2040,21,2,99,0.11755829758147801
GA,2040,21,3,99,0.11704101494771174
GA,2040,21,4,99,0.11704589419835129
GA,2040,21,5,99,0.126762036810428
GA,2040,21,6,99,0.12694711892203087
GA,2040,21,7,99,0.12695241114212177
GA,2040,21,8,99,0.11331664082935251
GA,2040,21,9,99,0.1133213648168574
GA,2040,21,10,99,0.11724049725391915
GA,2040,21,11,99,0.11935226221475428
GA,2040,21,12,99,0.11606319480637005
GA,2040,21,13,99,0.11444822617485012
GA,2040,21,14,99,0.11334498770857326
GA,2040,21,15,99,0.1144289296642455
GA,2040,21,16,99,0.11374985552931681
GA,2040,21,17,99,0.11361584538739943
GA,2040,21,18,99,0.11668058100543313
GA,2040,21,19,99,0.12260429026186513
GA,2040,21,20,99,0.1193562454338275
GA,2040,21,21,99,0.1136347924155989
GA,2040,21,22,99,0.11473968193918371
GA,2040,21,23,99,0.11364426711454535
GA,2040,21,24,99,0.11374985552931681
GA,2040,21,25,99,0.11374985552931681
GA,2040,21,26,99,0.1136584806442131
GA,2040,21,27,99,0.11366321888246746
GA,2040,21,28,99,0.11366795731824784
GA,2040,21,29,99,0.12299978302830199
GA,2040,21,30,99,0.12300491069034668
GA,2040,21,31,99,0.1230100385661519
GA,2040,21,32,99,0.12072249903885458
GA,2040,21,33,99,0.11254908563394826
GA,2040,21,34,99,0.12028298198549629
GA,2040,21,35,99,0.11288546134210108
GA,2040,21,36,99,0.11250556632242864
GA,2040,21,37,99,0.11254908563394826
GA,2040,21,38,99,0.11254908563394826
GA,2040,21,39,99,0.11254908563394826
GA,2040,21,40,99,0.11252432819609759
GA,2040,21,41,99,0.11252901915336816
GA,2040,21,42,99,0.11373431616442359
GA,2040,21,43,99,0.11876054107965377
GA,2040,21,44,99,0.11659798705070941
GA,2040,21,45,99,0.11366321888246746
GA,2040,21,46,99,0.11375328294927715
GA,2040,21,47,99,0.1137012297745302
GA,2040,21,48,99,0.11353514392359282
GA,2040,21,49,99,0.11417033215123049
GA,2040,21,50,99,0.11459492463507602
GA,2040,21,51,99,0.11374573966738495
GA,2040,21,52,99,0.11417033215123049
GA,2040,21,53,99,0.12209903880189121
GA,2040,21,54,99,0.12210412891336246
GA,2040,21,55,99,0.12210921923703533
GA,2040,21,56,99,0.12105518785698684
GA,2040,21,57,99,3.190356489814738e-05
GA,2040,21,58,99,3.190356489814738e-05
GA,2040,21,59,99,3.151631355838861e-05
GA,2040,21,60,99,3.151762742253395e-05
GA,2040,21,61,99,3.1518941341451754e-05
GA,2040,21,62,99,3.152025531514523e-05
GA,2040,21,63,99,3.15215693436165e-05
GA,2040,21,64,99,3.152288342686663e-05
GA,2040,21,65,99,3.180000539365882e-05
GA,2040,21,66,99,3.1801331084459486e-05
GA,2040,21,67,99,3.4490052761602043e-05
GA,2040,21,68,99,3.449149059612624e-05
GA,2040,21,69,99,3.180530848846123e-05
GA,2040,21,70,99,3.180663440033726e-05
GA,2040,21,71,99,3.1807960367488254e-05
GA,2040,21,72,99,3.18092863899174e-05
GA,2040,21,73,99,0.10375569398641109
GA,2040,21,74,99,0.11252797407768979
GA,2040,21,75,99,0.11253266518695311
GA,2040,21,76,99,0.11253735649178022
GA,2040,21,77,99,0.11254204799218201
GA,2040,21,78,99,0.11254673968816287
GA,2040,21,79,99,0.11255143157973366
GA,2040,21,80,99,0.11157990181731735
GA,2040,21,81,99,3.176185802232444e-05
GA,2040,21,82,99,3.151499974901469e-05
GA,2040,21,83,99,3.151631355838861e-05
GA,2040,21,84,99,3.151762742253395e-05
GA,2040,21,85,99,3.1518941341451754e-05
GA,2040,21,86,99,3.152025531514523e-05
GA,2040,21,87,99,3.15215693436165e-05
GA,2040,21,88,99,3.152288342686663e-05
GA,2040,21,89,99,3.1631634958735665e-05
GA,2040,21,90,99,3.1801331084459486e-05
GA,2040,21,91,99,0.11430760025947002
GA,2040,21,92,99,0.11431236555847091
GA,2040,21,93,99,0.10899869750194066
GA,2040,21,94,99,0.1143218967524521
GA,2040,21,95,99,0.11432666264744985
GA,2040,21,96,99,0.11169537177639627
GA,2040,21,97,99,0.11340279949150243
GA,2040,21,98,99,0.11254908563394826
GA,2040,21,99,99,0.11434572821435286
GA,2040,21,100,99,0.11435049510284585
GA,2040,21,101,99,0.1143552621900619
GA,2040,21,102,99,0.11436002947601187
GA,2040,21,103,99,0.11436479696070233
GA,2040,21,104,99,0.1143695646441398
GA,2040,21,105,99,3.189425639424682e-05
GA,2040,21,106,99,3.1895586014218934e-05
GA,2040,21,107,99,3.189691568961825e-05
GA,2040,21,108,99,3.189824542045009e-05
GA,2040,21,109,99,3.189957520671764e-05
GA,2040,21,110,99,3.190090504842198e-05
GA,2040,21,111,99,3.190223494556522e-05
GA,2040,21,112,99,3.190356489814738e-05
GA,2040,21,113,99,3.218403348766631e-05
GA,2040,21,114,99,0.1141321051934539
GA,2040,21,115,99,0.1141368631763467
GA,2040,21,116,99,0.11414162135759409
GA,2040,21,117,99,0.11414637973720258
GA,2040,21,118,99,0.1141511383151809
GA,2040,21,119,99,0.11415589709153776
GA,2040,21,120,99,0.11326600289499852
GA,2040,21,121,99,0.11254908563394826
GA,2040,21,122,99,0.11417017461094722
GA,2040,21,123,99,0.11417493418089678
GA,2040,21,124,99,0.11417969394926193
GA,2040,21,125,99,0.11418445391605579
GA,2040,21,126,99,0.11418921408128488
GA,2040,21,127,99,0.11419397444495792
GA,2040,21,128,99,0.11257600802082503
GA,2040,21,129,99,3.151762742253395e-05
GA,2040,21,130,99,3.1513685994407913e-05
GA,2040,21,131,99,3.151499974901469e-05
GA,2040,21,132,99,3.151631355838861e-05
GA,2040,21,133,99,3.151762742253395e-05
GA,2040,21,134,99,3.1518941341451754e-05
GA,2040,21,135,99,3.152025531514523e-05
GA,2040,21,136,99,3.15215693436165e-05
GA,2040,21,137,99,3.179867975812354e-05
GA,2040,21,138,99,0.11491081387861107
GA,2040,21,139,99,0.11491560432461065
GA,2040,21,140,99,0.11492039497032094
GA,2040,21,141,99,0.11492518581573975
GA,2040,21,142,99,0.11492997686088235
GA,2040,21,143,99,0.11493476810575966
GA,2040,21,144,99,0.11374985552931681
GA,2040,21,145,99,0.11374985552931681
GA,2040,21,146,99,0.11374985552931681
GA,2040,21,147,99,0.11495393508273131
GA,2040,21,148,99,0.11495872732638672
GA,2040,21,149,99,0.11496351976982261
GA,2040,21,150,99,0.11496831241304552
GA,2040,21,151,99,0.11497310525606853
GA,2040,21,152,99,0.11376416489881898
GA,2040,21,153,99,0.10532974278623242
GA,2040,21,154,99,0.10373406941510513
GA,2040,21,155,99,0.10373839392070655
GA,2040,21,156,99,0.10374271860658789
GA,2040,21,157,99,0.10374704347275787
GA,2040,21,158,99,0.10375136851922521
GA,2040,21,159,99,0.10375569374599426
GA,2040,21,160,99,0.1037600191530803
GA,2040,21,161,99,0.10487139150745238
GA,2040,21,162,99,0.11373800098708359
GA,2040,21,163,99,0.11374274254040967
GA,2040,21,164,99,0.11374748429140571
GA,2040,21,165,99,0.11375222624007607
GA,2040,21,166,99,0.11375696838643164
GA,2040,21,167,99,0.11376171073048331
GA,2040,42,0,99,0.0
GA,2040,42,1,99,0.22509817126789652
GA,2040,42,2,99,0.12157369386745813
GA,2040,42,3,99,0.12157876207815088
GA,2040,42,4,99,0.12158383050012735
GA,2040,42,5,99,0.13186343419934704
GA,2040,42,6,99,0.1318689313726761
GA,2040,42,7,99,0.13187442877517166
GA,2040,42,8,99,0.11363242383960405
GA,2040,42,9,99,0.11363716099159374
GA,2040,42,10,99,0.1136418983410637
GA,2040,42,11,99,0.1232500318713837
GA,2040,42,12,99,0.11365137363249238
GA,2040,42,13,99,0.11365611157446637
GA,2040,42,14,99,0.11366084971395768
GA,2040,42,15,99,0.11366558805097286
GA,2040,42,16,99,0.123275724486027
GA,2040,42,17,99,0.12328086365162262
GA,2040,42,18,99,0.12328600303146063
GA,2040,42,19,99,0.12329114262555409
GA,2040,42,20,99,0.12329628243390954
GA,2040,42,21,99,0.1137012297745302
GA,2040,42,22,99,0.11769218640852158
GA,2040,42,23,99,0.11229119644395778
GA,2040,42,24,99,0.11229587768234305
GA,2040,42,25,99,0.11254908563394826
GA,2040,42,26,99,0.11278824869943946
GA,2040,42,27,99,0.11230992256845924
GA,2040,42,28,99,0.11231460458750586
GA,2040,42,29,99,0.1159671749788994
GA,2040,42,30,99,0.1193444396118718
GA,2040,42,31,99,0.12182067518484933
GA,2040,42,32,99,0.11282905199508829
GA,2040,42,33,99,0.11233801761069702
GA,2040,42,34,99,0.11196818596813873
GA,2040,42,35,99,0.11137297277632476
GA,2040,42,36,99,0.11137761573544694
GA,2040,42,37,99,0.11138225888813356
GA,2040,42,38,99,0.11138690223438029
GA,2040,42,39,99,0.11139154577420456
GA,2040,42,40,99,0.11139618950761072
GA,2040,42,41,99,0.1208144540665612
GA,2040,42,42,99,0.12081949062577528
GA,2040,42,43,99,0.120824527394954
GA,2040,42,44,99,0.11711892046336916
GA,2040,42,45,99,0.11239422878139484
GA,2040,42,46,99,0.11239891431503203
GA,2040,42,47,99,0.11142870106240765
GA,2040,42,48,99,0.11240828596831319
GA,2040,42,49,99,0.11254908563394826
GA,2040,42,50,99,0.11144263749042536
GA,2040,42,51,99,0.11144728335376222
GA,2040,42,52,99,0.11189940900221264
GA,2040,42,53,99,0.11690986014497542
GA,2040,42,54,99,0.12028298198549629
GA,2040,42,55,99,0.12088498500563923
GA,2040,42,56,99,0.11254908563394826
GA,2040,42,57,99,0.11245046807877476
GA,2040,42,58,99,0.11370251537414831
GA,2040,42,59,99,0.11446005675793364
GA,2040,42,60,99,0.11148910484029055
GA,2040,42,61,99,0.11149375264077419
GA,2040,42,62,99,0.11149840063501633
GA,2040,42,63,99,0.1120005244015106
GA,2040,42,64,99,0.12617681819244778
GA,2040,42,65,99,0.12618207829994713
GA,2040,42,66,99,0.12618733862673626
GA,2040,42,67,99,0.1261925991728195
GA,2040,42,68,99,0.12619785993820123
GA,2040,42,69,99,0.11667170354017106
GA,2040,42,70,99,0.11852926400146259
GA,2040,42,71,99,0.11639873674976987
GA,2040,42,72,99,0.11770772851056216
GA,2040,42,73,99,0.11770772851056216
GA,2040,42,74,99,0.11639388447695369
GA,2040,42,75,99,0.11639873674976987
GA,2040,42,76,99,0.12065310350024272
GA,2040,42,77,99,0.12624521669684338
GA,2040,42,78,99,0.1262504796557725
GA,2040,42,79,99,0.12625574283410035
GA,2040,42,80,99,0.12322921215422554
GA,2040,42,81,99,0.11586240377930856
GA,2040,42,82,99,0.11586723389555616
GA,2040,42,83,99,0.1158720642131584
GA,2040,42,84,99,0.11587689473213056
GA,2040,42,85,99,0.11588172545248136
GA,2040,42,86,99,0.11588655637421515
GA,2040,42,87,99,0.11589138749734283
GA,2040,42,88,99,0.12591095842001604
GA,2040,42,89,99,0.1259162074442491
GA,2040,42,90,99,0.12592145668730975
GA,2040,42,91,99,0.12592670614919793
GA,2040,42,92,99,0.12593195582993982
GA,2040,42,93,99,0.12523376969697517
GA,2040,42,94,99,0.11612927157320913
GA,2040,42,95,99,0.11613411281473947
GA,2040,42,96,99,0.11613895425809541
GA,2040,42,97,99,0.11614379590328129
GA,2040,42,98,99,0.11614863775031022
GA,2040,42,99,99,0.11615347979918655
GA,2040,42,100,99,0.11615832204992117
GA,2040,42,101,99,0.12597921280593166
GA,2040,42,102,99,0.1259844646755856
GA,2040,42,103,99,0.12598971676417609
GA,2040,42,104,99,0.12571094326054438
GA,2040,42,105,99,0.09461076910862168
GA,2040,42,106,99,0.09544250528136136
GA,2040,42,107,99,0.09461865761297478
GA,2040,42,108,99,0.09462260211179398
GA,2040,42,109,99,0.09462654677505762
GA,2040,42,110,99,0.09463049160276568
GA,2040,42,111,99,0.09463443659492908
GA,2040,42,112,99,0.11458645744644773
GA,2040,42,113,99,0.11581379165504928
GA,2040,42,114,99,0.11581861974473182
GA,2040,42,115,99,0.1158234480356905
GA,2040,42,116,99,0.11582827652793626
GA,2040,42,117,99,0.11583310522146908
GA,2040,42,118,99,0.1086935763256269
GA,2040,42,119,99,0.11302499275926736
GA,2040,42,120,99,0.11334498770857326
GA,2040,42,121,99,0.10569775890789346
GA,2040,42,122,99,0.10570216527653398
GA,2040,42,123,99,0.10570657182886656
GA,2040,42,124,99,0.10834533139765712
GA,2040,42,125,99,0.11464857299529223
GA,2040,42,126,99,0.11465335250889326
GA,2040,42,127,99,0.11465813222174714
GA,2040,42,128,99,0.11466291213385824
GA,2040,42,129,99,0.10738667756470818
GA,2040,42,130,99,0.1048203409504252
GA,2040,42,131,99,0.10439423417437585
GA,2040,42,132,99,0.10439858620117606
GA,2040,42,133,99,0.10440293840940303
GA,2040,42,134,99,0.10440729079906984
GA,2040,42,135,99,0.10441164337017865
GA,2040,42,136,99,0.11237541348851689
GA,2040,42,137,99,0.1154751234914958
GA,2040,42,138,99,0.1154799374626529
GA,2040,42,139,99,0.11548475163449531
GA,2040,42,140,99,0.11548956600703392
GA,2040,42,141,99,0.11549438058027309
GA,2040,42,142,99,0.11254908563394826
GA,2040,42,143,99,0.11334498770857326
GA,2040,42,144,99,0.11334498770857326
GA,2040,42,145,99,0.11334498770857326
GA,2040,42,146,99,0.11334498770857326
GA,2040,42,147,99,0.11254908563394826
GA,2040,42,148,99,0.11475142837567165
GA,2040,42,149,99,0.11553290439252957
GA,2040,42,150,99,0.11553772077247934
GA,2040,42,151,99,0.11554253735321471
GA,2040,42,152,99,0.11554735413474439
GA,2040,42,153,99,0.10941299683072211
GA,2040,42,154,99,0.1056288631687992
GA,2040,42,155,99,0.10563326666528847
GA,2040,42,156,99,0.1056376703453477
GA,2040,42,157,99,0.10564207420899
GA,2040,42,158,99,0.10564647825622409
GA,2040,42,159,99,0.10565088248705432
GA,2040,42,160,99,0.11558589561663467
GA,2040,42,161,99,0.11559071420570347
GA,2040,42,162,99,0.11559553299564725
GA,2040,42,163,99,0.1156003519864791
GA,2040,42,164,99,0.11560517117821209
GA,2040,42,165,99,0.11560999057084406
GA,2040,42,166,99,0.11561481016439246
GA,2040,42,167,99,0.10881016239048545
GA,2040,52,0,99,0.0
GA,2040,52,1,99,0.225616427889159
GA,2040,52,2,99,0.11582103373925622
GA,2040,52,3,99,0.11582586213084864
GA,2040,52,4,99,0.1158306907237303
GA,2040,52,5,99,0.11583551951790773
GA,2040,52,6,99,0.11937907102313253
GA,2040,52,7,99,0.1256343554154508
GA,2040,52,8,99,0.12563959290855875
GA,2040,52,9,99,0.12455508778822735
GA,2040,52,10,99,0.08435744428771887
GA,2040,52,11,99,3.1672932040264084e-05
GA,2040,52,12,99,3.166897119056061e-05
GA,2040,52,13,99,3.167029141875755e-05
GA,2040,52,14,99,3.1671611701989906e-05
GA,2040,52,15,99,3.1672932040264084e-05
GA,2040,52,16,99,3.435079790472041e-05
GA,2040,52,17,99,3.435222993393313e-05
GA,2040,52,18,99,3.435366202284634e-05
GA,2040,52,19,99,3.1672932040264084e-05
GA,2040,52,20,99,3.1672932040264084e-05
GA,2040,52,21,99,3.1375923726500615e-05
GA,2040,52,22,99,3.1375923726500615e-05
GA,2040,52,23,99,3.1375923726500615e-05
GA,2040,52,24,99,3.1290284387696145e-05
GA,2040,52,25,99,3.128978453070138e-05
GA,2040,52,26,99,3.1091296801559876e-05
GA,2040,52,27,99,3.1091296801559876e-05
GA,2040,52,28,99,3.1083248733106195e-05
GA,2040,52,29,99,3.1083248733106195e-05
GA,2040,52,30,99,3.1083248733106195e-05
GA,2040,52,31,99,3.1091296801559876e-05
GA,2040,52,32,99,0.0
GA,2040,52,33,99,3.1091296801559876e-05
GA,2040,52,34,99,3.1083248733106195e-05
GA,2040,52,35,99,3.1083248733106195e-05
GA,2040,52,36,99,3.1083248733106195e-05
GA,2040,52,37,99,3.1083248733106195e-05
GA,2040,52,38,99,3.1083248733106195e-05
GA,2040,52,39,99,3.1083248733106195e-05
GA,2040,52,40,99,3.1083248733106195e-05
GA,2040,52,41,99,3.1083248733106195e-05
GA,2040,52,42,99,3.1083248733106195e-05
GA,2040,52,43,99,3.1083248733106195e-05
GA,2040,52,44,99,3.1083248733106195e-05
GA,2040,52,45,99,3.1083248733106195e-05
GA,2040,52,46,99,3.1083248733106195e-05
GA,2040,52,47,99,3.1083248733106195e-05
GA,2040,52,48,99,3.099900225956123e-05
GA,2040,52,49,99,3.099900225956123e-05
GA,2040,52,50,99,3.099900225956123e-05
GA,2040,52,51,99,3.099900225956123e-05
GA,2040,52,52,99,3.099900225956123e-05
GA,2040,52,53,99,3.099900225956123e-05
GA,2040,52,54,99,3.099900225956123e-05
GA,2040,52,55,99,3.099900225956123e-05
GA,2040,52,56,99,3.099900225956123e-05
GA,2040,52,57,99,3.099900225956123e-05
GA,2040,52,58,99,3.1083248733106195e-05
GA,2040,52,59,99,3.1083248733106195e-05
GA,2040,52,60,99,3.1083248733106195e-05
GA,2040,52,61,99,3.099900225956123e-05
GA,2040,52,62,99,3.099900225956123e-05
GA,2040,52,63,99,3.099900225956123e-05
GA,2040,52,64,99,3.099900225956123e-05
GA,2040,52,65,99,3.1083248733106195e-05
GA,2040,52,66,99,3.1083248733106195e-05
GA,2040,52,67,99,3.1083248733106195e-05
GA,2040,52,68,99,3.1083248733106195e-05
GA,2040,52,69,99,3.1083248733106195e-05
GA,2040,52,70,99,3.1083248733106195e-05
GA,2040,52,71,99,3.1083248733106195e-05
GA,2040,52,72,99,3.099900225956123e-05
GA,2040,52,73,99,3.099900225956123e-05
GA,2040,52,74,99,3.099900225956123e-05
GA,2040,52,75,99,3.099900225956123e-05
GA,2040,52,76,99,3.10002945578351e-05
GA,2040,52,77,99,3.1080902824913835e-05
GA,2040,52,78,99,3.127274747165306e-05
GA,2040,52,79,99,3.1375923726500615e-05
GA,2040,52,80,99,3.1375923726500615e-05
GA,2040,52,81,99,3.1290284387696145e-05
GA,2040,52,82,99,3.1091296801559876e-05
GA,2040,52,83,99,3.100934215434423e-05
GA,2040,52,84,99,3.101063488367147e-05
GA,2040,52,85,99,3.1011927666889694e-05
GA,2040,52,86,99,3.1091296801559876e-05
GA,2040,52,87,99,3.1375923726500615e-05
GA,2040,52,88,99,3.137592372649955e-05
GA,2040,52,89,99,3.137592372649955e-05
GA,2040,52,90,99,3.1375923726500615e-05
GA,2040,52,91,99,3.1375923726500615e-05
GA,2040,52,92,99,3.1375923726500615e-05
GA,2040,52,93,99,3.1375923726500615e-05
GA,2040,52,94,99,3.1375923726500615e-05
GA,2040,52,95,99,3.1375923726500615e-05
GA,2040,52,96,99,3.1290284387696145e-05
GA,2040,52,97,99,3.1083248733106195e-05
GA,2040,52,98,99,3.1083248733106195e-05
GA,2040,52,99,99,3.103003229185253e-05
GA,2040,52,100,99,3.1083248733106195e-05
GA,2040,52,101,99,3.1083248733106195e-05
GA,2040,52,102,99,3.128978453070138e-05
GA,2040,52,103,99,3.137592372649955e-05
GA,2040,52,104,99,3.1375923726500615e-05
GA,2040,52,105,99,3.1375923726500615e-05
GA,2040,52,106,99,3.1375923726500615e-05
GA,2040,52,107,99,3.128978453070138e-05
GA,2040,52,108,99,3.128978453070138e-05
GA,2040,52,109,99,3.1083248733106195e-05
GA,2040,52,110,99,3.1083248733106195e-05
GA,2040,52,111,99,3.128978453070138e-05
GA,2040,52,112,99,3.137592372649955e-05
GA,2040,52,113,99,3.1375923726500615e-05
GA,2040,52,114,99,3.1375923726500615e-05
GA,2040,52,115,99,3.1375923726500615e-05
GA,2040,52,116,99,3.1375923726500615e-05
GA,2040,52,117,99,3.1290284387696145e-05
GA,2040,52,118,99,3.128978453070138e-05
GA,2040,52,119,99,3.1083248733106195e-05
GA,2040,52,120,99,3.1083248733106195e-05
GA,2040,52,121,99,3.1083248733106195e-05
GA,2040,52,122,99,3.1083248733106195e-05
GA,2040,52,123,99,3.1083248733106195e-05
GA,2040,52,124,99,3.1083248733106195e-05
GA,2040,52,125,99,3.1083248733106195e-05
GA,2040,52,126,99,3.1083248733106195e-05
GA,2040,52,127,99,3.128978453070138e-05
GA,2040,52,128,99,3.1290284387696145e-05
GA,2040,52,129,99,3.118519088794405e-05
GA,2040,52,130,99,3.107015872619977e-05
GA,2040,52,131,99,3.107145399087216e-05
GA,2040,52,132,99,3.1072749309539855e-05
GA,2040,52,133,99,3.107404468220926e-05
GA,2040,52,134,99,3.1075340108880366e-05
GA,2040,52,135,99,3.108843229872783e-05
GA,2040,52,136,99,3.1375923726500615e-05
GA,2040,52,137,99,3.1672932040264084e-05
GA,2040,52,138,99,3.1672932040264084e-05
GA,2040,52,139,99,3.442427369503135e-05
GA,2040,52,140,99,3.442570878733144e-05
GA,2040,52,141,99,3.4427143939458715e-05
GA,2040,52,142,99,3.442857915141637e-05
GA,2040,52,143,99,3.443001442320439e-05
GA,2040,52,144,99,3.176185802232444e-05
GA,2040,52,145,99,3.176185802232444e-05
GA,2040,52,146,99,3.176185802232444e-05
GA,2040,52,147,99,3.176185802232444e-05
GA,2040,52,148,99,3.44371916797066e-05
GA,2040,52,149,99,3.443862731053756e-05
GA,2040,52,150,99,3.444006300121699e-05
GA,2040,52,151,99,3.444149875174809e-05
GA,2040,52,152,99,3.444293456213405e-05
GA,2040,52,153,99,3.176185802232444e-05
GA,2040,52,154,99,3.176185802232444e-05
GA,2040,52,155,99,3.176185802232444e-05
GA,2040,52,156,99,3.176318212282202e-05
GA,2040,52,157,99,3.176450627851898e-05
GA,2040,52,158,99,3.176583048941639e-05
GA,2040,52,159,99,3.176715475552062e-05
GA,2040,52,160,99,0.11701124123439624
GA,2040,52,161,99,0.11701611924381536
GA,2040,52,162,99,0.1170209974565928
GA,2040,52,163,99,0.11702587587273733
GA,2040,52,164,99,0.11703075449225109
GA,2040,52,165,99,0.11703563331514717
GA,2040,52,166,99,0.11704051234143649
GA,2040,52,167,99,0.10805765892646221
DE,2040,11,0,99,3.0912078149685946e-05
DE,2040,11,1,99,3.127022474691619e-05
DE,2040,11,2,99,3.1271528352017376e-05
DE,2040,11,3,99,3.127283201146307e-05
DE,2040,11,4,99,3.1274135725255395e-05
DE,2040,11,5,99,3.1290284387696145e-05
DE,2040,11,6,99,3.1375923726500615e-05
DE,2040,11,7,99,3.1375923726500615e-05
DE,2040,11,8,99,3.1375923726500615e-05
DE,2040,11,9,99,3.1375923726500615e-05
DE,2040,11,10,99,3.1290284387696145e-05
DE,2040,11,11,99,3.1290284387696145e-05
DE,2040,11,12,99,3.128456739238261e-05
DE,2040,11,13,99,3.128587159540429e-05
DE,2040,11,14,99,3.1287175852797094e-05
DE,2040,11,15,99,3.1288480164562085e-05
DE,2040,11,16,99,3.128978453070138e-05
DE,2040,11,17,99,3.1291088951219257e-05
DE,2040,11,18,99,3.1375923726500615e-05
DE,2040,11,19,99,3.137592372649955e-05
DE,2040,11,20,99,3.1631634958735665e-05
DE,2040,11,21,99,3.1631634958735665e-05
DE,2040,11,22,99,3.142300534452009e-05
DE,2040,11,23,99,3.1375923726500615e-05
DE,2040,11,24,99,3.137592372649955e-05
DE,2040,11,25,99,3.1389409484011925e-05
DE,2040,11,26,99,3.1631634958735665e-05
DE,2040,11,27,99,3.1631634958735665e-05
DE,2040,11,28,99,3.190356489814738e-05
DE,2040,11,29,99,0.10716881893924736
DE,2040,11,30,99,0.11812065560072949
DE,2040,11,31,99,0.11812557985984387
DE,2040,11,32,99,0.11813050432423962
DE,2040,11,33,99,0.11059908959716722
DE,2040,11,34,99,0.11681978155164595
DE,2040,11,35,99,0.11067992950698549
DE,2040,11,36,99,0.11404460152768123
DE,2040,11,37,99,0.11235633903000683
DE,2040,11,38,99,0.11245019764674247
DE,2040,11,39,99,0.10895780230891357
DE,2040,11,40,99,0.10896234458348877
DE,2040,11,41,99,0.11817483374301078
DE,2040,11,42,99,0.11817976026071945
DE,2040,11,43,99,0.1181846869838098
DE,2040,11,44,99,0.11818961391228615
DE,2040,11,45,99,0.1181945410461616
DE,2040,11,46,99,0.11819946838543616
DE,2040,11,47,99,0.11820439593012508
DE,2040,11,48,99,3.1631634958735665e-05
DE,2040,11,49,99,3.137592372649955e-05
DE,2040,11,50,99,3.1375923726500615e-05
DE,2040,11,51,99,3.1375923726500615e-05
DE,2040,11,52,99,3.1290284387696145e-05
DE,2040,11,53,99,3.137592372649955e-05
DE,2040,11,54,99,3.1375923726500615e-05
DE,2040,11,55,99,3.1631634958735665e-05
DE,2040,11,56,99,3.137592372649955e-05
DE,2040,11,57,99,3.1290284387696145e-05
DE,2040,11,58,99,3.128978453070138e-05
DE,2040,11,59,99,3.128978453070138e-05
DE,2040,11,60,99,3.1291088951219257e-05
DE,2040,11,61,99,3.1292393426113564e-05
DE,2040,11,62,99,3.129369795539071e-05
DE,2040,11,63,99,3.129500253905175e-05
DE,2040,11,64,99,3.129630717709775e-05
DE,2040,11,65,99,3.1375923726500615e-05
DE,2040,11,66,99,3.1740758953484875e-05
DE,2040,11,67,99,3.190356489814738e-05
DE,2040,11,68,99,3.4172389287695576e-05
DE,2040,11,69,99,3.190356489814738e-05
DE,2040,11,70,99,3.1740758953484875e-05
DE,2040,11,71,99,3.1740758953484875e-05
DE,2040,11,72,99,3.1631634958735665e-05
DE,2040,11,73,99,3.151762742253395e-05
DE,2040,11,74,99,3.151762742253395e-05
DE,2040,11,75,99,3.1518941341451754e-05
DE,2040,11,76,99,3.1631634958735665e-05
DE,2040,11,77,99,3.190356489814738e-05
DE,2040,11,78,99,3.441288079745592e-05
DE,2040,11,79,99,3.441431541480504e-05
DE,2040,11,80,99,3.4415750091961113e-05
DE,2040,11,81,99,3.1740758953484875e-05
DE,2040,11,82,99,3.1740758953484875e-05
DE,2040,11,83,99,3.173811267714344e-05
DE,2040,11,84,99,3.17394357877347e-05
DE,2040,11,85,99,3.1740758953484875e-05
DE,2040,11,86,99,3.174208217439611e-05
DE,2040,11,87,99,3.174340545046838e-05
DE,2040,11,88,99,3.174472878170917e-05
DE,2040,11,89,99,0.11015012449972084
DE,2040,11,90,99,0.12345804105334629
DE,2040,11,91,99,0.12346318781942593
DE,2040,11,92,99,0.12346833480006844
DE,2040,11,93,99,0.1234734819952782
DE,2040,11,94,99,0.1221751603129888
DE,2040,11,95,99,0.11475612382116121
DE,2040,11,96,99,0.11386691482051502
DE,2040,11,97,99,0.11387166174805372
DE,2040,11,98,99,0.1138764088734782
DE,2040,11,99,99,0.11388115619680812
DE,2040,11,100,99,0.11388590371804563
DE,2040,11,101,99,0.11389065143720166
DE,2040,11,102,99,0.1235198164092552
DE,2040,11,103,99,0.12352496575064759
DE,2040,11,104,99,0.12353011530671185
DE,2040,11,105,99,0.11270718763047538
DE,2040,11,106,99,0.11271188621086142
DE,2040,11,107,99,0.11271658498712303
DE,2040,11,108,99,0.11272128395926675
DE,2040,11,109,99,0.11272598312731003
DE,2040,11,110,99,0.11273068249124849
DE,2040,11,111,99,0.11273538205109741
DE,2040,11,112,99,0.1127400818068655
DE,2040,11,113,99,0.13266178071475573
DE,2040,11,114,99,0.13266731116985545
DE,2040,11,115,99,0.13267284185551706
DE,2040,11,116,99,0.13267837277174058
DE,2040,11,117,99,0.13268390391853468
DE,2040,11,118,99,0.13268943529592123
DE,2040,11,119,99,0.13269496690389582
DE,2040,11,120,99,0.10899295868277464
DE,2040,11,121,99,0.1089975024229641
DE,2040,11,122,99,0.10900204635257547
DE,2040,11,123,99,0.11334498770857326
DE,2040,11,124,99,0.1120711725205538
DE,2040,11,125,99,0.11461880289659708
DE,2040,11,126,99,0.11404460152768123
DE,2040,11,127,99,0.11404460152768123
DE,2040,11,128,99,0.11576720563443098
DE,2040,11,129,99,0.11517100497424457
DE,2040,11,130,99,0.11615460863881863
DE,2040,11,131,99,0.10904295024431233
DE,2040,11,132,99,0.1090474960685678
DE,2040,11,133,99,0.10905204208233236
DE,2040,11,134,99,0.1090565882856104
DE,2040,11,135,99,0.10906113467841282
DE,2040,11,136,99,0.10906568126074831
DE,2040,11,137,99,0.118286907273565
DE,2040,11,138,99,0.11829183846344203
DE,2040,11,139,99,0.1182967698588882
DE,2040,11,140,99,0.11830170145991883
DE,2040,11,141,99,0.11830663326653823
DE,2040,11,142,99,0.1183115652787595
DE,2040,11,143,99,0.11831649749658481
DE,2040,11,144,99,0.11334498770857326
DE,2040,11,145,99,0.11264537388946966
DE,2040,11,146,99,0.11436479696070233
DE,2040,11,147,99,0.11436479696070233
DE,2040,11,148,99,0.11461880289659708
DE,2040,11,149,99,0.1153665914069279
DE,2040,11,150,99,0.11374985552931681
DE,2040,11,151,99,0.11404460152768123
DE,2040,11,152,99,0.11420653658690702
DE,2040,11,153,99,0.11836583098516239
DE,2040,11,154,99,0.11837076546524052
DE,2040,11,155,99,0.11712609876540071
DE,2040,11,156,99,0.1119879653531632
DE,2040,11,157,99,0.10916120328561658
DE,2040,11,158,99,0.10916575403965104
DE,2040,11,159,99,0.10917030498339736
DE,2040,11,160,99,0.10917485611686646
DE,2040,11,161,99,0.11065939582772163
DE,2040,11,162,99,0.11841024871215074
DE,2040,11,163,99,0.11841518504393424
DE,2040,11,164,99,0.1184201215814984
DE,2040,11,165,99,0.11842505832486283
DE,2040,11,166,99,0.11842999527403407
DE,2040,11,167,99,3.1672932040264084e-05
DE,2040,21,0,99,0.0
DE,2040,21,1,99,0.23136808397334852
DE,2040,21,2,99,0.11905188971010225
DE,2040,21,3,99,0.11905685279085658
DE,2040,21,4,99,0.1190618160785144
DE,2040,21,5,99,0.12912818987149077
DE,2040,21,6,99,0.12913357301690354
DE,2040,21,7,99,0.12913895638673847
DE,2040,21,8,99,0.11461402482325349
DE,2040,21,9,99,0.11461880289659708
DE,2040,21,10,99,0.11998262195436288
DE,2040,21,11,99,0.12237047444283508
DE,2040,21,12,99,0.11615347986647047
DE,2040,21,13,99,0.1176642634816006
DE,2040,21,14,99,0.11464269625134252
DE,2040,21,15,99,0.11582827652793626
DE,2040,21,16,99,0.11461880289659708
DE,2040,21,17,99,0.11457103105896518
DE,2040,21,18,99,0.12225215098484699
DE,2040,21,19,99,0.1242629005013519
DE,2040,21,20,99,0.12401318003208896
DE,2040,21,21,99,0.11461880289659708
DE,2040,21,22,99,0.1149142917288787
DE,2040,21,23,99,0.11459969173189408
DE,2040,21,24,99,0.11460446920771025
DE,2040,21,25,99,0.11460924688269859
DE,2040,21,26,99,0.1146140247568613
DE,2040,21,27,99,0.11461880283020273
DE,2040,21,28,99,0.11462358110273159
DE,2040,21,29,99,0.12431471341427641
DE,2040,21,30,99,0.12431989589364896
DE,2040,21,31,99,0.12432507858905391
DE,2040,21,32,99,0.12301780238224307
DE,2040,21,33,99,0.11350606498519407
DE,2040,21,34,99,0.12302805942252153
DE,2040,21,35,99,0.11753790454847104
DE,2040,21,36,99,0.11282022621215511
DE,2040,21,37,99,0.11282492950493814
DE,2040,21,38,99,0.11282963299379077
DE,2040,21,39,99,0.11366321888246746
DE,2040,21,40,99,0.11348994558876654
DE,2040,21,41,99,0.11374748455497291
DE,2040,21,42,99,0.11375222650365635
DE,2040,21,43,99,0.12238949830865381
DE,2040,21,44,99,0.12028298198549629
DE,2040,21,45,99,0.11366321888246746
DE,2040,21,46,99,0.113771196275312
DE,2040,21,47,99,0.11365594309210186
DE,2040,21,48,99,0.1137012297745302
DE,2040,21,49,99,0.11461880289659708
DE,2040,21,50,99,0.11487504034980141
DE,2040,21,51,99,0.11301715320729297
DE,2040,21,52,99,0.1136050258891479
DE,2040,21,53,99,0.12211826637786569
DE,2040,21,54,99,0.12212335729090514
DE,2040,21,55,99,0.12212844841617673
DE,2040,21,56,99,0.11843751555481584
DE,2040,21,57,99,0.10554265900244282
DE,2040,21,58,99,0.10554705890521639
DE,2040,21,59,99,0.10555145899141168
DE,2040,21,60,99,0.10555585926104612
DE,2040,21,61,99,0.10556025971411755
DE,2040,21,62,99,0.10556466035063905
DE,2040,21,63,99,0.10556906117061497
DE,2040,21,64,99,0.10557346217404967
DE,2040,21,65,99,0.10650157287644522
DE,2040,21,66,99,0.1155060100455112
DE,2040,21,67,99,0.11551082530427452
DE,2040,21,68,99,0.11551564076378419
DE,2040,21,69,99,0.11181079700114635
DE,2040,21,70,99,0.11366321888246746
DE,2040,21,71,99,0.11217324101823098
DE,2040,21,72,99,0.11032081913691207
DE,2040,21,73,99,0.11366321888246746
DE,2040,21,74,99,0.11366321888246746
DE,2040,21,75,99,0.10987649604585759
DE,2040,21,76,99,0.11555417166749764
DE,2040,21,77,99,0.11555898893404495
DE,2040,21,78,99,0.11556380640141276
DE,2040,21,79,99,0.11556862406961849
DE,2040,21,80,99,0.11557344193866212
DE,2040,21,81,99,0.10842861325002197
DE,2040,21,82,99,0.11458060304488447
DE,2040,21,83,99,0.10565711610752383
DE,2040,21,84,99,0.10566152078182836
DE,2040,21,85,99,0.10566592563975737
DE,2040,21,86,99,0.10567033068131958
DE,2040,21,87,99,0.10567473590651937
DE,2040,21,88,99,0.10567914131536327
DE,2040,21,89,99,0.10660818105749924
DE,2040,21,90,99,0.11562163167718795
DE,2040,21,91,99,0.11562645175603523
DE,2040,21,92,99,0.11563127203582073
DE,2040,21,93,99,0.11309832188558393
DE,2040,21,94,99,0.11564091319825215
DE,2040,21,95,99,0.11308868072315251
DE,2040,21,96,99,0.11254908563394826
DE,2040,21,97,99,0.11417253899352738
DE,2040,21,98,99,0.11356559710221292
DE,2040,21,99,99,0.11254908563394826
DE,2040,21,100,99,0.11566984150900549
DE,2040,21,101,99,0.11567466359764264
DE,2040,21,102,99,0.11567948588730086
DE,2040,21,103,99,0.11568430837799976
DE,2040,21,104,99,0.1156891310697328
DE,2040,21,105,99,0.1106627933219508
DE,2040,21,106,99,0.11569877705636022
DE,2040,21,107,99,0.10576287898650549
DE,2040,21,108,99,0.10576728806989737
DE,2040,21,109,99,0.10577169733709468
DE,2040,21,110,99,0.105776106788104
DE,2040,21,111,99,0.10578051642293838
DE,2040,21,112,99,0.10578492624160657
DE,2040,21,113,99,0.11308741133635795
DE,2040,21,114,99,0.11573736904623298
DE,2040,21,115,99,0.11574219394998268
DE,2040,21,116,99,0.11574701905487335
DE,2040,21,117,99,0.11556932687355632
DE,2040,21,118,99,0.11575666986811907
DE,2040,21,119,99,0.11437608020975534
DE,2040,21,120,99,0.11302637933930071
DE,2040,21,121,99,0.11430005842562983
DE,2040,21,122,99,0.11366321888246746
DE,2040,21,123,99,0.11506637503893938
DE,2040,21,124,99,0.11436479696070233
DE,2040,21,125,99,0.11579045405169225
DE,2040,21,126,99,0.11579528116847242
DE,2040,21,127,99,0.11580010848648295
DE,2040,21,128,99,0.11580493600573695
DE,2040,21,129,99,0.10490711462368274
DE,2040,21,130,99,0.11377674440194892
DE,2040,21,131,99,0.1047502666718756
DE,2040,21,132,99,0.10475463354109207
DE,2040,21,133,99,0.10475900059236104
DE,2040,21,134,99,0.10476336782568249
DE,2040,21,135,99,0.10476773524106953
DE,2040,21,136,99,0.10477210283852213
DE,2040,21,137,99,0.11462447882262283
DE,2040,21,138,99,0.11585222027774014
DE,2040,21,139,99,0.1158570499694515
DE,2040,21,140,99,0.11586187986250442
DE,2040,21,141,99,0.1158667099569098
DE,2040,21,142,99,0.11587154025267203
DE,2040,21,143,99,0.11538287749786888
DE,2040,21,144,99,0.11404460152768123
DE,2040,21,145,99,0.1144289296642455
DE,2040,21,146,99,0.1144289296642455
DE,2040,21,147,99,0.11480867612895303
DE,2040,21,148,99,0.1156692817533452
DE,2040,21,149,99,0.11590535796176202
DE,2040,21,150,99,0.1159101898686994
DE,2040,21,151,99,0.11591502197706992
DE,2040,21,152,99,0.11591985428688013
DE,2040,21,153,99,0.10689206705220627
DE,2040,21,154,99,0.11404460152768123
DE,2040,21,155,99,0.11461880289659708
DE,2040,21,156,99,0.10755400609770531
DE,2040,21,157,99,0.10690989279651147
DE,2040,21,158,99,0.10691434969705013
DE,2040,21,159,99,0.1069188067833914
DE,2040,21,160,99,0.10692326405553963
DE,2040,21,161,99,0.10692772151350789
DE,2040,21,162,99,0.11596818846620557
DE,2040,21,163,99,0.11597302299244315
DE,2040,21,164,99,0.11597785772022508
DE,2040,21,165,99,0.11598269264955788
DE,2040,21,166,99,0.11598752778045028
DE,2040,21,167,99,0.11551460915379409
DE,2040,42,0,99,0.0
DE,2040,42,1,99,0.1963105484333395
DE,2040,42,2,99,0.14133670846850094
DE,2040,42,3,99,0.14134260056731698
DE,2040,42,4,99,0.14134849291176516
DE,2040,42,5,99,0.15329914855928894
DE,2040,42,6,99,0.15330553935288213
DE,2040,42,7,99,0.15331193041289873
DE,2040,42,8,99,0.11947400860989739
DE,2040,42,9,99,0.11594144841118334
DE,2040,42,10,99,0.11594628182267289
DE,2040,42,11,99,0.12574924511665675
DE,2040,42,12,99,0.11595594925014766
DE,2040,42,13,99,0.11596078326615247
DE,2040,42,14,99,0.11596561748367766
DE,2040,42,15,99,0.11597045190273628
DE,2040,42,16,99,0.1257754587155326
DE,2040,42,17,99,0.1257807020909994
DE,2040,42,18,99,0.12578594568506696
DE,2040,42,19,99,0.12579118949772225
DE,2040,42,20,99,0.1257964335289914
DE,2040,42,21,99,0.11907536669965799
DE,2040,42,22,99,0.1155989458199768
DE,2040,42,23,99,0.11252562862083783
DE,2040,42,24,99,0.11254908563394826
DE,2040,42,25,99,0.11334498770857326
DE,2040,42,26,99,0.11334498770857326
DE,2040,42,27,99,0.11254439384017244
DE,2040,42,28,99,0.11254908563394826
DE,2040,42,29,99,0.11812516411141617
DE,2040,42,30,99,0.12028298198549629
DE,2040,42,31,99,0.12207500221116002
DE,2040,42,32,99,0.11849096175983473
DE,2040,42,33,99,0.11214380765834044
DE,2040,42,34,99,0.11681933454831572
DE,2040,42,35,99,0.11160548796255114
DE,2040,42,36,99,0.11161014061485948
DE,2040,42,37,99,0.11161479346113126
DE,2040,42,38,99,0.11161944650136868
DE,2040,42,39,99,0.11162409973558698
DE,2040,42,40,99,0.11194216578024112
DE,2040,42,41,99,0.12212590285353984
DE,2040,42,42,99,0.12213099408493297
DE,2040,42,43,99,0.12213608552857132
DE,2040,42,44,99,0.12151666164980843
DE,2040,42,45,99,0.11262887606057499
DE,2040,42,46,99,0.11263357137628029
DE,2040,42,47,99,0.11263826688772377
DE,2040,42,48,99,0.1126429625949142
DE,2040,42,49,99,0.11264765849786247
DE,2040,42,50,99,0.1126523545965751
DE,2040,42,51,99,0.11265705089106301
DE,2040,42,52,99,0.11266174738132838
DE,2040,42,53,99,0.11871596866902277
DE,2040,42,54,99,0.12184999530197199
DE,2040,42,55,99,0.12219719941056871
DE,2040,42,56,99,0.11541094234851025
DE,2040,42,57,99,0.11268523276966153
DE,2040,42,58,99,0.11587540639275828
DE,2040,42,59,99,0.11587540639275828
DE,2040,42,60,99,0.11269932635255603
DE,2040,42,61,99,0.11270402460521749
DE,2040,42,62,99,0.11270872305374362
DE,2040,42,63,99,0.1127134216981366
DE,2040,42,64,99,0.129806525618042
DE,2040,42,65,99,0.12981193704217106
DE,2040,42,66,99,0.1298173486919084
DE,2040,42,67,99,0.1298227605672322
DE,2040,42,68,99,0.1298281726681773
DE,2040,42,69,99,0.11971721171912234
DE,2040,42,70,99,0.11972220253607876
DE,2040,42,71,99,0.11972719356108988
DE,2040,42,72,99,0.11973218479416878
DE,2040,42,73,99,0.11973717623532636
DE,2040,42,74,99,0.11974216788457134
DE,2040,42,75,99,0.1197471597419081
DE,2040,42,76,99,0.11975215180734752
DE,2040,42,77,99,0.12987689173077316
DE,2040,42,78,99,0.12988230608835905
DE,2040,42,79,99,0.12988772067166218
DE,2040,42,80,99,0.1287665462482493
DE,2040,42,81,99,0.11873826429754825
DE,2040,42,82,99,0.11874321430376804
DE,2040,42,83,99,0.11874816451634627
DE,2040,42,84,99,0.11875311493528946
DE,2040,42,85,99,0.11875806556060854
DE,2040,42,86,99,0.11876301639231003
DE,2040,42,87,99,0.11876796743040047
DE,2040,42,88,99,0.14276674274945012
DE,2040,42,89,99,0.1427726944640778
DE,2040,42,90,99,0.14277864642682314
DE,2040,42,91,99,0.14278459863769916
DE,2040,42,92,99,0.1427905510967059
DE,2040,42,93,99,0.14277864617868805
DE,2040,42,94,99,0.117386694164973
DE,2040,42,95,99,0.11614621684361674
DE,2040,42,96,99,0.11615105879156937
DE,2040,42,97,99,0.11615590094137375
DE,2040,42,98,99,0.11616074329304298
DE,2040,42,99,99,0.11616558584657923
DE,2040,42,100,99,0.11617042860199339
DE,2040,42,101,99,0.12543156320763443
DE,2040,42,102,99,0.12599759535322758
DE,2040,42,103,99,0.12600284798921613
DE,2040,42,104,99,0.11128990373126788
DE,2040,42,105,99,0.10770079271515205
DE,2040,42,106,99,0.1077052825870309
DE,2040,42,107,99,0.10770977264608593
DE,2040,42,108,99,0.10771426289232151
DE,2040,42,109,99,0.10771875332575073
DE,2040,42,110,99,0.10772324394637793
DE,2040,42,111,99,0.10772773475421187
DE,2040,42,112,99,0.11596860876832653
DE,2040,42,113,99,0.1180872681194686
DE,2040,42,114,99,0.11809219098670849
DE,2040,42,115,99,0.11809711405917742
DE,2040,42,116,99,0.11810203733688193
DE,2040,42,117,99,0.11810696081982637
DE,2040,42,118,99,0.1089088426909294
DE,2040,42,119,99,0.10891338292445583
DE,2040,42,120,99,0.11374985552931681
DE,2040,42,121,99,0.11374985552931681
DE,2040,42,122,99,0.11188397912930312
DE,2040,42,123,99,0.10927209201360075
DE,2040,42,124,99,0.10778613229541774
DE,2040,42,125,99,0.11689917569691441
DE,2040,42,126,99,0.11690404903450312
DE,2040,42,127,99,0.1169089225752583
DE,2040,42,128,99,0.1169137963191756
DE,2040,42,129,99,0.10890857527906643
DE,2040,42,130,99,0.11590944305031395
DE,2040,42,131,99,0.10688246663816156
DE,2040,42,132,99,0.10688692239534889
DE,2040,42,133,99,0.10689137833829086
DE,2040,42,134,99,0.10689583446699182
DE,2040,42,135,99,0.10690029078146268
DE,2040,42,136,99,0.11665615334165541
DE,2040,42,137,99,0.11695766915851878
DE,2040,42,138,99,0.11696254493460669
DE,2040,42,139,99,0.116967420913957
DE,2040,42,140,99,0.11697229709657844
DE,2040,42,141,99,0.11697717348248192
DE,2040,42,142,99,0.11254908563394826
DE,2040,42,143,99,0.11365053103887252
DE,2040,42,144,99,0.11334498770857326
DE,2040,42,145,99,0.1137012297745302
DE,2040,42,146,99,0.1137012297745302
DE,2040,42,147,99,0.11334498770857326
DE,2040,42,148,99,0.1134475675903911
DE,2040,42,149,99,0.11701619188880263
DE,2040,42,150,99,0.11702107010460852
DE,2040,42,151,99,0.11702594852377929
DE,2040,42,152,99,0.11703082714632367
DE,2040,42,153,99,0.1114562392526264
DE,2040,42,154,99,0.10792101669941162
DE,2040,42,155,99,0.10792551575207447
DE,2040,42,156,99,0.10793001499229289
DE,2040,42,157,99,0.10793451442007776
DE,2040,42,158,99,0.10793901403543564
DE,2040,42,159,99,0.10794351383837306
DE,2040,42,160,99,0.11706986344913356
DE,2040,42,161,99,0.11707474390242192
DE,2040,42,162,99,0.11707962455916458
DE,2040,42,163,99,0.11708450541937458
DE,2040,42,164,99,0.11708938648306286
DE,2040,42,165,99,0.11709426775023156
DE,2040,42,166,99,0.11204494645907388
DE,2040,42,167,99,0.11196447511428301
DE,2040,52,0,99,0.0
DE,2040,52,1,99,0.23016744191615843
DE,2040,52,2,99,0.1158681606570273
DE,2040,52,3,99,0.11587299101326438
DE,2040,52,4,99,0.11587782157087574
DE,2040,52,5,99,0.11588265232986356
DE,2040,52,6,99,0.11588748329023872
DE,2040,52,7,99,0.12568547531782126
DE,2040,52,8,99,0.12569071494203293
DE,2040,52,9,99,0.11693633288074928
DE,2040,52,10,99,0.105484269476677
DE,2040,52,11,99,0.10548866694528579
DE,2040,52,12,99,0.10549306459721819
DE,2040,52,13,99,0.10549746243248292
DE,2040,52,14,99,0.10550186045108216
DE,2040,52,15,99,0.10550625865303118
DE,2040,52,16,99,0.1144265445354471
DE,2040,52,17,99,0.11443131479304393
DE,2040,52,18,99,0.11443608524950115
DE,2040,52,19,99,0.11444085590483404
DE,2040,52,20,99,0.11222674816924672
DE,2040,52,21,99,3.1672932040264084e-05
DE,2040,52,22,99,3.1375923726500615e-05
DE,2040,52,23,99,3.1375923726500615e-05
DE,2040,52,24,99,3.1375923726500615e-05
DE,2040,52,25,99,3.1290284387696145e-05
DE,2040,52,26,99,3.128978453070138e-05
DE,2040,52,27,99,3.128978453070138e-05
DE,2040,52,28,99,3.128978453070138e-05
DE,2040,52,29,99,3.128978453070138e-05
DE,2040,52,30,99,3.128978453070138e-05
DE,2040,52,31,99,3.128978453070138e-05
DE,2040,52,32,99,3.128978453070138e-05
DE,2040,52,33,99,3.128978453070138e-05
DE,2040,52,34,99,3.128978453070138e-05
DE,2040,52,35,99,0.0
DE,2040,52,36,99,3.1083248733106195e-05
DE,2040,52,37,99,3.1083248733106195e-05
DE,2040,52,38,99,3.1083248733106195e-05
DE,2040,52,39,99,3.1083248733106195e-05
DE,2040,52,40,99,3.1083248733106195e-05
DE,2040,52,41,99,3.128978453070138e-05
DE,2040,52,42,99,3.118519088794405e-05
DE,2040,52,43,99,3.1083248733106195e-05
DE,2040,52,44,99,3.1083248733106195e-05
DE,2040,52,45,99,3.1083248733106195e-05
DE,2040,52,46,99,3.1083248733106195e-05
DE,2040,52,47,99,3.1083248733106195e-05
DE,2040,52,48,99,3.1083248733106195e-05
DE,2040,52,49,99,3.099900225956123e-05
DE,2040,52,50,99,3.099900225956123e-05
DE,2040,52,51,99,3.10002945578351e-05
DE,2040,52,52,99,3.1001586909982925e-05
DE,2040,52,53,99,3.100287931600576e-05
DE,2040,52,54,99,3.100417177590788e-05
DE,2040,52,55,99,3.1083248733106195e-05
DE,2040,52,56,99,3.1083248733106195e-05
DE,2040,52,57,99,3.1083248733106195e-05
DE,2040,52,58,99,3.1083248733106195e-05
DE,2040,52,59,99,3.1083248733106195e-05
DE,2040,52,60,99,3.1083248733106195e-05
DE,2040,52,61,99,3.1083248733106195e-05
DE,2040,52,62,99,3.1083248733106195e-05
DE,2040,52,63,99,3.101580633992009e-05
DE,2040,52,64,99,3.1083248733106195e-05
DE,2040,52,65,99,3.1083248733106195e-05
DE,2040,52,66,99,3.1083248733106195e-05
DE,2040,52,67,99,3.128978453070138e-05
DE,2040,52,68,99,3.128978453070138e-05
DE,2040,52,69,99,3.128978453070138e-05
DE,2040,52,70,99,3.1290284387696145e-05
DE,2040,52,71,99,3.1083248733106195e-05
DE,2040,52,72,99,3.1083248733106195e-05
DE,2040,52,73,99,3.1080902824913835e-05
DE,2040,52,74,99,3.1080902824913835e-05
DE,2040,52,75,99,3.1082198537488965e-05
DE,2040,52,76,99,3.1083248733106195e-05
DE,2040,52,77,99,3.1083248733106195e-05
DE,2040,52,78,99,3.1375923726500615e-05
DE,2040,52,79,99,3.1375923726500615e-05
DE,2040,52,80,99,3.137763477501658e-05
DE,2040,52,81,99,3.1375923726500615e-05
DE,2040,52,82,99,3.1375923726500615e-05
DE,2040,52,83,99,3.1290284387696145e-05
DE,2040,52,84,99,3.1290284387696145e-05
DE,2040,52,85,99,3.1290284387696145e-05
DE,2040,52,86,99,3.1375923726500615e-05
DE,2040,52,87,99,3.1375923726500615e-05
DE,2040,52,88,99,3.137592372649955e-05
DE,2040,52,89,99,3.137763477501658e-05
DE,2040,52,90,99,3.1672932040264084e-05
DE,2040,52,91,99,3.1672932040264084e-05
DE,2040,52,92,99,3.1631634958735665e-05
DE,2040,52,93,99,3.137592372649955e-05
DE,2040,52,94,99,3.1375923726500615e-05
DE,2040,52,95,99,3.1375923726500615e-05
DE,2040,52,96,99,3.137592372649955e-05
DE,2040,52,97,99,3.1290284387696145e-05
DE,2040,52,98,99,3.128978453070138e-05
DE,2040,52,99,99,3.118519088794405e-05
DE,2040,52,100,99,3.118519088794405e-05
DE,2040,52,101,99,3.128978453070138e-05
DE,2040,52,102,99,3.137592372649955e-05
DE,2040,52,103,99,3.1375923726500615e-05
DE,2040,52,104,99,3.1375923726500615e-05
DE,2040,52,105,99,3.1375923726500615e-05
DE,2040,52,106,99,3.137592372649955e-05
DE,2040,52,107,99,3.1375923726500615e-05
DE,2040,52,108,99,3.1375923726500615e-05
DE,2040,52,109,99,3.1290284387696145e-05
DE,2040,52,110,99,3.1290284387696145e-05
DE,2040,52,111,99,3.1375923726500615e-05
DE,2040,52,112,99,3.1375923726500615e-05
DE,2040,52,113,99,0.0
DE,2040,52,114,99,0.0
DE,2040,52,115,99,3.1375923726500615e-05
DE,2040,52,116,99,3.1375923726500615e-05
DE,2040,52,117,99,3.137592372649955e-05
DE,2040,52,118,99,3.1375923726500615e-05
DE,2040,52,119,99,3.128978453070138e-05
DE,2040,52,120,99,3.118519088794405e-05
DE,2040,52,121,99,3.1090889441906556e-05
DE,2040,52,122,99,3.1092185570809546e-05
DE,2040,52,123,99,3.109348175374298e-05
DE,2040,52,124,99,3.1094777990715386e-05
DE,2040,52,125,99,3.109607428172462e-05
DE,2040,52,126,99,3.128978453070138e-05
DE,2040,52,127,99,3.1290284387696145e-05
DE,2040,52,128,99,3.137592372649955e-05
DE,2040,52,129,99,3.1290284387696145e-05
DE,2040,52,130,99,3.128978453070138e-05
DE,2040,52,131,99,3.110385316270264e-05
DE,2040,52,132,99,3.110514983204212e-05
DE,2040,52,133,99,3.1106446555435475e-05
DE,2040,52,134,99,3.110774333288908e-05
DE,2040,52,135,99,3.128978453070138e-05
DE,2040,52,136,99,3.1375923726500615e-05
DE,2040,52,137,99,0.11404435454002433
DE,2040,52,138,99,0.11404910886473447
DE,2040,52,139,99,0.11437408482457699
DE,2040,52,140,99,0.11437885289521096
DE,2040,52,141,99,0.11438362116461812
DE,2040,52,142,99,0.11438838963280935
DE,2040,52,143,99,0.11439315829978686
DE,2040,52,144,99,0.11429401874559715
DE,2040,52,145,99,0.11085690656952141
DE,2040,52,146,99,0.11172388018494935
DE,2040,52,147,99,0.11155848464775628
DE,2040,52,148,99,0.11424607186995142
DE,2040,52,149,99,0.11442177447670629
DE,2040,52,150,99,0.1144265445354471
DE,2040,52,151,99,0.11443131479304175
DE,2040,52,152,99,0.11443608524950115
DE,2040,52,153,99,0.1142269908395619
DE,2040,52,154,99,0.11124614625125807
DE,2040,52,155,99,0.10553265171542148
DE,2040,52,156,99,0.10553705120100858
DE,2040,52,157,99,0.10554145087000213
DE,2040,52,158,99,0.10554585072241304
DE,2040,52,159,99,0.10555025075824351
DE,2040,52,160,99,0.11820830676470617
DE,2040,52,161,99,0.11821323467785413
DE,2040,52,162,99,0.11821816279643607
DE,2040,52,163,99,0.11822309112046726
DE,2040,52,164,99,0.11822801964994988
DE,2040,52,165,99,0.11823294838489701
DE,2040,52,166,99,0.11823787732531083
DE,2040,52,167,99,0.10753028676571474
GA,2050,11,0,99,0.0
GA,2050,11,1,99,4.675634070357677e-05
GA,2050,11,2,99,4.675828989980828e-05
GA,2050,11,3,99,4.676023917729945e-05
GA,2050,11,4,99,4.676218853605028e-05
GA,2050,11,5,99,4.6934676796053135e-05
GA,2050,11,6,99,4.7063885589749326e-05
GA,2050,11,7,99,4.7063885589749326e-05
GA,2050,11,8,99,4.7063885589749326e-05
GA,2050,11,9,99,4.6935426581544215e-05
GA,2050,11,10,99,4.6935426581544215e-05
GA,2050,11,11,99,4.6934676796053135e-05
GA,2050,11,12,99,4.677778633191554e-05
GA,2050,11,13,99,4.677973642218e-05
GA,2050,11,14,99,4.678168659374244e-05
GA,2050,11,15,99,4.6783636846601796e-05
GA,2050,11,16,99,4.6785587180765524e-05
GA,2050,11,17,99,4.6934676796053135e-05
GA,2050,11,18,99,4.7063885589749326e-05
GA,2050,11,19,99,4.7063885589749326e-05
GA,2050,11,20,99,4.71345080167796e-05
GA,2050,11,21,99,4.71345080167796e-05
GA,2050,11,22,99,4.7063885589749326e-05
GA,2050,11,23,99,4.7063885589749326e-05
GA,2050,11,24,99,4.7063885589749326e-05
GA,2050,11,25,99,4.706645216252327e-05
GA,2050,11,26,99,4.706645216252327e-05
GA,2050,11,27,99,4.7276441133801985e-05
GA,2050,11,28,99,4.744745243810403e-05
GA,2050,11,29,99,4.7855347347221605e-05
GA,2050,11,30,99,0.17421569395584674
GA,2050,11,31,99,0.17422295672639013
GA,2050,11,32,99,0.1742302197997068
GA,2050,11,33,99,0.166759436847689
GA,2050,11,34,99,0.1742447468547123
GA,2050,11,35,99,0.1657902162710075
GA,2050,11,36,99,0.17001748156286425
GA,2050,11,37,99,0.1606880394673475
GA,2050,11,38,99,0.16069473829185307
GA,2050,11,39,99,0.16070143739562398
GA,2050,11,40,99,0.16070813677866455
GA,2050,11,41,99,0.17429560108645614
GA,2050,11,42,99,0.17430286718820764
GA,2050,11,43,99,0.17431013359285016
GA,2050,11,44,99,0.17431740030043166
GA,2050,11,45,99,0.1743246673109565
GA,2050,11,46,99,0.17433193462442031
GA,2050,11,47,99,0.16473881514378275
GA,2050,11,48,99,4.71345080167796e-05
GA,2050,11,49,99,4.7063885589749326e-05
GA,2050,11,50,99,4.6935426581544215e-05
GA,2050,11,51,99,4.6935426581544215e-05
GA,2050,11,52,99,4.6935426581544215e-05
GA,2050,11,53,99,4.6935426581544215e-05
GA,2050,11,54,99,4.7063885589749326e-05
GA,2050,11,55,99,4.7063885589749326e-05
GA,2050,11,56,99,4.7063885589749326e-05
GA,2050,11,57,99,4.6935426581544215e-05
GA,2050,11,58,99,4.6934676796053135e-05
GA,2050,11,59,99,4.6931513502177284e-05
GA,2050,11,60,99,4.693347000107975e-05
GA,2050,11,61,99,4.6935426581544215e-05
GA,2050,11,62,99,4.6937383243576e-05
GA,2050,11,63,99,4.693933998717725e-05
GA,2050,11,64,99,4.694129681235327e-05
GA,2050,11,65,99,4.7063885589749326e-05
GA,2050,11,66,99,4.744745243810403e-05
GA,2050,11,67,99,4.7642787033487185e-05
GA,2050,11,68,99,4.7642787033487185e-05
GA,2050,11,69,99,4.761113843022731e-05
GA,2050,11,70,99,4.761113843022731e-05
GA,2050,11,71,99,4.744745243810403e-05
GA,2050,11,72,99,4.71345080167796e-05
GA,2050,11,73,99,4.706645216252327e-05
GA,2050,11,74,99,4.71345080167796e-05
GA,2050,11,75,99,4.7276441133801985e-05
GA,2050,11,76,99,4.7276441133801985e-05
GA,2050,11,77,99,4.761113843022731e-05
GA,2050,11,78,99,5.103303477129956e-05
GA,2050,11,79,99,5.1035162255990106e-05
GA,2050,11,80,99,5.1037289829372266e-05
GA,2050,11,81,99,4.761113843022731e-05
GA,2050,11,82,99,4.761113843022731e-05
GA,2050,11,83,99,4.706645216252327e-05
GA,2050,11,84,99,4.706841428680109e-05
GA,2050,11,85,99,4.707037649287512e-05
GA,2050,11,86,99,4.707233878075069e-05
GA,2050,11,87,99,4.707430115042993e-05
GA,2050,11,88,99,4.761312326159309e-05
GA,2050,11,89,99,0.11327326927896966
GA,2050,11,90,99,0.18381584596208683
GA,2050,11,91,99,0.1838235089474531
GA,2050,11,92,99,0.1838311722522632
GA,2050,11,93,99,0.183838835876552
GA,2050,11,94,99,0.1829865937520599
GA,2050,11,95,99,0.17376239594873866
GA,2050,11,96,99,0.17054300424639746
GA,2050,11,97,99,0.1706247832939774
GA,2050,11,98,99,0.17055722386688427
GA,2050,11,99,99,0.16955688658961052
GA,2050,11,100,99,0.16956395514200628
GA,2050,11,101,99,0.17057855552066778
GA,2050,11,102,99,0.18390782287351112
GA,2050,11,103,99,0.18391548969323232
GA,2050,11,104,99,0.1837153364773569
GA,2050,11,105,99,0.16880603473766922
GA,2050,11,106,99,0.16881307198827303
GA,2050,11,107,99,0.1688201095322443
GA,2050,11,108,99,0.1688271473696005
GA,2050,11,109,99,0.1688341855003547
GA,2050,11,110,99,0.16884122392451126
GA,2050,11,111,99,0.16884826264209638
GA,2050,11,112,99,0.16885530165311
GA,2050,11,113,99,0.1919716085779116
GA,2050,11,114,99,0.19197961156382418
GA,2050,11,115,99,0.19198761488336558
GA,2050,11,116,99,0.19199561853655323
GA,2050,11,117,99,0.1920036225234046
GA,2050,11,118,99,0.1920116268439284
GA,2050,11,119,99,0.19201963149813334
GA,2050,11,120,99,0.16248988528348565
GA,2050,11,121,99,0.1624966592240295
GA,2050,11,122,99,0.17001748156286425
GA,2050,11,123,99,0.17001748156286425
GA,2050,11,124,99,0.16896806083419905
GA,2050,11,125,99,0.17106690229152077
GA,2050,11,126,99,0.1706247832939774
GA,2050,11,127,99,0.17150902128906848
GA,2050,11,128,99,0.17275650746136031
GA,2050,11,129,99,0.17164339449636826
GA,2050,11,130,99,0.17333592454720081
GA,2050,11,131,99,0.16256441416311868
GA,2050,11,132,99,0.16257119121065342
GA,2050,11,133,99,0.16257796854071085
GA,2050,11,134,99,0.16258474615330407
GA,2050,11,135,99,0.1625915240484505
GA,2050,11,136,99,0.16259830222614577
GA,2050,11,137,99,0.176345575216107
GA,2050,11,138,99,0.17635292677796002
GA,2050,11,139,99,0.17636027864628412
GA,2050,11,140,99,0.17636763082109672
GA,2050,11,141,99,0.17637498330240653
GA,2050,11,142,99,0.17638233609023538
GA,2050,11,143,99,0.17638968918459197
GA,2050,11,144,99,0.17001748156286425
GA,2050,11,145,99,0.16896806083419905
GA,2050,11,146,99,0.17154719544105132
GA,2050,11,147,99,0.17106690229152077
GA,2050,11,148,99,0.17106690229152077
GA,2050,11,149,99,0.17192820434489564
GA,2050,11,150,99,0.17020560023815026
GA,2050,11,151,99,0.1706247832939774
GA,2050,11,152,99,0.17272136110622316
GA,2050,11,153,99,0.17646323698984828
GA,2050,11,154,99,0.1764705934568255
GA,2050,11,155,99,0.1746150079977531
GA,2050,11,156,99,0.16892217218702382
GA,2050,11,157,99,0.16015801037140043
GA,2050,11,158,99,0.16016468709985368
GA,2050,11,159,99,0.1601713641066478
GA,2050,11,160,99,0.1601780413917916
GA,2050,11,161,99,0.17080642071346055
GA,2050,11,162,99,0.17372792961709882
GA,2050,11,163,99,0.17373517205353467
GA,2050,11,164,99,0.17374241479190222
GA,2050,11,165,99,0.17374965783220145
GA,2050,11,166,99,0.17373517175159864
GA,2050,11,167,99,4.744745243810403e-05
GA,2050,21,0,99,0.0
GA,2050,21,1,99,0.3476262191782814
GA,2050,21,2,99,0.17708350688357474
GA,2050,21,3,99,0.1765571934053833
GA,2050,21,4,99,0.17656455378925273
GA,2050,21,5,99,0.19149263783477566
GA,2050,21,6,99,0.19150062085317124
GA,2050,21,7,99,0.19150860420436713
GA,2050,21,8,99,0.17065270023427567
GA,2050,21,9,99,0.1706598144693743
GA,2050,21,10,99,0.17780062513004363
GA,2050,21,11,99,0.18042447297824551
GA,2050,21,12,99,0.17164339449636826
GA,2050,21,13,99,0.17656159276584543
GA,2050,21,14,99,0.17127325310136243
GA,2050,21,15,99,0.1731467862697671
GA,2050,21,16,99,0.17070962242002852
GA,2050,21,17,99,0.17164339449636826
GA,2050,21,18,99,0.17765475672520564
GA,2050,21,19,99,0.18463972317184027
GA,2050,21,20,99,0.18303668204299256
GA,2050,21,21,99,0.1707452084274181
GA,2050,21,22,99,0.1734041749892104
GA,2050,21,23,99,0.1707594449073932
GA,2050,21,24,99,0.17076656359250117
GA,2050,21,25,99,0.1707736825743866
GA,2050,21,26,99,0.1707808018530408
GA,2050,21,27,99,0.1707879214284855
GA,2050,21,28,99,0.17079504130073822
GA,2050,21,29,99,0.18523532773636933
GA,2050,21,30,99,0.18524304989762466
GA,2050,21,31,99,0.18525077238080495
GA,2050,21,32,99,0.1833028634812115
GA,2050,21,33,99,0.17049482832370227
GA,2050,21,34,99,0.18331814699967167
GA,2050,21,35,99,0.175508427942031
GA,2050,21,36,99,0.16882362845092022
GA,2050,21,37,99,0.16882362845092022
GA,2050,21,38,99,0.16882362845092022
GA,2050,21,39,99,0.1688201095322443
GA,2050,21,40,99,0.1688271473696005
GA,2050,21,41,99,0.17037228929804196
GA,2050,21,42,99,0.17064256649112594
GA,2050,21,43,99,0.18042447297824551
GA,2050,21,44,99,0.17814081161947845
GA,2050,21,45,99,0.16950436493935078
GA,2050,21,46,99,0.17067102352111324
GA,2050,21,47,99,0.1703186331262826
GA,2050,21,48,99,0.17010865498290612
GA,2050,21,49,99,0.17164339449636826
GA,2050,21,50,99,0.17221301419342736
GA,2050,21,51,99,0.1702979822602641
GA,2050,21,52,99,0.17125549822684574
GA,2050,21,53,99,0.1831926726242684
GA,2050,21,54,99,0.18320030963053707
GA,2050,21,55,99,0.1832079469551769
GA,2050,21,56,99,0.1816265190632337
GA,2050,21,57,99,0.14571780619823635
GA,2050,21,58,99,0.1569268998006159
GA,2050,21,59,99,4.7855347347221605e-05
GA,2050,21,60,99,4.785734235926226e-05
GA,2050,21,61,99,4.785933745447245e-05
GA,2050,21,62,99,4.786133263285432e-05
GA,2050,21,63,99,4.786332789441212e-05
GA,2050,21,64,99,4.7865323239149046e-05
GA,2050,21,65,99,4.828611382285187e-05
GA,2050,21,66,99,0.17045233534915857
GA,2050,21,67,99,0.17045944123137066
GA,2050,21,68,99,0.17046654740981515
GA,2050,21,69,99,0.16718070949202962
GA,2050,21,70,99,0.1704807606554493
GA,2050,21,71,99,0.1671664962463955
GA,2050,21,72,99,0.1621388289598138
GA,2050,21,73,99,0.17048046594534016
GA,2050,21,74,99,0.17050919070205564
GA,2050,21,75,99,0.1704662491441717
GA,2050,21,76,99,0.17052340750322847
GA,2050,21,77,99,0.17053051634832264
GA,2050,21,78,99,0.1705376254897713
GA,2050,21,79,99,0.1705447349275919
GA,2050,21,80,99,0.17055184466179313
GA,2050,21,81,99,0.16054876630566642
GA,2050,21,82,99,0.16908671130636568
GA,2050,21,83,99,4.7853352418345175e-05
GA,2050,21,84,99,4.7855347347221605e-05
GA,2050,21,85,99,4.785734235926226e-05
GA,2050,21,86,99,4.785933745447245e-05
GA,2050,21,87,99,4.786133263285432e-05
GA,2050,21,88,99,4.786332789441212e-05
GA,2050,21,89,99,4.7865323239149046e-05
GA,2050,21,90,99,0.17172641009764422
GA,2050,21,91,99,0.17173356909397874
GA,2050,21,92,99,0.17174072838874777
GA,2050,21,93,99,0.17049482832370227
GA,2050,21,94,99,0.17175504787368517
GA,2050,21,95,99,0.17176220806387976
GA,2050,21,96,99,0.1679672290335288
GA,2050,21,97,99,0.16968002786831163
GA,2050,21,98,99,0.16882362845092022
GA,2050,21,99,99,0.17167764348303421
GA,2050,21,100,99,0.17179801349252993
GA,2050,21,101,99,0.17180517547388524
GA,2050,21,102,99,0.17181233775381458
GA,2050,21,103,99,0.17181950033232668
GA,2050,21,104,99,0.1718266632094346
GA,2050,21,105,99,0.16521046484904592
GA,2050,21,106,99,0.17035057846746893
GA,2050,21,107,99,0.15708375038897154
GA,2050,21,108,99,0.15709029895649282
GA,2050,21,109,99,0.15709684779701763
GA,2050,21,110,99,0.15710339691054598
GA,2050,21,111,99,0.15710994629711272
GA,2050,21,112,99,0.1571164959566917
GA,2050,21,113,99,0.16902441509978913
GA,2050,21,114,99,0.1718983084060492
GA,2050,21,115,99,0.17190547456854852
GA,2050,21,116,99,0.17191264102977882
GA,2050,21,117,99,0.17191980778977503
GA,2050,21,118,99,0.17192697484853714
GA,2050,21,119,99,0.17193414220608258
GA,2050,21,120,99,0.17049482832370227
GA,2050,21,121,99,0.17049482832370227
GA,2050,21,122,99,0.17049482832370227
GA,2050,21,123,99,0.171962814624355
GA,2050,21,124,99,0.17196998347600465
GA,2050,21,125,99,0.17197715262651175
GA,2050,21,126,99,0.1719843220758894
GA,2050,21,127,99,0.17199149182414633
GA,2050,21,128,99,0.17199866187130866
GA,2050,21,129,99,0.15652911372415484
GA,2050,21,130,99,0.16907261428478543
GA,2050,21,131,99,0.15654216488742223
GA,2050,21,132,99,0.1565486908771244
GA,2050,21,133,99,0.1565552171388795
GA,2050,21,134,99,0.15656174367270492
GA,2050,21,135,99,0.15656827047861815
GA,2050,21,136,99,0.15657479755661483
GA,2050,21,137,99,0.16470334025593042
GA,2050,21,138,99,0.1731332811409648
GA,2050,21,139,99,0.17314049878747115
GA,2050,21,140,99,0.17314771673486698
GA,2050,21,141,99,0.17315493498316542
GA,2050,21,142,99,0.17316215353238823
GA,2050,21,143,99,0.17316937238253982
GA,2050,21,144,99,0.1706247832939774
GA,2050,21,145,99,0.17106690229152077
GA,2050,21,146,99,0.17106690229152077
GA,2050,21,147,99,0.17106690229152077
GA,2050,21,148,99,0.17320547114766494
GA,2050,21,149,99,0.17321269180365498
GA,2050,21,150,99,0.17321991276066098
GA,2050,21,151,99,0.17322713401870476
GA,2050,21,152,99,0.17323435557778194
GA,2050,21,153,99,0.15974294020711194
GA,2050,21,154,99,0.17106690229152077
GA,2050,21,155,99,0.16323044469579193
GA,2050,21,156,99,0.15976291931452727
GA,2050,21,157,99,0.1597695795722651
GA,2050,21,158,99,0.15977624010766353
GA,2050,21,159,99,0.15978290092073572
GA,2050,21,160,99,0.15978956201147723
GA,2050,21,161,99,0.15979622337991425
GA,2050,21,162,99,0.1733065877286918
GA,2050,21,163,99,0.17331381260006956
GA,2050,21,164,99,0.17332103777264207
GA,2050,21,165,99,0.1733282632464137
GA,2050,21,166,99,0.17333548902140622
GA,2050,21,167,99,0.17333592454720081
GA,2050,42,0,99,0.0
GA,2050,42,1,99,0.3097304679525111
GA,2050,42,2,99,0.19745573392161495
GA,2050,42,3,99,0.19746396553185036
GA,2050,42,4,99,0.19747219748523814
GA,2050,42,5,99,0.21416796964023688
GA,2050,42,6,99,0.21417689795654438
GA,2050,42,7,99,0.21418582664505886
GA,2050,42,8,99,0.17398625761091677
GA,2050,42,9,99,0.17203774320582227
GA,2050,42,10,99,0.17204491518112025
GA,2050,42,11,99,0.1865908752751014
GA,2050,42,12,99,0.1720592600286985
GA,2050,42,13,99,0.17206643290100493
GA,2050,42,14,99,0.1720736060723302
GA,2050,42,15,99,0.17208077954269604
GA,2050,42,16,99,0.1866297718772442
GA,2050,42,17,99,0.18663755217062003
GA,2050,42,18,99,0.18664533278834972
GA,2050,42,19,99,0.18665311373043325
GA,2050,42,20,99,0.18666089499690114
GA,2050,42,21,99,0.1774336430773187
GA,2050,42,22,99,0.17488731828773665
GA,2050,42,23,99,0.16864777407180154
GA,2050,42,24,99,0.16865480472477004
GA,2050,42,25,99,0.17001748156286425
GA,2050,42,26,99,0.1697224229767197
GA,2050,42,27,99,0.16867589844231065
GA,2050,42,28,99,0.16868293026773742
GA,2050,42,29,99,0.17718635747931527
GA,2050,42,30,99,0.18042447297824551
GA,2050,42,31,99,0.18295989673689314
GA,2050,42,32,99,0.1733217265020594
GA,2050,42,33,99,0.16882362845092022
GA,2050,42,34,99,0.1731425116760401
GA,2050,42,35,99,0.1672687133568896
GA,2050,42,36,99,0.16727568651904096
GA,2050,42,37,99,0.16728265997189987
GA,2050,42,38,99,0.1672896337154663
GA,2050,42,39,99,0.1672966077497664
GA,2050,42,40,99,0.16730358207480017
GA,2050,42,41,99,0.18303618406931765
GA,2050,42,42,99,0.18304381455183255
GA,2050,42,43,99,0.18305144535244822
GA,2050,42,44,99,0.1777975006040428
GA,2050,42,45,99,0.16880251616126482
GA,2050,42,46,99,0.16880955326518268
GA,2050,42,47,99,0.16881659066246804
GA,2050,42,48,99,0.16882362835312523
GA,2050,42,49,99,0.16883066633717608
GA,2050,42,50,99,0.16883770461462927
GA,2050,42,51,99,0.16884474318549358
GA,2050,42,52,99,0.16885178204979512
GA,2050,42,53,99,0.17614069232072946
GA,2050,42,54,99,0.18141522080053157
GA,2050,42,55,99,0.18314303977667057
GA,2050,42,56,99,0.17066063884936575
GA,2050,42,57,99,0.16888698077308842
GA,2050,42,58,99,0.17194287716618742
GA,2050,42,59,99,0.17366123640748285
GA,2050,42,60,99,0.16890810352896898
GA,2050,42,61,99,0.1689151450346506
GA,2050,42,62,99,0.16892218683388283
GA,2050,42,63,99,0.16968291384175233
GA,2050,42,64,99,0.1913976471658646
GA,2050,42,65,99,0.19140562622425483
GA,2050,42,66,99,0.19141360561527967
GA,2050,42,67,99,0.19142158533894346
GA,2050,42,68,99,0.19142956539528114
GA,2050,42,69,99,0.17657999103912017
GA,2050,42,70,99,0.17658735237338477
GA,2050,42,71,99,0.17653583315829738
GA,2050,42,72,99,0.1765726330797917
GA,2050,42,73,99,0.17655055245189916
GA,2050,42,74,99,0.176557912558919
GA,2050,42,75,99,0.17656527297277186
GA,2050,42,76,99,0.1765726336934664
GA,2050,42,77,99,0.1915014008743483
GA,2050,42,78,99,0.19150938425806113
GA,2050,42,79,99,0.19151736797458296
GA,2050,42,80,99,0.18759183518323405
GA,2050,42,81,99,0.17507767276649233
GA,2050,42,82,99,0.1750849714715327
GA,2050,42,83,99,0.1750922704808551
GA,2050,42,84,99,0.1750995697944552
GA,2050,42,85,99,0.17510686941235476
GA,2050,42,86,99,0.17511416933456256
GA,2050,42,87,99,0.17512146956109598
GA,2050,42,88,99,0.18992754450467966
GA,2050,42,89,99,0.18993546227686411
GA,2050,42,90,99,0.18994338037913222
GA,2050,42,91,99,0.18995129881148834
GA,2050,42,92,99,0.1899592175739543
GA,2050,42,93,99,0.18996713666653878
GA,2050,42,94,99,0.17497465284161504
GA,2050,42,95,99,0.17498194725193109
GA,2050,42,96,99,0.17498924196633733
GA,2050,42,97,99,0.17499653698484682
GA,2050,42,98,99,0.17500383230747266
GA,2050,42,99,99,0.17501112793423226
GA,2050,42,100,99,0.1750184238651344
GA,2050,42,101,99,0.18981578655715414
GA,2050,42,102,99,0.18982369967033053
GA,2050,42,103,99,0.1898316131133943
GA,2050,42,104,99,0.16161810615100738
GA,2050,42,105,99,0.160521975696265
GA,2050,42,106,99,0.16052866759783957
GA,2050,42,107,99,0.16053535977839165
GA,2050,42,108,99,0.16054205223792997
GA,2050,42,109,99,0.16054874497646765
GA,2050,42,110,99,0.1605554379940134
GA,2050,42,111,99,0.1605621312905759
GA,2050,42,112,99,0.17399924289553031
GA,2050,42,113,99,0.1760024332712687
GA,2050,42,114,99,0.1760097705280938
GA,2050,42,115,99,0.17601710809078386
GA,2050,42,116,99,0.17602444595937375
GA,2050,42,117,99,0.17603178413386344
GA,2050,42,118,99,0.16232250625842
GA,2050,42,119,99,0.16344064295103322
GA,2050,42,120,99,0.1706247832939774
GA,2050,42,121,99,0.16882362845092022
GA,2050,42,122,99,0.16882362845092022
GA,2050,42,123,99,0.16209380692912292
GA,2050,42,124,99,0.16473014679887044
GA,2050,42,125,99,0.17423164832002028
GA,2050,42,126,99,0.1742389117556759
GA,2050,42,127,99,0.17424617549413535
GA,2050,42,128,99,0.17425343953540728
GA,2050,42,129,99,0.16315591895583678
GA,2050,42,130,99,0.17275650746136031
GA,2050,42,131,99,0.1593023066916941
GA,2050,42,132,99,0.15930894774724225
GA,2050,42,133,99,0.1593155890796443
GA,2050,42,134,99,0.15932223068891774
GA,2050,42,135,99,0.15932887257506254
GA,2050,42,136,99,0.17431156276838172
GA,2050,42,137,99,0.17431882953554195
GA,2050,42,138,99,0.17432609660564555
GA,2050,42,139,99,0.17433336397869686
GA,2050,42,140,99,0.1743406316547133
GA,2050,42,141,99,0.17434789963371233
GA,2050,42,142,99,0.169006804528297
GA,2050,42,143,99,0.17001748156286425
GA,2050,42,144,99,0.17001748156286425
GA,2050,42,145,99,0.17001748156286425
GA,2050,42,146,99,0.17001748156286425
GA,2050,42,147,99,0.16884656893927644
GA,2050,42,148,99,0.17118839418644335
GA,2050,42,149,99,0.1744060543743902
GA,2050,42,150,99,0.17441332508075577
GA,2050,42,151,99,0.17442059609022603
GA,2050,42,152,99,0.17442786740281405
GA,2050,42,153,99,0.17115931014856234
GA,2050,42,154,99,0.15945512103402232
GA,2050,42,155,99,0.15946176846015414
GA,2050,42,156,99,0.15946841616340587
GA,2050,42,157,99,0.15947506414379062
GA,2050,42,158,99,0.1594817124013127
GA,2050,42,159,99,0.15948836093599397
GA,2050,42,160,99,0.17448604881719676
GA,2050,42,161,99,0.17449332285839847
GA,2050,42,162,99,0.1745005972028444
GA,2050,42,163,99,0.1745078718505476
GA,2050,42,164,99,0.17451514680152122
GA,2050,42,165,99,0.1745224220557696
GA,2050,42,166,99,0.1714242184597748
GA,2050,42,167,99,0.16410580417304405
GA,2050,52,0,99,0.0
GA,2050,52,1,99,0.34119863288023133
GA,2050,52,2,99,0.17373155060887344
GA,2050,52,3,99,0.1737387931962686
GA,2050,52,4,99,0.17374603608559544
GA,2050,52,5,99,0.17375327927686704
GA,2050,52,6,99,0.17409588877807722
GA,2050,52,7,99,0.188451533123174
GA,2050,52,8,99,0.18845938936283158
GA,2050,52,9,99,0.18683263168234102
GA,2050,52,10,99,0.15763415248552953
GA,2050,52,11,99,0.145453457037336
GA,2050,52,12,99,0.14545952075673582
GA,2050,52,13,99,0.1454655847289322
GA,2050,52,14,99,0.14547164895391201
GA,2050,52,15,99,0.14547771343170582
GA,2050,52,16,99,0.15777748417420123
GA,2050,52,17,99,0.15778406166236578
GA,2050,52,18,99,0.15779063942473304
GA,2050,52,19,99,0.15779721746132042
GA,2050,52,20,99,4.750939806039613e-05
GA,2050,52,21,99,4.750939806039613e-05
GA,2050,52,22,99,4.7063885589749326e-05
GA,2050,52,23,99,4.7063885589749326e-05
GA,2050,52,24,99,4.7063885589749326e-05
GA,2050,52,25,99,4.6934676796053135e-05
GA,2050,52,26,99,4.6934676796053135e-05
GA,2050,52,27,99,4.677778633191554e-05
GA,2050,52,28,99,4.663694520233821e-05
GA,2050,52,29,99,4.663694520233821e-05
GA,2050,52,30,99,4.6934676796053135e-05
GA,2050,52,31,99,4.6934676796053135e-05
GA,2050,52,32,99,4.6934676796053135e-05
GA,2050,52,33,99,4.6934676796053135e-05
GA,2050,52,34,99,0.0
GA,2050,52,35,99,2.2606852319749687e-05
GA,2050,52,36,99,4.662487309965876e-05
GA,2050,52,37,99,4.662487309965876e-05
GA,2050,52,38,99,4.662487309965876e-05
GA,2050,52,39,99,4.662487309965876e-05
GA,2050,52,40,99,4.662487309965876e-05
GA,2050,52,41,99,4.662487309965876e-05
GA,2050,52,42,99,4.662487309965876e-05
GA,2050,52,43,99,4.662487309965876e-05
GA,2050,52,44,99,4.662487309965876e-05
GA,2050,52,45,99,4.662487309965876e-05
GA,2050,52,46,99,4.662487309965876e-05
GA,2050,52,47,99,4.662487309965876e-05
GA,2050,52,48,99,4.662487309965876e-05
GA,2050,52,49,99,4.6498503389341314e-05
GA,2050,52,50,99,4.6498503389341314e-05
GA,2050,52,51,99,4.6498503389341314e-05
GA,2050,52,52,99,4.6498503389341314e-05
GA,2050,52,53,99,4.6498503389341314e-05
GA,2050,52,54,99,4.6498503389341314e-05
GA,2050,52,55,99,4.6498503389341314e-05
GA,2050,52,56,99,4.662487309965876e-05
GA,2050,52,57,99,4.662487309965876e-05
GA,2050,52,58,99,4.662487309965876e-05
GA,2050,52,59,99,4.662487309965876e-05
GA,2050,52,60,99,4.662487309965876e-05
GA,2050,52,61,99,4.662487309965876e-05
GA,2050,52,62,99,4.6504520846616244e-05
GA,2050,52,63,99,4.650645954488559e-05
GA,2050,52,64,99,4.662487309965876e-05
GA,2050,52,65,99,4.662487309965876e-05
GA,2050,52,66,99,4.662487309965876e-05
GA,2050,52,67,99,4.677778633191554e-05
GA,2050,52,68,99,4.6934676796053135e-05
GA,2050,52,69,99,4.677778633191554e-05
GA,2050,52,70,99,4.677778633191554e-05
GA,2050,52,71,99,4.662487309965876e-05
GA,2050,52,72,99,4.6621354237371817e-05
GA,2050,52,73,99,4.6617099047657376e-05
GA,2050,52,74,99,4.652779056078032e-05
GA,2050,52,75,99,4.6529730229125744e-05
GA,2050,52,76,99,4.66229294651269e-05
GA,2050,52,77,99,4.662487309965876e-05
GA,2050,52,78,99,4.6935426581544215e-05
GA,2050,52,79,99,4.7063885589749326e-05
GA,2050,52,80,99,4.706645216252327e-05
GA,2050,52,81,99,4.7063885589749326e-05
GA,2050,52,82,99,4.6935426581544215e-05
GA,2050,52,83,99,4.663653660853863e-05
GA,2050,52,84,99,4.663848081033058e-05
GA,2050,52,85,99,4.664042509317352e-05
GA,2050,52,86,99,4.6935426581544215e-05
GA,2050,52,87,99,4.7063885589749326e-05
GA,2050,52,88,99,4.7063885589749326e-05
GA,2050,52,89,99,4.706388558975039e-05
GA,2050,52,90,99,4.706388558975039e-05
GA,2050,52,91,99,4.706388558975039e-05
GA,2050,52,92,99,4.706388558975039e-05
GA,2050,52,93,99,4.7063885589749326e-05
GA,2050,52,94,99,4.7063885589749326e-05
GA,2050,52,95,99,4.7063885589749326e-05
GA,2050,52,96,99,4.6935426581544215e-05
GA,2050,52,97,99,4.6934676796053135e-05
GA,2050,52,98,99,4.662487309965876e-05
GA,2050,52,99,99,4.662487309965876e-05
GA,2050,52,100,99,4.662487309965876e-05
GA,2050,52,101,99,4.6934676796053135e-05
GA,2050,52,102,99,4.6935426581544215e-05
GA,2050,52,103,99,4.7063885589749326e-05
GA,2050,52,104,99,4.7063885589749326e-05
GA,2050,52,105,99,4.7063885589749326e-05
GA,2050,52,106,99,4.7063885589749326e-05
GA,2050,52,107,99,4.7063885589749326e-05
GA,2050,52,108,99,4.6935426581544215e-05
GA,2050,52,109,99,4.6934676796053135e-05
GA,2050,52,110,99,4.6934676796053135e-05
GA,2050,52,111,99,4.6935426581544215e-05
GA,2050,52,112,99,4.7063885589749326e-05
GA,2050,52,113,99,0.0
GA,2050,52,114,99,4.7063885589749326e-05
GA,2050,52,115,99,4.7063885589749326e-05
GA,2050,52,116,99,4.7063885589749326e-05
GA,2050,52,117,99,4.7063885589749326e-05
GA,2050,52,118,99,4.7063885589749326e-05
GA,2050,52,119,99,4.6934676796053135e-05
GA,2050,52,120,99,4.662487309965876e-05
GA,2050,52,121,99,4.662487309965876e-05
GA,2050,52,122,99,4.662487309965876e-05
GA,2050,52,123,99,4.662487309965876e-05
GA,2050,52,124,99,4.662487309965876e-05
GA,2050,52,125,99,4.662681681521819e-05
GA,2050,52,126,99,4.662876061180733e-05
GA,2050,52,127,99,4.6935426581544215e-05
GA,2050,52,128,99,4.7063885589749326e-05
GA,2050,52,129,99,4.6934676796053135e-05
GA,2050,52,130,99,4.663653660853863e-05
GA,2050,52,131,99,4.663848081033058e-05
GA,2050,52,132,99,4.664042509317352e-05
GA,2050,52,133,99,4.6642369457070655e-05
GA,2050,52,134,99,4.664431390202411e-05
GA,2050,52,135,99,4.6646258428040266e-05
GA,2050,52,136,99,4.706388558975039e-05
GA,2050,52,137,99,4.750939806039613e-05
GA,2050,52,138,99,0.1706321480968567
GA,2050,52,139,99,0.1711183539660633
GA,2050,52,140,99,0.17112548761351468
GA,2050,52,141,99,0.171132621558354
GA,2050,52,142,99,0.17113975580059435
GA,2050,52,143,99,0.1711468903402575
GA,2050,52,144,99,0.16936888784452317
GA,2050,52,145,99,0.16363897981830583
GA,2050,52,146,99,0.1638100288325915
GA,2050,52,147,99,0.16911221364627685
GA,2050,52,148,99,0.1711825675002037
GA,2050,52,149,99,0.17118970382461754
GA,2050,52,150,99,0.17119684044652836
GA,2050,52,151,99,0.1712039773659492
GA,2050,52,152,99,0.1712111145829019
GA,2050,52,153,99,0.16836738089941655
GA,2050,52,154,99,0.15788384997846985
GA,2050,52,155,99,0.15789043190084967
GA,2050,52,156,99,0.15789701409762838
GA,2050,52,157,99,0.15790359656879732
GA,2050,52,158,99,0.1579101793143826
GA,2050,52,159,99,0.15791676233439295
GA,2050,52,160,99,0.17542553377512213
GA,2050,52,161,99,0.17543284698193592
GA,2050,52,162,99,0.17544016049362043
GA,2050,52,163,99,0.17544747431019744
GA,2050,52,164,99,0.17545478843167572
GA,2050,52,165,99,0.17546210285806396
GA,2050,52,166,99,0.17546941758937962
GA,2050,52,167,99,0.16226918642712307
DE,2050,11,0,99,4.636811722453052e-05
DE,2050,11,1,99,4.6934676796053135e-05
DE,2050,11,2,99,4.6934676796053135e-05
DE,2050,11,3,99,4.6934676796053135e-05
DE,2050,11,4,99,4.6934676796053135e-05
DE,2050,11,5,99,4.706388558975039e-05
DE,2050,11,6,99,4.7063885589749326e-05
DE,2050,11,7,99,4.706388558975039e-05
DE,2050,11,8,99,4.7063885589749326e-05
DE,2050,11,9,99,4.7063885589749326e-05
DE,2050,11,10,99,4.7063885589749326e-05
DE,2050,11,11,99,4.7063885589749326e-05
DE,2050,11,12,99,4.6934676796053135e-05
DE,2050,11,13,99,4.6934676796053135e-05
DE,2050,11,14,99,4.6936633426827286e-05
DE,2050,11,15,99,4.6938590139170885e-05
DE,2050,11,16,99,4.694054693308607e-05
DE,2050,11,17,99,4.694250380857709e-05
DE,2050,11,18,99,4.7063885589749326e-05
DE,2050,11,19,99,4.744745243810403e-05
DE,2050,11,20,99,4.750939806039613e-05
DE,2050,11,21,99,4.750939806039613e-05
DE,2050,11,22,99,4.744745243810403e-05
DE,2050,11,23,99,4.744745243810403e-05
DE,2050,11,24,99,4.744745243810403e-05
DE,2050,11,25,99,4.744745243810403e-05
DE,2050,11,26,99,4.7449430445665425e-05
DE,2050,11,27,99,4.7855347347221605e-05
DE,2050,11,28,99,0.13041066609935986
DE,2050,11,29,99,0.17841571193498315
DE,2050,11,30,99,0.18032672054358803
DE,2050,11,31,99,0.18033423807295024
DE,2050,11,32,99,0.18034175591570376
DE,2050,11,33,99,0.16629681933473153
DE,2050,11,34,99,0.17616735071543213
DE,2050,11,35,99,0.16941017983175546
DE,2050,11,36,99,0.1706247832939774
DE,2050,11,37,99,0.17106690229152077
DE,2050,11,38,99,0.16714615564087268
DE,2050,11,39,99,0.16633841954294562
DE,2050,11,40,99,0.1663453539226675
DE,2050,11,41,99,0.17919057641630598
DE,2050,11,42,99,0.1804169515827833
DE,2050,11,43,99,0.1804244728737178
DE,2050,11,44,99,0.18043199447821803
DE,2050,11,45,99,0.18043951639628836
DE,2050,11,46,99,0.1804470386279288
DE,2050,11,47,99,0.18045456117315675
DE,2050,11,48,99,0.11175894792569865
DE,2050,11,49,99,4.744745243810403e-05
DE,2050,11,50,99,4.706388558975039e-05
DE,2050,11,51,99,4.7063885589749326e-05
DE,2050,11,52,99,4.7063885589749326e-05
DE,2050,11,53,99,4.7063885589749326e-05
DE,2050,11,54,99,4.744745243810403e-05
DE,2050,11,55,99,4.750939806039613e-05
DE,2050,11,56,99,4.744745243810403e-05
DE,2050,11,57,99,4.7063885589749326e-05
DE,2050,11,58,99,4.705407673012951e-05
DE,2050,11,59,99,4.705603833849489e-05
DE,2050,11,60,99,4.705800002863521e-05
DE,2050,11,61,99,4.705996180055683e-05
DE,2050,11,62,99,4.706192365425976e-05
DE,2050,11,63,99,4.7063885589749326e-05
DE,2050,11,64,99,4.706584760702978e-05
DE,2050,11,65,99,4.706841428680109e-05
DE,2050,11,66,99,4.7855347347221605e-05
DE,2050,11,67,99,5.1879763384252495e-05
DE,2050,11,68,99,5.1881926167690074e-05
DE,2050,11,69,99,5.1884089041290535e-05
DE,2050,11,70,99,5.188625200505708e-05
DE,2050,11,71,99,4.7845373534427375e-05
DE,2050,11,72,99,4.7847368130676724e-05
DE,2050,11,73,99,4.784936281007646e-05
DE,2050,11,74,99,4.785135757263083e-05
DE,2050,11,75,99,4.7853352418345175e-05
DE,2050,11,76,99,4.7855347347221605e-05
DE,2050,11,77,99,5.210772830470956e-05
DE,2050,11,78,99,5.2109900591635845e-05
DE,2050,11,79,99,5.211207296911998e-05
DE,2050,11,80,99,5.211424543716943e-05
DE,2050,11,81,99,5.211641799578417e-05
DE,2050,11,82,99,4.7642787033487185e-05
DE,2050,11,83,99,4.7642787033487185e-05
DE,2050,11,84,99,4.76447731842341e-05
DE,2050,11,85,99,4.764675941777795e-05
DE,2050,11,86,99,4.7648745734125115e-05
DE,2050,11,87,99,4.7650732133278807e-05
DE,2050,11,88,99,4.7855347347221605e-05
DE,2050,11,89,99,0.20398214857271416
DE,2050,11,90,99,0.20616699898581117
DE,2050,11,91,99,0.20617559375459302
DE,2050,11,92,99,0.20618418888168027
DE,2050,11,93,99,0.2061927843670773
DE,2050,11,94,99,0.1801664688195129
DE,2050,11,95,99,0.1719138703240501
DE,2050,11,96,99,0.17192103713529194
DE,2050,11,97,99,0.17192820424529973
DE,2050,11,98,99,0.17193537165409956
DE,2050,11,99,99,0.17194253936169582
DE,2050,11,100,99,0.17194970736810591
DE,2050,11,101,99,0.17195687567333426
DE,2050,11,102,99,0.18649539225079248
DE,2050,11,103,99,0.18650316694210392
DE,2050,11,104,99,0.1865109419575294
DE,2050,11,105,99,0.17092925326298353
DE,2050,11,106,99,0.170177126563848
DE,2050,11,107,99,0.17018422097305294
DE,2050,11,108,99,0.17019131567801057
DE,2050,11,109,99,0.17019841067872968
DE,2050,11,110,99,0.170205505975232
DE,2050,11,111,99,0.17021260156752635
DE,2050,11,112,99,0.1702196974556257
DE,2050,11,113,99,0.2558268446104642
DE,2050,11,114,99,0.25856700295784046
DE,2050,11,115,99,0.25857778219806027
DE,2050,11,116,99,0.2585885618876215
DE,2050,11,117,99,0.25859934202658535
DE,2050,11,118,99,0.2586101226149691
DE,2050,11,119,99,0.20083856876760475
DE,2050,11,120,99,0.16505834040234893
DE,2050,11,121,99,0.16506522141762864
DE,2050,11,122,99,0.1650721027197742
DE,2050,11,123,99,0.1691194268320817
DE,2050,11,124,99,0.1650858661846803
DE,2050,11,125,99,0.1732579040901552
DE,2050,11,126,99,0.17225511083256542
DE,2050,11,127,99,0.17160129785722583
DE,2050,11,128,99,0.17217709037552856
DE,2050,11,129,99,0.17333592454720081
DE,2050,11,130,99,0.17695082537085957
DE,2050,11,131,99,0.16513404734966494
DE,2050,11,132,99,0.1651409315210489
DE,2050,11,133,99,0.16514781597942513
DE,2050,11,134,99,0.1651547007248024
DE,2050,11,135,99,0.16516158575719375
DE,2050,11,136,99,0.16516847107660795
DE,2050,11,137,99,0.1791330453073168
DE,2050,11,138,99,0.17914051307429435
DE,2050,11,139,99,0.17914798115258324
DE,2050,11,140,99,0.17915544954220958
DE,2050,11,141,99,0.1791629182431734
DE,2050,11,142,99,0.17917038725550086
DE,2050,11,143,99,0.17917785657919197
DE,2050,11,144,99,0.17354295010530607
DE,2050,11,145,99,0.16678420433555302
DE,2050,11,146,99,0.17154719544105132
DE,2050,11,147,99,0.1714069506394331
DE,2050,11,148,99,0.17333592454720081
DE,2050,11,149,99,0.17374241479190222
DE,2050,11,150,99,0.17100046039473604
DE,2050,11,151,99,0.17106690229152077
DE,2050,11,152,99,0.17364972953693025
DE,2050,11,153,99,0.1792525669444262
DE,2050,11,154,99,0.17926003969405926
DE,2050,11,155,99,0.17602407599307696
DE,2050,11,156,99,0.1707140021696133
DE,2050,11,157,99,0.16531312910853357
DE,2050,11,158,99,0.16532002074554153
DE,2050,11,159,99,0.16532691266986446
DE,2050,11,160,99,0.16533380488149366
DE,2050,11,161,99,0.16534069738044657
DE,2050,11,162,99,0.1777110066566085
DE,2050,11,163,99,0.17932730846104253
DE,2050,11,164,99,0.1793347843265359
DE,2050,11,165,99,0.17934226050367638
DE,2050,11,166,99,0.1793497369924901
DE,2050,11,167,99,0.13925866714949509
DE,2050,21,0,99,0.0
DE,2050,21,1,99,0.33522005612161815
DE,2050,21,2,99,0.18895955872864498
DE,2050,21,3,99,0.18896743614706965
DE,2050,21,4,99,0.18897531389389047
DE,2050,21,5,99,0.204952696147545
DE,2050,21,6,99,0.20496124029401183
DE,2050,21,7,99,0.20496978479665612
DE,2050,21,8,99,0.17422295672639013
DE,2050,21,9,99,0.1742302197997068
DE,2050,21,10,99,0.17889296573197971
DE,2050,21,11,99,0.18541263355095594
DE,2050,21,12,99,0.1742520108364273
DE,2050,21,13,99,0.17546414374562166
DE,2050,21,14,99,0.1759510686382178
DE,2050,21,15,99,0.17427380459856515
DE,2050,21,16,99,0.17428106979164798
DE,2050,21,17,99,0.17428833528760873
DE,2050,21,18,99,0.18849474669921382
DE,2050,21,19,99,0.18903185095055983
DE,2050,21,20,99,0.1890397313827329
DE,2050,21,21,99,0.17379722828132388
DE,2050,21,22,99,0.17383345732469646
DE,2050,21,23,99,0.17381171923414587
DE,2050,21,24,99,0.17381896516362882
DE,2050,21,25,99,0.17382621139519172
DE,2050,21,26,99,0.17383345792884763
DE,2050,21,27,99,0.17384070476458785
DE,2050,21,28,99,0.17384795190243854
DE,2050,21,29,99,0.18854635416634527
DE,2050,21,30,99,0.18855421435893968
DE,2050,21,31,99,0.18856207487921506
DE,2050,21,32,99,0.18657934768697088
DE,2050,21,33,99,0.1742302197997068
DE,2050,21,34,99,0.18659490439377766
DE,2050,21,35,99,0.17954590203490647
DE,2050,21,36,99,0.17053407084495617
DE,2050,21,37,99,0.1705411801345908
DE,2050,21,38,99,0.170548289720593
DE,2050,21,39,99,0.17055539960299326
DE,2050,21,40,99,0.17056250978177856
DE,2050,21,41,99,0.17063189636526047
DE,2050,21,42,99,0.1706390097330768
DE,2050,21,43,99,0.18499855988587188
DE,2050,21,44,99,0.18500627217665902
DE,2050,21,45,99,0.17066035161585627
DE,2050,21,46,99,0.1728037803907184
DE,2050,21,47,99,0.17055184466179313
DE,2050,21,48,99,0.1715438481650935
DE,2050,21,49,99,0.17231256052470212
DE,2050,21,50,99,0.17231256052470212
DE,2050,21,51,99,0.17125549822684574
DE,2050,21,52,99,0.17025182760718513
DE,2050,21,53,99,0.18318885428031523
DE,2050,21,54,99,0.18465388430726032
DE,2050,21,55,99,0.18320412829285698
DE,2050,21,56,99,0.1772006378365647
DE,2050,21,57,99,0.16271733519219048
DE,2050,21,58,99,0.17028327152435277
DE,2050,21,59,99,0.16273090232010287
DE,2050,21,60,99,0.16273768630825955
DE,2050,21,61,99,0.16274447057923105
DE,2050,21,62,99,0.1627512551330218
DE,2050,21,63,99,0.16275803996965357
DE,2050,21,64,99,0.1627648250891307
DE,2050,21,65,99,0.16277161049147065
DE,2050,21,66,99,0.1765335362545706
DE,2050,21,67,99,0.17654089565221387
DE,2050,21,68,99,0.17654825535665958
DE,2050,21,69,99,0.16724672396957654
DE,2050,21,70,99,0.1721660281964756
DE,2050,21,71,99,0.16882362845092022
DE,2050,21,72,99,0.17049482832370227
DE,2050,21,73,99,0.16882362845092022
DE,2050,21,74,99,0.16882362845092022
DE,2050,21,75,99,0.16283948007481078
DE,2050,21,76,99,0.1753728981370156
DE,2050,21,77,99,0.17661450650482274
DE,2050,21,78,99,0.1766218692779908
DE,2050,21,79,99,0.17662923235809214
DE,2050,21,80,99,0.17663659574514856
DE,2050,21,81,99,0.16288021540759373
DE,2050,21,82,99,0.17522967232746675
DE,2050,21,83,99,0.162715255220071
DE,2050,21,84,99,0.1627220385559225
DE,2050,21,85,99,0.16272882217456702
DE,2050,21,86,99,0.16273560607600027
DE,2050,21,87,99,0.16274239026024837
DE,2050,21,88,99,0.16274917472731568
DE,2050,21,89,99,0.16275595947721963
DE,2050,21,90,99,0.17621977802041078
DE,2050,21,91,99,0.1765239206768736
DE,2050,21,92,99,0.1765312796736521
DE,2050,21,93,99,0.16445732299829527
DE,2050,21,94,99,0.17654599858759468
DE,2050,21,95,99,0.17049482832370227
DE,2050,21,96,99,0.17049482832370227
DE,2050,21,97,99,0.17049482832370227
DE,2050,21,98,99,0.16882362845092022
DE,2050,21,99,99,0.1682516416225846
DE,2050,21,100,99,0.17659016269325709
DE,2050,21,101,99,0.17659752445156734
DE,2050,21,102,99,0.17660488651677167
DE,2050,21,103,99,0.1766122488888918
DE,2050,21,104,99,0.17661961156794087
DE,2050,21,105,99,0.16286455395062982
DE,2050,21,106,99,0.17663433784685628
DE,2050,21,107,99,0.1622335872983008
DE,2050,21,108,99,0.16224035055419747
DE,2050,21,109,99,0.1622471140920412
DE,2050,21,110,99,0.16225387791184515
DE,2050,21,111,99,0.16226064201362234
DE,2050,21,112,99,0.1622674063973902
DE,2050,21,113,99,0.1706952433172387
DE,2050,21,114,99,0.175994039587497
DE,2050,21,115,99,0.17600137649438904
DE,2050,21,116,99,0.17600871370715912
DE,2050,21,117,99,0.1719689002630898
DE,2050,21,118,99,0.17602338905032897
DE,2050,21,119,99,0.17069977168186645
DE,2050,21,120,99,0.17049482832370227
DE,2050,21,121,99,0.17049482832370227
DE,2050,21,122,99,0.17154719544105132
DE,2050,21,123,99,0.17230921324873993
DE,2050,21,124,99,0.17192820434489564
DE,2050,21,125,99,0.17342902176241767
DE,2050,21,126,99,0.17608210266010008
DE,2050,21,127,99,0.17608944323820427
DE,2050,21,128,99,0.17310676701110536
DE,2050,21,129,99,0.16227837547436225
DE,2050,21,130,99,0.17521686201438108
DE,2050,21,131,99,0.16229190600247356
DE,2050,21,132,99,0.16229867168958725
DE,2050,21,133,99,0.16230543765874395
DE,2050,21,134,99,0.1623122039099611
DE,2050,21,135,99,0.16231897044326055
DE,2050,21,136,99,0.1623257372586466
DE,2050,21,137,99,0.16705850498144034
DE,2050,21,138,99,0.1760573048120527
DE,2050,21,139,99,0.17606464435637847
DE,2050,21,140,99,0.17607198420667822
DE,2050,21,141,99,0.17530936484151535
DE,2050,21,142,99,0.17608666482524313
DE,2050,21,143,99,0.17192820434489564
DE,2050,21,144,99,0.17192820434489564
DE,2050,21,145,99,0.1736445822506757
DE,2050,21,146,99,0.17360102519743395
DE,2050,21,147,99,0.1737918889583161
DE,2050,21,148,99,0.17383433021996098
DE,2050,21,149,99,0.17374241479190222
DE,2050,21,150,99,0.1761453995410118
DE,2050,21,151,99,0.17615274275786222
DE,2050,21,152,99,0.16953833231651852
DE,2050,21,153,99,0.16244081629064977
DE,2050,21,154,99,0.17164339449636826
DE,2050,21,155,99,0.17333592454720081
DE,2050,21,156,99,0.17374241479190222
DE,2050,21,157,99,0.16246790556430935
DE,2050,21,158,99,0.1624746785885535
DE,2050,21,159,99,0.16248145189515462
DE,2050,21,160,99,0.16248822548412584
DE,2050,21,161,99,0.16249499935547584
DE,2050,21,162,99,0.1762335383504008
DE,2050,21,163,99,0.17624088524162038
DE,2050,21,164,99,0.1762482324391192
DE,2050,21,165,99,0.17613571780104817
DE,2050,21,166,99,0.176262927752998
DE,2050,21,167,99,0.1712219018308108
DE,2050,42,0,99,0.0
DE,2050,42,1,99,0.2674526275664603
DE,2050,42,2,99,0.26746377723397863
DE,2050,42,3,99,0.2674749273663272
DE,2050,42,4,99,0.26748607796350604
DE,2050,42,5,99,0.29010134567806495
DE,2050,42,6,99,0.2901134395340169
DE,2050,42,7,99,0.29012553389414913
DE,2050,42,8,99,0.23115498734882747
DE,2050,42,9,99,0.1780999719012757
DE,2050,42,10,99,0.17810739660108518
DE,2050,42,11,99,0.19316592408313102
DE,2050,42,12,99,0.17812224692929204
DE,2050,42,13,99,0.17812967255771556
DE,2050,42,14,99,0.17813709849569745
DE,2050,42,15,99,0.17814452474325948
DE,2050,42,16,99,0.19351186478592203
DE,2050,42,17,99,0.19351993198263212
DE,2050,42,18,99,0.19352799951563535
DE,2050,42,19,99,0.19353606738497098
DE,2050,42,20,99,0.1935441355906346
DE,2050,42,21,99,0.19101823880604543
DE,2050,42,22,99,0.17049482832370227
DE,2050,42,23,99,0.17001393775979534
DE,2050,42,24,99,0.17002102536592445
DE,2050,42,25,99,0.17032788369437968
DE,2050,42,26,99,0.17033498438840855
DE,2050,42,27,99,0.17004228995717113
DE,2050,42,28,99,0.17004937874525589
DE,2050,42,29,99,0.17828428669475288
DE,2050,42,30,99,0.18443430975552386
DE,2050,42,31,99,0.18444199852363902
DE,2050,42,32,99,0.1794856080110941
DE,2050,42,33,99,0.17049482832370227
DE,2050,42,34,99,0.17695403406485774
DE,2050,42,35,99,0.16905147085813352
DE,2050,42,36,99,0.16905851834056765
DE,2050,42,37,99,0.16906556611680096
DE,2050,42,38,99,0.16907261418684655
DE,2050,42,39,99,0.1690796625507131
DE,2050,42,40,99,0.16908671120841373
DE,2050,42,41,99,0.184178827830362
DE,2050,42,42,99,0.1841865059478513
DE,2050,42,43,99,0.18419418438542104
DE,2050,42,44,99,0.18420186314309742
DE,2050,42,45,99,0.16985630311011832
DE,2050,42,46,99,0.16986338414471028
DE,2050,42,47,99,0.16987046547449683
DE,2050,42,48,99,0.1704912745709376
DE,2050,42,49,99,0.1704983820764582
DE,2050,42,50,99,0.16989171123516775
DE,2050,42,51,99,0.1698987937458634
DE,2050,42,52,99,0.16990587655182773
DE,2050,42,53,99,0.1794462581151698
DE,2050,42,54,99,0.1842786683283726
DE,2050,42,55,99,0.1842863506080504
DE,2050,42,56,99,0.17656259534844498
DE,2050,42,57,99,0.17049482832370227
DE,2050,42,58,99,0.17192820434489564
DE,2050,42,59,99,0.17389385905953345
DE,2050,42,60,99,0.1699625496302578
DE,2050,42,61,99,0.16996963509409832
DE,2050,42,62,99,0.16997672085331655
DE,2050,42,63,99,0.1699838069079299
DE,2050,42,64,99,0.22614567488482537
DE,2050,42,65,99,0.22615510253229468
DE,2050,42,66,99,0.22616453057279276
DE,2050,42,67,99,0.22617395900631965
DE,2050,42,68,99,0.22618338783291456
DE,2050,42,69,99,0.2240025748446697
DE,2050,42,70,99,0.20857702000965916
DE,2050,42,71,99,0.20858571524832045
DE,2050,42,72,99,0.2085944108494733
DE,2050,42,73,99,0.20860310681313085
DE,2050,42,74,99,0.2086118031393061
DE,2050,42,75,99,0.2086204998280209
DE,2050,42,76,99,0.21039431813166493
DE,2050,42,77,99,0.2262682649624628
DE,2050,42,78,99,0.2262776977205143
DE,2050,42,79,99,0.22628713087180385
DE,2050,42,80,99,0.2262965644163446
DE,2050,42,81,99,0.20295922569485397
DE,2050,42,82,99,0.2029676867367539
DE,2050,42,83,99,0.20297614813137765
DE,2050,42,84,99,0.20298460987874706
DE,2050,42,85,99,0.20299307197887523
DE,2050,42,86,99,0.20300153443177518
DE,2050,42,87,99,0.20384712246068562
DE,2050,42,88,99,5.688892845669761
DE,2050,42,89,99,5.689130006412746
DE,2050,42,90,99,5.689367177042482
DE,2050,42,91,99,5.689604357559248
DE,2050,42,92,99,5.68984154796402
DE,2050,42,93,99,5.640727553324501
DE,2050,42,94,99,0.1753386598280722
DE,2050,42,95,99,0.17534596941324943
DE,2050,42,96,99,0.17535327930314476
DE,2050,42,97,99,0.17458168590631068
DE,2050,42,98,99,0.17458896393446618
DE,2050,42,99,99,0.17459624226603596
DE,2050,42,100,99,0.17460352090102438
DE,2050,42,101,99,0.18936580460246707
DE,2050,42,102,99,0.189373698956625
DE,2050,42,103,99,0.18938159363988544
DE,2050,42,104,99,0.17641384077431474
DE,2050,42,105,99,0.16340837899516958
DE,2050,42,106,99,0.16656167248816078
DE,2050,42,107,99,0.16342200374128069
DE,2050,42,108,99,0.16342881654033764
DE,2050,42,109,99,0.1634356296234086
DE,2050,42,110,99,0.1634424429905023
DE,2050,42,111,99,0.16344925664164056
DE,2050,42,112,99,0.17463994644821382
DE,2050,42,113,99,0.17762354513029469
DE,2050,42,114,99,0.17763094996864984
DE,2050,42,115,99,0.17763835511569556
DE,2050,42,116,99,0.17764576057144937
DE,2050,42,117,99,0.1776531663359243
DE,2050,42,118,99,0.1652412855440454
DE,2050,42,119,99,0.16524817418601628
DE,2050,42,120,99,0.17061478287154236
DE,2050,42,121,99,0.1696064343623999
DE,2050,42,122,99,0.1698312274546418
DE,2050,42,123,99,0.1635310426145542
DE,2050,42,124,99,0.16353785995926567
DE,2050,42,125,99,0.17736457016640336
DE,2050,42,126,99,0.17424384207492824
DE,2050,42,127,99,0.17737935855885514
DE,2050,42,128,99,0.17738675321746283
DE,2050,42,129,99,0.16357195094611185
DE,2050,42,130,99,0.17598143981112901
DE,2050,42,131,99,0.1635855893306168
DE,2050,42,132,99,0.16359240894928928
DE,2050,42,133,99,0.16359922885225922
DE,2050,42,134,99,0.16360604903954407
DE,2050,42,135,99,0.16361286951114815
DE,2050,42,136,99,0.172717053858232
DE,2050,42,137,99,0.1774533190186758
DE,2050,42,138,99,0.17746071676057895
DE,2050,42,139,99,0.1774681148108718
DE,2050,42,140,99,0.17747551316958926
DE,2050,42,141,99,0.17748291183672696
DE,2050,42,142,99,0.17001748156286425
DE,2050,42,143,99,0.17106690229152077
DE,2050,42,144,99,0.17106690229152077
DE,2050,42,145,99,0.17106690229152077
DE,2050,42,146,99,0.17120965766887894
DE,2050,42,147,99,0.17055184466179313
DE,2050,42,148,99,0.17055184466179313
DE,2050,42,149,99,0.17667851522926256
DE,2050,42,150,99,0.17754951372223193
DE,2050,42,151,99,0.17755691547432645
DE,2050,42,152,99,0.17756431753499818
DE,2050,42,153,99,0.16623881583954903
DE,2050,42,154,99,0.16374251250873284
DE,2050,42,155,99,0.16374933866928174
DE,2050,42,156,99,0.1637561651144028
DE,2050,42,157,99,0.1637629918441091
DE,2050,42,158,99,0.16376981885840505
DE,2050,42,159,99,0.1637766461573124
DE,2050,42,160,99,0.1740247296313717
DE,2050,42,161,99,0.17763094996864545
DE,2050,42,162,99,0.17763835511569556
DE,2050,42,163,99,0.17764576057144937
DE,2050,42,164,99,0.1776531663359243
DE,2050,42,165,99,0.1776605724091334
DE,2050,42,166,99,0.16882362845092022
DE,2050,42,167,99,0.16882362845092022
DE,2050,52,0,99,0.0
DE,2050,52,1,99,0.3445440816698739
DE,2050,52,2,99,0.17483320014394374
DE,2050,52,3,99,0.17484048865732352
DE,2050,52,4,99,0.1748477774745493
DE,2050,52,5,99,0.1748550665956385
DE,2050,52,6,99,0.1767718287658918
DE,2050,52,7,99,0.18964652357321501
DE,2050,52,8,99,0.1896544296300917
DE,2050,52,9,99,0.171194516326395
DE,2050,52,10,99,0.16373909957073796
DE,2050,52,11,99,0.1637459255890051
DE,2050,52,12,99,0.1637527518918401
DE,2050,52,13,99,0.16375957847925596
DE,2050,52,14,99,0.16376640535125273
DE,2050,52,15,99,0.16377323250785655
DE,2050,52,16,99,0.1776198428654624
DE,2050,52,17,99,0.17762724754947007
DE,2050,52,18,99,0.1776346525421727
DE,2050,52,19,99,0.17764205784356593
DE,2050,52,20,99,0.1776494634536803
DE,2050,52,21,99,4.750939806039613e-05
DE,2050,52,22,99,4.750939806039613e-05
DE,2050,52,23,99,4.7063885589749326e-05
DE,2050,52,24,99,4.7063885589749326e-05
DE,2050,52,25,99,4.7063885589749326e-05
DE,2050,52,26,99,4.6935426581544215e-05
DE,2050,52,27,99,4.6934676796053135e-05
DE,2050,52,28,99,4.6934676796053135e-05
DE,2050,52,29,99,4.6934676796053135e-05
DE,2050,52,30,99,4.6934676796053135e-05
DE,2050,52,31,99,4.6935426581544215e-05
DE,2050,52,32,99,4.6935426581544215e-05
DE,2050,52,33,99,4.6935426581544215e-05
DE,2050,52,34,99,4.6935426581544215e-05
DE,2050,52,35,99,4.6934676796053135e-05
DE,2050,52,36,99,4.6934676796053135e-05
DE,2050,52,37,99,4.6934676796053135e-05
DE,2050,52,38,99,4.6934676796053135e-05
DE,2050,52,39,99,2.2606852319749687e-05
DE,2050,52,40,99,4.6934676796053135e-05
DE,2050,52,41,99,4.6934676796053135e-05
DE,2050,52,42,99,4.6934676796053135e-05
DE,2050,52,43,99,4.6934676796053135e-05
DE,2050,52,44,99,4.662487309965876e-05
DE,2050,52,45,99,4.662487309965876e-05
DE,2050,52,46,99,4.662487309965876e-05
DE,2050,52,47,99,4.662487309965876e-05
DE,2050,52,48,99,4.662487309965876e-05
DE,2050,52,49,99,4.662487309965876e-05
DE,2050,52,50,99,4.659961216961148e-05
DE,2050,52,51,99,4.660155483208499e-05
DE,2050,52,52,99,4.6603497575542415e-05
DE,2050,52,53,99,4.660544039999016e-05
DE,2050,52,54,99,4.662487309965876e-05
DE,2050,52,55,99,4.662487309965876e-05
DE,2050,52,56,99,4.662487309965876e-05
DE,2050,52,57,99,4.662487309965876e-05
DE,2050,52,58,99,4.662487309965876e-05
DE,2050,52,59,99,4.662487309965876e-05
DE,2050,52,60,99,4.662487309965876e-05
DE,2050,52,61,99,4.662487309965876e-05
DE,2050,52,62,99,4.662487309965876e-05
DE,2050,52,63,99,4.662487309965876e-05
DE,2050,52,64,99,4.662681681521819e-05
DE,2050,52,65,99,4.662876061180733e-05
DE,2050,52,66,99,4.6934676796053135e-05
DE,2050,52,67,99,4.6934676796053135e-05
DE,2050,52,68,99,4.6935426581544215e-05
DE,2050,52,69,99,4.6935426581544215e-05
DE,2050,52,70,99,4.6935426581544215e-05
DE,2050,52,71,99,4.677778633191554e-05
DE,2050,52,72,99,4.6642369457070655e-05
DE,2050,52,73,99,4.664431390202517e-05
DE,2050,52,74,99,4.6646258428040266e-05
DE,2050,52,75,99,4.6648203035119124e-05
DE,2050,52,76,99,4.665014772326602e-05
DE,2050,52,77,99,4.690912120747906e-05
DE,2050,52,78,99,4.7063885589749326e-05
DE,2050,52,79,99,4.7063885589749326e-05
DE,2050,52,80,99,4.744745243810403e-05
DE,2050,52,81,99,4.706645216252327e-05
DE,2050,52,82,99,4.7063885589749326e-05
DE,2050,52,83,99,4.6935426581544215e-05
DE,2050,52,84,99,4.6935426581544215e-05
DE,2050,52,85,99,4.7063885589749326e-05
DE,2050,52,86,99,4.7063885589749326e-05
DE,2050,52,87,99,4.7063885589749326e-05
DE,2050,52,88,99,4.706388558975039e-05
DE,2050,52,89,99,4.7642787033487185e-05
DE,2050,52,90,99,5.008735078510206e-05
DE,2050,52,91,99,5.0089438845757186e-05
DE,2050,52,92,99,4.750939806039613e-05
DE,2050,52,93,99,4.750939806039613e-05
DE,2050,52,94,99,4.7063885589749326e-05
DE,2050,52,95,99,4.7063885589749326e-05
DE,2050,52,96,99,4.7063885589749326e-05
DE,2050,52,97,99,4.6935426581544215e-05
DE,2050,52,98,99,4.6935426581544215e-05
DE,2050,52,99,99,4.6934676796053135e-05
DE,2050,52,100,99,4.6934676796053135e-05
DE,2050,52,101,99,4.6935426581544215e-05
DE,2050,52,102,99,4.7063885589749326e-05
DE,2050,52,103,99,4.7063885589749326e-05
DE,2050,52,104,99,4.706388558975039e-05
DE,2050,52,105,99,4.7063885589749326e-05
DE,2050,52,106,99,4.7063885589749326e-05
DE,2050,52,107,99,4.7063885589749326e-05
DE,2050,52,108,99,4.706388558975039e-05
DE,2050,52,109,99,4.7063885589749326e-05
DE,2050,52,110,99,4.7063885589749326e-05
DE,2050,52,111,99,4.7063885589749326e-05
DE,2050,52,112,99,0.0
DE,2050,52,113,99,0.0
DE,2050,52,114,99,0.0
DE,2050,52,115,99,0.0
DE,2050,52,116,99,0.0
DE,2050,52,117,99,4.7063885589749326e-05
DE,2050,52,118,99,4.7063885589749326e-05
DE,2050,52,119,99,4.7063885589749326e-05
DE,2050,52,120,99,4.6934676796053135e-05
DE,2050,52,121,99,4.6934676796053135e-05
DE,2050,52,122,99,4.677778633191554e-05
DE,2050,52,123,99,4.6741639572625673e-05
DE,2050,52,124,99,4.674358815598974e-05
DE,2050,52,125,99,4.674553682058792e-05
DE,2050,52,126,99,4.6935426581544215e-05
DE,2050,52,127,99,4.7063885589749326e-05
DE,2050,52,128,99,4.7063885589749326e-05
DE,2050,52,129,99,4.7063885589749326e-05
DE,2050,52,130,99,4.6935426581544215e-05
DE,2050,52,131,99,4.6757230514265675e-05
DE,2050,52,132,99,4.675917974759202e-05
DE,2050,52,133,99,4.676112906217909e-05
DE,2050,52,134,99,4.677778633191554e-05
DE,2050,52,135,99,4.6934676796053135e-05
DE,2050,52,136,99,4.71345080167796e-05
DE,2050,52,137,99,0.1746003546137697
DE,2050,52,138,99,0.17509786764472565
DE,2050,52,139,99,0.17510516719166533
DE,2050,52,140,99,0.1751124670429132
DE,2050,52,141,99,0.17511976719847802
DE,2050,52,142,99,0.17512706765837718
DE,2050,52,143,99,0.1706247832939774
DE,2050,52,144,99,0.16882362845092022
DE,2050,52,145,99,0.16882362845092022
DE,2050,52,146,99,0.17049482832370227
DE,2050,52,147,99,0.17040416872951836
DE,2050,52,148,99,0.1699743474457018
DE,2050,52,149,99,0.1706247832939774
DE,2050,52,150,99,0.1751854822950164
DE,2050,52,151,99,0.17519278549446562
DE,2050,52,152,99,0.17520008899838002
DE,2050,52,153,99,0.16424871183031264
DE,2050,52,154,99,0.17192820434489564
DE,2050,52,155,99,0.16156905343682035
DE,2050,52,156,99,0.1615757889893676
DE,2050,52,157,99,0.16158252482271512
DE,2050,52,158,99,0.16158926093687598
DE,2050,52,159,99,0.16159599733184582
DE,2050,52,160,99,0.1781188991844486
DE,2050,52,161,99,0.17812632467330705
DE,2050,52,162,99,0.17813375047172383
DE,2050,52,163,99,0.1781411765797121
DE,2050,52,164,99,0.1781486029972805
DE,2050,52,165,99,0.1781560297244465
DE,2050,52,166,99,0.1781634567612101
DE,2050,52,167,99,0.16187150636451406
NT,2025,11,0,100,0.0
NT,2025,11,1,100,0.0
NT,2025,11,2,100,0.0
NT,2025,11,3,100,0.0
NT,2025,11,4,100,0.0
NT,2025,11,5,100,0.0
NT,2025,11,6,100,0.0
NT,2025,11,7,100,0.0
NT,2025,11,8,100,0.0
NT,2025,11,9,100,0.0
NT,2025,11,10,100,0.0
NT,2025,11,11,100,0.0
NT,2025,11,12,100,0.0
NT,2025,11,13,100,0.0
NT,2025,11,14,100,0.0
NT,2025,11,15,100,0.0
NT,2025,11,16,100,0.0
NT,2025,11,17,100,0.0
NT,2025,11,18,100,0.0
NT,2025,11,19,100,0.0
NT,2025,11,20,100,0.0
NT,2025,11,21,100,0.0
NT,2025,11,22,100,0.0
NT,2025,11,23,100,0.0
NT,2025,11,24,100,0.0
NT,2025,11,25,100,0.0
NT,2025,11,26,100,0.0
NT,2025,11,27,100,0.0
NT,2025,11,28,100,0.0
NT,2025,11,29,100,0.0
NT,2025,11,30,100,0.0
NT,2025,11,31,100,0.0
NT,2025,11,32,100,0.0
NT,2025,11,33,100,0.0
NT,2025,11,34,100,0.0
NT,2025,11,35,100,0.0
NT,2025,11,36,100,0.0
NT,2025,11,37,100,0.0
NT,2025,11,38,100,0.0
NT,2025,11,39,100,0.0
NT,2025,11,40,100,0.0
NT,2025,11,41,100,0.0
NT,2025,11,42,100,0.0
NT,2025,11,43,100,0.0
NT,2025,11,44,100,0.0
NT,2025,11,45,100,0.0
NT,2025,11,46,100,0.0
NT,2025,11,47,100,0.0
NT,2025,11,48,100,0.0
NT,2025,11,49,100,0.0
NT,2025,11,50,100,0.0
NT,2025,11,51,100,0.0
NT,2025,11,52,100,0.0
NT,2025,11,53,100,0.0
NT,2025,11,54,100,0.0
NT,2025,11,55,100,0.0
NT,2025,11,56,100,0.0
NT,2025,11,57,100,0.0
NT,2025,11,58,100,0.0
NT,2025,11,59,100,0.0
NT,2025,11,60,100,0.0
NT,2025,11,61,100,0.0
NT,2025,11,62,100,0.0
NT,2025,11,63,100,0.0
NT,2025,11,64,100,0.0
NT,2025,11,65,100,0.0
NT,2025,11,66,100,0.0
NT,2025,11,67,100,0.0
NT,2025,11,68,100,0.0
NT,2025,11,69,100,0.0
NT,2025,11,70,100,0.0
NT,2025,11,71,100,0.0
NT,2025,11,72,100,0.0
NT,2025,11,73,100,0.0
NT,2025,11,74,100,0.0
NT,2025,11,75,100,0.0
NT,2025,11,76,100,0.0
NT,2025,11,77,100,0.0
NT,2025,11,78,100,0.0
NT,2025,11,79,100,0.0
NT,2025,11,80,100,0.0
NT,2025,11,81,100,0.0
NT,2025,11,82,100,0.0
NT,2025,11,83,100,0.0
NT,2025,11,84,100,0.0
NT,2025,11,85,100,0.0
NT,2025,11,86,100,0.0
NT,2025,11,87,100,0.0
NT,2025,11,88,100,0.0
NT,2025,11,89,100,0.0
NT,2025,11,90,100,0.0
NT,2025,11,91,100,0.0
NT,2025,11,92,100,0.0
NT,2025,11,93,100,0.0
NT,2025,11,94,100,0.0
NT,2025,11,95,100,0.0
NT,2025,11,96,100,0.0
NT,2025,11,97,100,0.0
NT,2025,11,98,100,0.0
NT,2025,11,99,100,0.0
NT,2025,11,100,100,0.0
NT,2025,11,101,100,0.0
NT,2025,11,102,100,0.0
NT,2025,11,103,100,0.0
NT,2025,11,104,100,0.0
NT,2025,11,105,100,0.0
NT,2025,11,106,100,0.0
NT,2025,11,107,100,0.0
NT,2025,11,108,100,0.0
NT,2025,11,109,100,0.0
NT,2025,11,110,100,0.0
NT,2025,11,111,100,0.0
NT,2025,11,112,100,0.0
NT,2025,11,113,100,0.0
NT,2025,11,114,100,0.0
NT,2025,11,115,100,0.0
NT,2025,11,116,100,0.0
NT,2025,11,117,100,0.0
NT,2025,11,118,100,0.0
NT,2025,11,119,100,0.0
NT,2025,11,120,100,0.0
NT,2025,11,121,100,0.0
NT,2025,11,122,100,0.0
NT,2025,11,123,100,0.0
NT,2025,11,124,100,0.0
NT,2025,11,125,100,0.0
NT,2025,11,126,100,0.0
NT,2025,11,127,100,0.0
NT,2025,11,128,100,0.0
NT,2025,11,129,100,0.0
NT,2025,11,130,100,0.0
NT,2025,11,131,100,0.0
NT,2025,11,132,100,0.0
NT,2025,11,133,100,0.0
NT,2025,11,134,100,0.0
NT,2025,11,135,100,0.0
NT,2025,11,136,100,0.0
NT,2025,11,137,100,0.0
NT,2025,11,138,100,0.0
NT,2025,11,139,100,0.0
NT,2025,11,140,100,0.0
NT,2025,11,141,100,0.0
NT,2025,11,142,100,0.0
NT,2025,11,143,100,0.0
NT,2025,11,144,100,0.0
NT,2025,11,145,100,0.0
NT,2025,11,146,100,0.0
NT,2025,11,147,100,0.0
NT,2025,11,148,100,0.0
NT,2025,11,149,100,0.0
NT,2025,11,150,100,0.0
NT,2025,11,151,100,0.0
NT,2025,11,152,100,0.0
NT,2025,11,153,100,0.0
NT,2025,11,154,100,0.0
NT,2025,11,155,100,0.0
NT,2025,11,156,100,0.0
NT,2025,11,157,100,0.0
NT,2025,11,158,100,0.0
NT,2025,11,159,100,0.0
NT,2025,11,160,100,0.0
NT,2025,11,161,100,0.0
NT,2025,11,162,100,0.0
NT,2025,11,163,100,0.0
NT,2025,11,164,100,0.0
NT,2025,11,165,100,0.0
NT,2025,11,166,100,0.0
NT,2025,11,167,100,0.0
NT,2025,21,0,100,0.0
NT,2025,21,1,100,0.0
NT,2025,21,2,100,0.0
NT,2025,21,3,100,0.0
NT,2025,21,4,100,0.0
NT,2025,21,5,100,0.0
NT,2025,21,6,100,0.0
NT,2025,21,7,100,0.0
NT,2025,21,8,100,0.0
NT,2025,21,9,100,0.0
NT,2025,21,10,100,0.0
NT,2025,21,11,100,0.0
NT,2025,21,12,100,0.0
NT,2025,21,13,100,0.0
NT,2025,21,14,100,0.0
NT,2025,21,15,100,0.0
NT,2025,21,16,100,0.0
NT,2025,21,17,100,0.0
NT,2025,21,18,100,0.0
NT,2025,21,19,100,0.0
NT,2025,21,20,100,0.0
NT,2025,21,21,100,0.0
NT,2025,21,22,100,0.0
NT,2025,21,23,100,0.0
NT,2025,21,24,100,0.0
NT,2025,21,25,100,0.0
NT,2025,21,26,100,0.0
NT,2025,21,27,100,0.0
NT,2025,21,28,100,0.0
NT,2025,21,29,100,0.0
NT,2025,21,30,100,0.0
NT,2025,21,31,100,0.0
NT,2025,21,32,100,0.0
NT,2025,21,33,100,0.0
NT,2025,21,34,100,0.0
NT,2025,21,35,100,0.0
NT,2025,21,36,100,0.0
NT,2025,21,37,100,0.0
NT,2025,21,38,100,0.0
NT,2025,21,39,100,0.0
NT,2025,21,40,100,0.0
NT,2025,21,41,100,0.0
NT,2025,21,42,100,0.0
NT,2025,21,43,100,0.0
NT,2025,21,44,100,0.0
NT,2025,21,45,100,0.0
NT,2025,21,46,100,0.0
NT,2025,21,47,100,0.0
NT,2025,21,48,100,0.0
NT,2025,21,49,100,0.0
NT,2025,21,50,100,0.0
NT,2025,21,51,100,0.0
NT,2025,21,52,100,0.0
NT,2025,21,53,100,0.0
NT,2025,21,54,100,0.0
NT,2025,21,55,100,0.0
NT,2025,21,56,100,0.0
NT,2025,21,57,100,0.0
NT,2025,21,58,100,0.0
NT,2025,21,59,100,0.0
NT,2025,21,60,100,0.0
NT,2025,21,61,100,0.0
NT,2025,21,62,100,0.0
NT,2025,21,63,100,0.0
NT,2025,21,64,100,0.0
NT,2025,21,65,100,0.0
NT,2025,21,66,100,0.0
NT,2025,21,67,100,0.0
NT,2025,21,68,100,0.0
NT,2025,21,69,100,0.0
NT,2025,21,70,100,0.0
NT,2025,21,71,100,0.0
NT,2025,21,72,100,0.0
NT,2025,21,73,100,0.0
NT,2025,21,74,100,0.0
NT,2025,21,75,100,0.0
NT,2025,21,76,100,0.0
NT,2025,21,77,100,0.0
NT,2025,21,78,100,0.0
NT,2025,21,79,100,0.0
NT,2025,21,80,100,0.0
NT,2025,21,81,100,0.0
NT,2025,21,82,100,0.0
NT,2025,21,83,100,0.0
NT,2025,21,84,100,0.0
NT,2025,21,85,100,0.0
NT,2025,21,86,100,0.0
NT,2025,21,87,100,0.0
NT,2025,21,88,100,0.0
NT,2025,21,89,100,0.0
NT,2025,21,90,100,0.0
NT,2025,21,91,100,0.0
NT,2025,21,92,100,0.0
NT,2025,21,93,100,0.0
NT,2025,21,94,100,0.0
NT,2025,21,95,100,0.0
NT,2025,21,96,100,0.0
NT,2025,21,97,100,0.0
NT,2025,21,98,100,0.0
NT,2025,21,99,100,0.0
NT,2025,21,100,100,0.0
NT,2025,21,101,100,0.0
NT,2025,21,102,100,0.0
NT,2025,21,103,100,0.0
NT,2025,21,104,100,0.0
NT,2025,21,105,100,0.0
NT,2025,21,106,100,0.0
NT,2025,21,107,100,0.0
NT,2025,21,108,100,0.0
NT,2025,21,109,100,0.0
NT,2025,21,110,100,0.0
NT,2025,21,111,100,0.0
NT,2025,21,112,100,0.0
NT,2025,21,113,100,0.0
NT,2025,21,114,100,0.0
NT,2025,21,115,100,0.0
NT,2025,21,116,100,0.0
NT,2025,21,117,100,0.0
NT,2025,21,118,100,0.0
NT,2025,21,119,100,0.0
NT,2025,21,120,100,0.0
NT,2025,21,121,100,0.0
NT,2025,21,122,100,0.0
NT,2025,21,123,100,0.0
NT,2025,21,124,100,0.0
NT,2025,21,125,100,0.0
NT,2025,21,126,100,0.0
NT,2025,21,127,100,0.0
NT,2025,21,128,100,0.0
NT,2025,21,129,100,0.0
NT,2025,21,130,100,0.0
NT,2025,21,131,100,0.0
NT,2025,21,132,100,0.0
NT,2025,21,133,100,0.0
NT,2025,21,134,100,0.0
NT,2025,21,135,100,0.0
NT,2025,21,136,100,0.0
NT,2025,21,137,100,0.0
NT,2025,21,138,100,0.0
NT,2025,21,139,100,0.0
NT,2025,21,140,100,0.0
NT,2025,21,141,100,0.0
NT,2025,21,142,100,0.0
NT,2025,21,143,100,0.0
NT,2025,21,144,100,0.0
NT,2025,21,145,100,0.0
NT,2025,21,146,100,0.0
NT,2025,21,147,100,0.0
NT,2025,21,148,100,0.0
NT,2025,21,149,100,0.0
NT,2025,21,150,100,0.0
NT,2025,21,151,100,0.0
NT,2025,21,152,100,0.0
NT,2025,21,153,100,0.0
NT,2025,21,154,100,0.0
NT,2025,21,155,100,0.0
NT,2025,21,156,100,0.0
NT,2025,21,157,100,0.0
NT,2025,21,158,100,0.0
NT,2025,21,159,100,0.0
NT,2025,21,160,100,0.0
NT,2025,21,161,100,0.0
NT,2025,21,162,100,0.0
NT,2025,21,163,100,0.0
NT,2025,21,164,100,0.0
NT,2025,21,165,100,0.0
NT,2025,21,166,100,0.0
NT,2025,21,167,100,0.0
NT,2025,42,0,100,0.0
NT,2025,42,1,100,0.0
NT,2025,42,2,100,0.0
NT,2025,42,3,100,0.0
NT,2025,42,4,100,0.0
NT,2025,42,5,100,0.0
NT,2025,42,6,100,0.0
NT,2025,42,7,100,0.0
NT,2025,42,8,100,0.0
NT,2025,42,9,100,0.0
NT,2025,42,10,100,0.0
NT,2025,42,11,100,0.0
NT,2025,42,12,100,0.0
NT,2025,42,13,100,0.0
NT,2025,42,14,100,0.0
NT,2025,42,15,100,0.0
NT,2025,42,16,100,0.0
NT,2025,42,17,100,0.0
NT,2025,42,18,100,0.0
NT,2025,42,19,100,0.0
NT,2025,42,20,100,0.0
NT,2025,42,21,100,0.0
NT,2025,42,22,100,0.0
NT,2025,42,23,100,0.0
NT,2025,42,24,100,0.0
NT,2025,42,25,100,0.0
NT,2025,42,26,100,0.0
NT,2025,42,27,100,0.0
NT,2025,42,28,100,0.0
NT,2025,42,29,100,0.0
NT,2025,42,30,100,0.0
NT,2025,42,31,100,0.0
NT,2025,42,32,100,0.0
NT,2025,42,33,100,0.0
NT,2025,42,34,100,0.0
NT,2025,42,35,100,0.0
NT,2025,42,36,100,0.0
NT,2025,42,37,100,0.0
NT,2025,42,38,100,0.0
NT,2025,42,39,100,0.0
NT,2025,42,40,100,0.0
NT,2025,42,41,100,0.0
NT,2025,42,42,100,0.0
NT,2025,42,43,100,0.0
NT,2025,42,44,100,0.0
NT,2025,42,45,100,0.0
NT,2025,42,46,100,0.0
NT,2025,42,47,100,0.0
NT,2025,42,48,100,0.0
NT,2025,42,49,100,0.0
NT,2025,42,50,100,0.0
NT,2025,42,51,100,0.0
NT,2025,42,52,100,0.0
NT,2025,42,53,100,0.0
NT,2025,42,54,100,0.0
NT,2025,42,55,100,0.0
NT,2025,42,56,100,0.0
NT,2025,42,57,100,0.0
NT,2025,42,58,100,0.0
NT,2025,42,59,100,0.0
NT,2025,42,60,100,0.0
NT,2025,42,61,100,0.0
NT,2025,42,62,100,0.0
NT,2025,42,63,100,0.0
NT,2025,42,64,100,0.0
NT,2025,42,65,100,0.0
NT,2025,42,66,100,0.0
NT,2025,42,67,100,0.0
NT,2025,42,68,100,0.0
NT,2025,42,69,100,0.0
NT,2025,42,70,100,0.0
NT,2025,42,71,100,0.0
NT,2025,42,72,100,0.0
NT,2025,42,73,100,0.0
NT,2025,42,74,100,0.0
NT,2025,42,75,100,0.0
NT,2025,42,76,100,0.0
NT,2025,42,77,100,0.0
NT,2025,42,78,100,0.0
NT,2025,42,79,100,0.0
NT,2025,42,80,100,0.0
NT,2025,42,81,100,0.0
NT,2025,42,82,100,0.0
NT,2025,42,83,100,0.0
NT,2025,42,84,100,0.0
NT,2025,42,85,100,0.0
NT,2025,42,86,100,0.0
NT,2025,42,87,100,0.0
NT,2025,42,88,100,0.0
NT,2025,42,89,100,0.0
NT,2025,42,90,100,0.0
NT,2025,42,91,100,0.0
NT,2025,42,92,100,0.0
NT,2025,42,93,100,0.0
NT,2025,42,94,100,0.0
NT,2025,42,95,100,0.0
NT,2025,42,96,100,0.0
NT,2025,42,97,100,0.0
NT,2025,42,98,100,0.0
NT,2025,42,99,100,0.0
NT,2025,42,100,100,0.0
NT,2025,42,101,100,0.0
NT,2025,42,102,100,0.0
NT,2025,42,103,100,0.0
NT,2025,42,104,100,0.0
NT,2025,42,105,100,0.0
NT,2025,42,106,100,0.0
NT,2025,42,107,100,0.0
NT,2025,42,108,100,0.0
NT,2025,42,109,100,0.0
NT,2025,42,110,100,0.0
NT,2025,42,111,100,0.0
NT,2025,42,112,100,0.0
NT,2025,42,113,100,0.0
NT,2025,42,114,100,0.0
NT,2025,42,115,100,0.0
NT,2025,42,116,100,0.0
NT,2025,42,117,100,0.0
NT,2025,42,118,100,0.0
NT,2025,42,119,100,0.0
NT,2025,42,120,100,0.0
NT,2025,42,121,100,0.0
NT,2025,42,122,100,0.0
NT,2025,42,123,100,0.0
NT,2025,42,124,100,0.0
NT,2025,42,125,100,0.0
NT,2025,42,126,100,0.0
NT,2025,42,127,100,0.0
NT,2025,42,128,100,0.0
NT,2025,42,129,100,0.0
NT,2025,42,130,100,0.0
NT,2025,42,131,100,0.0
NT,2025,42,132,100,0.0
NT,2025,42,133,100,0.0
NT,2025,42,134,100,0.0
NT,2025,42,135,100,0.0
NT,2025,42,136,100,0.0
NT,2025,42,137,100,0.0
NT,2025,42,138,100,0.0
NT,2025,42,139,100,0.0
NT,2025,42,140,100,0.0
NT,2025,42,141,100,0.0
NT,2025,42,142,100,0.0
NT,2025,42,143,100,0.0
NT,2025,42,144,100,0.0
NT,2025,42,145,100,0.0
NT,2025,42,146,100,0.0
NT,2025,42,147,100,0.0
NT,2025,42,148,100,0.0
NT,2025,42,149,100,0.0
NT,2025,42,150,100,0.0
NT,2025,42,151,100,0.0
NT,2025,42,152,100,0.0
NT,2025,42,153,100,0.0
NT,2025,42,154,100,0.0
NT,2025,42,155,100,0.0
NT,2025,42,156,100,0.0
NT,2025,42,157,100,0.0
NT,2025,42,158,100,0.0
NT,2025,42,159,100,0.0
NT,2025,42,160,100,0.0
NT,2025,42,161,100,0.0
NT,2025,42,162,100,0.0
NT,2025,42,163,100,0.0
NT,2025,42,164,100,0.0
NT,2025,42,165,100,0.0
NT,2025,42,166,100,0.0
NT,2025,42,167,100,0.0
NT,2025,52,0,100,0.0
NT,2025,52,1,100,0.0
NT,2025,52,2,100,0.0
NT,2025,52,3,100,0.0
NT,2025,52,4,100,0.0
NT,2025,52,5,100,0.0
NT,2025,52,6,100,0.0
NT,2025,52,7,100,0.0
NT,2025,52,8,100,0.0
NT,2025,52,9,100,0.0
NT,2025,52,10,100,0.0
NT,2025,52,11,100,0.0
NT,2025,52,12,100,0.0
NT,2025,52,13,100,0.0
NT,2025,52,14,100,0.0
NT,2025,52,15,100,0.0
NT,2025,52,16,100,0.0
NT,2025,52,17,100,0.0
NT,2025,52,18,100,0.0
NT,2025,52,19,100,0.0
NT,2025,52,20,100,0.0
NT,2025,52,21,100,0.0
NT,2025,52,22,100,0.0
NT,2025,52,23,100,0.0
NT,2025,52,24,100,0.0
NT,2025,52,25,100,0.0
NT,2025,52,26,100,0.0
NT,2025,52,27,100,0.0
NT,2025,52,28,100,0.0
NT,2025,52,29,100,0.0
NT,2025,52,30,100,0.0
NT,2025,52,31,100,0.0
NT,2025,52,32,100,0.0
NT,2025,52,33,100,0.0
NT,2025,52,34,100,0.0
NT,2025,52,35,100,0.0
NT,2025,52,36,100,0.0
NT,2025,52,37,100,0.0
NT,2025,52,38,100,0.0
NT,2025,52,39,100,0.0
NT,2025,52,40,100,0.0
NT,2025,52,41,100,0.0
NT,2025,52,42,100,0.0
NT,2025,52,43,100,0.0
NT,2025,52,44,100,0.0
NT,2025,52,45,100,0.0
NT,2025,52,46,100,0.0
NT,2025,52,47,100,0.0
NT,2025,52,48,100,0.0
NT,2025,52,49,100,0.0
NT,2025,52,50,100,0.0
NT,2025,52,51,100,0.0
NT,2025,52,52,100,0.0
NT,2025,52,53,100,0.0
NT,2025,52,54,100,0.0
NT,2025,52,55,100,0.0
NT,2025,52,56,100,0.0
NT,2025,52,57,100,0.0
NT,2025,52,58,100,0.0
NT,2025,52,59,100,0.0
NT,2025,52,60,100,0.0
NT,2025,52,61,100,0.0
NT,2025,52,62,100,0.0
NT,2025,52,63,100,0.0
NT,2025,52,64,100,0.0
NT,2025,52,65,100,0.0
NT,2025,52,66,100,0.0
NT,2025,52,67,100,0.0
NT,2025,52,68,100,0.0
NT,2025,52,69,100,0.0
NT,2025,52,70,100,0.0
NT,2025,52,71,100,0.0
NT,2025,52,72,100,0.0
NT,2025,52,73,100,0.0
NT,2025,52,74,100,0.0
NT,2025,52,75,100,0.0
NT,2025,52,76,100,0.0
NT,2025,52,77,100,0.0
NT,2025,52,78,100,0.0
NT,2025,52,79,100,0.0
NT,2025,52,80,100,0.0
NT,2025,52,81,100,0.0
NT,2025,52,82,100,0.0
NT,2025,52,83,100,0.0
NT,2025,52,84,100,0.0
NT,2025,52,85,100,0.0
NT,2025,52,86,100,0.0
NT,2025,52,87,100,0.0
NT,2025,52,88,100,0.0
NT,2025,52,89,100,0.0
NT,2025,52,90,100,0.0
NT,2025,52,91,100,0.0
NT,2025,52,92,100,0.0
NT,2025,52,93,100,0.0
NT,2025,52,94,100,0.0
NT,2025,52,95,100,0.0
NT,2025,52,96,100,0.0
NT,2025,52,97,100,0.0
NT,2025,52,98,100,0.0
NT,2025,52,99,100,0.0
NT,2025,52,100,100,0.0
NT,2025,52,101,100,0.0
NT,2025,52,102,100,0.0
NT,2025,52,103,100,0.0
NT,2025,52,104,100,0.0
NT,2025,52,105,100,0.0
NT,2025,52,106,100,0.0
NT,2025,52,107,100,0.0
NT,2025,52,108,100,0.0
NT,2025,52,109,100,0.0
NT,2025,52,110,100,0.0
NT,2025,52,111,100,0.0
NT,2025,52,112,100,0.0
NT,2025,52,113,100,0.0
NT,2025,52,114,100,0.0
NT,2025,52,115,100,0.0
NT,2025,52,116,100,0.0
NT,2025,52,117,100,0.0
NT,2025,52,118,100,0.0
NT,2025,52,119,100,0.0
NT,2025,52,120,100,0.0
NT,2025,52,121,100,0.0
NT,2025,52,122,100,0.0
NT,2025,52,123,100,0.0
NT,2025,52,124,100,0.0
NT,2025,52,125,100,0.0
NT,2025,52,126,100,0.0
NT,2025,52,127,100,0.0
NT,2025,52,128,100,0.0
NT,2025,52,129,100,0.0
NT,2025,52,130,100,0.0
NT,2025,52,131,100,0.0
NT,2025,52,132,100,0.0
NT,2025,52,133,100,0.0
NT,2025,52,134,100,0.0
NT,2025,52,135,100,0.0
NT,2025,52,136,100,0.0
NT,2025,52,137,100,0.0
NT,2025,52,138,100,0.0
NT,2025,52,139,100,0.0
NT,2025,52,140,100,0.0
NT,2025,52,141,100,0.0
NT,2025,52,142,100,0.0
NT,2025,52,143,100,0.0
NT,2025,52,144,100,0.0
NT,2025,52,145,100,0.0
NT,2025,52,146,100,0.0
NT,2025,52,147,100,0.0
NT,2025,52,148,100,0.0
NT,2025,52,149,100,0.0
NT,2025,52,150,100,0.0
NT,2025,52,151,100,0.0
NT,2025,52,152,100,0.0
NT,2025,52,153,100,0.0
NT,2025,52,154,100,0.0
NT,2025,52,155,100,0.0
NT,2025,52,156,100,0.0
NT,2025,52,157,100,0.0
NT,2025,52,158,100,0.0
NT,2025,52,159,100,0.0
NT,2025,52,160,100,0.0
NT,2025,52,161,100,0.0
NT,2025,52,162,100,0.0
NT,2025,52,163,100,0.0
NT,2025,52,164,100,0.0
NT,2025,52,165,100,0.0
NT,2025,52,166,100,0.0
NT,2025,52,167,100,0.0
NT,2030,11,0,100,0.0
NT,2030,11,1,100,0.0
NT,2030,11,2,100,0.0
NT,2030,11,3,100,0.0
NT,2030,11,4,100,0.0
NT,2030,11,5,100,0.0
NT,2030,11,6,100,0.0
NT,2030,11,7,100,0.0
NT,2030,11,8,100,0.0
NT,2030,11,9,100,0.0
NT,2030,11,10,100,0.0
NT,2030,11,11,100,0.0
NT,2030,11,12,100,0.0
NT,2030,11,13,100,0.0
NT,2030,11,14,100,0.0
NT,2030,11,15,100,0.0
NT,2030,11,16,100,0.0
NT,2030,11,17,100,0.0
NT,2030,11,18,100,0.0
NT,2030,11,19,100,0.0
NT,2030,11,20,100,0.0
NT,2030,11,21,100,0.0
NT,2030,11,22,100,0.0
NT,2030,11,23,100,0.0
NT,2030,11,24,100,0.0
NT,2030,11,25,100,0.0
NT,2030,11,26,100,0.0
NT,2030,11,27,100,0.0
NT,2030,11,28,100,0.0
NT,2030,11,29,100,0.0
NT,2030,11,30,100,0.0
NT,2030,11,31,100,0.0
NT,2030,11,32,100,0.0
NT,2030,11,33,100,0.0
NT,2030,11,34,100,0.0
NT,2030,11,35,100,0.0
NT,2030,11,36,100,0.0
NT,2030,11,37,100,0.0
NT,2030,11,38,100,0.0
NT,2030,11,39,100,0.0
NT,2030,11,40,100,0.0
NT,2030,11,41,100,0.0
NT,2030,11,42,100,0.0
NT,2030,11,43,100,0.0
NT,2030,11,44,100,0.0
NT,2030,11,45,100,0.0
NT,2030,11,46,100,0.0
NT,2030,11,47,100,0.0
NT,2030,11,48,100,0.0
NT,2030,11,49,100,0.0
NT,2030,11,50,100,0.0
NT,2030,11,51,100,0.0
NT,2030,11,52,100,0.0
NT,2030,11,53,100,0.0
NT,2030,11,54,100,0.0
NT,2030,11,55,100,0.0
NT,2030,11,56,100,0.0
NT,2030,11,57,100,0.0
NT,2030,11,58,100,0.0
NT,2030,11,59,100,0.0
NT,2030,11,60,100,0.0
NT,2030,11,61,100,0.0
NT,2030,11,62,100,0.0
NT,2030,11,63,100,0.0
NT,2030,11,64,100,0.0
NT,2030,11,65,100,0.0
NT,2030,11,66,100,0.0
NT,2030,11,67,100,0.0
NT,2030,11,68,100,0.0
NT,2030,11,69,100,0.0
NT,2030,11,70,100,0.0
NT,2030,11,71,100,0.0
NT,2030,11,72,100,0.0
NT,2030,11,73,100,0.0
NT,2030,11,74,100,0.0
NT,2030,11,75,100,0.0
NT,2030,11,76,100,0.0
NT,2030,11,77,100,0.0
NT,2030,11,78,100,0.0
NT,2030,11,79,100,0.0
NT,2030,11,80,100,0.0
NT,2030,11,81,100,0.0
NT,2030,11,82,100,0.0
NT,2030,11,83,100,0.0
NT,2030,11,84,100,0.0
NT,2030,11,85,100,0.0
NT,2030,11,86,100,0.0
NT,2030,11,87,100,0.0
NT,2030,11,88,100,0.0
NT,2030,11,89,100,0.0
NT,2030,11,90,100,0.0
NT,2030,11,91,100,0.0
NT,2030,11,92,100,0.0
NT,2030,11,93,100,0.0
NT,2030,11,94,100,0.0
NT,2030,11,95,100,0.0
NT,2030,11,96,100,0.0
NT,2030,11,97,100,0.0
NT,2030,11,98,100,0.0
NT,2030,11,99,100,0.0
NT,2030,11,100,100,0.0
NT,2030,11,101,100,0.0
NT,2030,11,102,100,0.0
NT,2030,11,103,100,0.0
NT,2030,11,104,100,0.0
NT,2030,11,105,100,0.0
NT,2030,11,106,100,0.0
NT,2030,11,107,100,0.0
NT,2030,11,108,100,0.0
NT,2030,11,109,100,0.0
NT,2030,11,110,100,0.0
NT,2030,11,111,100,0.0
NT,2030,11,112,100,0.0
NT,2030,11,113,100,0.0
NT,2030,11,114,100,0.0
NT,2030,11,115,100,0.0
NT,2030,11,116,100,0.0
NT,2030,11,117,100,0.0
NT,2030,11,118,100,0.0
NT,2030,11,119,100,0.0
NT,2030,11,120,100,0.0
NT,2030,11,121,100,0.0
NT,2030,11,122,100,0.0
NT,2030,11,123,100,0.0
NT,2030,11,124,100,0.0
NT,2030,11,125,100,0.0
NT,2030,11,126,100,0.0
NT,2030,11,127,100,0.0
NT,2030,11,128,100,0.0
NT,2030,11,129,100,0.0
NT,2030,11,130,100,0.0
NT,2030,11,131,100,0.0
NT,2030,11,132,100,0.0
NT,2030,11,133,100,0.0
NT,2030,11,134,100,0.0
NT,2030,11,135,100,0.0
NT,2030,11,136,100,0.0
NT,2030,11,137,100,0.0
NT,2030,11,138,100,0.0
NT,2030,11,139,100,0.0
NT,2030,11,140,100,0.0
NT,2030,11,141,100,0.0
NT,2030,11,142,100,0.0
NT,2030,11,143,100,0.0
NT,2030,11,144,100,0.0
NT,2030,11,145,100,0.0
NT,2030,11,146,100,0.0
NT,2030,11,147,100,0.0
NT,2030,11,148,100,0.0
NT,2030,11,149,100,0.0
NT,2030,11,150,100,0.0
NT,2030,11,151,100,0.0
NT,2030,11,152,100,0.0
NT,2030,11,153,100,0.0
NT,2030,11,154,100,0.0
NT,2030,11,155,100,0.0
NT,2030,11,156,100,0.0
NT,2030,11,157,100,0.0
NT,2030,11,158,100,0.0
NT,2030,11,159,100,0.0
NT,2030,11,160,100,0.0
NT,2030,11,161,100,0.0
NT,2030,11,162,100,0.0
NT,2030,11,163,100,0.0
NT,2030,11,164,100,0.0
NT,2030,11,165,100,0.0
NT,2030,11,166,100,0.0
NT,2030,11,167,100,0.0
NT,2030,21,0,100,0.0
NT,2030,21,1,100,0.0
NT,2030,21,2,100,0.0
NT,2030,21,3,100,0.0
NT,2030,21,4,100,0.0
NT,2030,21,5,100,0.0
NT,2030,21,6,100,0.0
NT,2030,21,7,100,0.0
NT,2030,21,8,100,0.0
NT,2030,21,9,100,0.0
NT,2030,21,10,100,0.0
NT,2030,21,11,100,0.0
NT,2030,21,12,100,0.0
NT,2030,21,13,100,0.0
NT,2030,21,14,100,0.0
NT,2030,21,15,100,0.0
NT,2030,21,16,100,0.0
NT,2030,21,17,100,0.0
NT,2030,21,18,100,0.0
NT,2030,21,19,100,0.0
NT,2030,21,20,100,0.0
NT,2030,21,21,100,0.0
NT,2030,21,22,100,0.0
NT,2030,21,23,100,0.0
NT,2030,21,24,100,0.0
NT,2030,21,25,100,0.0
NT,2030,21,26,100,0.0
NT,2030,21,27,100,0.0
NT,2030,21,28,100,0.0
NT,2030,21,29,100,0.0
NT,2030,21,30,100,0.0
NT,2030,21,31,100,0.0
NT,2030,21,32,100,0.0
NT,2030,21,33,100,0.0
NT,2030,21,34,100,0.0
NT,2030,21,35,100,0.0
NT,2030,21,36,100,0.0
NT,2030,21,37,100,0.0
NT,2030,21,38,100,0.0
NT,2030,21,39,100,0.0
NT,2030,21,40,100,0.0
NT,2030,21,41,100,0.0
NT,2030,21,42,100,0.0
NT,2030,21,43,100,0.0
NT,2030,21,44,100,0.0
NT,2030,21,45,100,0.0
NT,2030,21,46,100,0.0
NT,2030,21,47,100,0.0
NT,2030,21,48,100,0.0
NT,2030,21,49,100,0.0
NT,2030,21,50,100,0.0
NT,2030,21,51,100,0.0
NT,2030,21,52,100,0.0
NT,2030,21,53,100,0.0
NT,2030,21,54,100,0.0
NT,2030,21,55,100,0.0
NT,2030,21,56,100,0.0
NT,2030,21,57,100,0.0
NT,2030,21,58,100,0.0
NT,2030,21,59,100,0.0
NT,2030,21,60,100,0.0
NT,2030,21,61,100,0.0
NT,2030,21,62,100,0.0
NT,2030,21,63,100,0.0
NT,2030,21,64,100,0.0
NT,2030,21,65,100,0.0
NT,2030,21,66,100,0.0
NT,2030,21,67,100,0.0
NT,2030,21,68,100,0.0
NT,2030,21,69,100,0.0
NT,2030,21,70,100,0.0
NT,2030,21,71,100,0.0
NT,2030,21,72,100,0.0
NT,2030,21,73,100,0.0
NT,2030,21,74,100,0.0
NT,2030,21,75,100,0.0
NT,2030,21,76,100,0.0
NT,2030,21,77,100,0.0
NT,2030,21,78,100,0.0
NT,2030,21,79,100,0.0
NT,2030,21,80,100,0.0
NT,2030,21,81,100,0.0
NT,2030,21,82,100,0.0
NT,2030,21,83,100,0.0
NT,2030,21,84,100,0.0
NT,2030,21,85,100,0.0
NT,2030,21,86,100,0.0
NT,2030,21,87,100,0.0
NT,2030,21,88,100,0.0
NT,2030,21,89,100,0.0
NT,2030,21,90,100,0.0
NT,2030,21,91,100,0.0
NT,2030,21,92,100,0.0
NT,2030,21,93,100,0.0
NT,2030,21,94,100,0.0
NT,2030,21,95,100,0.0
NT,2030,21,96,100,0.0
NT,2030,21,97,100,0.0
NT,2030,21,98,100,0.0
NT,2030,21,99,100,0.0
NT,2030,21,100,100,0.0
NT,2030,21,101,100,0.0
NT,2030,21,102,100,0.0
NT,2030,21,103,100,0.0
NT,2030,21,104,100,0.0
NT,2030,21,105,100,0.0
NT,2030,21,106,100,0.0
NT,2030,21,107,100,0.0
NT,2030,21,108,100,0.0
NT,2030,21,109,100,0.0
NT,2030,21,110,100,0.0
NT,2030,21,111,100,0.0
NT,2030,21,112,100,0.0
NT,2030,21,113,100,0.0
NT,2030,21,114,100,0.0
NT,2030,21,115,100,0.0
NT,2030,21,116,100,0.0
NT,2030,21,117,100,0.0
NT,2030,21,118,100,0.0
NT,2030,21,119,100,0.0
NT,2030,21,120,100,0.0
NT,2030,21,121,100,0.0
NT,2030,21,122,100,0.0
NT,2030,21,123,100,0.0
NT,2030,21,124,100,0.0
NT,2030,21,125,100,0.0
NT,2030,21,126,100,0.0
NT,2030,21,127,100,0.0
NT,2030,21,128,100,0.0
NT,2030,21,129,100,0.0
NT,2030,21,130,100,0.0
NT,2030,21,131,100,0.0
NT,2030,21,132,100,0.0
NT,2030,21,133,100,0.0
NT,2030,21,134,100,0.0
NT,2030,21,135,100,0.0
NT,2030,21,136,100,0.0
NT,2030,21,137,100,0.0
NT,2030,21,138,100,0.0
NT,2030,21,139,100,0.0
NT,2030,21,140,100,0.0
NT,2030,21,141,100,0.0
NT,2030,21,142,100,0.0
NT,2030,21,143,100,0.0
NT,2030,21,144,100,0.0
NT,2030,21,145,100,0.0
NT,2030,21,146,100,0.0
NT,2030,21,147,100,0.0
NT,2030,21,148,100,0.0
NT,2030,21,149,100,0.0
NT,2030,21,150,100,0.0
NT,2030,21,151,100,0.0
NT,2030,21,152,100,0.0
NT,2030,21,153,100,0.0
NT,2030,21,154,100,0.0
NT,2030,21,155,100,0.0
NT,2030,21,156,100,0.0
NT,2030,21,157,100,0.0
NT,2030,21,158,100,0.0
NT,2030,21,159,100,0.0
NT,2030,21,160,100,0.0
NT,2030,21,161,100,0.0
NT,2030,21,162,100,0.0
NT,2030,21,163,100,0.0
NT,2030,21,164,100,0.0
NT,2030,21,165,100,0.0
NT,2030,21,166,100,0.0
NT,2030,21,167,100,0.0
NT,2030,42,0,100,0.0
NT,2030,42,1,100,0.0
NT,2030,42,2,100,0.0
NT,2030,42,3,100,0.0
NT,2030,42,4,100,0.0
NT,2030,42,5,100,0.0
NT,2030,42,6,100,0.0
NT,2030,42,7,100,0.0
NT,2030,42,8,100,0.0
NT,2030,42,9,100,0.0
NT,2030,42,10,100,0.0
NT,2030,42,11,100,0.0
NT,2030,42,12,100,0.0
NT,2030,42,13,100,0.0
NT,2030,42,14,100,0.0
NT,2030,42,15,100,0.0
NT,2030,42,16,100,0.0
NT,2030,42,17,100,0.0
NT,2030,42,18,100,0.0
NT,2030,42,19,100,0.0
NT,2030,42,20,100,0.0
NT,2030,42,21,100,0.0
NT,2030,42,22,100,0.0
NT,2030,42,23,100,0.0
NT,2030,42,24,100,0.0
NT,2030,42,25,100,0.0
NT,2030,42,26,100,0.0
NT,2030,42,27,100,0.0
NT,2030,42,28,100,0.0
NT,2030,42,29,100,0.0
NT,2030,42,30,100,0.0
NT,2030,42,31,100,0.0
NT,2030,42,32,100,0.0
NT,2030,42,33,100,0.0
NT,2030,42,34,100,0.0
NT,2030,42,35,100,0.0
NT,2030,42,36,100,0.0
NT,2030,42,37,100,0.0
NT,2030,42,38,100,0.0
NT,2030,42,39,100,0.0
NT,2030,42,40,100,0.0
NT,2030,42,41,100,0.0
NT,2030,42,42,100,0.0
NT,2030,42,43,100,0.0
NT,2030,42,44,100,0.0
NT,2030,42,45,100,0.0
NT,2030,42,46,100,0.0
NT,2030,42,47,100,0.0
NT,2030,42,48,100,0.0
NT,2030,42,49,100,0.0
NT,2030,42,50,100,0.0
NT,2030,42,51,100,0.0
NT,2030,42,52,100,0.0
NT,2030,42,53,100,0.0
NT,2030,42,54,100,0.0
NT,2030,42,55,100,0.0
NT,2030,42,56,100,0.0
NT,2030,42,57,100,0.0
NT,2030,42,58,100,0.0
NT,2030,42,59,100,0.0
NT,2030,42,60,100,0.0
NT,2030,42,61,100,0.0
NT,2030,42,62,100,0.0
NT,2030,42,63,100,0.0
NT,2030,42,64,100,0.0
NT,2030,42,65,100,0.0
NT,2030,42,66,100,0.0
NT,2030,42,67,100,0.0
NT,2030,42,68,100,0.0
NT,2030,42,69,100,0.0
NT,2030,42,70,100,0.0
NT,2030,42,71,100,0.0
NT,2030,42,72,100,0.0
NT,2030,42,73,100,0.0
NT,2030,42,74,100,0.0
NT,2030,42,75,100,0.0
NT,2030,42,76,100,0.0
NT,2030,42,77,100,0.0
NT,2030,42,78,100,0.0
NT,2030,42,79,100,0.0
NT,2030,42,80,100,0.0
NT,2030,42,81,100,0.0
NT,2030,42,82,100,0.0
NT,2030,42,83,100,0.0
NT,2030,42,84,100,0.0
NT,2030,42,85,100,0.0
NT,2030,42,86,100,0.0
NT,2030,42,87,100,0.0
NT,2030,42,88,100,0.0
NT,2030,42,89,100,0.0
NT,2030,42,90,100,0.0
NT,2030,42,91,100,0.0
NT,2030,42,92,100,0.0
NT,2030,42,93,100,0.0
NT,2030,42,94,100,0.0
NT,2030,42,95,100,0.0
NT,2030,42,96,100,0.0
NT,2030,42,97,100,0.0
NT,2030,42,98,100,0.0
NT,2030,42,99,100,0.0
NT,2030,42,100,100,0.0
NT,2030,42,101,100,0.0
NT,2030,42,102,100,0.0
NT,2030,42,103,100,0.0
NT,2030,42,104,100,0.0
NT,2030,42,105,100,0.0
NT,2030,42,106,100,0.0
NT,2030,42,107,100,0.0
NT,2030,42,108,100,0.0
NT,2030,42,109,100,0.0
NT,2030,42,110,100,0.0
NT,2030,42,111,100,0.0
NT,2030,42,112,100,0.0
NT,2030,42,113,100,0.0
NT,2030,42,114,100,0.0
NT,2030,42,115,100,0.0
NT,2030,42,116,100,0.0
NT,2030,42,117,100,0.0
NT,2030,42,118,100,0.0
NT,2030,42,119,100,0.0
NT,2030,42,120,100,0.0
NT,2030,42,121,100,0.0
NT,2030,42,122,100,0.0
NT,2030,42,123,100,0.0
NT,2030,42,124,100,0.0
NT,2030,42,125,100,0.0
NT,2030,42,126,100,0.0
NT,2030,42,127,100,0.0
NT,2030,42,128,100,0.0
NT,2030,42,129,100,0.0
NT,2030,42,130,100,0.0
NT,2030,42,131,100,0.0
NT,2030,42,132,100,0.0
NT,2030,42,133,100,0.0
NT,2030,42,134,100,0.0
NT,2030,42,135,100,0.0
NT,2030,42,136,100,0.0
NT,2030,42,137,100,0.0
NT,2030,42,138,100,0.0
NT,2030,42,139,100,0.0
NT,2030,42,140,100,0.0
NT,2030,42,141,100,0.0
NT,2030,42,142,100,0.0
NT,2030,42,143,100,0.0
NT,2030,42,144,100,0.0
NT,2030,42,145,100,0.0
NT,2030,42,146,100,0.0
NT,2030,42,147,100,0.0
NT,2030,42,148,100,0.0
NT,2030,42,149,100,0.0
NT,2030,42,150,100,0.0
NT,2030,42,151,100,0.0
NT,2030,42,152,100,0.0
NT,2030,42,153,100,0.0
NT,2030,42,154,100,0.0
NT,2030,42,155,100,0.0
NT,2030,42,156,100,0.0
NT,2030,42,157,100,0.0
NT,2030,42,158,100,0.0
NT,2030,42,159,100,0.0
NT,2030,42,160,100,0.0
NT,2030,42,161,100,0.0
NT,2030,42,162,100,0.0
NT,2030,42,163,100,0.0
NT,2030,42,164,100,0.0
NT,2030,42,165,100,0.0
NT,2030,42,166,100,0.0
NT,2030,42,167,100,0.0
NT,2030,52,0,100,0.0
NT,2030,52,1,100,0.0
NT,2030,52,2,100,0.0
NT,2030,52,3,100,0.0
NT,2030,52,4,100,0.0
NT,2030,52,5,100,0.0
NT,2030,52,6,100,0.0
NT,2030,52,7,100,0.0
NT,2030,52,8,100,0.0
NT,2030,52,9,100,0.0
NT,2030,52,10,100,0.0
NT,2030,52,11,100,0.0
NT,2030,52,12,100,0.0
NT,2030,52,13,100,0.0
NT,2030,52,14,100,0.0
NT,2030,52,15,100,0.0
NT,2030,52,16,100,0.0
NT,2030,52,17,100,0.0
NT,2030,52,18,100,0.0
NT,2030,52,19,100,0.0
NT,2030,52,20,100,0.0
NT,2030,52,21,100,0.0
NT,2030,52,22,100,0.0
NT,2030,52,23,100,0.0
NT,2030,52,24,100,0.0
NT,2030,52,25,100,0.0
NT,2030,52,26,100,0.0
NT,2030,52,27,100,0.0
NT,2030,52,28,100,0.0
NT,2030,52,29,100,0.0
NT,2030,52,30,100,0.0
NT,2030,52,31,100,0.0
NT,2030,52,32,100,0.0
NT,2030,52,33,100,0.0
NT,2030,52,34,100,0.0
NT,2030,52,35,100,0.0
NT,2030,52,36,100,0.0
NT,2030,52,37,100,0.0
NT,2030,52,38,100,0.0
NT,2030,52,39,100,0.0
NT,2030,52,40,100,0.0
NT,2030,52,41,100,0.0
NT,2030,52,42,100,0.0
NT,2030,52,43,100,0.0
NT,2030,52,44,100,0.0
NT,2030,52,45,100,0.0
NT,2030,52,46,100,0.0
NT,2030,52,47,100,0.0
NT,2030,52,48,100,0.0
NT,2030,52,49,100,0.0
NT,2030,52,50,100,0.0
NT,2030,52,51,100,0.0
NT,2030,52,52,100,0.0
NT,2030,52,53,100,0.0
NT,2030,52,54,100,0.0
NT,2030,52,55,100,0.0
NT,2030,52,56,100,0.0
NT,2030,52,57,100,0.0
NT,2030,52,58,100,0.0
NT,2030,52,59,100,0.0
NT,2030,52,60,100,0.0
NT,2030,52,61,100,0.0
NT,2030,52,62,100,0.0
NT,2030,52,63,100,0.0
NT,2030,52,64,100,0.0
NT,2030,52,65,100,0.0
NT,2030,52,66,100,0.0
NT,2030,52,67,100,0.0
NT,2030,52,68,100,0.0
NT,2030,52,69,100,0.0
NT,2030,52,70,100,0.0
NT,2030,52,71,100,0.0
NT,2030,52,72,100,0.0
NT,2030,52,73,100,0.0
NT,2030,52,74,100,0.0
NT,2030,52,75,100,0.0
NT,2030,52,76,100,0.0
NT,2030,52,77,100,0.0
NT,2030,52,78,100,0.0
NT,2030,52,79,100,0.0
NT,2030,52,80,100,0.0
NT,2030,52,81,100,0.0
NT,2030,52,82,100,0.0
NT,2030,52,83,100,0.0
NT,2030,52,84,100,0.0
NT,2030,52,85,100,0.0
NT,2030,52,86,100,0.0
NT,2030,52,87,100,0.0
NT,2030,52,88,100,0.0
NT,2030,52,89,100,0.0
NT,2030,52,90,100,0.0
NT,2030,52,91,100,0.0
NT,2030,52,92,100,0.0
NT,2030,52,93,100,0.0
NT,2030,52,94,100,0.0
NT,2030,52,95,100,0.0
NT,2030,52,96,100,0.0
NT,2030,52,97,100,0.0
NT,2030,52,98,100,0.0
NT,2030,52,99,100,0.0
NT,2030,52,100,100,0.0
NT,2030,52,101,100,0.0
NT,2030,52,102,100,0.0
NT,2030,52,103,100,0.0
NT,2030,52,104,100,0.0
NT,2030,52,105,100,0.0
NT,2030,52,106,100,0.0
NT,2030,52,107,100,0.0
NT,2030,52,108,100,0.0
NT,2030,52,109,100,0.0
NT,2030,52,110,100,0.0
NT,2030,52,111,100,0.0
NT,2030,52,112,100,0.0
NT,2030,52,113,100,0.0
NT,2030,52,114,100,0.0
NT,2030,52,115,100,0.0
NT,2030,52,116,100,0.0
NT,2030,52,117,100,0.0
NT,2030,52,118,100,0.0
NT,2030,52,119,100,0.0
NT,2030,52,120,100,0.0
NT,2030,52,121,100,0.0
NT,2030,52,122,100,0.0
NT,2030,52,123,100,0.0
NT,2030,52,124,100,0.0
NT,2030,52,125,100,0.0
NT,2030,52,126,100,0.0
NT,2030,52,127,100,0.0
NT,2030,52,128,100,0.0
NT,2030,52,129,100,0.0
NT,2030,52,130,100,0.0
NT,2030,52,131,100,0.0
NT,2030,52,132,100,0.0
NT,2030,52,133,100,0.0
NT,2030,52,134,100,0.0
NT,2030,52,135,100,0.0
NT,2030,52,136,100,0.0
NT,2030,52,137,100,0.0
NT,2030,52,138,100,0.0
NT,2030,52,139,100,0.0
NT,2030,52,140,100,0.0
NT,2030,52,141,100,0.0
NT,2030,52,142,100,0.0
NT,2030,52,143,100,0.0
NT,2030,52,144,100,0.0
NT,2030,52,145,100,0.0
NT,2030,52,146,100,0.0
NT,2030,52,147,100,0.0
NT,2030,52,148,100,0.0
NT,2030,52,149,100,0.0
NT,2030,52,150,100,0.0
NT,2030,52,151,100,0.0
NT,2030,52,152,100,0.0
NT,2030,52,153,100,0.0
NT,2030,52,154,100,0.0
NT,2030,52,155,100,0.0
NT,2030,52,156,100,0.0
NT,2030,52,157,100,0.0
NT,2030,52,158,100,0.0
NT,2030,52,159,100,0.0
NT,2030,52,160,100,0.0
NT,2030,52,161,100,0.0
NT,2030,52,162,100,0.0
NT,2030,52,163,100,0.0
NT,2030,52,164,100,0.0
NT,2030,52,165,100,0.0
NT,2030,52,166,100,0.0
NT,2030,52,167,100,0.0
NT,2040,11,0,100,0.0
NT,2040,11,1,100,0.0
NT,2040,11,2,100,0.0
NT,2040,11,3,100,0.0
NT,2040,11,4,100,0.0
NT,2040,11,5,100,0.0
NT,2040,11,6,100,0.0
NT,2040,11,7,100,0.0
NT,2040,11,8,100,0.0
NT,2040,11,9,100,0.0
NT,2040,11,10,100,0.0
NT,2040,11,11,100,0.0
NT,2040,11,12,100,0.0
NT,2040,11,13,100,0.0
NT,2040,11,14,100,0.0
NT,2040,11,15,100,0.0
NT,2040,11,16,100,0.0
NT,2040,11,17,100,0.0
NT,2040,11,18,100,0.0
NT,2040,11,19,100,0.0
NT,2040,11,20,100,0.0
NT,2040,11,21,100,0.0
NT,2040,11,22,100,0.0
NT,2040,11,23,100,0.0
NT,2040,11,24,100,0.0
NT,2040,11,25,100,0.0
NT,2040,11,26,100,0.0
NT,2040,11,27,100,0.0
NT,2040,11,28,100,0.0
NT,2040,11,29,100,0.0
NT,2040,11,30,100,0.0
NT,2040,11,31,100,0.0
NT,2040,11,32,100,0.0
NT,2040,11,33,100,0.0
NT,2040,11,34,100,0.0
NT,2040,11,35,100,0.0
NT,2040,11,36,100,0.0
NT,2040,11,37,100,0.0
NT,2040,11,38,100,0.0
NT,2040,11,39,100,0.0
NT,2040,11,40,100,0.0
NT,2040,11,41,100,0.0
NT,2040,11,42,100,0.0
NT,2040,11,43,100,0.0
NT,2040,11,44,100,0.0
NT,2040,11,45,100,0.0
NT,2040,11,46,100,0.0
NT,2040,11,47,100,0.0
NT,2040,11,48,100,0.0
NT,2040,11,49,100,0.0
NT,2040,11,50,100,0.0
NT,2040,11,51,100,0.0
NT,2040,11,52,100,0.0
NT,2040,11,53,100,0.0
NT,2040,11,54,100,0.0
NT,2040,11,55,100,0.0
NT,2040,11,56,100,0.0
NT,2040,11,57,100,0.0
NT,2040,11,58,100,0.0
NT,2040,11,59,100,0.0
NT,2040,11,60,100,0.0
NT,2040,11,61,100,0.0
NT,2040,11,62,100,0.0
NT,2040,11,63,100,0.0
NT,2040,11,64,100,0.0
NT,2040,11,65,100,0.0
NT,2040,11,66,100,0.0
NT,2040,11,67,100,0.0
NT,2040,11,68,100,0.0
NT,2040,11,69,100,0.0
NT,2040,11,70,100,0.0
NT,2040,11,71,100,0.0
NT,2040,11,72,100,0.0
NT,2040,11,73,100,0.0
NT,2040,11,74,100,0.0
NT,2040,11,75,100,0.0
NT,2040,11,76,100,0.0
NT,2040,11,77,100,0.0
NT,2040,11,78,100,0.0
NT,2040,11,79,100,0.0
NT,2040,11,80,100,0.0
NT,2040,11,81,100,0.0
NT,2040,11,82,100,0.0
NT,2040,11,83,100,0.0
NT,2040,11,84,100,0.0
NT,2040,11,85,100,0.0
NT,2040,11,86,100,0.0
NT,2040,11,87,100,0.0
NT,2040,11,88,100,0.0
NT,2040,11,89,100,0.0
NT,2040,11,90,100,0.0
NT,2040,11,91,100,0.0
NT,2040,11,92,100,0.0
NT,2040,11,93,100,0.0
NT,2040,11,94,100,0.0
NT,2040,11,95,100,0.0
NT,2040,11,96,100,0.0
NT,2040,11,97,100,0.0
NT,2040,11,98,100,0.0
NT,2040,11,99,100,0.0
NT,2040,11,100,100,0.0
NT,2040,11,101,100,0.0
NT,2040,11,102,100,0.0
NT,2040,11,103,100,0.0
NT,2040,11,104,100,0.0
NT,2040,11,105,100,0.0
NT,2040,11,106,100,0.0
NT,2040,11,107,100,0.0
NT,2040,11,108,100,0.0
NT,2040,11,109,100,0.0
NT,2040,11,110,100,0.0
NT,2040,11,111,100,0.0
NT,2040,11,112,100,0.0
NT,2040,11,113,100,0.0
NT,2040,11,114,100,0.0
NT,2040,11,115,100,0.0
NT,2040,11,116,100,0.0
NT,2040,11,117,100,0.0
NT,2040,11,118,100,0.0
NT,2040,11,119,100,0.0
NT,2040,11,120,100,0.0
NT,2040,11,121,100,0.0
NT,2040,11,122,100,0.0
NT,2040,11,123,100,0.0
NT,2040,11,124,100,0.0
NT,2040,11,125,100,0.0
NT,2040,11,126,100,0.0
NT,2040,11,127,100,0.0
NT,2040,11,128,100,0.0
NT,2040,11,129,100,0.0
NT,2040,11,130,100,0.0
NT,2040,11,131,100,0.0
NT,2040,11,132,100,0.0
NT,2040,11,133,100,0.0
NT,2040,11,134,100,0.0
NT,2040,11,135,100,0.0
NT,2040,11,136,100,0.0
NT,2040,11,137,100,0.0
NT,2040,11,138,100,0.0
NT,2040,11,139,100,0.0
NT,2040,11,140,100,0.0
NT,2040,11,141,100,0.0
NT,2040,11,142,100,0.0
NT,2040,11,143,100,0.0
NT,2040,11,144,100,0.0
NT,2040,11,145,100,0.0
NT,2040,11,146,100,0.0
NT,2040,11,147,100,0.0
NT,2040,11,148,100,0.0
NT,2040,11,149,100,0.0
NT,2040,11,150,100,0.0
NT,2040,11,151,100,0.0
NT,2040,11,152,100,0.0
NT,2040,11,153,100,0.0
NT,2040,11,154,100,0.0
NT,2040,11,155,100,0.0
NT,2040,11,156,100,0.0
NT,2040,11,157,100,0.0
NT,2040,11,158,100,0.0
NT,2040,11,159,100,0.0
NT,2040,11,160,100,0.0
NT,2040,11,161,100,0.0
NT,2040,11,162,100,0.0
NT,2040,11,163,100,0.0
NT,2040,11,164,100,0.0
NT,2040,11,165,100,0.0
NT,2040,11,166,100,0.0
NT,2040,11,167,100,0.0
NT,2040,21,0,100,0.0
NT,2040,21,1,100,0.0
NT,2040,21,2,100,0.0
NT,2040,21,3,100,0.0
NT,2040,21,4,100,0.0
NT,2040,21,5,100,0.0
NT,2040,21,6,100,0.0
NT,2040,21,7,100,0.0
NT,2040,21,8,100,0.0
NT,2040,21,9,100,0.0
NT,2040,21,10,100,0.0
NT,2040,21,11,100,0.0
NT,2040,21,12,100,0.0
NT,2040,21,13,100,0.0
NT,2040,21,14,100,0.0
NT,2040,21,15,100,0.0
NT,2040,21,16,100,0.0
NT,2040,21,17,100,0.0
NT,2040,21,18,100,0.0
NT,2040,21,19,100,0.0
NT,2040,21,20,100,0.0
NT,2040,21,21,100,0.0
NT,2040,21,22,100,0.0
NT,2040,21,23,100,0.0
NT,2040,21,24,100,0.0
NT,2040,21,25,100,0.0
NT,2040,21,26,100,0.0
NT,2040,21,27,100,0.0
NT,2040,21,28,100,0.0
NT,2040,21,29,100,0.0
NT,2040,21,30,100,0.0
NT,2040,21,31,100,0.0
NT,2040,21,32,100,0.0
NT,2040,21,33,100,0.0
NT,2040,21,34,100,0.0
NT,2040,21,35,100,0.0
NT,2040,21,36,100,0.0
NT,2040,21,37,100,0.0
NT,2040,21,38,100,0.0
NT,2040,21,39,100,0.0
NT,2040,21,40,100,0.0
NT,2040,21,41,100,0.0
NT,2040,21,42,100,0.0
NT,2040,21,43,100,0.0
NT,2040,21,44,100,0.0
NT,2040,21,45,100,0.0
NT,2040,21,46,100,0.0
NT,2040,21,47,100,0.0
NT,2040,21,48,100,0.0
NT,2040,21,49,100,0.0
NT,2040,21,50,100,0.0
NT,2040,21,51,100,0.0
NT,2040,21,52,100,0.0
NT,2040,21,53,100,0.0
NT,2040,21,54,100,0.0
NT,2040,21,55,100,0.0
NT,2040,21,56,100,0.0
NT,2040,21,57,100,0.0
NT,2040,21,58,100,0.0
NT,2040,21,59,100,0.0
NT,2040,21,60,100,0.0
NT,2040,21,61,100,0.0
NT,2040,21,62,100,0.0
NT,2040,21,63,100,0.0
NT,2040,21,64,100,0.0
NT,2040,21,65,100,0.0
NT,2040,21,66,100,0.0
NT,2040,21,67,100,0.0
NT,2040,21,68,100,0.0
NT,2040,21,69,100,0.0
NT,2040,21,70,100,0.0
NT,2040,21,71,100,0.0
NT,2040,21,72,100,0.0
NT,2040,21,73,100,0.0
NT,2040,21,74,100,0.0
NT,2040,21,75,100,0.0
NT,2040,21,76,100,0.0
NT,2040,21,77,100,0.0
NT,2040,21,78,100,0.0
NT,2040,21,79,100,0.0
NT,2040,21,80,100,0.0
NT,2040,21,81,100,0.0
NT,2040,21,82,100,0.0
NT,2040,21,83,100,0.0
NT,2040,21,84,100,0.0
NT,2040,21,85,100,0.0
NT,2040,21,86,100,0.0
NT,2040,21,87,100,0.0
NT,2040,21,88,100,0.0
NT,2040,21,89,100,0.0
NT,2040,21,90,100,0.0
NT,2040,21,91,100,0.0
NT,2040,21,92,100,0.0
NT,2040,21,93,100,0.0
NT,2040,21,94,100,0.0
NT,2040,21,95,100,0.0
NT,2040,21,96,100,0.0
NT,2040,21,97,100,0.0
NT,2040,21,98,100,0.0
NT,2040,21,99,100,0.0
NT,2040,21,100,100,0.0
NT,2040,21,101,100,0.0
NT,2040,21,102,100,0.0
NT,2040,21,103,100,0.0
NT,2040,21,104,100,0.0
NT,2040,21,105,100,0.0
NT,2040,21,106,100,0.0
NT,2040,21,107,100,0.0
NT,2040,21,108,100,0.0
NT,2040,21,109,100,0.0
NT,2040,21,110,100,0.0
NT,2040,21,111,100,0.0
NT,2040,21,112,100,0.0
NT,2040,21,113,100,0.0
NT,2040,21,114,100,0.0
NT,2040,21,115,100,0.0
NT,2040,21,116,100,0.0
NT,2040,21,117,100,0.0
NT,2040,21,118,100,0.0
NT,2040,21,119,100,0.0
NT,2040,21,120,100,0.0
NT,2040,21,121,100,0.0
NT,2040,21,122,100,0.0
NT,2040,21,123,100,0.0
NT,2040,21,124,100,0.0
NT,2040,21,125,100,0.0
NT,2040,21,126,100,0.0
NT,2040,21,127,100,0.0
NT,2040,21,128,100,0.0
NT,2040,21,129,100,0.0
NT,2040,21,130,100,0.0
NT,2040,21,131,100,0.0
NT,2040,21,132,100,0.0
NT,2040,21,133,100,0.0
NT,2040,21,134,100,0.0
NT,2040,21,135,100,0.0
NT,2040,21,136,100,0.0
NT,2040,21,137,100,0.0
NT,2040,21,138,100,0.0
NT,2040,21,139,100,0.0
NT,2040,21,140,100,0.0
NT,2040,21,141,100,0.0
NT,2040,21,142,100,0.0
NT,2040,21,143,100,0.0
NT,2040,21,144,100,0.0
NT,2040,21,145,100,0.0
NT,2040,21,146,100,0.0
NT,2040,21,147,100,0.0
NT,2040,21,148,100,0.0
NT,2040,21,149,100,0.0
NT,2040,21,150,100,0.0
NT,2040,21,151,100,0.0
NT,2040,21,152,100,0.0
NT,2040,21,153,100,0.0
NT,2040,21,154,100,0.0
NT,2040,21,155,100,0.0
NT,2040,21,156,100,0.0
NT,2040,21,157,100,0.0
NT,2040,21,158,100,0.0
NT,2040,21,159,100,0.0
NT,2040,21,160,100,0.0
NT,2040,21,161,100,0.0
NT,2040,21,162,100,0.0
NT,2040,21,163,100,0.0
NT,2040,21,164,100,0.0
NT,2040,21,165,100,0.0
NT,2040,21,166,100,0.0
NT,2040,21,167,100,0.0
NT,2040,42,0,100,0.0
NT,2040,42,1,100,0.0
NT,2040,42,2,100,0.0
NT,2040,42,3,100,0.0
NT,2040,42,4,100,0.0
NT,2040,42,5,100,0.0
NT,2040,42,6,100,0.0
NT,2040,42,7,100,0.0
NT,2040,42,8,100,0.0
NT,2040,42,9,100,0.0
NT,2040,42,10,100,0.0
NT,2040,42,11,100,0.0
NT,2040,42,12,100,0.0
NT,2040,42,13,100,0.0
NT,2040,42,14,100,0.0
NT,2040,42,15,100,0.0
NT,2040,42,16,100,0.0
NT,2040,42,17,100,0.0
NT,2040,42,18,100,0.0
NT,2040,42,19,100,0.0
NT,2040,42,20,100,0.0
NT,2040,42,21,100,0.0
NT,2040,42,22,100,0.0
NT,2040,42,23,100,0.0
NT,2040,42,24,100,0.0
NT,2040,42,25,100,0.0
NT,2040,42,26,100,0.0
NT,2040,42,27,100,0.0
NT,2040,42,28,100,0.0
NT,2040,42,29,100,0.0
NT,2040,42,30,100,0.0
NT,2040,42,31,100,0.0
NT,2040,42,32,100,0.0
NT,2040,42,33,100,0.0
NT,2040,42,34,100,0.0
NT,2040,42,35,100,0.0
NT,2040,42,36,100,0.0
NT,2040,42,37,100,0.0
NT,2040,42,38,100,0.0
NT,2040,42,39,100,0.0
NT,2040,42,40,100,0.0
NT,2040,42,41,100,0.0
NT,2040,42,42,100,0.0
NT,2040,42,43,100,0.0
NT,2040,42,44,100,0.0
NT,2040,42,45,100,0.0
NT,2040,42,46,100,0.0
NT,2040,42,47,100,0.0
NT,2040,42,48,100,0.0
NT,2040,42,49,100,0.0
NT,2040,42,50,100,0.0
NT,2040,42,51,100,0.0
NT,2040,42,52,100,0.0
NT,2040,42,53,100,0.0
NT,2040,42,54,100,0.0
NT,2040,42,55,100,0.0
NT,2040,42,56,100,0.0
NT,2040,42,57,100,0.0
NT,2040,42,58,100,0.0
NT,2040,42,59,100,0.0
NT,2040,42,60,100,0.0
NT,2040,42,61,100,0.0
NT,2040,42,62,100,0.0
NT,2040,42,63,100,0.0
NT,2040,42,64,100,0.0
NT,2040,42,65,100,0.0
NT,2040,42,66,100,0.0
NT,2040,42,67,100,0.0
NT,2040,42,68,100,0.0
NT,2040,42,69,100,0.0
NT,2040,42,70,100,0.0
NT,2040,42,71,100,0.0
NT,2040,42,72,100,0.0
NT,2040,42,73,100,0.0
NT,2040,42,74,100,0.0
NT,2040,42,75,100,0.0
NT,2040,42,76,100,0.0
NT,2040,42,77,100,0.0
NT,2040,42,78,100,0.0
NT,2040,42,79,100,0.0
NT,2040,42,80,100,0.0
NT,2040,42,81,100,0.0
NT,2040,42,82,100,0.0
NT,2040,42,83,100,0.0
NT,2040,42,84,100,0.0
NT,2040,42,85,100,0.0
NT,2040,42,86,100,0.0
NT,2040,42,87,100,0.0
NT,2040,42,88,100,0.0
NT,2040,42,89,100,0.0
NT,2040,42,90,100,0.0
NT,2040,42,91,100,0.0
NT,2040,42,92,100,0.0
NT,2040,42,93,100,0.0
NT,2040,42,94,100,0.0
NT,2040,42,95,100,0.0
NT,2040,42,96,100,0.0
NT,2040,42,97,100,0.0
NT,2040,42,98,100,0.0
NT,2040,42,99,100,0.0
NT,2040,42,100,100,0.0
NT,2040,42,101,100,0.0
NT,2040,42,102,100,0.0
NT,2040,42,103,100,0.0
NT,2040,42,104,100,0.0
NT,2040,42,105,100,0.0
NT,2040,42,106,100,0.0
NT,2040,42,107,100,0.0
NT,2040,42,108,100,0.0
NT,2040,42,109,100,0.0
NT,2040,42,110,100,0.0
NT,2040,42,111,100,0.0
NT,2040,42,112,100,0.0
NT,2040,42,113,100,0.0
NT,2040,42,114,100,0.0
NT,2040,42,115,100,0.0
NT,2040,42,116,100,0.0
NT,2040,42,117,100,0.0
NT,2040,42,118,100,0.0
NT,2040,42,119,100,0.0
NT,2040,42,120,100,0.0
NT,2040,42,121,100,0.0
NT,2040,42,122,100,0.0
NT,2040,42,123,100,0.0
NT,2040,42,124,100,0.0
NT,2040,42,125,100,0.0
NT,2040,42,126,100,0.0
NT,2040,42,127,100,0.0
NT,2040,42,128,100,0.0
NT,2040,42,129,100,0.0
NT,2040,42,130,100,0.0
NT,2040,42,131,100,0.0
NT,2040,42,132,100,0.0
NT,2040,42,133,100,0.0
NT,2040,42,134,100,0.0
NT,2040,42,135,100,0.0
NT,2040,42,136,100,0.0
NT,2040,42,137,100,0.0
NT,2040,42,138,100,0.0
NT,2040,42,139,100,0.0
NT,2040,42,140,100,0.0
NT,2040,42,141,100,0.0
NT,2040,42,142,100,0.0
NT,2040,42,143,100,0.0
NT,2040,42,144,100,0.0
NT,2040,42,145,100,0.0
NT,2040,42,146,100,0.0
NT,2040,42,147,100,0.0
NT,2040,42,148,100,0.0
NT,2040,42,149,100,0.0
NT,2040,42,150,100,0.0
NT,2040,42,151,100,0.0
NT,2040,42,152,100,0.0
NT,2040,42,153,100,0.0
NT,2040,42,154,100,0.0
NT,2040,42,155,100,0.0
NT,2040,42,156,100,0.0
NT,2040,42,157,100,0.0
NT,2040,42,158,100,0.0
NT,2040,42,159,100,0.0
NT,2040,42,160,100,0.0
NT,2040,42,161,100,0.0
NT,2040,42,162,100,0.0
NT,2040,42,163,100,0.0
NT,2040,42,164,100,0.0
NT,2040,42,165,100,0.0
NT,2040,42,166,100,0.0
NT,2040,42,167,100,0.0
NT,2040,52,0,100,0.0
NT,2040,52,1,100,0.0
NT,2040,52,2,100,0.0
NT,2040,52,3,100,0.0
NT,2040,52,4,100,0.0
NT,2040,52,5,100,0.0
NT,2040,52,6,100,0.0
NT,2040,52,7,100,0.0
NT,2040,52,8,100,0.0
NT,2040,52,9,100,0.0
NT,2040,52,10,100,0.0
NT,2040,52,11,100,0.0
NT,2040,52,12,100,0.0
NT,2040,52,13,100,0.0
NT,2040,52,14,100,0.0
NT,2040,52,15,100,0.0
NT,2040,52,16,100,0.0
NT,2040,52,17,100,0.0
NT,2040,52,18,100,0.0
NT,2040,52,19,100,0.0
NT,2040,52,20,100,0.0
NT,2040,52,21,100,0.0
NT,2040,52,22,100,0.0
NT,2040,52,23,100,0.0
NT,2040,52,24,100,0.0
NT,2040,52,25,100,0.0
NT,2040,52,26,100,0.0
NT,2040,52,27,100,0.0
NT,2040,52,28,100,0.0
NT,2040,52,29,100,0.0
NT,2040,52,30,100,0.0
NT,2040,52,31,100,0.0
NT,2040,52,32,100,0.0
NT,2040,52,33,100,0.0
NT,2040,52,34,100,0.0
NT,2040,52,35,100,0.0
NT,2040,52,36,100,0.0
NT,2040,52,37,100,0.0
NT,2040,52,38,100,0.0
NT,2040,52,39,100,0.0
NT,2040,52,40,100,0.0
NT,2040,52,41,100,0.0
NT,2040,52,42,100,0.0
NT,2040,52,43,100,0.0
NT,2040,52,44,100,0.0
NT,2040,52,45,100,0.0
NT,2040,52,46,100,0.0
NT,2040,52,47,100,0.0
NT,2040,52,48,100,0.0
NT,2040,52,49,100,0.0
NT,2040,52,50,100,0.0
NT,2040,52,51,100,0.0
NT,2040,52,52,100,0.0
NT,2040,52,53,100,0.0
NT,2040,52,54,100,0.0
NT,2040,52,55,100,0.0
NT,2040,52,56,100,0.0
NT,2040,52,57,100,0.0
NT,2040,52,58,100,0.0
NT,2040,52,59,100,0.0
NT,2040,52,60,100,0.0
NT,2040,52,61,100,0.0
NT,2040,52,62,100,0.0
NT,2040,52,63,100,0.0
NT,2040,52,64,100,0.0
NT,2040,52,65,100,0.0
NT,2040,52,66,100,0.0
NT,2040,52,67,100,0.0
NT,2040,52,68,100,0.0
NT,2040,52,69,100,0.0
NT,2040,52,70,100,0.0
NT,2040,52,71,100,0.0
NT,2040,52,72,100,0.0
NT,2040,52,73,100,0.0
NT,2040,52,74,100,0.0
NT,2040,52,75,100,0.0
NT,2040,52,76,100,0.0
NT,2040,52,77,100,0.0
NT,2040,52,78,100,0.0
NT,2040,52,79,100,0.0
NT,2040,52,80,100,0.0
NT,2040,52,81,100,0.0
NT,2040,52,82,100,0.0
NT,2040,52,83,100,0.0
NT,2040,52,84,100,0.0
NT,2040,52,85,100,0.0
NT,2040,52,86,100,0.0
NT,2040,52,87,100,0.0
NT,2040,52,88,100,0.0
NT,2040,52,89,100,0.0
NT,2040,52,90,100,0.0
NT,2040,52,91,100,0.0
NT,2040,52,92,100,0.0
NT,2040,52,93,100,0.0
NT,2040,52,94,100,0.0
NT,2040,52,95,100,0.0
NT,2040,52,96,100,0.0
NT,2040,52,97,100,0.0
NT,2040,52,98,100,0.0
NT,2040,52,99,100,0.0
NT,2040,52,100,100,0.0
NT,2040,52,101,100,0.0
NT,2040,52,102,100,0.0
NT,2040,52,103,100,0.0
NT,2040,52,104,100,0.0
NT,2040,52,105,100,0.0
NT,2040,52,106,100,0.0
NT,2040,52,107,100,0.0
NT,2040,52,108,100,0.0
NT,2040,52,109,100,0.0
NT,2040,52,110,100,0.0
NT,2040,52,111,100,0.0
NT,2040,52,112,100,0.0
NT,2040,52,113,100,0.0
NT,2040,52,114,100,0.0
NT,2040,52,115,100,0.0
NT,2040,52,116,100,0.0
NT,2040,52,117,100,0.0
NT,2040,52,118,100,0.0
NT,2040,52,119,100,0.0
NT,2040,52,120,100,0.0
NT,2040,52,121,100,0.0
NT,2040,52,122,100,0.0
NT,2040,52,123,100,0.0
NT,2040,52,124,100,0.0
NT,2040,52,125,100,0.0
NT,2040,52,126,100,0.0
NT,2040,52,127,100,0.0
NT,2040,52,128,100,0.0
NT,2040,52,129,100,0.0
NT,2040,52,130,100,0.0
NT,2040,52,131,100,0.0
NT,2040,52,132,100,0.0
NT,2040,52,133,100,0.0
NT,2040,52,134,100,0.0
NT,2040,52,135,100,0.0
NT,2040,52,136,100,0.0
NT,2040,52,137,100,0.0
NT,2040,52,138,100,0.0
NT,2040,52,139,100,0.0
NT,2040,52,140,100,0.0
NT,2040,52,141,100,0.0
NT,2040,52,142,100,0.0
NT,2040,52,143,100,0.0
NT,2040,52,144,100,0.0
NT,2040,52,145,100,0.0
NT,2040,52,146,100,0.0
NT,2040,52,147,100,0.0
NT,2040,52,148,100,0.0
NT,2040,52,149,100,0.0
NT,2040,52,150,100,0.0
NT,2040,52,151,100,0.0
NT,2040,52,152,100,0.0
NT,2040,52,153,100,0.0
NT,2040,52,154,100,0.0
NT,2040,52,155,100,0.0
NT,2040,52,156,100,0.0
NT,2040,52,157,100,0.0
NT,2040,52,158,100,0.0
NT,2040,52,159,100,0.0
NT,2040,52,160,100,0.0
NT,2040,52,161,100,0.0
NT,2040,52,162,100,0.0
NT,2040,52,163,100,0.0
NT,2040,52,164,100,0.0
NT,2040,52,165,100,0.0
NT,2040,52,166,100,0.0
NT,2040,52,167,100,0.0
GA,2040,11,0,100,0.0
GA,2040,11,1,100,0.0
GA,2040,11,2,100,0.0
GA,2040,11,3,100,0.0
GA,2040,11,4,100,0.0
GA,2040,11,5,100,0.0
GA,2040,11,6,100,0.0
GA,2040,11,7,100,0.0
GA,2040,11,8,100,0.0
GA,2040,11,9,100,0.0
GA,2040,11,10,100,0.0
GA,2040,11,11,100,0.0
GA,2040,11,12,100,0.0
GA,2040,11,13,100,0.0
GA,2040,11,14,100,0.0
GA,2040,11,15,100,0.0
GA,2040,11,16,100,0.0
GA,2040,11,17,100,0.0
GA,2040,11,18,100,0.0
GA,2040,11,19,100,0.0
GA,2040,11,20,100,0.0
GA,2040,11,21,100,0.0
GA,2040,11,22,100,0.0
GA,2040,11,23,100,0.0
GA,2040,11,24,100,0.0
GA,2040,11,25,100,0.0
GA,2040,11,26,100,0.0
GA,2040,11,27,100,0.0
GA,2040,11,28,100,0.0
GA,2040,11,29,100,0.0
GA,2040,11,30,100,0.0
GA,2040,11,31,100,0.0
GA,2040,11,32,100,0.0
GA,2040,11,33,100,0.0
GA,2040,11,34,100,0.0
GA,2040,11,35,100,0.0
GA,2040,11,36,100,0.0
GA,2040,11,37,100,0.0
GA,2040,11,38,100,0.0
GA,2040,11,39,100,0.0
GA,2040,11,40,100,0.0
GA,2040,11,41,100,0.0
GA,2040,11,42,100,0.0
GA,2040,11,43,100,0.0
GA,2040,11,44,100,0.0
GA,2040,11,45,100,0.0
GA,2040,11,46,100,0.0
GA,2040,11,47,100,0.0
GA,2040,11,48,100,0.0
GA,2040,11,49,100,0.0
GA,2040,11,50,100,0.0
GA,2040,11,51,100,0.0
GA,2040,11,52,100,0.0
GA,2040,11,53,100,0.0
GA,2040,11,54,100,0.0
GA,2040,11,55,100,0.0
GA,2040,11,56,100,0.0
GA,2040,11,57,100,0.0
GA,2040,11,58,100,0.0
GA,2040,11,59,100,0.0
GA,2040,11,60,100,0.0
GA,2040,11,61,100,0.0
GA,2040,11,62,100,0.0
GA,2040,11,63,100,0.0
GA,2040,11,64,100,0.0
GA,2040,11,65,100,0.0
GA,2040,11,66,100,0.0
GA,2040,11,67,100,0.0
GA,2040,11,68,100,0.0
GA,2040,11,69,100,0.0
GA,2040,11,70,100,0.0
GA,2040,11,71,100,0.0
GA,2040,11,72,100,0.0
GA,2040,11,73,100,0.0
GA,2040,11,74,100,0.0
GA,2040,11,75,100,0.0
GA,2040,11,76,100,0.0
GA,2040,11,77,100,0.0
GA,2040,11,78,100,0.0
GA,2040,11,79,100,0.0
GA,2040,11,80,100,0.0
GA,2040,11,81,100,0.0
GA,2040,11,82,100,0.0
GA,2040,11,83,100,0.0
GA,2040,11,84,100,0.0
GA,2040,11,85,100,0.0
GA,2040,11,86,100,0.0
GA,2040,11,87,100,0.0
GA,2040,11,88,100,0.0
GA,2040,11,89,100,0.0
GA,2040,11,90,100,0.0
GA,2040,11,91,100,0.0
GA,2040,11,92,100,0.0
GA,2040,11,93,100,0.0
GA,2040,11,94,100,0.0
GA,2040,11,95,100,0.0
GA,2040,11,96,100,0.0
GA,2040,11,97,100,0.0
GA,2040,11,98,100,0.0
GA,2040,11,99,100,0.0
GA,2040,11,100,100,0.0
GA,2040,11,101,100,0.0
GA,2040,11,102,100,0.0
GA,2040,11,103,100,0.0
GA,2040,11,104,100,0.0
GA,2040,11,105,100,0.0
GA,2040,11,106,100,0.0
GA,2040,11,107,100,0.0
GA,2040,11,108,100,0.0
GA,2040,11,109,100,0.0
GA,2040,11,110,100,0.0
GA,2040,11,111,100,0.0
GA,2040,11,112,100,0.0
GA,2040,11,113,100,0.0
GA,2040,11,114,100,0.0
GA,2040,11,115,100,0.0
GA,2040,11,116,100,0.0
GA,2040,11,117,100,0.0
GA,2040,11,118,100,0.0
GA,2040,11,119,100,0.0
GA,2040,11,120,100,0.0
GA,2040,11,121,100,0.0
GA,2040,11,122,100,0.0
GA,2040,11,123,100,0.0
GA,2040,11,124,100,0.0
GA,2040,11,125,100,0.0
GA,2040,11,126,100,0.0
GA,2040,11,127,100,0.0
GA,2040,11,128,100,0.0
GA,2040,11,129,100,0.0
GA,2040,11,130,100,0.0
GA,2040,11,131,100,0.0
GA,2040,11,132,100,0.0
GA,2040,11,133,100,0.0
GA,2040,11,134,100,0.0
GA,2040,11,135,100,0.0
GA,2040,11,136,100,0.0
GA,2040,11,137,100,0.0
GA,2040,11,138,100,0.0
GA,2040,11,139,100,0.0
GA,2040,11,140,100,0.0
GA,2040,11,141,100,0.0
GA,2040,11,142,100,0.0
GA,2040,11,143,100,0.0
GA,2040,11,144,100,0.0
GA,2040,11,145,100,0.0
GA,2040,11,146,100,0.0
GA,2040,11,147,100,0.0
GA,2040,11,148,100,0.0
GA,2040,11,149,100,0.0
GA,2040,11,150,100,0.0
GA,2040,11,151,100,0.0
GA,2040,11,152,100,0.0
GA,2040,11,153,100,0.0
GA,2040,11,154,100,0.0
GA,2040,11,155,100,0.0
GA,2040,11,156,100,0.0
GA,2040,11,157,100,0.0
GA,2040,11,158,100,0.0
GA,2040,11,159,100,0.0
GA,2040,11,160,100,0.0
GA,2040,11,161,100,0.0
GA,2040,11,162,100,0.0
GA,2040,11,163,100,0.0
GA,2040,11,164,100,0.0
GA,2040,11,165,100,0.0
GA,2040,11,166,100,0.0
GA,2040,11,167,100,0.0
GA,2040,21,0,100,0.0
GA,2040,21,1,100,0.0
GA,2040,21,2,100,0.0
GA,2040,21,3,100,0.0
GA,2040,21,4,100,0.0
GA,2040,21,5,100,0.0
GA,2040,21,6,100,0.0
GA,2040,21,7,100,0.0
GA,2040,21,8,100,0.0
GA,2040,21,9,100,0.0
GA,2040,21,10,100,0.0
GA,2040,21,11,100,0.0
GA,2040,21,12,100,0.0
GA,2040,21,13,100,0.0
GA,2040,21,14,100,0.0
GA,2040,21,15,100,0.0
GA,2040,21,16,100,0.0
GA,2040,21,17,100,0.0
GA,2040,21,18,100,0.0
GA,2040,21,19,100,0.0
GA,2040,21,20,100,0.0
GA,2040,21,21,100,0.0
GA,2040,21,22,100,0.0
GA,2040,21,23,100,0.0
GA,2040,21,24,100,0.0
GA,2040,21,25,100,0.0
GA,2040,21,26,100,0.0
GA,2040,21,27,100,0.0
GA,2040,21,28,100,0.0
GA,2040,21,29,100,0.0
GA,2040,21,30,100,0.0
GA,2040,21,31,100,0.0
GA,2040,21,32,100,0.0
GA,2040,21,33,100,0.0
GA,2040,21,34,100,0.0
GA,2040,21,35,100,0.0
GA,2040,21,36,100,0.0
GA,2040,21,37,100,0.0
GA,2040,21,38,100,0.0
GA,2040,21,39,100,0.0
GA,2040,21,40,100,0.0
GA,2040,21,41,100,0.0
GA,2040,21,42,100,0.0
GA,2040,21,43,100,0.0
GA,2040,21,44,100,0.0
GA,2040,21,45,100,0.0
GA,2040,21,46,100,0.0
GA,2040,21,47,100,0.0
GA,2040,21,48,100,0.0
GA,2040,21,49,100,0.0
GA,2040,21,50,100,0.0
GA,2040,21,51,100,0.0
GA,2040,21,52,100,0.0
GA,2040,21,53,100,0.0
GA,2040,21,54,100,0.0
GA,2040,21,55,100,0.0
GA,2040,21,56,100,0.0
GA,2040,21,57,100,0.0
GA,2040,21,58,100,0.0
GA,2040,21,59,100,0.0
GA,2040,21,60,100,0.0
GA,2040,21,61,100,0.0
GA,2040,21,62,100,0.0
GA,2040,21,63,100,0.0
GA,2040,21,64,100,0.0
GA,2040,21,65,100,0.0
GA,2040,21,66,100,0.0
GA,2040,21,67,100,0.0
GA,2040,21,68,100,0.0
GA,2040,21,69,100,0.0
GA,2040,21,70,100,0.0
GA,2040,21,71,100,0.0
GA,2040,21,72,100,0.0
GA,2040,21,73,100,0.0
GA,2040,21,74,100,0.0
GA,2040,21,75,100,0.0
GA,2040,21,76,100,0.0
GA,2040,21,77,100,0.0
GA,2040,21,78,100,0.0
GA,2040,21,79,100,0.0
GA,2040,21,80,100,0.0
GA,2040,21,81,100,0.0
GA,2040,21,82,100,0.0
GA,2040,21,83,100,0.0
GA,2040,21,84,100,0.0
GA,2040,21,85,100,0.0
GA,2040,21,86,100,0.0
GA,2040,21,87,100,0.0
GA,2040,21,88,100,0.0
GA,2040,21,89,100,0.0
GA,2040,21,90,100,0.0
GA,2040,21,91,100,0.0
GA,2040,21,92,100,0.0
GA,2040,21,93,100,0.0
GA,2040,21,94,100,0.0
GA,2040,21,95,100,0.0
GA,2040,21,96,100,0.0
GA,2040,21,97,100,0.0
GA,2040,21,98,100,0.0
GA,2040,21,99,100,0.0
GA,2040,21,100,100,0.0
GA,2040,21,101,100,0.0
GA,2040,21,102,100,0.0
GA,2040,21,103,100,0.0
GA,2040,21,104,100,0.0
GA,2040,21,105,100,0.0
GA,2040,21,106,100,0.0
GA,2040,21,107,100,0.0
GA,2040,21,108,100,0.0
GA,2040,21,109,100,0.0
GA,2040,21,110,100,0.0
GA,2040,21,111,100,0.0
GA,2040,21,112,100,0.0
GA,2040,21,113,100,0.0
GA,2040,21,114,100,0.0
GA,2040,21,115,100,0.0
GA,2040,21,116,100,0.0
GA,2040,21,117,100,0.0
GA,2040,21,118,100,0.0
GA,2040,21,119,100,0.0
GA,2040,21,120,100,0.0
GA,2040,21,121,100,0.0
GA,2040,21,122,100,0.0
GA,2040,21,123,100,0.0
GA,2040,21,124,100,0.0
GA,2040,21,125,100,0.0
GA,2040,21,126,100,0.0
GA,2040,21,127,100,0.0
GA,2040,21,128,100,0.0
GA,2040,21,129,100,0.0
GA,2040,21,130,100,0.0
GA,2040,21,131,100,0.0
GA,2040,21,132,100,0.0
GA,2040,21,133,100,0.0
GA,2040,21,134,100,0.0
GA,2040,21,135,100,0.0
GA,2040,21,136,100,0.0
GA,2040,21,137,100,0.0
GA,2040,21,138,100,0.0
GA,2040,21,139,100,0.0
GA,2040,21,140,100,0.0
GA,2040,21,141,100,0.0
GA,2040,21,142,100,0.0
GA,2040,21,143,100,0.0
GA,2040,21,144,100,0.0
GA,2040,21,145,100,0.0
GA,2040,21,146,100,0.0
GA,2040,21,147,100,0.0
GA,2040,21,148,100,0.0
GA,2040,21,149,100,0.0
GA,2040,21,150,100,0.0
GA,2040,21,151,100,0.0
GA,2040,21,152,100,0.0
GA,2040,21,153,100,0.0
GA,2040,21,154,100,0.0
GA,2040,21,155,100,0.0
GA,2040,21,156,100,0.0
GA,2040,21,157,100,0.0
GA,2040,21,158,100,0.0
GA,2040,21,159,100,0.0
GA,2040,21,160,100,0.0
GA,2040,21,161,100,0.0
GA,2040,21,162,100,0.0
GA,2040,21,163,100,0.0
GA,2040,21,164,100,0.0
GA,2040,21,165,100,0.0
GA,2040,21,166,100,0.0
GA,2040,21,167,100,0.0
GA,2040,42,0,100,0.0
GA,2040,42,1,100,0.0
GA,2040,42,2,100,0.0
GA,2040,42,3,100,0.0
GA,2040,42,4,100,0.0
GA,2040,42,5,100,0.0
GA,2040,42,6,100,0.0
GA,2040,42,7,100,0.0
GA,2040,42,8,100,0.0
GA,2040,42,9,100,0.0
GA,2040,42,10,100,0.0
GA,2040,42,11,100,0.0
GA,2040,42,12,100,0.0
GA,2040,42,13,100,0.0
GA,2040,42,14,100,0.0
GA,2040,42,15,100,0.0
GA,2040,42,16,100,0.0
GA,2040,42,17,100,0.0
GA,2040,42,18,100,0.0
GA,2040,42,19,100,0.0
GA,2040,42,20,100,0.0
GA,2040,42,21,100,0.0
GA,2040,42,22,100,0.0
GA,2040,42,23,100,0.0
GA,2040,42,24,100,0.0
GA,2040,42,25,100,0.0
GA,2040,42,26,100,0.0
GA,2040,42,27,100,0.0
GA,2040,42,28,100,0.0
GA,2040,42,29,100,0.0
GA,2040,42,30,100,0.0
GA,2040,42,31,100,0.0
GA,2040,42,32,100,0.0
GA,2040,42,33,100,0.0
GA,2040,42,34,100,0.0
GA,2040,42,35,100,0.0
GA,2040,42,36,100,0.0
GA,2040,42,37,100,0.0
GA,2040,42,38,100,0.0
GA,2040,42,39,100,0.0
GA,2040,42,40,100,0.0
GA,2040,42,41,100,0.0
GA,2040,42,42,100,0.0
GA,2040,42,43,100,0.0
GA,2040,42,44,100,0.0
GA,2040,42,45,100,0.0
GA,2040,42,46,100,0.0
GA,2040,42,47,100,0.0
GA,2040,42,48,100,0.0
GA,2040,42,49,100,0.0
GA,2040,42,50,100,0.0
GA,2040,42,51,100,0.0
GA,2040,42,52,100,0.0
GA,2040,42,53,100,0.0
GA,2040,42,54,100,0.0
GA,2040,42,55,100,0.0
GA,2040,42,56,100,0.0
GA,2040,42,57,100,0.0
GA,2040,42,58,100,0.0
GA,2040,42,59,100,0.0
GA,2040,42,60,100,0.0
GA,2040,42,61,100,0.0
GA,2040,42,62,100,0.0
GA,2040,42,63,100,0.0
GA,2040,42,64,100,0.0
GA,2040,42,65,100,0.0
GA,2040,42,66,100,0.0
GA,2040,42,67,100,0.0
GA,2040,42,68,100,0.0
GA,2040,42,69,100,0.0
GA,2040,42,70,100,0.0
GA,2040,42,71,100,0.0
GA,2040,42,72,100,0.0
GA,2040,42,73,100,0.0
GA,2040,42,74,100,0.0
GA,2040,42,75,100,0.0
GA,2040,42,76,100,0.0
GA,2040,42,77,100,0.0
GA,2040,42,78,100,0.0
GA,2040,42,79,100,0.0
GA,2040,42,80,100,0.0
GA,2040,42,81,100,0.0
GA,2040,42,82,100,0.0
GA,2040,42,83,100,0.0
GA,2040,42,84,100,0.0
GA,2040,42,85,100,0.0
GA,2040,42,86,100,0.0
GA,2040,42,87,100,0.0
GA,2040,42,88,100,0.0
GA,2040,42,89,100,0.0
GA,2040,42,90,100,0.0
GA,2040,42,91,100,0.0
GA,2040,42,92,100,0.0
GA,2040,42,93,100,0.0
GA,2040,42,94,100,0.0
GA,2040,42,95,100,0.0
GA,2040,42,96,100,0.0
GA,2040,42,97,100,0.0
GA,2040,42,98,100,0.0
GA,2040,42,99,100,0.0
GA,2040,42,100,100,0.0
GA,2040,42,101,100,0.0
GA,2040,42,102,100,0.0
GA,2040,42,103,100,0.0
GA,2040,42,104,100,0.0
GA,2040,42,105,100,0.0
GA,2040,42,106,100,0.0
GA,2040,42,107,100,0.0
GA,2040,42,108,100,0.0
GA,2040,42,109,100,0.0
GA,2040,42,110,100,0.0
GA,2040,42,111,100,0.0
GA,2040,42,112,100,0.0
GA,2040,42,113,100,0.0
GA,2040,42,114,100,0.0
GA,2040,42,115,100,0.0
GA,2040,42,116,100,0.0
GA,2040,42,117,100,0.0
GA,2040,42,118,100,0.0
GA,2040,42,119,100,0.0
GA,2040,42,120,100,0.0
GA,2040,42,121,100,0.0
GA,2040,42,122,100,0.0
GA,2040,42,123,100,0.0
GA,2040,42,124,100,0.0
GA,2040,42,125,100,0.0
GA,2040,42,126,100,0.0
GA,2040,42,127,100,0.0
GA,2040,42,128,100,0.0
GA,2040,42,129,100,0.0
GA,2040,42,130,100,0.0
GA,2040,42,131,100,0.0
GA,2040,42,132,100,0.0
GA,2040,42,133,100,0.0
GA,2040,42,134,100,0.0
GA,2040,42,135,100,0.0
GA,2040,42,136,100,0.0
GA,2040,42,137,100,0.0
GA,2040,42,138,100,0.0
GA,2040,42,139,100,0.0
GA,2040,42,140,100,0.0
GA,2040,42,141,100,0.0
GA,2040,42,142,100,0.0
GA,2040,42,143,100,0.0
GA,2040,42,144,100,0.0
GA,2040,42,145,100,0.0
GA,2040,42,146,100,0.0
GA,2040,42,147,100,0.0
GA,2040,42,148,100,0.0
GA,2040,42,149,100,0.0
GA,2040,42,150,100,0.0
GA,2040,42,151,100,0.0
GA,2040,42,152,100,0.0
GA,2040,42,153,100,0.0
GA,2040,42,154,100,0.0
GA,2040,42,155,100,0.0
GA,2040,42,156,100,0.0
GA,2040,42,157,100,0.0
GA,2040,42,158,100,0.0
GA,2040,42,159,100,0.0
GA,2040,42,160,100,0.0
GA,2040,42,161,100,0.0
GA,2040,42,162,100,0.0
GA,2040,42,163,100,0.0
GA,2040,42,164,100,0.0
GA,2040,42,165,100,0.0
GA,2040,42,166,100,0.0
GA,2040,42,167,100,0.0
GA,2040,52,0,100,0.0
GA,2040,52,1,100,0.0
GA,2040,52,2,100,0.0
GA,2040,52,3,100,0.0
GA,2040,52,4,100,0.0
GA,2040,52,5,100,0.0
GA,2040,52,6,100,0.0
GA,2040,52,7,100,0.0
GA,2040,52,8,100,0.0
GA,2040,52,9,100,0.0
GA,2040,52,10,100,0.0
GA,2040,52,11,100,0.0
GA,2040,52,12,100,0.0
GA,2040,52,13,100,0.0
GA,2040,52,14,100,0.0
GA,2040,52,15,100,0.0
GA,2040,52,16,100,0.0
GA,2040,52,17,100,0.0
GA,2040,52,18,100,0.0
GA,2040,52,19,100,0.0
GA,2040,52,20,100,0.0
GA,2040,52,21,100,0.0
GA,2040,52,22,100,0.0
GA,2040,52,23,100,0.0
GA,2040,52,24,100,0.0
GA,2040,52,25,100,0.0
GA,2040,52,26,100,0.0
GA,2040,52,27,100,0.0
GA,2040,52,28,100,0.0
GA,2040,52,29,100,0.0
GA,2040,52,30,100,0.0
GA,2040,52,31,100,0.0
GA,2040,52,32,100,0.0
GA,2040,52,33,100,0.0
GA,2040,52,34,100,0.0
GA,2040,52,35,100,0.0
GA,2040,52,36,100,0.0
GA,2040,52,37,100,0.0
GA,2040,52,38,100,0.0
GA,2040,52,39,100,0.0
GA,2040,52,40,100,0.0
GA,2040,52,41,100,0.0
GA,2040,52,42,100,0.0
GA,2040,52,43,100,0.0
GA,2040,52,44,100,0.0
GA,2040,52,45,100,0.0
GA,2040,52,46,100,0.0
GA,2040,52,47,100,0.0
GA,2040,52,48,100,0.0
GA,2040,52,49,100,0.0
GA,2040,52,50,100,0.0
GA,2040,52,51,100,0.0
GA,2040,52,52,100,0.0
GA,2040,52,53,100,0.0
GA,2040,52,54,100,0.0
GA,2040,52,55,100,0.0
GA,2040,52,56,100,0.0
GA,2040,52,57,100,0.0
GA,2040,52,58,100,0.0
GA,2040,52,59,100,0.0
GA,2040,52,60,100,0.0
GA,2040,52,61,100,0.0
GA,2040,52,62,100,0.0
GA,2040,52,63,100,0.0
GA,2040,52,64,100,0.0
GA,2040,52,65,100,0.0
GA,2040,52,66,100,0.0
GA,2040,52,67,100,0.0
GA,2040,52,68,100,0.0
GA,2040,52,69,100,0.0
GA,2040,52,70,100,0.0
GA,2040,52,71,100,0.0
GA,2040,52,72,100,0.0
GA,2040,52,73,100,0.0
GA,2040,52,74,100,0.0
GA,2040,52,75,100,0.0
GA,2040,52,76,100,0.0
GA,2040,52,77,100,0.0
GA,2040,52,78,100,0.0
GA,2040,52,79,100,0.0
GA,2040,52,80,100,0.0
GA,2040,52,81,100,0.0
GA,2040,52,82,100,0.0
GA,2040,52,83,100,0.0
GA,2040,52,84,100,0.0
GA,2040,52,85,100,0.0
GA,2040,52,86,100,0.0
GA,2040,52,87,100,0.0
GA,2040,52,88,100,0.0
GA,2040,52,89,100,0.0
GA,2040,52,90,100,0.0
GA,2040,52,91,100,0.0
GA,2040,52,92,100,0.0
GA,2040,52,93,100,0.0
GA,2040,52,94,100,0.0
GA,2040,52,95,100,0.0
GA,2040,52,96,100,0.0
GA,2040,52,97,100,0.0
GA,2040,52,98,100,0.0
GA,2040,52,99,100,0.0
GA,2040,52,100,100,0.0
GA,2040,52,101,100,0.0
GA,2040,52,102,100,0.0
GA,2040,52,103,100,0.0
GA,2040,52,104,100,0.0
GA,2040,52,105,100,0.0
GA,2040,52,106,100,0.0
GA,2040,52,107,100,0.0
GA,2040,52,108,100,0.0
GA,2040,52,109,100,0.0
GA,2040,52,110,100,0.0
GA,2040,52,111,100,0.0
GA,2040,52,112,100,0.0
GA,2040,52,113,100,0.0
GA,2040,52,114,100,0.0
GA,2040,52,115,100,0.0
GA,2040,52,116,100,0.0
GA,2040,52,117,100,0.0
GA,2040,52,118,100,0.0
GA,2040,52,119,100,0.0
GA,2040,52,120,100,0.0
GA,2040,52,121,100,0.0
GA,2040,52,122,100,0.0
GA,2040,52,123,100,0.0
GA,2040,52,124,100,0.0
GA,2040,52,125,100,0.0
GA,2040,52,126,100,0.0
GA,2040,52,127,100,0.0
GA,2040,52,128,100,0.0
GA,2040,52,129,100,0.0
GA,2040,52,130,100,0.0
GA,2040,52,131,100,0.0
GA,2040,52,132,100,0.0
GA,2040,52,133,100,0.0
GA,2040,52,134,100,0.0
GA,2040,52,135,100,0.0
GA,2040,52,136,100,0.0
GA,2040,52,137,100,0.0
GA,2040,52,138,100,0.0
GA,2040,52,139,100,0.0
GA,2040,52,140,100,0.0
GA,2040,52,141,100,0.0
GA,2040,52,142,100,0.0
GA,2040,52,143,100,0.0
GA,2040,52,144,100,0.0
GA,2040,52,145,100,0.0
GA,2040,52,146,100,0.0
GA,2040,52,147,100,0.0
GA,2040,52,148,100,0.0
GA,2040,52,149,100,0.0
GA,2040,52,150,100,0.0
GA,2040,52,151,100,0.0
GA,2040,52,152,100,0.0
GA,2040,52,153,100,0.0
GA,2040,52,154,100,0.0
GA,2040,52,155,100,0.0
GA,2040,52,156,100,0.0
GA,2040,52,157,100,0.0
GA,2040,52,158,100,0.0
GA,2040,52,159,100,0.0
GA,2040,52,160,100,0.0
GA,2040,52,161,100,0.0
GA,2040,52,162,100,0.0
GA,2040,52,163,100,0.0
GA,2040,52,164,100,0.0
GA,2040,52,165,100,0.0
GA,2040,52,166,100,0.0
GA,2040,52,167,100,0.0
DE,2040,11,0,100,0.0
DE,2040,11,1,100,0.0
DE,2040,11,2,100,0.0
DE,2040,11,3,100,0.0
DE,2040,11,4,100,0.0
DE,2040,11,5,100,0.0
DE,2040,11,6,100,0.0
DE,2040,11,7,100,0.0
DE,2040,11,8,100,0.0
DE,2040,11,9,100,0.0
DE,2040,11,10,100,0.0
DE,2040,11,11,100,0.0
DE,2040,11,12,100,0.0
DE,2040,11,13,100,0.0
DE,2040,11,14,100,0.0
DE,2040,11,15,100,0.0
DE,2040,11,16,100,0.0
DE,2040,11,17,100,0.0
DE,2040,11,18,100,0.0
DE,2040,11,19,100,0.0
DE,2040,11,20,100,0.0
DE,2040,11,21,100,0.0
DE,2040,11,22,100,0.0
DE,2040,11,23,100,0.0
DE,2040,11,24,100,0.0
DE,2040,11,25,100,0.0
DE,2040,11,26,100,0.0
DE,2040,11,27,100,0.0
DE,2040,11,28,100,0.0
DE,2040,11,29,100,0.0
DE,2040,11,30,100,0.0
DE,2040,11,31,100,0.0
DE,2040,11,32,100,0.0
DE,2040,11,33,100,0.0
DE,2040,11,34,100,0.0
DE,2040,11,35,100,0.0
DE,2040,11,36,100,0.0
DE,2040,11,37,100,0.0
DE,2040,11,38,100,0.0
DE,2040,11,39,100,0.0
DE,2040,11,40,100,0.0
DE,2040,11,41,100,0.0
DE,2040,11,42,100,0.0
DE,2040,11,43,100,0.0
DE,2040,11,44,100,0.0
DE,2040,11,45,100,0.0
DE,2040,11,46,100,0.0
DE,2040,11,47,100,0.0
DE,2040,11,48,100,0.0
DE,2040,11,49,100,0.0
DE,2040,11,50,100,0.0
DE,2040,11,51,100,0.0
DE,2040,11,52,100,0.0
DE,2040,11,53,100,0.0
DE,2040,11,54,100,0.0
DE,2040,11,55,100,0.0
DE,2040,11,56,100,0.0
DE,2040,11,57,100,0.0
DE,2040,11,58,100,0.0
DE,2040,11,59,100,0.0
DE,2040,11,60,100,0.0
DE,2040,11,61,100,0.0
DE,2040,11,62,100,0.0
DE,2040,11,63,100,0.0
DE,2040,11,64,100,0.0
DE,2040,11,65,100,0.0
DE,2040,11,66,100,0.0
DE,2040,11,67,100,0.0
DE,2040,11,68,100,0.0
DE,2040,11,69,100,0.0
DE,2040,11,70,100,0.0
DE,2040,11,71,100,0.0
DE,2040,11,72,100,0.0
DE,2040,11,73,100,0.0
DE,2040,11,74,100,0.0
DE,2040,11,75,100,0.0
DE,2040,11,76,100,0.0
DE,2040,11,77,100,0.0
DE,2040,11,78,100,0.0
DE,2040,11,79,100,0.0
DE,2040,11,80,100,0.0
DE,2040,11,81,100,0.0
DE,2040,11,82,100,0.0
DE,2040,11,83,100,0.0
DE,2040,11,84,100,0.0
DE,2040,11,85,100,0.0
DE,2040,11,86,100,0.0
DE,2040,11,87,100,0.0
DE,2040,11,88,100,0.0
DE,2040,11,89,100,0.0
DE,2040,11,90,100,0.0
DE,2040,11,91,100,0.0
DE,2040,11,92,100,0.0
DE,2040,11,93,100,0.0
DE,2040,11,94,100,0.0
DE,2040,11,95,100,0.0
DE,2040,11,96,100,0.0
DE,2040,11,97,100,0.0
DE,2040,11,98,100,0.0
DE,2040,11,99,100,0.0
DE,2040,11,100,100,0.0
DE,2040,11,101,100,0.0
DE,2040,11,102,100,0.0
DE,2040,11,103,100,0.0
DE,2040,11,104,100,0.0
DE,2040,11,105,100,0.0
DE,2040,11,106,100,0.0
DE,2040,11,107,100,0.0
DE,2040,11,108,100,0.0
DE,2040,11,109,100,0.0
DE,2040,11,110,100,0.0
DE,2040,11,111,100,0.0
DE,2040,11,112,100,0.0
DE,2040,11,113,100,0.0
DE,2040,11,114,100,0.0
DE,2040,11,115,100,0.0
DE,2040,11,116,100,0.0
DE,2040,11,117,100,0.0
DE,2040,11,118,100,0.0
DE,2040,11,119,100,0.0
DE,2040,11,120,100,0.0
DE,2040,11,121,100,0.0
DE,2040,11,122,100,0.0
DE,2040,11,123,100,0.0
DE,2040,11,124,100,0.0
DE,2040,11,125,100,0.0
DE,2040,11,126,100,0.0
DE,2040,11,127,100,0.0
DE,2040,11,128,100,0.0
DE,2040,11,129,100,0.0
DE,2040,11,130,100,0.0
DE,2040,11,131,100,0.0
DE,2040,11,132,100,0.0
DE,2040,11,133,100,0.0
DE,2040,11,134,100,0.0
DE,2040,11,135,100,0.0
DE,2040,11,136,100,0.0
DE,2040,11,137,100,0.0
DE,2040,11,138,100,0.0
DE,2040,11,139,100,0.0
DE,2040,11,140,100,0.0
DE,2040,11,141,100,0.0
DE,2040,11,142,100,0.0
DE,2040,11,143,100,0.0
DE,2040,11,144,100,0.0
DE,2040,11,145,100,0.0
DE,2040,11,146,100,0.0
DE,2040,11,147,100,0.0
DE,2040,11,148,100,0.0
DE,2040,11,149,100,0.0
DE,2040,11,150,100,0.0
DE,2040,11,151,100,0.0
DE,2040,11,152,100,0.0
DE,2040,11,153,100,0.0
DE,2040,11,154,100,0.0
DE,2040,11,155,100,0.0
DE,2040,11,156,100,0.0
DE,2040,11,157,100,0.0
DE,2040,11,158,100,0.0
DE,2040,11,159,100,0.0
DE,2040,11,160,100,0.0
DE,2040,11,161,100,0.0
DE,2040,11,162,100,0.0
DE,2040,11,163,100,0.0
DE,2040,11,164,100,0.0
DE,2040,11,165,100,0.0
DE,2040,11,166,100,0.0
DE,2040,11,167,100,0.0
DE,2040,21,0,100,0.0
DE,2040,21,1,100,0.0
DE,2040,21,2,100,0.0
DE,2040,21,3,100,0.0
DE,2040,21,4,100,0.0
DE,2040,21,5,100,0.0
DE,2040,21,6,100,0.0
DE,2040,21,7,100,0.0
DE,2040,21,8,100,0.0
DE,2040,21,9,100,0.0
DE,2040,21,10,100,0.0
DE,2040,21,11,100,0.0
DE,2040,21,12,100,0.0
DE,2040,21,13,100,0.0
DE,2040,21,14,100,0.0
DE,2040,21,15,100,0.0
DE,2040,21,16,100,0.0
DE,2040,21,17,100,0.0
DE,2040,21,18,100,0.0
DE,2040,21,19,100,0.0
DE,2040,21,20,100,0.0
DE,2040,21,21,100,0.0
DE,2040,21,22,100,0.0
DE,2040,21,23,100,0.0
DE,2040,21,24,100,0.0
DE,2040,21,25,100,0.0
DE,2040,21,26,100,0.0
DE,2040,21,27,100,0.0
DE,2040,21,28,100,0.0
DE,2040,21,29,100,0.0
DE,2040,21,30,100,0.0
DE,2040,21,31,100,0.0
DE,2040,21,32,100,0.0
DE,2040,21,33,100,0.0
DE,2040,21,34,100,0.0
DE,2040,21,35,100,0.0
DE,2040,21,36,100,0.0
DE,2040,21,37,100,0.0
DE,2040,21,38,100,0.0
DE,2040,21,39,100,0.0
DE,2040,21,40,100,0.0
DE,2040,21,41,100,0.0
DE,2040,21,42,100,0.0
DE,2040,21,43,100,0.0
DE,2040,21,44,100,0.0
DE,2040,21,45,100,0.0
DE,2040,21,46,100,0.0
DE,2040,21,47,100,0.0
DE,2040,21,48,100,0.0
DE,2040,21,49,100,0.0
DE,2040,21,50,100,0.0
DE,2040,21,51,100,0.0
DE,2040,21,52,100,0.0
DE,2040,21,53,100,0.0
DE,2040,21,54,100,0.0
DE,2040,21,55,100,0.0
DE,2040,21,56,100,0.0
DE,2040,21,57,100,0.0
DE,2040,21,58,100,0.0
DE,2040,21,59,100,0.0
DE,2040,21,60,100,0.0
DE,2040,21,61,100,0.0
DE,2040,21,62,100,0.0
DE,2040,21,63,100,0.0
DE,2040,21,64,100,0.0
DE,2040,21,65,100,0.0
DE,2040,21,66,100,0.0
DE,2040,21,67,100,0.0
DE,2040,21,68,100,0.0
DE,2040,21,69,100,0.0
DE,2040,21,70,100,0.0
DE,2040,21,71,100,0.0
DE,2040,21,72,100,0.0
DE,2040,21,73,100,0.0
DE,2040,21,74,100,0.0
DE,2040,21,75,100,0.0
DE,2040,21,76,100,0.0
DE,2040,21,77,100,0.0
DE,2040,21,78,100,0.0
DE,2040,21,79,100,0.0
DE,2040,21,80,100,0.0
DE,2040,21,81,100,0.0
DE,2040,21,82,100,0.0
DE,2040,21,83,100,0.0
DE,2040,21,84,100,0.0
DE,2040,21,85,100,0.0
DE,2040,21,86,100,0.0
DE,2040,21,87,100,0.0
DE,2040,21,88,100,0.0
DE,2040,21,89,100,0.0
DE,2040,21,90,100,0.0
DE,2040,21,91,100,0.0
DE,2040,21,92,100,0.0
DE,2040,21,93,100,0.0
DE,2040,21,94,100,0.0
DE,2040,21,95,100,0.0
DE,2040,21,96,100,0.0
DE,2040,21,97,100,0.0
DE,2040,21,98,100,0.0
DE,2040,21,99,100,0.0
DE,2040,21,100,100,0.0
DE,2040,21,101,100,0.0
DE,2040,21,102,100,0.0
DE,2040,21,103,100,0.0
DE,2040,21,104,100,0.0
DE,2040,21,105,100,0.0
DE,2040,21,106,100,0.0
DE,2040,21,107,100,0.0
DE,2040,21,108,100,0.0
DE,2040,21,109,100,0.0
DE,2040,21,110,100,0.0
DE,2040,21,111,100,0.0
DE,2040,21,112,100,0.0
DE,2040,21,113,100,0.0
DE,2040,21,114,100,0.0
DE,2040,21,115,100,0.0
DE,2040,21,116,100,0.0
DE,2040,21,117,100,0.0
DE,2040,21,118,100,0.0
DE,2040,21,119,100,0.0
DE,2040,21,120,100,0.0
DE,2040,21,121,100,0.0
DE,2040,21,122,100,0.0
DE,2040,21,123,100,0.0
DE,2040,21,124,100,0.0
DE,2040,21,125,100,0.0
DE,2040,21,126,100,0.0
DE,2040,21,127,100,0.0
DE,2040,21,128,100,0.0
DE,2040,21,129,100,0.0
DE,2040,21,130,100,0.0
DE,2040,21,131,100,0.0
DE,2040,21,132,100,0.0
DE,2040,21,133,100,0.0
DE,2040,21,134,100,0.0
DE,2040,21,135,100,0.0
DE,2040,21,136,100,0.0
DE,2040,21,137,100,0.0
DE,2040,21,138,100,0.0
DE,2040,21,139,100,0.0
DE,2040,21,140,100,0.0
DE,2040,21,141,100,0.0
DE,2040,21,142,100,0.0
DE,2040,21,143,100,0.0
DE,2040,21,144,100,0.0
DE,2040,21,145,100,0.0
DE,2040,21,146,100,0.0
DE,2040,21,147,100,0.0
DE,2040,21,148,100,0.0
DE,2040,21,149,100,0.0
DE,2040,21,150,100,0.0
DE,2040,21,151,100,0.0
DE,2040,21,152,100,0.0
DE,2040,21,153,100,0.0
DE,2040,21,154,100,0.0
DE,2040,21,155,100,0.0
DE,2040,21,156,100,0.0
DE,2040,21,157,100,0.0
DE,2040,21,158,100,0.0
DE,2040,21,159,100,0.0
DE,2040,21,160,100,0.0
DE,2040,21,161,100,0.0
DE,2040,21,162,100,0.0
DE,2040,21,163,100,0.0
DE,2040,21,164,100,0.0
DE,2040,21,165,100,0.0
DE,2040,21,166,100,0.0
DE,2040,21,167,100,0.0
DE,2040,42,0,100,0.0
DE,2040,42,1,100,0.0
DE,2040,42,2,100,0.0
DE,2040,42,3,100,0.0
DE,2040,42,4,100,0.0
DE,2040,42,5,100,0.0
DE,2040,42,6,100,0.0
DE,2040,42,7,100,0.0
DE,2040,42,8,100,0.0
DE,2040,42,9,100,0.0
DE,2040,42,10,100,0.0
DE,2040,42,11,100,0.0
DE,2040,42,12,100,0.0
DE,2040,42,13,100,0.0
DE,2040,42,14,100,0.0
DE,2040,42,15,100,0.0
DE,2040,42,16,100,0.0
DE,2040,42,17,100,0.0
DE,2040,42,18,100,0.0
DE,2040,42,19,100,0.0
DE,2040,42,20,100,0.0
DE,2040,42,21,100,0.0
DE,2040,42,22,100,0.0
DE,2040,42,23,100,0.0
DE,2040,42,24,100,0.0
DE,2040,42,25,100,0.0
DE,2040,42,26,100,0.0
DE,2040,42,27,100,0.0
DE,2040,42,28,100,0.0
DE,2040,42,29,100,0.0
DE,2040,42,30,100,0.0
DE,2040,42,31,100,0.0
DE,2040,42,32,100,0.0
DE,2040,42,33,100,0.0
DE,2040,42,34,100,0.0
DE,2040,42,35,100,0.0
DE,2040,42,36,100,0.0
DE,2040,42,37,100,0.0
DE,2040,42,38,100,0.0
DE,2040,42,39,100,0.0
DE,2040,42,40,100,0.0
DE,2040,42,41,100,0.0
DE,2040,42,42,100,0.0
DE,2040,42,43,100,0.0
DE,2040,42,44,100,0.0
DE,2040,42,45,100,0.0
DE,2040,42,46,100,0.0
DE,2040,42,47,100,0.0
DE,2040,42,48,100,0.0
DE,2040,42,49,100,0.0
DE,2040,42,50,100,0.0
DE,2040,42,51,100,0.0
DE,2040,42,52,100,0.0
DE,2040,42,53,100,0.0
DE,2040,42,54,100,0.0
DE,2040,42,55,100,0.0
DE,2040,42,56,100,0.0
DE,2040,42,57,100,0.0
DE,2040,42,58,100,0.0
DE,2040,42,59,100,0.0
DE,2040,42,60,100,0.0
DE,2040,42,61,100,0.0
DE,2040,42,62,100,0.0
DE,2040,42,63,100,0.0
DE,2040,42,64,100,0.0
DE,2040,42,65,100,0.0
DE,2040,42,66,100,0.0
DE,2040,42,67,100,0.0
DE,2040,42,68,100,0.0
DE,2040,42,69,100,0.0
DE,2040,42,70,100,0.0
DE,2040,42,71,100,0.0
DE,2040,42,72,100,0.0
DE,2040,42,73,100,0.0
DE,2040,42,74,100,0.0
DE,2040,42,75,100,0.0
DE,2040,42,76,100,0.0
DE,2040,42,77,100,0.0
DE,2040,42,78,100,0.0
DE,2040,42,79,100,0.0
DE,2040,42,80,100,0.0
DE,2040,42,81,100,0.0
DE,2040,42,82,100,0.0
DE,2040,42,83,100,0.0
DE,2040,42,84,100,0.0
DE,2040,42,85,100,0.0
DE,2040,42,86,100,0.0
DE,2040,42,87,100,0.0
DE,2040,42,88,100,0.0
DE,2040,42,89,100,0.0
DE,2040,42,90,100,0.0
DE,2040,42,91,100,0.0
DE,2040,42,92,100,0.0
DE,2040,42,93,100,0.0
DE,2040,42,94,100,0.0
DE,2040,42,95,100,0.0
DE,2040,42,96,100,0.0
DE,2040,42,97,100,0.0
DE,2040,42,98,100,0.0
DE,2040,42,99,100,0.0
DE,2040,42,100,100,0.0
DE,2040,42,101,100,0.0
DE,2040,42,102,100,0.0
DE,2040,42,103,100,0.0
DE,2040,42,104,100,0.0
DE,2040,42,105,100,0.0
DE,2040,42,106,100,0.0
DE,2040,42,107,100,0.0
DE,2040,42,108,100,0.0
DE,2040,42,109,100,0.0
DE,2040,42,110,100,0.0
DE,2040,42,111,100,0.0
DE,2040,42,112,100,0.0
DE,2040,42,113,100,0.0
DE,2040,42,114,100,0.0
DE,2040,42,115,100,0.0
DE,2040,42,116,100,0.0
DE,2040,42,117,100,0.0
DE,2040,42,118,100,0.0
DE,2040,42,119,100,0.0
DE,2040,42,120,100,0.0
DE,2040,42,121,100,0.0
DE,2040,42,122,100,0.0
DE,2040,42,123,100,0.0
DE,2040,42,124,100,0.0
DE,2040,42,125,100,0.0
DE,2040,42,126,100,0.0
DE,2040,42,127,100,0.0
DE,2040,42,128,100,0.0
DE,2040,42,129,100,0.0
DE,2040,42,130,100,0.0
DE,2040,42,131,100,0.0
DE,2040,42,132,100,0.0
DE,2040,42,133,100,0.0
DE,2040,42,134,100,0.0
DE,2040,42,135,100,0.0
DE,2040,42,136,100,0.0
DE,2040,42,137,100,0.0
DE,2040,42,138,100,0.0
DE,2040,42,139,100,0.0
DE,2040,42,140,100,0.0
DE,2040,42,141,100,0.0
DE,2040,42,142,100,0.0
DE,2040,42,143,100,0.0
DE,2040,42,144,100,0.0
DE,2040,42,145,100,0.0
DE,2040,42,146,100,0.0
DE,2040,42,147,100,0.0
DE,2040,42,148,100,0.0
DE,2040,42,149,100,0.0
DE,2040,42,150,100,0.0
DE,2040,42,151,100,0.0
DE,2040,42,152,100,0.0
DE,2040,42,153,100,0.0
DE,2040,42,154,100,0.0
DE,2040,42,155,100,0.0
DE,2040,42,156,100,0.0
DE,2040,42,157,100,0.0
DE,2040,42,158,100,0.0
DE,2040,42,159,100,0.0
DE,2040,42,160,100,0.0
DE,2040,42,161,100,0.0
DE,2040,42,162,100,0.0
DE,2040,42,163,100,0.0
DE,2040,42,164,100,0.0
DE,2040,42,165,100,0.0
DE,2040,42,166,100,0.0
DE,2040,42,167,100,0.0
DE,2040,52,0,100,0.0
DE,2040,52,1,100,0.0
DE,2040,52,2,100,0.0
DE,2040,52,3,100,0.0
DE,2040,52,4,100,0.0
DE,2040,52,5,100,0.0
DE,2040,52,6,100,0.0
DE,2040,52,7,100,0.0
DE,2040,52,8,100,0.0
DE,2040,52,9,100,0.0
DE,2040,52,10,100,0.0
DE,2040,52,11,100,0.0
DE,2040,52,12,100,0.0
DE,2040,52,13,100,0.0
DE,2040,52,14,100,0.0
DE,2040,52,15,100,0.0
DE,2040,52,16,100,0.0
DE,2040,52,17,100,0.0
DE,2040,52,18,100,0.0
DE,2040,52,19,100,0.0
DE,2040,52,20,100,0.0
DE,2040,52,21,100,0.0
DE,2040,52,22,100,0.0
DE,2040,52,23,100,0.0
DE,2040,52,24,100,0.0
DE,2040,52,25,100,0.0
DE,2040,52,26,100,0.0
DE,2040,52,27,100,0.0
DE,2040,52,28,100,0.0
DE,2040,52,29,100,0.0
DE,2040,52,30,100,0.0
DE,2040,52,31,100,0.0
DE,2040,52,32,100,0.0
DE,2040,52,33,100,0.0
DE,2040,52,34,100,0.0
DE,2040,52,35,100,0.0
DE,2040,52,36,100,0.0
DE,2040,52,37,100,0.0
DE,2040,52,38,100,0.0
DE,2040,52,39,100,0.0
DE,2040,52,40,100,0.0
DE,2040,52,41,100,0.0
DE,2040,52,42,100,0.0
DE,2040,52,43,100,0.0
DE,2040,52,44,100,0.0
DE,2040,52,45,100,0.0
DE,2040,52,46,100,0.0
DE,2040,52,47,100,0.0
DE,2040,52,48,100,0.0
DE,2040,52,49,100,0.0
DE,2040,52,50,100,0.0
DE,2040,52,51,100,0.0
DE,2040,52,52,100,0.0
DE,2040,52,53,100,0.0
DE,2040,52,54,100,0.0
DE,2040,52,55,100,0.0
DE,2040,52,56,100,0.0
DE,2040,52,57,100,0.0
DE,2040,52,58,100,0.0
DE,2040,52,59,100,0.0
DE,2040,52,60,100,0.0
DE,2040,52,61,100,0.0
DE,2040,52,62,100,0.0
DE,2040,52,63,100,0.0
DE,2040,52,64,100,0.0
DE,2040,52,65,100,0.0
DE,2040,52,66,100,0.0
DE,2040,52,67,100,0.0
DE,2040,52,68,100,0.0
DE,2040,52,69,100,0.0
DE,2040,52,70,100,0.0
DE,2040,52,71,100,0.0
DE,2040,52,72,100,0.0
DE,2040,52,73,100,0.0
DE,2040,52,74,100,0.0
DE,2040,52,75,100,0.0
DE,2040,52,76,100,0.0
DE,2040,52,77,100,0.0
DE,2040,52,78,100,0.0
DE,2040,52,79,100,0.0
DE,2040,52,80,100,0.0
DE,2040,52,81,100,0.0
DE,2040,52,82,100,0.0
DE,2040,52,83,100,0.0
DE,2040,52,84,100,0.0
DE,2040,52,85,100,0.0
DE,2040,52,86,100,0.0
DE,2040,52,87,100,0.0
DE,2040,52,88,100,0.0
DE,2040,52,89,100,0.0
DE,2040,52,90,100,0.0
DE,2040,52,91,100,0.0
DE,2040,52,92,100,0.0
DE,2040,52,93,100,0.0
DE,2040,52,94,100,0.0
DE,2040,52,95,100,0.0
DE,2040,52,96,100,0.0
DE,2040,52,97,100,0.0
DE,2040,52,98,100,0.0
DE,2040,52,99,100,0.0
DE,2040,52,100,100,0.0
DE,2040,52,101,100,0.0
DE,2040,52,102,100,0.0
DE,2040,52,103,100,0.0
DE,2040,52,104,100,0.0
DE,2040,52,105,100,0.0
DE,2040,52,106,100,0.0
DE,2040,52,107,100,0.0
DE,2040,52,108,100,0.0
DE,2040,52,109,100,0.0
DE,2040,52,110,100,0.0
DE,2040,52,111,100,0.0
DE,2040,52,112,100,0.0
DE,2040,52,113,100,0.0
DE,2040,52,114,100,0.0
DE,2040,52,115,100,0.0
DE,2040,52,116,100,0.0
DE,2040,52,117,100,0.0
DE,2040,52,118,100,0.0
DE,2040,52,119,100,0.0
DE,2040,52,120,100,0.0
DE,2040,52,121,100,0.0
DE,2040,52,122,100,0.0
DE,2040,52,123,100,0.0
DE,2040,52,124,100,0.0
DE,2040,52,125,100,0.0
DE,2040,52,126,100,0.0
DE,2040,52,127,100,0.0
DE,2040,52,128,100,0.0
DE,2040,52,129,100,0.0
DE,2040,52,130,100,0.0
DE,2040,52,131,100,0.0
DE,2040,52,132,100,0.0
DE,2040,52,133,100,0.0
DE,2040,52,134,100,0.0
DE,2040,52,135,100,0.0
DE,2040,52,136,100,0.0
DE,2040,52,137,100,0.0
DE,2040,52,138,100,0.0
DE,2040,52,139,100,0.0
DE,2040,52,140,100,0.0
DE,2040,52,141,100,0.0
DE,2040,52,142,100,0.0
DE,2040,52,143,100,0.0
DE,2040,52,144,100,0.0
DE,2040,52,145,100,0.0
DE,2040,52,146,100,0.0
DE,2040,52,147,100,0.0
DE,2040,52,148,100,0.0
DE,2040,52,149,100,0.0
DE,2040,52,150,100,0.0
DE,2040,52,151,100,0.0
DE,2040,52,152,100,0.0
DE,2040,52,153,100,0.0
DE,2040,52,154,100,0.0
DE,2040,52,155,100,0.0
DE,2040,52,156,100,0.0
DE,2040,52,157,100,0.0
DE,2040,52,158,100,0.0
DE,2040,52,159,100,0.0
DE,2040,52,160,100,0.0
DE,2040,52,161,100,0.0
DE,2040,52,162,100,0.0
DE,2040,52,163,100,0.0
DE,2040,52,164,100,0.0
DE,2040,52,165,100,0.0
DE,2040,52,166,100,0.0
DE,2040,52,167,100,0.0
GA,2050,11,0,100,0.0
GA,2050,11,1,100,0.0
GA,2050,11,2,100,0.0
GA,2050,11,3,100,0.0
GA,2050,11,4,100,0.0
GA,2050,11,5,100,0.0
GA,2050,11,6,100,0.0
GA,2050,11,7,100,0.0
GA,2050,11,8,100,0.0
GA,2050,11,9,100,0.0
GA,2050,11,10,100,0.0
GA,2050,11,11,100,0.0
GA,2050,11,12,100,0.0
GA,2050,11,13,100,0.0
GA,2050,11,14,100,0.0
GA,2050,11,15,100,0.0
GA,2050,11,16,100,0.0
GA,2050,11,17,100,0.0
GA,2050,11,18,100,0.0
GA,2050,11,19,100,0.0
GA,2050,11,20,100,0.0
GA,2050,11,21,100,0.0
GA,2050,11,22,100,0.0
GA,2050,11,23,100,0.0
GA,2050,11,24,100,0.0
GA,2050,11,25,100,0.0
GA,2050,11,26,100,0.0
GA,2050,11,27,100,0.0
GA,2050,11,28,100,0.0
GA,2050,11,29,100,0.0
GA,2050,11,30,100,0.0
GA,2050,11,31,100,0.0
GA,2050,11,32,100,0.0
GA,2050,11,33,100,0.0
GA,2050,11,34,100,0.0
GA,2050,11,35,100,0.0
GA,2050,11,36,100,0.0
GA,2050,11,37,100,0.0
GA,2050,11,38,100,0.0
GA,2050,11,39,100,0.0
GA,2050,11,40,100,0.0
GA,2050,11,41,100,0.0
GA,2050,11,42,100,0.0
GA,2050,11,43,100,0.0
GA,2050,11,44,100,0.0
GA,2050,11,45,100,0.0
GA,2050,11,46,100,0.0
GA,2050,11,47,100,0.0
GA,2050,11,48,100,0.0
GA,2050,11,49,100,0.0
GA,2050,11,50,100,0.0
GA,2050,11,51,100,0.0
GA,2050,11,52,100,0.0
GA,2050,11,53,100,0.0
GA,2050,11,54,100,0.0
GA,2050,11,55,100,0.0
GA,2050,11,56,100,0.0
GA,2050,11,57,100,0.0
GA,2050,11,58,100,0.0
GA,2050,11,59,100,0.0
GA,2050,11,60,100,0.0
GA,2050,11,61,100,0.0
GA,2050,11,62,100,0.0
GA,2050,11,63,100,0.0
GA,2050,11,64,100,0.0
GA,2050,11,65,100,0.0
GA,2050,11,66,100,0.0
GA,2050,11,67,100,0.0
GA,2050,11,68,100,0.0
GA,2050,11,69,100,0.0
GA,2050,11,70,100,0.0
GA,2050,11,71,100,0.0
GA,2050,11,72,100,0.0
GA,2050,11,73,100,0.0
GA,2050,11,74,100,0.0
GA,2050,11,75,100,0.0
GA,2050,11,76,100,0.0
GA,2050,11,77,100,0.0
GA,2050,11,78,100,0.0
GA,2050,11,79,100,0.0
GA,2050,11,80,100,0.0
GA,2050,11,81,100,0.0
GA,2050,11,82,100,0.0
GA,2050,11,83,100,0.0
GA,2050,11,84,100,0.0
GA,2050,11,85,100,0.0
GA,2050,11,86,100,0.0
GA,2050,11,87,100,0.0
GA,2050,11,88,100,0.0
GA,2050,11,89,100,0.0
GA,2050,11,90,100,0.0
GA,2050,11,91,100,0.0
GA,2050,11,92,100,0.0
GA,2050,11,93,100,0.0
GA,2050,11,94,100,0.0
GA,2050,11,95,100,0.0
GA,2050,11,96,100,0.0
GA,2050,11,97,100,0.0
GA,2050,11,98,100,0.0
GA,2050,11,99,100,0.0
GA,2050,11,100,100,0.0
GA,2050,11,101,100,0.0
GA,2050,11,102,100,0.0
GA,2050,11,103,100,0.0
GA,2050,11,104,100,0.0
GA,2050,11,105,100,0.0
GA,2050,11,106,100,0.0
GA,2050,11,107,100,0.0
GA,2050,11,108,100,0.0
GA,2050,11,109,100,0.0
GA,2050,11,110,100,0.0
GA,2050,11,111,100,0.0
GA,2050,11,112,100,0.0
GA,2050,11,113,100,0.0
GA,2050,11,114,100,0.0
GA,2050,11,115,100,0.0
GA,2050,11,116,100,0.0
GA,2050,11,117,100,0.0
GA,2050,11,118,100,0.0
GA,2050,11,119,100,0.0
GA,2050,11,120,100,0.0
GA,2050,11,121,100,0.0
GA,2050,11,122,100,0.0
GA,2050,11,123,100,0.0
GA,2050,11,124,100,0.0
GA,2050,11,125,100,0.0
GA,2050,11,126,100,0.0
GA,2050,11,127,100,0.0
GA,2050,11,128,100,0.0
GA,2050,11,129,100,0.0
GA,2050,11,130,100,0.0
GA,2050,11,131,100,0.0
GA,2050,11,132,100,0.0
GA,2050,11,133,100,0.0
GA,2050,11,134,100,0.0
GA,2050,11,135,100,0.0
GA,2050,11,136,100,0.0
GA,2050,11,137,100,0.0
GA,2050,11,138,100,0.0
GA,2050,11,139,100,0.0
GA,2050,11,140,100,0.0
GA,2050,11,141,100,0.0
GA,2050,11,142,100,0.0
GA,2050,11,143,100,0.0
GA,2050,11,144,100,0.0
GA,2050,11,145,100,0.0
GA,2050,11,146,100,0.0
GA,2050,11,147,100,0.0
GA,2050,11,148,100,0.0
GA,2050,11,149,100,0.0
GA,2050,11,150,100,0.0
GA,2050,11,151,100,0.0
GA,2050,11,152,100,0.0
GA,2050,11,153,100,0.0
GA,2050,11,154,100,0.0
GA,2050,11,155,100,0.0
GA,2050,11,156,100,0.0
GA,2050,11,157,100,0.0
GA,2050,11,158,100,0.0
GA,2050,11,159,100,0.0
GA,2050,11,160,100,0.0
GA,2050,11,161,100,0.0
GA,2050,11,162,100,0.0
GA,2050,11,163,100,0.0
GA,2050,11,164,100,0.0
GA,2050,11,165,100,0.0
GA,2050,11,166,100,0.0
GA,2050,11,167,100,0.0
GA,2050,21,0,100,0.0
GA,2050,21,1,100,0.0
GA,2050,21,2,100,0.0
GA,2050,21,3,100,0.0
GA,2050,21,4,100,0.0
GA,2050,21,5,100,0.0
GA,2050,21,6,100,0.0
GA,2050,21,7,100,0.0
GA,2050,21,8,100,0.0
GA,2050,21,9,100,0.0
GA,2050,21,10,100,0.0
GA,2050,21,11,100,0.0
GA,2050,21,12,100,0.0
GA,2050,21,13,100,0.0
GA,2050,21,14,100,0.0
GA,2050,21,15,100,0.0
GA,2050,21,16,100,0.0
GA,2050,21,17,100,0.0
GA,2050,21,18,100,0.0
GA,2050,21,19,100,0.0
GA,2050,21,20,100,0.0
GA,2050,21,21,100,0.0
GA,2050,21,22,100,0.0
GA,2050,21,23,100,0.0
GA,2050,21,24,100,0.0
GA,2050,21,25,100,0.0
GA,2050,21,26,100,0.0
GA,2050,21,27,100,0.0
GA,2050,21,28,100,0.0
GA,2050,21,29,100,0.0
GA,2050,21,30,100,0.0
GA,2050,21,31,100,0.0
GA,2050,21,32,100,0.0
GA,2050,21,33,100,0.0
GA,2050,21,34,100,0.0
GA,2050,21,35,100,0.0
GA,2050,21,36,100,0.0
GA,2050,21,37,100,0.0
GA,2050,21,38,100,0.0
GA,2050,21,39,100,0.0
GA,2050,21,40,100,0.0
GA,2050,21,41,100,0.0
GA,2050,21,42,100,0.0
GA,2050,21,43,100,0.0
GA,2050,21,44,100,0.0
GA,2050,21,45,100,0.0
GA,2050,21,46,100,0.0
GA,2050,21,47,100,0.0
GA,2050,21,48,100,0.0
GA,2050,21,49,100,0.0
GA,2050,21,50,100,0.0
GA,2050,21,51,100,0.0
GA,2050,21,52,100,0.0
GA,2050,21,53,100,0.0
GA,2050,21,54,100,0.0
GA,2050,21,55,100,0.0
GA,2050,21,56,100,0.0
GA,2050,21,57,100,0.0
GA,2050,21,58,100,0.0
GA,2050,21,59,100,0.0
GA,2050,21,60,100,0.0
GA,2050,21,61,100,0.0
GA,2050,21,62,100,0.0
GA,2050,21,63,100,0.0
GA,2050,21,64,100,0.0
GA,2050,21,65,100,0.0
GA,2050,21,66,100,0.0
GA,2050,21,67,100,0.0
GA,2050,21,68,100,0.0
GA,2050,21,69,100,0.0
GA,2050,21,70,100,0.0
GA,2050,21,71,100,0.0
GA,2050,21,72,100,0.0
GA,2050,21,73,100,0.0
GA,2050,21,74,100,0.0
GA,2050,21,75,100,0.0
GA,2050,21,76,100,0.0
GA,2050,21,77,100,0.0
GA,2050,21,78,100,0.0
GA,2050,21,79,100,0.0
GA,2050,21,80,100,0.0
GA,2050,21,81,100,0.0
GA,2050,21,82,100,0.0
GA,2050,21,83,100,0.0
GA,2050,21,84,100,0.0
GA,2050,21,85,100,0.0
GA,2050,21,86,100,0.0
GA,2050,21,87,100,0.0
GA,2050,21,88,100,0.0
GA,2050,21,89,100,0.0
GA,2050,21,90,100,0.0
GA,2050,21,91,100,0.0
GA,2050,21,92,100,0.0
GA,2050,21,93,100,0.0
GA,2050,21,94,100,0.0
GA,2050,21,95,100,0.0
GA,2050,21,96,100,0.0
GA,2050,21,97,100,0.0
GA,2050,21,98,100,0.0
GA,2050,21,99,100,0.0
GA,2050,21,100,100,0.0
GA,2050,21,101,100,0.0
GA,2050,21,102,100,0.0
GA,2050,21,103,100,0.0
GA,2050,21,104,100,0.0
GA,2050,21,105,100,0.0
GA,2050,21,106,100,0.0
GA,2050,21,107,100,0.0
GA,2050,21,108,100,0.0
GA,2050,21,109,100,0.0
GA,2050,21,110,100,0.0
GA,2050,21,111,100,0.0
GA,2050,21,112,100,0.0
GA,2050,21,113,100,0.0
GA,2050,21,114,100,0.0
GA,2050,21,115,100,0.0
GA,2050,21,116,100,0.0
GA,2050,21,117,100,0.0
GA,2050,21,118,100,0.0
GA,2050,21,119,100,0.0
GA,2050,21,120,100,0.0
GA,2050,21,121,100,0.0
GA,2050,21,122,100,0.0
GA,2050,21,123,100,0.0
GA,2050,21,124,100,0.0
GA,2050,21,125,100,0.0
GA,2050,21,126,100,0.0
GA,2050,21,127,100,0.0
GA,2050,21,128,100,0.0
GA,2050,21,129,100,0.0
GA,2050,21,130,100,0.0
GA,2050,21,131,100,0.0
GA,2050,21,132,100,0.0
GA,2050,21,133,100,0.0
GA,2050,21,134,100,0.0
GA,2050,21,135,100,0.0
GA,2050,21,136,100,0.0
GA,2050,21,137,100,0.0
GA,2050,21,138,100,0.0
GA,2050,21,139,100,0.0
GA,2050,21,140,100,0.0
GA,2050,21,141,100,0.0
GA,2050,21,142,100,0.0
GA,2050,21,143,100,0.0
GA,2050,21,144,100,0.0
GA,2050,21,145,100,0.0
GA,2050,21,146,100,0.0
GA,2050,21,147,100,0.0
GA,2050,21,148,100,0.0
GA,2050,21,149,100,0.0
GA,2050,21,150,100,0.0
GA,2050,21,151,100,0.0
GA,2050,21,152,100,0.0
GA,2050,21,153,100,0.0
GA,2050,21,154,100,0.0
GA,2050,21,155,100,0.0
GA,2050,21,156,100,0.0
GA,2050,21,157,100,0.0
GA,2050,21,158,100,0.0
GA,2050,21,159,100,0.0
GA,2050,21,160,100,0.0
GA,2050,21,161,100,0.0
GA,2050,21,162,100,0.0
GA,2050,21,163,100,0.0
GA,2050,21,164,100,0.0
GA,2050,21,165,100,0.0
GA,2050,21,166,100,0.0
GA,2050,21,167,100,0.0
GA,2050,42,0,100,0.0
GA,2050,42,1,100,0.0
GA,2050,42,2,100,0.0
GA,2050,42,3,100,0.0
GA,2050,42,4,100,0.0
GA,2050,42,5,100,0.0
GA,2050,42,6,100,0.0
GA,2050,42,7,100,0.0
GA,2050,42,8,100,0.0
GA,2050,42,9,100,0.0
GA,2050,42,10,100,0.0
GA,2050,42,11,100,0.0
GA,2050,42,12,100,0.0
GA,2050,42,13,100,0.0
GA,2050,42,14,100,0.0
GA,2050,42,15,100,0.0
GA,2050,42,16,100,0.0
GA,2050,42,17,100,0.0
GA,2050,42,18,100,0.0
GA,2050,42,19,100,0.0
GA,2050,42,20,100,0.0
GA,2050,42,21,100,0.0
GA,2050,42,22,100,0.0
GA,2050,42,23,100,0.0
GA,2050,42,24,100,0.0
GA,2050,42,25,100,0.0
GA,2050,42,26,100,0.0
GA,2050,42,27,100,0.0
GA,2050,42,28,100,0.0
GA,2050,42,29,100,0.0
GA,2050,42,30,100,0.0
GA,2050,42,31,100,0.0
GA,2050,42,32,100,0.0
GA,2050,42,33,100,0.0
GA,2050,42,34,100,0.0
GA,2050,42,35,100,0.0
GA,2050,42,36,100,0.0
GA,2050,42,37,100,0.0
GA,2050,42,38,100,0.0
GA,2050,42,39,100,0.0
GA,2050,42,40,100,0.0
GA,2050,42,41,100,0.0
GA,2050,42,42,100,0.0
GA,2050,42,43,100,0.0
GA,2050,42,44,100,0.0
GA,2050,42,45,100,0.0
GA,2050,42,46,100,0.0
GA,2050,42,47,100,0.0
GA,2050,42,48,100,0.0
GA,2050,42,49,100,0.0
GA,2050,42,50,100,0.0
GA,2050,42,51,100,0.0
GA,2050,42,52,100,0.0
GA,2050,42,53,100,0.0
GA,2050,42,54,100,0.0
GA,2050,42,55,100,0.0
GA,2050,42,56,100,0.0
GA,2050,42,57,100,0.0
GA,2050,42,58,100,0.0
GA,2050,42,59,100,0.0
GA,2050,42,60,100,0.0
GA,2050,42,61,100,0.0
GA,2050,42,62,100,0.0
GA,2050,42,63,100,0.0
GA,2050,42,64,100,0.0
GA,2050,42,65,100,0.0
GA,2050,42,66,100,0.0
GA,2050,42,67,100,0.0
GA,2050,42,68,100,0.0
GA,2050,42,69,100,0.0
GA,2050,42,70,100,0.0
GA,2050,42,71,100,0.0
GA,2050,42,72,100,0.0
GA,2050,42,73,100,0.0
GA,2050,42,74,100,0.0
GA,2050,42,75,100,0.0
GA,2050,42,76,100,0.0
GA,2050,42,77,100,0.0
GA,2050,42,78,100,0.0
GA,2050,42,79,100,0.0
GA,2050,42,80,100,0.0
GA,2050,42,81,100,0.0
GA,2050,42,82,100,0.0
GA,2050,42,83,100,0.0
GA,2050,42,84,100,0.0
GA,2050,42,85,100,0.0
GA,2050,42,86,100,0.0
GA,2050,42,87,100,0.0
GA,2050,42,88,100,0.0
GA,2050,42,89,100,0.0
GA,2050,42,90,100,0.0
GA,2050,42,91,100,0.0
GA,2050,42,92,100,0.0
GA,2050,42,93,100,0.0
GA,2050,42,94,100,0.0
GA,2050,42,95,100,0.0
GA,2050,42,96,100,0.0
GA,2050,42,97,100,0.0
GA,2050,42,98,100,0.0
GA,2050,42,99,100,0.0
GA,2050,42,100,100,0.0
GA,2050,42,101,100,0.0
GA,2050,42,102,100,0.0
GA,2050,42,103,100,0.0
GA,2050,42,104,100,0.0
GA,2050,42,105,100,0.0
GA,2050,42,106,100,0.0
GA,2050,42,107,100,0.0
GA,2050,42,108,100,0.0
GA,2050,42,109,100,0.0
GA,2050,42,110,100,0.0
GA,2050,42,111,100,0.0
GA,2050,42,112,100,0.0
GA,2050,42,113,100,0.0
GA,2050,42,114,100,0.0
GA,2050,42,115,100,0.0
GA,2050,42,116,100,0.0
GA,2050,42,117,100,0.0
GA,2050,42,118,100,0.0
GA,2050,42,119,100,0.0
GA,2050,42,120,100,0.0
GA,2050,42,121,100,0.0
GA,2050,42,122,100,0.0
GA,2050,42,123,100,0.0
GA,2050,42,124,100,0.0
GA,2050,42,125,100,0.0
GA,2050,42,126,100,0.0
GA,2050,42,127,100,0.0
GA,2050,42,128,100,0.0
GA,2050,42,129,100,0.0
GA,2050,42,130,100,0.0
GA,2050,42,131,100,0.0
GA,2050,42,132,100,0.0
GA,2050,42,133,100,0.0
GA,2050,42,134,100,0.0
GA,2050,42,135,100,0.0
GA,2050,42,136,100,0.0
GA,2050,42,137,100,0.0
GA,2050,42,138,100,0.0
GA,2050,42,139,100,0.0
GA,2050,42,140,100,0.0
GA,2050,42,141,100,0.0
GA,2050,42,142,100,0.0
GA,2050,42,143,100,0.0
GA,2050,42,144,100,0.0
GA,2050,42,145,100,0.0
GA,2050,42,146,100,0.0
GA,2050,42,147,100,0.0
GA,2050,42,148,100,0.0
GA,2050,42,149,100,0.0
GA,2050,42,150,100,0.0
GA,2050,42,151,100,0.0
GA,2050,42,152,100,0.0
GA,2050,42,153,100,0.0
GA,2050,42,154,100,0.0
GA,2050,42,155,100,0.0
GA,2050,42,156,100,0.0
GA,2050,42,157,100,0.0
GA,2050,42,158,100,0.0
GA,2050,42,159,100,0.0
GA,2050,42,160,100,0.0
GA,2050,42,161,100,0.0
GA,2050,42,162,100,0.0
GA,2050,42,163,100,0.0
GA,2050,42,164,100,0.0
GA,2050,42,165,100,0.0
GA,2050,42,166,100,0.0
GA,2050,42,167,100,0.0
GA,2050,52,0,100,0.0
GA,2050,52,1,100,0.0
GA,2050,52,2,100,0.0
GA,2050,52,3,100,0.0
GA,2050,52,4,100,0.0
GA,2050,52,5,100,0.0
GA,2050,52,6,100,0.0
GA,2050,52,7,100,0.0
GA,2050,52,8,100,0.0
GA,2050,52,9,100,0.0
GA,2050,52,10,100,0.0
GA,2050,52,11,100,0.0
GA,2050,52,12,100,0.0
GA,2050,52,13,100,0.0
GA,2050,52,14,100,0.0
GA,2050,52,15,100,0.0
GA,2050,52,16,100,0.0
GA,2050,52,17,100,0.0
GA,2050,52,18,100,0.0
GA,2050,52,19,100,0.0
GA,2050,52,20,100,0.0
GA,2050,52,21,100,0.0
GA,2050,52,22,100,0.0
GA,2050,52,23,100,0.0
GA,2050,52,24,100,0.0
GA,2050,52,25,100,0.0
GA,2050,52,26,100,0.0
GA,2050,52,27,100,0.0
GA,2050,52,28,100,0.0
GA,2050,52,29,100,0.0
GA,2050,52,30,100,0.0
GA,2050,52,31,100,0.0
GA,2050,52,32,100,0.0
GA,2050,52,33,100,0.0
GA,2050,52,34,100,0.0
GA,2050,52,35,100,0.0
GA,2050,52,36,100,0.0
GA,2050,52,37,100,0.0
GA,2050,52,38,100,0.0
GA,2050,52,39,100,0.0
GA,2050,52,40,100,0.0
GA,2050,52,41,100,0.0
GA,2050,52,42,100,0.0
GA,2050,52,43,100,0.0
GA,2050,52,44,100,0.0
GA,2050,52,45,100,0.0
GA,2050,52,46,100,0.0
GA,2050,52,47,100,0.0
GA,2050,52,48,100,0.0
GA,2050,52,49,100,0.0
GA,2050,52,50,100,0.0
GA,2050,52,51,100,0.0
GA,2050,52,52,100,0.0
GA,2050,52,53,100,0.0
GA,2050,52,54,100,0.0
GA,2050,52,55,100,0.0
GA,2050,52,56,100,0.0
GA,2050,52,57,100,0.0
GA,2050,52,58,100,0.0
GA,2050,52,59,100,0.0
GA,2050,52,60,100,0.0
GA,2050,52,61,100,0.0
GA,2050,52,62,100,0.0
GA,2050,52,63,100,0.0
GA,2050,52,64,100,0.0
GA,2050,52,65,100,0.0
GA,2050,52,66,100,0.0
GA,2050,52,67,100,0.0
GA,2050,52,68,100,0.0
GA,2050,52,69,100,0.0
GA,2050,52,70,100,0.0
GA,2050,52,71,100,0.0
GA,2050,52,72,100,0.0
GA,2050,52,73,100,0.0
GA,2050,52,74,100,0.0
GA,2050,52,75,100,0.0
GA,2050,52,76,100,0.0
GA,2050,52,77,100,0.0
GA,2050,52,78,100,0.0
GA,2050,52,79,100,0.0
GA,2050,52,80,100,0.0
GA,2050,52,81,100,0.0
GA,2050,52,82,100,0.0
GA,2050,52,83,100,0.0
GA,2050,52,84,100,0.0
GA,2050,52,85,100,0.0
GA,2050,52,86,100,0.0
GA,2050,52,87,100,0.0
GA,2050,52,88,100,0.0
GA,2050,52,89,100,0.0
GA,2050,52,90,100,0.0
GA,2050,52,91,100,0.0
GA,2050,52,92,100,0.0
GA,2050,52,93,100,0.0
GA,2050,52,94,100,0.0
GA,2050,52,95,100,0.0
GA,2050,52,96,100,0.0
GA,2050,52,97,100,0.0
GA,2050,52,98,100,0.0
GA,2050,52,99,100,0.0
GA,2050,52,100,100,0.0
GA,2050,52,101,100,0.0
GA,2050,52,102,100,0.0
GA,2050,52,103,100,0.0
GA,2050,52,104,100,0.0
GA,2050,52,105,100,0.0
GA,2050,52,106,100,0.0
GA,2050,52,107,100,0.0
GA,2050,52,108,100,0.0
GA,2050,52,109,100,0.0
GA,2050,52,110,100,0.0
GA,2050,52,111,100,0.0
GA,2050,52,112,100,0.0
GA,2050,52,113,100,0.0
GA,2050,52,114,100,0.0
GA,2050,52,115,100,0.0
GA,2050,52,116,100,0.0
GA,2050,52,117,100,0.0
GA,2050,52,118,100,0.0
GA,2050,52,119,100,0.0
GA,2050,52,120,100,0.0
GA,2050,52,121,100,0.0
GA,2050,52,122,100,0.0
GA,2050,52,123,100,0.0
GA,2050,52,124,100,0.0
GA,2050,52,125,100,0.0
GA,2050,52,126,100,0.0
GA,2050,52,127,100,0.0
GA,2050,52,128,100,0.0
GA,2050,52,129,100,0.0
GA,2050,52,130,100,0.0
GA,2050,52,131,100,0.0
GA,2050,52,132,100,0.0
GA,2050,52,133,100,0.0
GA,2050,52,134,100,0.0
GA,2050,52,135,100,0.0
GA,2050,52,136,100,0.0
GA,2050,52,137,100,0.0
GA,2050,52,138,100,0.0
GA,2050,52,139,100,0.0
GA,2050,52,140,100,0.0
GA,2050,52,141,100,0.0
GA,2050,52,142,100,0.0
GA,2050,52,143,100,0.0
GA,2050,52,144,100,0.0
GA,2050,52,145,100,0.0
GA,2050,52,146,100,0.0
GA,2050,52,147,100,0.0
GA,2050,52,148,100,0.0
GA,2050,52,149,100,0.0
GA,2050,52,150,100,0.0
GA,2050,52,151,100,0.0
GA,2050,52,152,100,0.0
GA,2050,52,153,100,0.0
GA,2050,52,154,100,0.0
GA,2050,52,155,100,0.0
GA,2050,52,156,100,0.0
GA,2050,52,157,100,0.0
GA,2050,52,158,100,0.0
GA,2050,52,159,100,0.0
GA,2050,52,160,100,0.0
GA,2050,52,161,100,0.0
GA,2050,52,162,100,0.0
GA,2050,52,163,100,0.0
GA,2050,52,164,100,0.0
GA,2050,52,165,100,0.0
GA,2050,52,166,100,0.0
GA,2050,52,167,100,0.0
DE,2050,11,0,100,0.0
DE,2050,11,1,100,0.0
DE,2050,11,2,100,0.0
DE,2050,11,3,100,0.0
DE,2050,11,4,100,0.0
DE,2050,11,5,100,0.0
DE,2050,11,6,100,0.0
DE,2050,11,7,100,0.0
DE,2050,11,8,100,0.0
DE,2050,11,9,100,0.0
DE,2050,11,10,100,0.0
DE,2050,11,11,100,0.0
DE,2050,11,12,100,0.0
DE,2050,11,13,100,0.0
DE,2050,11,14,100,0.0
DE,2050,11,15,100,0.0
DE,2050,11,16,100,0.0
DE,2050,11,17,100,0.0
DE,2050,11,18,100,0.0
DE,2050,11,19,100,0.0
DE,2050,11,20,100,0.0
DE,2050,11,21,100,0.0
DE,2050,11,22,100,0.0
DE,2050,11,23,100,0.0
DE,2050,11,24,100,0.0
DE,2050,11,25,100,0.0
DE,2050,11,26,100,0.0
DE,2050,11,27,100,0.0
DE,2050,11,28,100,0.0
DE,2050,11,29,100,0.0
DE,2050,11,30,100,0.0
DE,2050,11,31,100,0.0
DE,2050,11,32,100,0.0
DE,2050,11,33,100,0.0
DE,2050,11,34,100,0.0
DE,2050,11,35,100,0.0
DE,2050,11,36,100,0.0
DE,2050,11,37,100,0.0
DE,2050,11,38,100,0.0
DE,2050,11,39,100,0.0
DE,2050,11,40,100,0.0
DE,2050,11,41,100,0.0
DE,2050,11,42,100,0.0
DE,2050,11,43,100,0.0
DE,2050,11,44,100,0.0
DE,2050,11,45,100,0.0
DE,2050,11,46,100,0.0
DE,2050,11,47,100,0.0
DE,2050,11,48,100,0.0
DE,2050,11,49,100,0.0
DE,2050,11,50,100,0.0
DE,2050,11,51,100,0.0
DE,2050,11,52,100,0.0
DE,2050,11,53,100,0.0
DE,2050,11,54,100,0.0
DE,2050,11,55,100,0.0
DE,2050,11,56,100,0.0
DE,2050,11,57,100,0.0
DE,2050,11,58,100,0.0
DE,2050,11,59,100,0.0
DE,2050,11,60,100,0.0
DE,2050,11,61,100,0.0
DE,2050,11,62,100,0.0
DE,2050,11,63,100,0.0
DE,2050,11,64,100,0.0
DE,2050,11,65,100,0.0
DE,2050,11,66,100,0.0
DE,2050,11,67,100,0.0
DE,2050,11,68,100,0.0
DE,2050,11,69,100,0.0
DE,2050,11,70,100,0.0
DE,2050,11,71,100,0.0
DE,2050,11,72,100,0.0
DE,2050,11,73,100,0.0
DE,2050,11,74,100,0.0
DE,2050,11,75,100,0.0
DE,2050,11,76,100,0.0
DE,2050,11,77,100,0.0
DE,2050,11,78,100,0.0
DE,2050,11,79,100,0.0
DE,2050,11,80,100,0.0
DE,2050,11,81,100,0.0
DE,2050,11,82,100,0.0
DE,2050,11,83,100,0.0
DE,2050,11,84,100,0.0
DE,2050,11,85,100,0.0
DE,2050,11,86,100,0.0
DE,2050,11,87,100,0.0
DE,2050,11,88,100,0.0
DE,2050,11,89,100,0.0
DE,2050,11,90,100,0.0
DE,2050,11,91,100,0.0
DE,2050,11,92,100,0.0
DE,2050,11,93,100,0.0
DE,2050,11,94,100,0.0
DE,2050,11,95,100,0.0
DE,2050,11,96,100,0.0
DE,2050,11,97,100,0.0
DE,2050,11,98,100,0.0
DE,2050,11,99,100,0.0
DE,2050,11,100,100,0.0
DE,2050,11,101,100,0.0
DE,2050,11,102,100,0.0
DE,2050,11,103,100,0.0
DE,2050,11,104,100,0.0
DE,2050,11,105,100,0.0
DE,2050,11,106,100,0.0
DE,2050,11,107,100,0.0
DE,2050,11,108,100,0.0
DE,2050,11,109,100,0.0
DE,2050,11,110,100,0.0
DE,2050,11,111,100,0.0
DE,2050,11,112,100,0.0
DE,2050,11,113,100,0.0
DE,2050,11,114,100,0.0
DE,2050,11,115,100,0.0
DE,2050,11,116,100,0.0
DE,2050,11,117,100,0.0
DE,2050,11,118,100,0.0
DE,2050,11,119,100,0.0
DE,2050,11,120,100,0.0
DE,2050,11,121,100,0.0
DE,2050,11,122,100,0.0
DE,2050,11,123,100,0.0
DE,2050,11,124,100,0.0
DE,2050,11,125,100,0.0
DE,2050,11,126,100,0.0
DE,2050,11,127,100,0.0
DE,2050,11,128,100,0.0
DE,2050,11,129,100,0.0
DE,2050,11,130,100,0.0
DE,2050,11,131,100,0.0
DE,2050,11,132,100,0.0
DE,2050,11,133,100,0.0
DE,2050,11,134,100,0.0
DE,2050,11,135,100,0.0
DE,2050,11,136,100,0.0
DE,2050,11,137,100,0.0
DE,2050,11,138,100,0.0
DE,2050,11,139,100,0.0
DE,2050,11,140,100,0.0
DE,2050,11,141,100,0.0
DE,2050,11,142,100,0.0
DE,2050,11,143,100,0.0
DE,2050,11,144,100,0.0
DE,2050,11,145,100,0.0
DE,2050,11,146,100,0.0
DE,2050,11,147,100,0.0
DE,2050,11,148,100,0.0
DE,2050,11,149,100,0.0
DE,2050,11,150,100,0.0
DE,2050,11,151,100,0.0
DE,2050,11,152,100,0.0
DE,2050,11,153,100,0.0
DE,2050,11,154,100,0.0
DE,2050,11,155,100,0.0
DE,2050,11,156,100,0.0
DE,2050,11,157,100,0.0
DE,2050,11,158,100,0.0
DE,2050,11,159,100,0.0
DE,2050,11,160,100,0.0
DE,2050,11,161,100,0.0
DE,2050,11,162,100,0.0
DE,2050,11,163,100,0.0
DE,2050,11,164,100,0.0
DE,2050,11,165,100,0.0
DE,2050,11,166,100,0.0
DE,2050,11,167,100,0.0
DE,2050,21,0,100,0.0
DE,2050,21,1,100,0.0
DE,2050,21,2,100,0.0
DE,2050,21,3,100,0.0
DE,2050,21,4,100,0.0
DE,2050,21,5,100,0.0
DE,2050,21,6,100,0.0
DE,2050,21,7,100,0.0
DE,2050,21,8,100,0.0
DE,2050,21,9,100,0.0
DE,2050,21,10,100,0.0
DE,2050,21,11,100,0.0
DE,2050,21,12,100,0.0
DE,2050,21,13,100,0.0
DE,2050,21,14,100,0.0
DE,2050,21,15,100,0.0
DE,2050,21,16,100,0.0
DE,2050,21,17,100,0.0
DE,2050,21,18,100,0.0
DE,2050,21,19,100,0.0
DE,2050,21,20,100,0.0
DE,2050,21,21,100,0.0
DE,2050,21,22,100,0.0
DE,2050,21,23,100,0.0
DE,2050,21,24,100,0.0
DE,2050,21,25,100,0.0
DE,2050,21,26,100,0.0
DE,2050,21,27,100,0.0
DE,2050,21,28,100,0.0
DE,2050,21,29,100,0.0
DE,2050,21,30,100,0.0
DE,2050,21,31,100,0.0
DE,2050,21,32,100,0.0
DE,2050,21,33,100,0.0
DE,2050,21,34,100,0.0
DE,2050,21,35,100,0.0
DE,2050,21,36,100,0.0
DE,2050,21,37,100,0.0
DE,2050,21,38,100,0.0
DE,2050,21,39,100,0.0
DE,2050,21,40,100,0.0
DE,2050,21,41,100,0.0
DE,2050,21,42,100,0.0
DE,2050,21,43,100,0.0
DE,2050,21,44,100,0.0
DE,2050,21,45,100,0.0
DE,2050,21,46,100,0.0
DE,2050,21,47,100,0.0
DE,2050,21,48,100,0.0
DE,2050,21,49,100,0.0
DE,2050,21,50,100,0.0
DE,2050,21,51,100,0.0
DE,2050,21,52,100,0.0
DE,2050,21,53,100,0.0
DE,2050,21,54,100,0.0
DE,2050,21,55,100,0.0
DE,2050,21,56,100,0.0
DE,2050,21,57,100,0.0
DE,2050,21,58,100,0.0
DE,2050,21,59,100,0.0
DE,2050,21,60,100,0.0
DE,2050,21,61,100,0.0
DE,2050,21,62,100,0.0
DE,2050,21,63,100,0.0
DE,2050,21,64,100,0.0
DE,2050,21,65,100,0.0
DE,2050,21,66,100,0.0
DE,2050,21,67,100,0.0
DE,2050,21,68,100,0.0
DE,2050,21,69,100,0.0
DE,2050,21,70,100,0.0
DE,2050,21,71,100,0.0
DE,2050,21,72,100,0.0
DE,2050,21,73,100,0.0
DE,2050,21,74,100,0.0
DE,2050,21,75,100,0.0
DE,2050,21,76,100,0.0
DE,2050,21,77,100,0.0
DE,2050,21,78,100,0.0
DE,2050,21,79,100,0.0
DE,2050,21,80,100,0.0
DE,2050,21,81,100,0.0
DE,2050,21,82,100,0.0
DE,2050,21,83,100,0.0
DE,2050,21,84,100,0.0
DE,2050,21,85,100,0.0
DE,2050,21,86,100,0.0
DE,2050,21,87,100,0.0
DE,2050,21,88,100,0.0
DE,2050,21,89,100,0.0
DE,2050,21,90,100,0.0
DE,2050,21,91,100,0.0
DE,2050,21,92,100,0.0
DE,2050,21,93,100,0.0
DE,2050,21,94,100,0.0
DE,2050,21,95,100,0.0
DE,2050,21,96,100,0.0
DE,2050,21,97,100,0.0
DE,2050,21,98,100,0.0
DE,2050,21,99,100,0.0
DE,2050,21,100,100,0.0
DE,2050,21,101,100,0.0
DE,2050,21,102,100,0.0
DE,2050,21,103,100,0.0
DE,2050,21,104,100,0.0
DE,2050,21,105,100,0.0
DE,2050,21,106,100,0.0
DE,2050,21,107,100,0.0
DE,2050,21,108,100,0.0
DE,2050,21,109,100,0.0
DE,2050,21,110,100,0.0
DE,2050,21,111,100,0.0
DE,2050,21,112,100,0.0
DE,2050,21,113,100,0.0
DE,2050,21,114,100,0.0
DE,2050,21,115,100,0.0
DE,2050,21,116,100,0.0
DE,2050,21,117,100,0.0
DE,2050,21,118,100,0.0
DE,2050,21,119,100,0.0
DE,2050,21,120,100,0.0
DE,2050,21,121,100,0.0
DE,2050,21,122,100,0.0
DE,2050,21,123,100,0.0
DE,2050,21,124,100,0.0
DE,2050,21,125,100,0.0
DE,2050,21,126,100,0.0
DE,2050,21,127,100,0.0
DE,2050,21,128,100,0.0
DE,2050,21,129,100,0.0
DE,2050,21,130,100,0.0
DE,2050,21,131,100,0.0
DE,2050,21,132,100,0.0
DE,2050,21,133,100,0.0
DE,2050,21,134,100,0.0
DE,2050,21,135,100,0.0
DE,2050,21,136,100,0.0
DE,2050,21,137,100,0.0
DE,2050,21,138,100,0.0
DE,2050,21,139,100,0.0
DE,2050,21,140,100,0.0
DE,2050,21,141,100,0.0
DE,2050,21,142,100,0.0
DE,2050,21,143,100,0.0
DE,2050,21,144,100,0.0
DE,2050,21,145,100,0.0
DE,2050,21,146,100,0.0
DE,2050,21,147,100,0.0
DE,2050,21,148,100,0.0
DE,2050,21,149,100,0.0
DE,2050,21,150,100,0.0
DE,2050,21,151,100,0.0
DE,2050,21,152,100,0.0
DE,2050,21,153,100,0.0
DE,2050,21,154,100,0.0
DE,2050,21,155,100,0.0
DE,2050,21,156,100,0.0
DE,2050,21,157,100,0.0
DE,2050,21,158,100,0.0
DE,2050,21,159,100,0.0
DE,2050,21,160,100,0.0
DE,2050,21,161,100,0.0
DE,2050,21,162,100,0.0
DE,2050,21,163,100,0.0
DE,2050,21,164,100,0.0
DE,2050,21,165,100,0.0
DE,2050,21,166,100,0.0
DE,2050,21,167,100,0.0
DE,2050,42,0,100,0.0
DE,2050,42,1,100,0.0
DE,2050,42,2,100,0.0
DE,2050,42,3,100,0.0
DE,2050,42,4,100,0.0
DE,2050,42,5,100,0.0
DE,2050,42,6,100,0.0
DE,2050,42,7,100,0.0
DE,2050,42,8,100,0.0
DE,2050,42,9,100,0.0
DE,2050,42,10,100,0.0
DE,2050,42,11,100,0.0
DE,2050,42,12,100,0.0
DE,2050,42,13,100,0.0
DE,2050,42,14,100,0.0
DE,2050,42,15,100,0.0
DE,2050,42,16,100,0.0
DE,2050,42,17,100,0.0
DE,2050,42,18,100,0.0
DE,2050,42,19,100,0.0
DE,2050,42,20,100,0.0
DE,2050,42,21,100,0.0
DE,2050,42,22,100,0.0
DE,2050,42,23,100,0.0
DE,2050,42,24,100,0.0
DE,2050,42,25,100,0.0
DE,2050,42,26,100,0.0
DE,2050,42,27,100,0.0
DE,2050,42,28,100,0.0
DE,2050,42,29,100,0.0
DE,2050,42,30,100,0.0
DE,2050,42,31,100,0.0
DE,2050,42,32,100,0.0
DE,2050,42,33,100,0.0
DE,2050,42,34,100,0.0
DE,2050,42,35,100,0.0
DE,2050,42,36,100,0.0
DE,2050,42,37,100,0.0
DE,2050,42,38,100,0.0
DE,2050,42,39,100,0.0
DE,2050,42,40,100,0.0
DE,2050,42,41,100,0.0
DE,2050,42,42,100,0.0
DE,2050,42,43,100,0.0
DE,2050,42,44,100,0.0
DE,2050,42,45,100,0.0
DE,2050,42,46,100,0.0
DE,2050,42,47,100,0.0
DE,2050,42,48,100,0.0
DE,2050,42,49,100,0.0
DE,2050,42,50,100,0.0
DE,2050,42,51,100,0.0
DE,2050,42,52,100,0.0
DE,2050,42,53,100,0.0
DE,2050,42,54,100,0.0
DE,2050,42,55,100,0.0
DE,2050,42,56,100,0.0
DE,2050,42,57,100,0.0
DE,2050,42,58,100,0.0
DE,2050,42,59,100,0.0
DE,2050,42,60,100,0.0
DE,2050,42,61,100,0.0
DE,2050,42,62,100,0.0
DE,2050,42,63,100,0.0
DE,2050,42,64,100,0.0
DE,2050,42,65,100,0.0
DE,2050,42,66,100,0.0
DE,2050,42,67,100,0.0
DE,2050,42,68,100,0.0
DE,2050,42,69,100,0.0
DE,2050,42,70,100,0.0
DE,2050,42,71,100,0.0
DE,2050,42,72,100,0.0
DE,2050,42,73,100,0.0
DE,2050,42,74,100,0.0
DE,2050,42,75,100,0.0
DE,2050,42,76,100,0.0
DE,2050,42,77,100,0.0
DE,2050,42,78,100,0.0
DE,2050,42,79,100,0.0
DE,2050,42,80,100,0.0
DE,2050,42,81,100,0.0
DE,2050,42,82,100,0.0
DE,2050,42,83,100,0.0
DE,2050,42,84,100,0.0
DE,2050,42,85,100,0.0
DE,2050,42,86,100,0.0
DE,2050,42,87,100,0.0
DE,2050,42,88,100,0.0
DE,2050,42,89,100,0.0
DE,2050,42,90,100,0.0
DE,2050,42,91,100,0.0
DE,2050,42,92,100,0.0
DE,2050,42,93,100,0.0
DE,2050,42,94,100,0.0
DE,2050,42,95,100,0.0
DE,2050,42,96,100,0.0
DE,2050,42,97,100,0.0
DE,2050,42,98,100,0.0
DE,2050,42,99,100,0.0
DE,2050,42,100,100,0.0
DE,2050,42,101,100,0.0
DE,2050,42,102,100,0.0
DE,2050,42,103,100,0.0
DE,2050,42,104,100,0.0
DE,2050,42,105,100,0.0
DE,2050,42,106,100,0.0
DE,2050,42,107,100,0.0
DE,2050,42,108,100,0.0
DE,2050,42,109,100,0.0
DE,2050,42,110,100,0.0
DE,2050,42,111,100,0.0
DE,2050,42,112,100,0.0
DE,2050,42,113,100,0.0
DE,2050,42,114,100,0.0
DE,2050,42,115,100,0.0
DE,2050,42,116,100,0.0
DE,2050,42,117,100,0.0
DE,2050,42,118,100,0.0
DE,2050,42,119,100,0.0
DE,2050,42,120,100,0.0
DE,2050,42,121,100,0.0
DE,2050,42,122,100,0.0
DE,2050,42,123,100,0.0
DE,2050,42,124,100,0.0
DE,2050,42,125,100,0.0
DE,2050,42,126,100,0.0
DE,2050,42,127,100,0.0
DE,2050,42,128,100,0.0
DE,2050,42,129,100,0.0
DE,2050,42,130,100,0.0
DE,2050,42,131,100,0.0
DE,2050,42,132,100,0.0
DE,2050,42,133,100,0.0
DE,2050,42,134,100,0.0
DE,2050,42,135,100,0.0
DE,2050,42,136,100,0.0
DE,2050,42,137,100,0.0
DE,2050,42,138,100,0.0
DE,2050,42,139,100,0.0
DE,2050,42,140,100,0.0
DE,2050,42,141,100,0.0
DE,2050,42,142,100,0.0
DE,2050,42,143,100,0.0
DE,2050,42,144,100,0.0
DE,2050,42,145,100,0.0
DE,2050,42,146,100,0.0
DE,2050,42,147,100,0.0
DE,2050,42,148,100,0.0
DE,2050,42,149,100,0.0
DE,2050,42,150,100,0.0
DE,2050,42,151,100,0.0
DE,2050,42,152,100,0.0
DE,2050,42,153,100,0.0
DE,2050,42,154,100,0.0
DE,2050,42,155,100,0.0
DE,2050,42,156,100,0.0
DE,2050,42,157,100,0.0
DE,2050,42,158,100,0.0
DE,2050,42,159,100,0.0
DE,2050,42,160,100,0.0
DE,2050,42,161,100,0.0
DE,2050,42,162,100,0.0
DE,2050,42,163,100,0.0
DE,2050,42,164,100,0.0
DE,2050,42,165,100,0.0
DE,2050,42,166,100,0.0
DE,2050,42,167,100,0.0
DE,2050,52,0,100,0.0
DE,2050,52,1,100,0.0
DE,2050,52,2,100,0.0
DE,2050,52,3,100,0.0
DE,2050,52,4,100,0.0
DE,2050,52,5,100,0.0
DE,2050,52,6,100,0.0
DE,2050,52,7,100,0.0
DE,2050,52,8,100,0.0
DE,2050,52,9,100,0.0
DE,2050,52,10,100,0.0
DE,2050,52,11,100,0.0
DE,2050,52,12,100,0.0
DE,2050,52,13,100,0.0
DE,2050,52,14,100,0.0
DE,2050,52,15,100,0.0
DE,2050,52,16,100,0.0
DE,2050,52,17,100,0.0
DE,2050,52,18,100,0.0
DE,2050,52,19,100,0.0
DE,2050,52,20,100,0.0
DE,2050,52,21,100,0.0
DE,2050,52,22,100,0.0
DE,2050,52,23,100,0.0
DE,2050,52,24,100,0.0
DE,2050,52,25,100,0.0
DE,2050,52,26,100,0.0
DE,2050,52,27,100,0.0
DE,2050,52,28,100,0.0
DE,2050,52,29,100,0.0
DE,2050,52,30,100,0.0
DE,2050,52,31,100,0.0
DE,2050,52,32,100,0.0
DE,2050,52,33,100,0.0
DE,2050,52,34,100,0.0
DE,2050,52,35,100,0.0
DE,2050,52,36,100,0.0
DE,2050,52,37,100,0.0
DE,2050,52,38,100,0.0
DE,2050,52,39,100,0.0
DE,2050,52,40,100,0.0
DE,2050,52,41,100,0.0
DE,2050,52,42,100,0.0
DE,2050,52,43,100,0.0
DE,2050,52,44,100,0.0
DE,2050,52,45,100,0.0
DE,2050,52,46,100,0.0
DE,2050,52,47,100,0.0
DE,2050,52,48,100,0.0
DE,2050,52,49,100,0.0
DE,2050,52,50,100,0.0
DE,2050,52,51,100,0.0
DE,2050,52,52,100,0.0
DE,2050,52,53,100,0.0
DE,2050,52,54,100,0.0
DE,2050,52,55,100,0.0
DE,2050,52,56,100,0.0
DE,2050,52,57,100,0.0
DE,2050,52,58,100,0.0
DE,2050,52,59,100,0.0
DE,2050,52,60,100,0.0
DE,2050,52,61,100,0.0
DE,2050,52,62,100,0.0
DE,2050,52,63,100,0.0
DE,2050,52,64,100,0.0
DE,2050,52,65,100,0.0
DE,2050,52,66,100,0.0
DE,2050,52,67,100,0.0
DE,2050,52,68,100,0.0
DE,2050,52,69,100,0.0
DE,2050,52,70,100,0.0
DE,2050,52,71,100,0.0
DE,2050,52,72,100,0.0
DE,2050,52,73,100,0.0
DE,2050,52,74,100,0.0
DE,2050,52,75,100,0.0
DE,2050,52,76,100,0.0
DE,2050,52,77,100,0.0
DE,2050,52,78,100,0.0
DE,2050,52,79,100,0.0
DE,2050,52,80,100,0.0
DE,2050,52,81,100,0.0
DE,2050,52,82,100,0.0
DE,2050,52,83,100,0.0
DE,2050,52,84,100,0.0
DE,2050,52,85,100,0.0
DE,2050,52,86,100,0.0
DE,2050,52,87,100,0.0
DE,2050,52,88,100,0.0
DE,2050,52,89,100,0.0
DE,2050,52,90,100,0.0
DE,2050,52,91,100,0.0
DE,2050,52,92,100,0.0
DE,2050,52,93,100,0.0
DE,2050,52,94,100,0.0
DE,2050,52,95,100,0.0
DE,2050,52,96,100,0.0
DE,2050,52,97,100,0.0
DE,2050,52,98,100,0.0
DE,2050,52,99,100,0.0
DE,2050,52,100,100,0.0
DE,2050,52,101,100,0.0
DE,2050,52,102,100,0.0
DE,2050,52,103,100,0.0
DE,2050,52,104,100,0.0
DE,2050,52,105,100,0.0
DE,2050,52,106,100,0.0
DE,2050,52,107,100,0.0
DE,2050,52,108,100,0.0
DE,2050,52,109,100,0.0
DE,2050,52,110,100,0.0
DE,2050,52,111,100,0.0
DE,2050,52,112,100,0.0
DE,2050,52,113,100,0.0
DE,2050,52,114,100,0.0
DE,2050,52,115,100,0.0
DE,2050,52,116,100,0.0
DE,2050,52,117,100,0.0
DE,2050,52,118,100,0.0
DE,2050,52,119,100,0.0
DE,2050,52,120,100,0.0
DE,2050,52,121,100,0.0
DE,2050,52,122,100,0.0
DE,2050,52,123,100,0.0
DE,2050,52,124,100,0.0
DE,2050,52,125,100,0.0
DE,2050,52,126,100,0.0
DE,2050,52,127,100,0.0
DE,2050,52,128,100,0.0
DE,2050,52,129,100,0.0
DE,2050,52,130,100,0.0
DE,2050,52,131,100,0.0
DE,2050,52,132,100,0.0
DE,2050,52,133,100,0.0
DE,2050,52,134,100,0.0
DE,2050,52,135,100,0.0
DE,2050,52,136,100,0.0
DE,2050,52,137,100,0.0
DE,2050,52,138,100,0.0
DE,2050,52,139,100,0.0
DE,2050,52,140,100,0.0
DE,2050,52,141,100,0.0
DE,2050,52,142,100,0.0
DE,2050,52,143,100,0.0
DE,2050,52,144,100,0.0
DE,2050,52,145,100,0.0
DE,2050,52,146,100,0.0
DE,2050,52,147,100,0.0
DE,2050,52,148,100,0.0
DE,2050,52,149,100,0.0
DE,2050,52,150,100,0.0
DE,2050,52,151,100,0.0
DE,2050,52,152,100,0.0
DE,2050,52,153,100,0.0
DE,2050,52,154,100,0.0
DE,2050,52,155,100,0.0
DE,2050,52,156,100,0.0
DE,2050,52,157,100,0.0
DE,2050,52,158,100,0.0
DE,2050,52,159,100,0.0
DE,2050,52,160,100,0.0
DE,2050,52,161,100,0.0
DE,2050,52,162,100,0.0
DE,2050,52,163,100,0.0
DE,2050,52,164,100,0.0
DE,2050,52,165,100,0.0
DE,2050,52,166,100,0.0
DE,2050,52,167,100,0.0
NT,2025,11,0,101,0.0
NT,2025,11,1,101,0.0
NT,2025,11,2,101,0.0
NT,2025,11,3,101,0.0
NT,2025,11,4,101,0.0
NT,2025,11,5,101,0.0
NT,2025,11,6,101,0.0
NT,2025,11,7,101,0.0
NT,2025,11,8,101,0.0
NT,2025,11,9,101,0.0
NT,2025,11,10,101,0.0
NT,2025,11,11,101,0.0
NT,2025,11,12,101,0.0
NT,2025,11,13,101,0.0
NT,2025,11,14,101,0.0
NT,2025,11,15,101,0.0
NT,2025,11,16,101,0.0
NT,2025,11,17,101,0.0
NT,2025,11,18,101,0.0
NT,2025,11,19,101,0.0
NT,2025,11,20,101,0.0
NT,2025,11,21,101,0.0
NT,2025,11,22,101,0.0
NT,2025,11,23,101,0.0
NT,2025,11,24,101,0.0
NT,2025,11,25,101,0.0
NT,2025,11,26,101,0.0
NT,2025,11,27,101,0.0
NT,2025,11,28,101,0.0
NT,2025,11,29,101,0.0
NT,2025,11,30,101,0.0
NT,2025,11,31,101,0.0
NT,2025,11,32,101,0.0
NT,2025,11,33,101,0.0
NT,2025,11,34,101,0.0
NT,2025,11,35,101,0.0
NT,2025,11,36,101,0.0
NT,2025,11,37,101,0.0
NT,2025,11,38,101,0.0
NT,2025,11,39,101,0.0
NT,2025,11,40,101,0.0
NT,2025,11,41,101,0.0
NT,2025,11,42,101,0.0
NT,2025,11,43,101,0.0
NT,2025,11,44,101,0.0
NT,2025,11,45,101,0.0
NT,2025,11,46,101,0.0
NT,2025,11,47,101,0.0
NT,2025,11,48,101,0.0
NT,2025,11,49,101,0.0
NT,2025,11,50,101,0.0
NT,2025,11,51,101,0.0
NT,2025,11,52,101,0.0
NT,2025,11,53,101,0.0
NT,2025,11,54,101,0.0
NT,2025,11,55,101,0.0
NT,2025,11,56,101,0.0
NT,2025,11,57,101,0.0
NT,2025,11,58,101,0.0
NT,2025,11,59,101,0.0
NT,2025,11,60,101,0.0
NT,2025,11,61,101,0.0
NT,2025,11,62,101,0.0
NT,2025,11,63,101,0.0
NT,2025,11,64,101,0.0
NT,2025,11,65,101,0.0
NT,2025,11,66,101,0.0
NT,2025,11,67,101,0.0
NT,2025,11,68,101,0.0
NT,2025,11,69,101,0.0
NT,2025,11,70,101,0.0
NT,2025,11,71,101,0.0
NT,2025,11,72,101,0.0
NT,2025,11,73,101,0.0
NT,2025,11,74,101,0.0
NT,2025,11,75,101,0.0
NT,2025,11,76,101,0.0
NT,2025,11,77,101,0.0
NT,2025,11,78,101,0.0
NT,2025,11,79,101,0.0
NT,2025,11,80,101,0.0
NT,2025,11,81,101,0.0
NT,2025,11,82,101,0.0
NT,2025,11,83,101,0.0
NT,2025,11,84,101,0.0
NT,2025,11,85,101,0.0
NT,2025,11,86,101,0.0
NT,2025,11,87,101,0.0
NT,2025,11,88,101,0.0
NT,2025,11,89,101,0.0
NT,2025,11,90,101,0.0
NT,2025,11,91,101,0.0
NT,2025,11,92,101,0.0
NT,2025,11,93,101,0.0
NT,2025,11,94,101,0.0
NT,2025,11,95,101,0.0
NT,2025,11,96,101,0.0
NT,2025,11,97,101,0.0
NT,2025,11,98,101,0.0
NT,2025,11,99,101,0.0
NT,2025,11,100,101,0.0
NT,2025,11,101,101,0.0
NT,2025,11,102,101,0.0
NT,2025,11,103,101,0.0
NT,2025,11,104,101,0.0
NT,2025,11,105,101,0.0
NT,2025,11,106,101,0.0
NT,2025,11,107,101,0.0
NT,2025,11,108,101,0.0
NT,2025,11,109,101,0.0
NT,2025,11,110,101,0.0
NT,2025,11,111,101,0.0
NT,2025,11,112,101,0.0
NT,2025,11,113,101,0.0
NT,2025,11,114,101,0.0
NT,2025,11,115,101,0.0
NT,2025,11,116,101,0.0
NT,2025,11,117,101,0.0
NT,2025,11,118,101,0.0
NT,2025,11,119,101,0.0
NT,2025,11,120,101,0.0
NT,2025,11,121,101,0.0
NT,2025,11,122,101,0.0
NT,2025,11,123,101,0.0
NT,2025,11,124,101,0.0
NT,2025,11,125,101,0.0
NT,2025,11,126,101,0.0
NT,2025,11,127,101,0.0
NT,2025,11,128,101,0.0
NT,2025,11,129,101,0.0
NT,2025,11,130,101,0.0
NT,2025,11,131,101,0.0
NT,2025,11,132,101,0.0
NT,2025,11,133,101,0.0
NT,2025,11,134,101,0.0
NT,2025,11,135,101,0.0
NT,2025,11,136,101,0.0
NT,2025,11,137,101,0.0
NT,2025,11,138,101,0.0
NT,2025,11,139,101,0.0
NT,2025,11,140,101,0.0
NT,2025,11,141,101,0.0
NT,2025,11,142,101,0.0
NT,2025,11,143,101,0.0
NT,2025,11,144,101,0.0
NT,2025,11,145,101,0.0
NT,2025,11,146,101,0.0
NT,2025,11,147,101,0.0
NT,2025,11,148,101,0.0
NT,2025,11,149,101,0.0
NT,2025,11,150,101,0.0
NT,2025,11,151,101,0.0
NT,2025,11,152,101,0.0
NT,2025,11,153,101,0.0
NT,2025,11,154,101,0.0
NT,2025,11,155,101,0.0
NT,2025,11,156,101,0.0
NT,2025,11,157,101,0.0
NT,2025,11,158,101,0.0
NT,2025,11,159,101,0.0
NT,2025,11,160,101,0.0
NT,2025,11,161,101,0.0
NT,2025,11,162,101,0.0
NT,2025,11,163,101,0.0
NT,2025,11,164,101,0.0
NT,2025,11,165,101,0.0
NT,2025,11,166,101,0.0
NT,2025,11,167,101,0.0
NT,2025,21,0,101,0.0
NT,2025,21,1,101,0.0
NT,2025,21,2,101,0.0
NT,2025,21,3,101,0.0
NT,2025,21,4,101,0.0
NT,2025,21,5,101,0.0
NT,2025,21,6,101,0.0
NT,2025,21,7,101,0.0
NT,2025,21,8,101,0.0
NT,2025,21,9,101,0.0
NT,2025,21,10,101,0.0
NT,2025,21,11,101,0.0
NT,2025,21,12,101,0.0
NT,2025,21,13,101,0.0
NT,2025,21,14,101,0.0
NT,2025,21,15,101,0.0
NT,2025,21,16,101,0.0
NT,2025,21,17,101,0.0
NT,2025,21,18,101,0.0
NT,2025,21,19,101,0.0
NT,2025,21,20,101,0.0
NT,2025,21,21,101,0.0
NT,2025,21,22,101,0.0
NT,2025,21,23,101,0.0
NT,2025,21,24,101,0.0
NT,2025,21,25,101,0.0
NT,2025,21,26,101,0.0
NT,2025,21,27,101,0.0
NT,2025,21,28,101,0.0
NT,2025,21,29,101,0.0
NT,2025,21,30,101,0.0
NT,2025,21,31,101,0.0
NT,2025,21,32,101,0.0
NT,2025,21,33,101,0.0
NT,2025,21,34,101,0.0
NT,2025,21,35,101,0.0
NT,2025,21,36,101,0.0
NT,2025,21,37,101,0.0
NT,2025,21,38,101,0.0
NT,2025,21,39,101,0.0
NT,2025,21,40,101,0.0
NT,2025,21,41,101,0.0
NT,2025,21,42,101,0.0
NT,2025,21,43,101,0.0
NT,2025,21,44,101,0.0
NT,2025,21,45,101,0.0
NT,2025,21,46,101,0.0
NT,2025,21,47,101,0.0
NT,2025,21,48,101,0.0
NT,2025,21,49,101,0.0
NT,2025,21,50,101,0.0
NT,2025,21,51,101,0.0
NT,2025,21,52,101,0.0
NT,2025,21,53,101,0.0
NT,2025,21,54,101,0.0
NT,2025,21,55,101,0.0
NT,2025,21,56,101,0.0
NT,2025,21,57,101,0.0
NT,2025,21,58,101,0.0
NT,2025,21,59,101,0.0
NT,2025,21,60,101,0.0
NT,2025,21,61,101,0.0
NT,2025,21,62,101,0.0
NT,2025,21,63,101,0.0
NT,2025,21,64,101,0.0
NT,2025,21,65,101,0.0
NT,2025,21,66,101,0.0
NT,2025,21,67,101,0.0
NT,2025,21,68,101,0.0
NT,2025,21,69,101,0.0
NT,2025,21,70,101,0.0
NT,2025,21,71,101,0.0
NT,2025,21,72,101,0.0
NT,2025,21,73,101,0.0
NT,2025,21,74,101,0.0
NT,2025,21,75,101,0.0
NT,2025,21,76,101,0.0
NT,2025,21,77,101,0.0
NT,2025,21,78,101,0.0
NT,2025,21,79,101,0.0
NT,2025,21,80,101,0.0
NT,2025,21,81,101,0.0
NT,2025,21,82,101,0.0
NT,2025,21,83,101,0.0
NT,2025,21,84,101,0.0
NT,2025,21,85,101,0.0
NT,2025,21,86,101,0.0
NT,2025,21,87,101,0.0
NT,2025,21,88,101,0.0
NT,2025,21,89,101,0.0
NT,2025,21,90,101,0.0
NT,2025,21,91,101,0.0
NT,2025,21,92,101,0.0
NT,2025,21,93,101,0.0
NT,2025,21,94,101,0.0
NT,2025,21,95,101,0.0
NT,2025,21,96,101,0.0
NT,2025,21,97,101,0.0
NT,2025,21,98,101,0.0
NT,2025,21,99,101,0.0
NT,2025,21,100,101,0.0
NT,2025,21,101,101,0.0
NT,2025,21,102,101,0.0
NT,2025,21,103,101,0.0
NT,2025,21,104,101,0.0
NT,2025,21,105,101,0.0
NT,2025,21,106,101,0.0
NT,2025,21,107,101,0.0
NT,2025,21,108,101,0.0
NT,2025,21,109,101,0.0
NT,2025,21,110,101,0.0
NT,2025,21,111,101,0.0
NT,2025,21,112,101,0.0
NT,2025,21,113,101,0.0
NT,2025,21,114,101,0.0
NT,2025,21,115,101,0.0
NT,2025,21,116,101,0.0
NT,2025,21,117,101,0.0
NT,2025,21,118,101,0.0
NT,2025,21,119,101,0.0
NT,2025,21,120,101,0.0
NT,2025,21,121,101,0.0
NT,2025,21,122,101,0.0
NT,2025,21,123,101,0.0
NT,2025,21,124,101,0.0
NT,2025,21,125,101,0.0
NT,2025,21,126,101,0.0
NT,2025,21,127,101,0.0
NT,2025,21,128,101,0.0
NT,2025,21,129,101,0.0
NT,2025,21,130,101,0.0
NT,2025,21,131,101,0.0
NT,2025,21,132,101,0.0
NT,2025,21,133,101,0.0
NT,2025,21,134,101,0.0
NT,2025,21,135,101,0.0
NT,2025,21,136,101,0.0
NT,2025,21,137,101,0.0
NT,2025,21,138,101,0.0
NT,2025,21,139,101,0.0
NT,2025,21,140,101,0.0
NT,2025,21,141,101,0.0
NT,2025,21,142,101,0.0
NT,2025,21,143,101,0.0
NT,2025,21,144,101,0.0
NT,2025,21,145,101,0.0
NT,2025,21,146,101,0.0
NT,2025,21,147,101,0.0
NT,2025,21,148,101,0.0
NT,2025,21,149,101,0.0
NT,2025,21,150,101,0.0
NT,2025,21,151,101,0.0
NT,2025,21,152,101,0.0
NT,2025,21,153,101,0.0
NT,2025,21,154,101,0.0
NT,2025,21,155,101,0.0
NT,2025,21,156,101,0.0
NT,2025,21,157,101,0.0
NT,2025,21,158,101,0.0
NT,2025,21,159,101,0.0
NT,2025,21,160,101,0.0
NT,2025,21,161,101,0.0
NT,2025,21,162,101,0.0
NT,2025,21,163,101,0.0
NT,2025,21,164,101,0.0
NT,2025,21,165,101,0.0
NT,2025,21,166,101,0.0
NT,2025,21,167,101,0.0
NT,2025,42,0,101,0.0
NT,2025,42,1,101,0.0
NT,2025,42,2,101,0.0
NT,2025,42,3,101,0.0
NT,2025,42,4,101,0.0
NT,2025,42,5,101,0.0
NT,2025,42,6,101,0.0
NT,2025,42,7,101,0.0
NT,2025,42,8,101,0.0
NT,2025,42,9,101,0.0
NT,2025,42,10,101,0.0
NT,2025,42,11,101,0.0
NT,2025,42,12,101,0.0
NT,2025,42,13,101,0.0
NT,2025,42,14,101,0.0
NT,2025,42,15,101,0.0
NT,2025,42,16,101,0.0
NT,2025,42,17,101,0.0
NT,2025,42,18,101,0.0
NT,2025,42,19,101,0.0
NT,2025,42,20,101,0.0
NT,2025,42,21,101,0.0
NT,2025,42,22,101,0.0
NT,2025,42,23,101,0.0
NT,2025,42,24,101,0.0
NT,2025,42,25,101,0.0
NT,2025,42,26,101,0.0
NT,2025,42,27,101,0.0
NT,2025,42,28,101,0.0
NT,2025,42,29,101,0.0
NT,2025,42,30,101,0.0
NT,2025,42,31,101,0.0
NT,2025,42,32,101,0.0
NT,2025,42,33,101,0.0
NT,2025,42,34,101,0.0
NT,2025,42,35,101,0.0
NT,2025,42,36,101,0.0
NT,2025,42,37,101,0.0
NT,2025,42,38,101,0.0
NT,2025,42,39,101,0.0
NT,2025,42,40,101,0.0
NT,2025,42,41,101,0.0
NT,2025,42,42,101,0.0
NT,2025,42,43,101,0.0
NT,2025,42,44,101,0.0
NT,2025,42,45,101,0.0
NT,2025,42,46,101,0.0
NT,2025,42,47,101,0.0
NT,2025,42,48,101,0.0
NT,2025,42,49,101,0.0
NT,2025,42,50,101,0.0
NT,2025,42,51,101,0.0
NT,2025,42,52,101,0.0
NT,2025,42,53,101,0.0
NT,2025,42,54,101,0.0
NT,2025,42,55,101,0.0
NT,2025,42,56,101,0.0
NT,2025,42,57,101,0.0
NT,2025,42,58,101,0.0
NT,2025,42,59,101,0.0
NT,2025,42,60,101,0.0
NT,2025,42,61,101,0.0
NT,2025,42,62,101,0.0
NT,2025,42,63,101,0.0
NT,2025,42,64,101,0.0
NT,2025,42,65,101,0.0
NT,2025,42,66,101,0.0
NT,2025,42,67,101,0.0
NT,2025,42,68,101,0.0
NT,2025,42,69,101,0.0
NT,2025,42,70,101,0.0
NT,2025,42,71,101,0.0
NT,2025,42,72,101,0.0
NT,2025,42,73,101,0.0
NT,2025,42,74,101,0.0
NT,2025,42,75,101,0.0
NT,2025,42,76,101,0.0
NT,2025,42,77,101,0.0
NT,2025,42,78,101,0.0
NT,2025,42,79,101,0.0
NT,2025,42,80,101,0.0
NT,2025,42,81,101,0.0
NT,2025,42,82,101,0.0
NT,2025,42,83,101,0.0
NT,2025,42,84,101,0.0
NT,2025,42,85,101,0.0
NT,2025,42,86,101,0.0
NT,2025,42,87,101,0.0
NT,2025,42,88,101,0.0
NT,2025,42,89,101,0.0
NT,2025,42,90,101,0.0
NT,2025,42,91,101,0.0
NT,2025,42,92,101,0.0
NT,2025,42,93,101,0.0
NT,2025,42,94,101,0.0
NT,2025,42,95,101,0.0
NT,2025,42,96,101,0.0
NT,2025,42,97,101,0.0
NT,2025,42,98,101,0.0
NT,2025,42,99,101,0.0
NT,2025,42,100,101,0.0
NT,2025,42,101,101,0.0
NT,2025,42,102,101,0.0
NT,2025,42,103,101,0.0
NT,2025,42,104,101,0.0
NT,2025,42,105,101,0.0
NT,2025,42,106,101,0.0
NT,2025,42,107,101,0.0
NT,2025,42,108,101,0.0
NT,2025,42,109,101,0.0
NT,2025,42,110,101,0.0
NT,2025,42,111,101,0.0
NT,2025,42,112,101,0.0
NT,2025,42,113,101,0.0
NT,2025,42,114,101,0.0
NT,2025,42,115,101,0.0
NT,2025,42,116,101,0.0
NT,2025,42,117,101,0.0
NT,2025,42,118,101,0.0
NT,2025,42,119,101,0.0
NT,2025,42,120,101,0.0
NT,2025,42,121,101,0.0
NT,2025,42,122,101,0.0
NT,2025,42,123,101,0.0
NT,2025,42,124,101,0.0
NT,2025,42,125,101,0.0
NT,2025,42,126,101,0.0
NT,2025,42,127,101,0.0
NT,2025,42,128,101,0.0
NT,2025,42,129,101,0.0
NT,2025,42,130,101,0.0
NT,2025,42,131,101,0.0
NT,2025,42,132,101,0.0
NT,2025,42,133,101,0.0
NT,2025,42,134,101,0.0
NT,2025,42,135,101,0.0
NT,2025,42,136,101,0.0
NT,2025,42,137,101,0.0
NT,2025,42,138,101,0.0
NT,2025,42,139,101,0.0
NT,2025,42,140,101,0.0
NT,2025,42,141,101,0.0
NT,2025,42,142,101,0.0
NT,2025,42,143,101,0.0
NT,2025,42,144,101,0.0
NT,2025,42,145,101,0.0
NT,2025,42,146,101,0.0
NT,2025,42,147,101,0.0
NT,2025,42,148,101,0.0
NT,2025,42,149,101,0.0
NT,2025,42,150,101,0.0
NT,2025,42,151,101,0.0
NT,2025,42,152,101,0.0
NT,2025,42,153,101,0.0
NT,2025,42,154,101,0.0
NT,2025,42,155,101,0.0
NT,2025,42,156,101,0.0
NT,2025,42,157,101,0.0
NT,2025,42,158,101,0.0
NT,2025,42,159,101,0.0
NT,2025,42,160,101,0.0
NT,2025,42,161,101,0.0
NT,2025,42,162,101,0.0
NT,2025,42,163,101,0.0
NT,2025,42,164,101,0.0
NT,2025,42,165,101,0.0
NT,2025,42,166,101,0.0
NT,2025,42,167,101,0.0
NT,2025,52,0,101,0.0
NT,2025,52,1,101,0.0
NT,2025,52,2,101,0.0
NT,2025,52,3,101,0.0
NT,2025,52,4,101,0.0
NT,2025,52,5,101,0.0
NT,2025,52,6,101,0.0
NT,2025,52,7,101,0.0
NT,2025,52,8,101,0.0
NT,2025,52,9,101,0.0
NT,2025,52,10,101,0.0
NT,2025,52,11,101,0.0
NT,2025,52,12,101,0.0
NT,2025,52,13,101,0.0
NT,2025,52,14,101,0.0
NT,2025,52,15,101,0.0
NT,2025,52,16,101,0.0
NT,2025,52,17,101,0.0
NT,2025,52,18,101,0.0
NT,2025,52,19,101,0.0
NT,2025,52,20,101,0.0
NT,2025,52,21,101,0.0
NT,2025,52,22,101,0.0
NT,2025,52,23,101,0.0
NT,2025,52,24,101,0.0
NT,2025,52,25,101,0.0
NT,2025,52,26,101,0.0
NT,2025,52,27,101,0.0
NT,2025,52,28,101,0.0
NT,2025,52,29,101,0.0
NT,2025,52,30,101,0.0
NT,2025,52,31,101,0.0
NT,2025,52,32,101,0.0
NT,2025,52,33,101,0.0
NT,2025,52,34,101,0.0
NT,2025,52,35,101,0.0
NT,2025,52,36,101,0.0
NT,2025,52,37,101,0.0
NT,2025,52,38,101,0.0
NT,2025,52,39,101,0.0
NT,2025,52,40,101,0.0
NT,2025,52,41,101,0.0
NT,2025,52,42,101,0.0
NT,2025,52,43,101,0.0
NT,2025,52,44,101,0.0
NT,2025,52,45,101,0.0
NT,2025,52,46,101,0.0
NT,2025,52,47,101,0.0
NT,2025,52,48,101,0.0
NT,2025,52,49,101,0.0
NT,2025,52,50,101,0.0
NT,2025,52,51,101,0.0
NT,2025,52,52,101,0.0
NT,2025,52,53,101,0.0
NT,2025,52,54,101,0.0
NT,2025,52,55,101,0.0
NT,2025,52,56,101,0.0
NT,2025,52,57,101,0.0
NT,2025,52,58,101,0.0
NT,2025,52,59,101,0.0
NT,2025,52,60,101,0.0
NT,2025,52,61,101,0.0
NT,2025,52,62,101,0.0
NT,2025,52,63,101,0.0
NT,2025,52,64,101,0.0
NT,2025,52,65,101,0.0
NT,2025,52,66,101,0.0
NT,2025,52,67,101,0.0
NT,2025,52,68,101,0.0
NT,2025,52,69,101,0.0
NT,2025,52,70,101,0.0
NT,2025,52,71,101,0.0
NT,2025,52,72,101,0.0
NT,2025,52,73,101,0.0
NT,2025,52,74,101,0.0
NT,2025,52,75,101,0.0
NT,2025,52,76,101,0.0
NT,2025,52,77,101,0.0
NT,2025,52,78,101,0.0
NT,2025,52,79,101,0.0
NT,2025,52,80,101,0.0
NT,2025,52,81,101,0.0
NT,2025,52,82,101,0.0
NT,2025,52,83,101,0.0
NT,2025,52,84,101,0.0
NT,2025,52,85,101,0.0
NT,2025,52,86,101,0.0
NT,2025,52,87,101,0.0
NT,2025,52,88,101,0.0
NT,2025,52,89,101,0.0
NT,2025,52,90,101,0.0
NT,2025,52,91,101,0.0
NT,2025,52,92,101,0.0
NT,2025,52,93,101,0.0
NT,2025,52,94,101,0.0
NT,2025,52,95,101,0.0
NT,2025,52,96,101,0.0
NT,2025,52,97,101,0.0
NT,2025,52,98,101,0.0
NT,2025,52,99,101,0.0
NT,2025,52,100,101,0.0
NT,2025,52,101,101,0.0
NT,2025,52,102,101,0.0
NT,2025,52,103,101,0.0
NT,2025,52,104,101,0.0
NT,2025,52,105,101,0.0
NT,2025,52,106,101,0.0
NT,2025,52,107,101,0.0
NT,2025,52,108,101,0.0
NT,2025,52,109,101,0.0
NT,2025,52,110,101,0.0
NT,2025,52,111,101,0.0
NT,2025,52,112,101,0.0
NT,2025,52,113,101,0.0
NT,2025,52,114,101,0.0
NT,2025,52,115,101,0.0
NT,2025,52,116,101,0.0
NT,2025,52,117,101,0.0
NT,2025,52,118,101,0.0
NT,2025,52,119,101,0.0
NT,2025,52,120,101,0.0
NT,2025,52,121,101,0.0
NT,2025,52,122,101,0.0
NT,2025,52,123,101,0.0
NT,2025,52,124,101,0.0
NT,2025,52,125,101,0.0
NT,2025,52,126,101,0.0
NT,2025,52,127,101,0.0
NT,2025,52,128,101,0.0
NT,2025,52,129,101,0.0
NT,2025,52,130,101,0.0
NT,2025,52,131,101,0.0
NT,2025,52,132,101,0.0
NT,2025,52,133,101,0.0
NT,2025,52,134,101,0.0
NT,2025,52,135,101,0.0
NT,2025,52,136,101,0.0
NT,2025,52,137,101,0.0
NT,2025,52,138,101,0.0
NT,2025,52,139,101,0.0
NT,2025,52,140,101,0.0
NT,2025,52,141,101,0.0
NT,2025,52,142,101,0.0
NT,2025,52,143,101,0.0
NT,2025,52,144,101,0.0
NT,2025,52,145,101,0.0
NT,2025,52,146,101,0.0
NT,2025,52,147,101,0.0
NT,2025,52,148,101,0.0
NT,2025,52,149,101,0.0
NT,2025,52,150,101,0.0
NT,2025,52,151,101,0.0
NT,2025,52,152,101,0.0
NT,2025,52,153,101,0.0
NT,2025,52,154,101,0.0
NT,2025,52,155,101,0.0
NT,2025,52,156,101,0.0
NT,2025,52,157,101,0.0
NT,2025,52,158,101,0.0
NT,2025,52,159,101,0.0
NT,2025,52,160,101,0.0
NT,2025,52,161,101,0.0
NT,2025,52,162,101,0.0
NT,2025,52,163,101,0.0
NT,2025,52,164,101,0.0
NT,2025,52,165,101,0.0
NT,2025,52,166,101,0.0
NT,2025,52,167,101,0.0
NT,2030,11,0,101,0.0
NT,2030,11,1,101,0.0
NT,2030,11,2,101,0.0
NT,2030,11,3,101,0.0
NT,2030,11,4,101,0.0
NT,2030,11,5,101,0.0
NT,2030,11,6,101,0.0
NT,2030,11,7,101,0.0
NT,2030,11,8,101,0.0
NT,2030,11,9,101,0.0
NT,2030,11,10,101,0.0
NT,2030,11,11,101,0.0
NT,2030,11,12,101,0.0
NT,2030,11,13,101,0.0
NT,2030,11,14,101,0.0
NT,2030,11,15,101,0.0
NT,2030,11,16,101,0.0
NT,2030,11,17,101,0.0
NT,2030,11,18,101,0.0
NT,2030,11,19,101,0.0
NT,2030,11,20,101,0.0
NT,2030,11,21,101,0.0
NT,2030,11,22,101,0.0
NT,2030,11,23,101,0.0
NT,2030,11,24,101,0.0
NT,2030,11,25,101,0.0
NT,2030,11,26,101,0.0
NT,2030,11,27,101,0.0
NT,2030,11,28,101,0.0
NT,2030,11,29,101,0.0
NT,2030,11,30,101,0.0
NT,2030,11,31,101,0.0
NT,2030,11,32,101,0.0
NT,2030,11,33,101,0.0
NT,2030,11,34,101,0.0
NT,2030,11,35,101,0.0
NT,2030,11,36,101,0.0
NT,2030,11,37,101,0.0
NT,2030,11,38,101,0.0
NT,2030,11,39,101,0.0
NT,2030,11,40,101,0.0
NT,2030,11,41,101,0.0
NT,2030,11,42,101,0.0
NT,2030,11,43,101,0.0
NT,2030,11,44,101,0.0
NT,2030,11,45,101,0.0
NT,2030,11,46,101,0.0
NT,2030,11,47,101,0.0
NT,2030,11,48,101,0.0
NT,2030,11,49,101,0.0
NT,2030,11,50,101,0.0
NT,2030,11,51,101,0.0
NT,2030,11,52,101,0.0
NT,2030,11,53,101,0.0
NT,2030,11,54,101,0.0
NT,2030,11,55,101,0.0
NT,2030,11,56,101,0.0
NT,2030,11,57,101,0.0
NT,2030,11,58,101,0.0
NT,2030,11,59,101,0.0
NT,2030,11,60,101,0.0
NT,2030,11,61,101,0.0
NT,2030,11,62,101,0.0
NT,2030,11,63,101,0.0
NT,2030,11,64,101,0.0
NT,2030,11,65,101,0.0
NT,2030,11,66,101,0.0
NT,2030,11,67,101,0.0
NT,2030,11,68,101,0.0
NT,2030,11,69,101,0.0
NT,2030,11,70,101,0.0
NT,2030,11,71,101,0.0
NT,2030,11,72,101,0.0
NT,2030,11,73,101,0.0
NT,2030,11,74,101,0.0
NT,2030,11,75,101,0.0
NT,2030,11,76,101,0.0
NT,2030,11,77,101,0.0
NT,2030,11,78,101,0.0
NT,2030,11,79,101,0.0
NT,2030,11,80,101,0.0
NT,2030,11,81,101,0.0
NT,2030,11,82,101,0.0
NT,2030,11,83,101,0.0
NT,2030,11,84,101,0.0
NT,2030,11,85,101,0.0
NT,2030,11,86,101,0.0
NT,2030,11,87,101,0.0
NT,2030,11,88,101,0.0
NT,2030,11,89,101,0.0
NT,2030,11,90,101,0.0
NT,2030,11,91,101,0.0
NT,2030,11,92,101,0.0
NT,2030,11,93,101,0.0
NT,2030,11,94,101,0.0
NT,2030,11,95,101,0.0
NT,2030,11,96,101,0.0
NT,2030,11,97,101,0.0
NT,2030,11,98,101,0.0
NT,2030,11,99,101,0.0
NT,2030,11,100,101,0.0
NT,2030,11,101,101,0.0
NT,2030,11,102,101,0.0
NT,2030,11,103,101,0.0
NT,2030,11,104,101,0.0
NT,2030,11,105,101,0.0
NT,2030,11,106,101,0.0
NT,2030,11,107,101,0.0
NT,2030,11,108,101,0.0
NT,2030,11,109,101,0.0
NT,2030,11,110,101,0.0
NT,2030,11,111,101,0.0
NT,2030,11,112,101,0.0
NT,2030,11,113,101,0.0
NT,2030,11,114,101,0.0
NT,2030,11,115,101,0.0
NT,2030,11,116,101,0.0
NT,2030,11,117,101,0.0
NT,2030,11,118,101,0.0
NT,2030,11,119,101,0.0
NT,2030,11,120,101,0.0
NT,2030,11,121,101,0.0
NT,2030,11,122,101,0.0
NT,2030,11,123,101,0.0
NT,2030,11,124,101,0.0
NT,2030,11,125,101,0.0
NT,2030,11,126,101,0.0
NT,2030,11,127,101,0.0
NT,2030,11,128,101,0.0
NT,2030,11,129,101,0.0
NT,2030,11,130,101,0.0
NT,2030,11,131,101,0.0
NT,2030,11,132,101,0.0
NT,2030,11,133,101,0.0
NT,2030,11,134,101,0.0
NT,2030,11,135,101,0.0
NT,2030,11,136,101,0.0
NT,2030,11,137,101,0.0
NT,2030,11,138,101,0.0
NT,2030,11,139,101,0.0
NT,2030,11,140,101,0.0
NT,2030,11,141,101,0.0
NT,2030,11,142,101,0.0
NT,2030,11,143,101,0.0
NT,2030,11,144,101,0.0
NT,2030,11,145,101,0.0
NT,2030,11,146,101,0.0
NT,2030,11,147,101,0.0
NT,2030,11,148,101,0.0
NT,2030,11,149,101,0.0
NT,2030,11,150,101,0.0
NT,2030,11,151,101,0.0
NT,2030,11,152,101,0.0
NT,2030,11,153,101,0.0
NT,2030,11,154,101,0.0
NT,2030,11,155,101,0.0
NT,2030,11,156,101,0.0
NT,2030,11,157,101,0.0
NT,2030,11,158,101,0.0
NT,2030,11,159,101,0.0
NT,2030,11,160,101,0.0
NT,2030,11,161,101,0.0
NT,2030,11,162,101,0.0
NT,2030,11,163,101,0.0
NT,2030,11,164,101,0.0
NT,2030,11,165,101,0.0
NT,2030,11,166,101,0.0
NT,2030,11,167,101,0.0
NT,2030,21,0,101,0.0
NT,2030,21,1,101,0.0
NT,2030,21,2,101,0.0
NT,2030,21,3,101,0.0
NT,2030,21,4,101,0.0
NT,2030,21,5,101,0.0
NT,2030,21,6,101,0.0
NT,2030,21,7,101,0.0
NT,2030,21,8,101,0.0
NT,2030,21,9,101,0.0
NT,2030,21,10,101,0.0
NT,2030,21,11,101,0.0
NT,2030,21,12,101,0.0
NT,2030,21,13,101,0.0
NT,2030,21,14,101,0.0
NT,2030,21,15,101,0.0
NT,2030,21,16,101,0.0
NT,2030,21,17,101,0.0
NT,2030,21,18,101,0.0
NT,2030,21,19,101,0.0
NT,2030,21,20,101,0.0
NT,2030,21,21,101,0.0
NT,2030,21,22,101,0.0
NT,2030,21,23,101,0.0
NT,2030,21,24,101,0.0
NT,2030,21,25,101,0.0
NT,2030,21,26,101,0.0
NT,2030,21,27,101,0.0
NT,2030,21,28,101,0.0
NT,2030,21,29,101,0.0
NT,2030,21,30,101,0.0
NT,2030,21,31,101,0.0
NT,2030,21,32,101,0.0
NT,2030,21,33,101,0.0
NT,2030,21,34,101,0.0
NT,2030,21,35,101,0.0
NT,2030,21,36,101,0.0
NT,2030,21,37,101,0.0
NT,2030,21,38,101,0.0
NT,2030,21,39,101,0.0
NT,2030,21,40,101,0.0
NT,2030,21,41,101,0.0
NT,2030,21,42,101,0.0
NT,2030,21,43,101,0.0
NT,2030,21,44,101,0.0
NT,2030,21,45,101,0.0
NT,2030,21,46,101,0.0
NT,2030,21,47,101,0.0
NT,2030,21,48,101,0.0
NT,2030,21,49,101,0.0
NT,2030,21,50,101,0.0
NT,2030,21,51,101,0.0
NT,2030,21,52,101,0.0
NT,2030,21,53,101,0.0
NT,2030,21,54,101,0.0
NT,2030,21,55,101,0.0
NT,2030,21,56,101,0.0
NT,2030,21,57,101,0.0
NT,2030,21,58,101,0.0
NT,2030,21,59,101,0.0
NT,2030,21,60,101,0.0
NT,2030,21,61,101,0.0
NT,2030,21,62,101,0.0
NT,2030,21,63,101,0.0
NT,2030,21,64,101,0.0
NT,2030,21,65,101,0.0
NT,2030,21,66,101,0.0
NT,2030,21,67,101,0.0
NT,2030,21,68,101,0.0
NT,2030,21,69,101,0.0
NT,2030,21,70,101,0.0
NT,2030,21,71,101,0.0
NT,2030,21,72,101,0.0
NT,2030,21,73,101,0.0
NT,2030,21,74,101,0.0
NT,2030,21,75,101,0.0
NT,2030,21,76,101,0.0
NT,2030,21,77,101,0.0
NT,2030,21,78,101,0.0
NT,2030,21,79,101,0.0
NT,2030,21,80,101,0.0
NT,2030,21,81,101,0.0
NT,2030,21,82,101,0.0
NT,2030,21,83,101,0.0
NT,2030,21,84,101,0.0
NT,2030,21,85,101,0.0
NT,2030,21,86,101,0.0
NT,2030,21,87,101,0.0
NT,2030,21,88,101,0.0
NT,2030,21,89,101,0.0
NT,2030,21,90,101,0.0
NT,2030,21,91,101,0.0
NT,2030,21,92,101,0.0
NT,2030,21,93,101,0.0
NT,2030,21,94,101,0.0
NT,2030,21,95,101,0.0
NT,2030,21,96,101,0.0
NT,2030,21,97,101,0.0
NT,2030,21,98,101,0.0
NT,2030,21,99,101,0.0
NT,2030,21,100,101,0.0
NT,2030,21,101,101,0.0
NT,2030,21,102,101,0.0
NT,2030,21,103,101,0.0
NT,2030,21,104,101,0.0
NT,2030,21,105,101,0.0
NT,2030,21,106,101,0.0
NT,2030,21,107,101,0.0
NT,2030,21,108,101,0.0
NT,2030,21,109,101,0.0
NT,2030,21,110,101,0.0
NT,2030,21,111,101,0.0
NT,2030,21,112,101,0.0
NT,2030,21,113,101,0.0
NT,2030,21,114,101,0.0
NT,2030,21,115,101,0.0
NT,2030,21,116,101,0.0
NT,2030,21,117,101,0.0
NT,2030,21,118,101,0.0
NT,2030,21,119,101,0.0
NT,2030,21,120,101,0.0
NT,2030,21,121,101,0.0
NT,2030,21,122,101,0.0
NT,2030,21,123,101,0.0
NT,2030,21,124,101,0.0
NT,2030,21,125,101,0.0
NT,2030,21,126,101,0.0
NT,2030,21,127,101,0.0
NT,2030,21,128,101,0.0
NT,2030,21,129,101,0.0
NT,2030,21,130,101,0.0
NT,2030,21,131,101,0.0
NT,2030,21,132,101,0.0
NT,2030,21,133,101,0.0
NT,2030,21,134,101,0.0
NT,2030,21,135,101,0.0
NT,2030,21,136,101,0.0
NT,2030,21,137,101,0.0
NT,2030,21,138,101,0.0
NT,2030,21,139,101,0.0
NT,2030,21,140,101,0.0
NT,2030,21,141,101,0.0
NT,2030,21,142,101,0.0
NT,2030,21,143,101,0.0
NT,2030,21,144,101,0.0
NT,2030,21,145,101,0.0
NT,2030,21,146,101,0.0
NT,2030,21,147,101,0.0
NT,2030,21,148,101,0.0
NT,2030,21,149,101,0.0
NT,2030,21,150,101,0.0
NT,2030,21,151,101,0.0
NT,2030,21,152,101,0.0
NT,2030,21,153,101,0.0
NT,2030,21,154,101,0.0
NT,2030,21,155,101,0.0
NT,2030,21,156,101,0.0
NT,2030,21,157,101,0.0
NT,2030,21,158,101,0.0
NT,2030,21,159,101,0.0
NT,2030,21,160,101,0.0
NT,2030,21,161,101,0.0
NT,2030,21,162,101,0.0
NT,2030,21,163,101,0.0
NT,2030,21,164,101,0.0
NT,2030,21,165,101,0.0
NT,2030,21,166,101,0.0
NT,2030,21,167,101,0.0
NT,2030,42,0,101,0.0
NT,2030,42,1,101,0.0
NT,2030,42,2,101,0.0
NT,2030,42,3,101,0.0
NT,2030,42,4,101,0.0
NT,2030,42,5,101,0.0
NT,2030,42,6,101,0.0
NT,2030,42,7,101,0.0
NT,2030,42,8,101,0.0
NT,2030,42,9,101,0.0
NT,2030,42,10,101,0.0
NT,2030,42,11,101,0.0
NT,2030,42,12,101,0.0
NT,2030,42,13,101,0.0
NT,2030,42,14,101,0.0
NT,2030,42,15,101,0.0
NT,2030,42,16,101,0.0
NT,2030,42,17,101,0.0
NT,2030,42,18,101,0.0
NT,2030,42,19,101,0.0
NT,2030,42,20,101,0.0
NT,2030,42,21,101,0.0
NT,2030,42,22,101,0.0
NT,2030,42,23,101,0.0
NT,2030,42,24,101,0.0
NT,2030,42,25,101,0.0
NT,2030,42,26,101,0.0
NT,2030,42,27,101,0.0
NT,2030,42,28,101,0.0
NT,2030,42,29,101,0.0
NT,2030,42,30,101,0.0
NT,2030,42,31,101,0.0
NT,2030,42,32,101,0.0
NT,2030,42,33,101,0.0
NT,2030,42,34,101,0.0
NT,2030,42,35,101,0.0
NT,2030,42,36,101,0.0
NT,2030,42,37,101,0.0
NT,2030,42,38,101,0.0
NT,2030,42,39,101,0.0
NT,2030,42,40,101,0.0
NT,2030,42,41,101,0.0
NT,2030,42,42,101,0.0
NT,2030,42,43,101,0.0
NT,2030,42,44,101,0.0
NT,2030,42,45,101,0.0
NT,2030,42,46,101,0.0
NT,2030,42,47,101,0.0
NT,2030,42,48,101,0.0
NT,2030,42,49,101,0.0
NT,2030,42,50,101,0.0
NT,2030,42,51,101,0.0
NT,2030,42,52,101,0.0
NT,2030,42,53,101,0.0
NT,2030,42,54,101,0.0
NT,2030,42,55,101,0.0
NT,2030,42,56,101,0.0
NT,2030,42,57,101,0.0
NT,2030,42,58,101,0.0
NT,2030,42,59,101,0.0
NT,2030,42,60,101,0.0
NT,2030,42,61,101,0.0
NT,2030,42,62,101,0.0
NT,2030,42,63,101,0.0
NT,2030,42,64,101,0.0
NT,2030,42,65,101,0.0
NT,2030,42,66,101,0.0
NT,2030,42,67,101,0.0
NT,2030,42,68,101,0.0
NT,2030,42,69,101,0.0
NT,2030,42,70,101,0.0
NT,2030,42,71,101,0.0
NT,2030,42,72,101,0.0
NT,2030,42,73,101,0.0
NT,2030,42,74,101,0.0
NT,2030,42,75,101,0.0
NT,2030,42,76,101,0.0
NT,2030,42,77,101,0.0
NT,2030,42,78,101,0.0
NT,2030,42,79,101,0.0
NT,2030,42,80,101,0.0
NT,2030,42,81,101,0.0
NT,2030,42,82,101,0.0
NT,2030,42,83,101,0.0
NT,2030,42,84,101,0.0
NT,2030,42,85,101,0.0
NT,2030,42,86,101,0.0
NT,2030,42,87,101,0.0
NT,2030,42,88,101,0.0
NT,2030,42,89,101,0.0
NT,2030,42,90,101,0.0
NT,2030,42,91,101,0.0
NT,2030,42,92,101,0.0
NT,2030,42,93,101,0.0
NT,2030,42,94,101,0.0
NT,2030,42,95,101,0.0
NT,2030,42,96,101,0.0
NT,2030,42,97,101,0.0
NT,2030,42,98,101,0.0
NT,2030,42,99,101,0.0
NT,2030,42,100,101,0.0
NT,2030,42,101,101,0.0
NT,2030,42,102,101,0.0
NT,2030,42,103,101,0.0
NT,2030,42,104,101,0.0
NT,2030,42,105,101,0.0
NT,2030,42,106,101,0.0
NT,2030,42,107,101,0.0
NT,2030,42,108,101,0.0
NT,2030,42,109,101,0.0
NT,2030,42,110,101,0.0
NT,2030,42,111,101,0.0
NT,2030,42,112,101,0.0
NT,2030,42,113,101,0.0
NT,2030,42,114,101,0.0
NT,2030,42,115,101,0.0
NT,2030,42,116,101,0.0
NT,2030,42,117,101,0.0
NT,2030,42,118,101,0.0
NT,2030,42,119,101,0.0
NT,2030,42,120,101,0.0
NT,2030,42,121,101,0.0
NT,2030,42,122,101,0.0
NT,2030,42,123,101,0.0
NT,2030,42,124,101,0.0
NT,2030,42,125,101,0.0
NT,2030,42,126,101,0.0
NT,2030,42,127,101,0.0
NT,2030,42,128,101,0.0
NT,2030,42,129,101,0.0
NT,2030,42,130,101,0.0
NT,2030,42,131,101,0.0
NT,2030,42,132,101,0.0
NT,2030,42,133,101,0.0
NT,2030,42,134,101,0.0
NT,2030,42,135,101,0.0
NT,2030,42,136,101,0.0
NT,2030,42,137,101,0.0
NT,2030,42,138,101,0.0
NT,2030,42,139,101,0.0
NT,2030,42,140,101,0.0
NT,2030,42,141,101,0.0
NT,2030,42,142,101,0.0
NT,2030,42,143,101,0.0
NT,2030,42,144,101,0.0
NT,2030,42,145,101,0.0
NT,2030,42,146,101,0.0
NT,2030,42,147,101,0.0
NT,2030,42,148,101,0.0
NT,2030,42,149,101,0.0
NT,2030,42,150,101,0.0
NT,2030,42,151,101,0.0
NT,2030,42,152,101,0.0
NT,2030,42,153,101,0.0
NT,2030,42,154,101,0.0
NT,2030,42,155,101,0.0
NT,2030,42,156,101,0.0
NT,2030,42,157,101,0.0
NT,2030,42,158,101,0.0
NT,2030,42,159,101,0.0
NT,2030,42,160,101,0.0
NT,2030,42,161,101,0.0
NT,2030,42,162,101,0.0
NT,2030,42,163,101,0.0
NT,2030,42,164,101,0.0
NT,2030,42,165,101,0.0
NT,2030,42,166,101,0.0
NT,2030,42,167,101,0.0
NT,2030,52,0,101,0.0
NT,2030,52,1,101,0.0
NT,2030,52,2,101,0.0
NT,2030,52,3,101,0.0
NT,2030,52,4,101,0.0
NT,2030,52,5,101,0.0
NT,2030,52,6,101,0.0
NT,2030,52,7,101,0.0
NT,2030,52,8,101,0.0
NT,2030,52,9,101,0.0
NT,2030,52,10,101,0.0
NT,2030,52,11,101,0.0
NT,2030,52,12,101,0.0
NT,2030,52,13,101,0.0
NT,2030,52,14,101,0.0
NT,2030,52,15,101,0.0
NT,2030,52,16,101,0.0
NT,2030,52,17,101,0.0
NT,2030,52,18,101,0.0
NT,2030,52,19,101,0.0
NT,2030,52,20,101,0.0
NT,2030,52,21,101,0.0
NT,2030,52,22,101,0.0
NT,2030,52,23,101,0.0
NT,2030,52,24,101,0.0
NT,2030,52,25,101,0.0
NT,2030,52,26,101,0.0
NT,2030,52,27,101,0.0
NT,2030,52,28,101,0.0
NT,2030,52,29,101,0.0
NT,2030,52,30,101,0.0
NT,2030,52,31,101,0.0
NT,2030,52,32,101,0.0
NT,2030,52,33,101,0.0
NT,2030,52,34,101,0.0
NT,2030,52,35,101,0.0
NT,2030,52,36,101,0.0
NT,2030,52,37,101,0.0
NT,2030,52,38,101,0.0
NT,2030,52,39,101,0.0
NT,2030,52,40,101,0.0
NT,2030,52,41,101,0.0
NT,2030,52,42,101,0.0
NT,2030,52,43,101,0.0
NT,2030,52,44,101,0.0
NT,2030,52,45,101,0.0
NT,2030,52,46,101,0.0
NT,2030,52,47,101,0.0
NT,2030,52,48,101,0.0
NT,2030,52,49,101,0.0
NT,2030,52,50,101,0.0
NT,2030,52,51,101,0.0
NT,2030,52,52,101,0.0
NT,2030,52,53,101,0.0
NT,2030,52,54,101,0.0
NT,2030,52,55,101,0.0
NT,2030,52,56,101,0.0
NT,2030,52,57,101,0.0
NT,2030,52,58,101,0.0
NT,2030,52,59,101,0.0
NT,2030,52,60,101,0.0
NT,2030,52,61,101,0.0
NT,2030,52,62,101,0.0
NT,2030,52,63,101,0.0
NT,2030,52,64,101,0.0
NT,2030,52,65,101,0.0
NT,2030,52,66,101,0.0
NT,2030,52,67,101,0.0
NT,2030,52,68,101,0.0
NT,2030,52,69,101,0.0
NT,2030,52,70,101,0.0
NT,2030,52,71,101,0.0
NT,2030,52,72,101,0.0
NT,2030,52,73,101,0.0
NT,2030,52,74,101,0.0
NT,2030,52,75,101,0.0
NT,2030,52,76,101,0.0
NT,2030,52,77,101,0.0
NT,2030,52,78,101,0.0
NT,2030,52,79,101,0.0
NT,2030,52,80,101,0.0
NT,2030,52,81,101,0.0
NT,2030,52,82,101,0.0
NT,2030,52,83,101,0.0
NT,2030,52,84,101,0.0
NT,2030,52,85,101,0.0
NT,2030,52,86,101,0.0
NT,2030,52,87,101,0.0
NT,2030,52,88,101,0.0
NT,2030,52,89,101,0.0
NT,2030,52,90,101,0.0
NT,2030,52,91,101,0.0
NT,2030,52,92,101,0.0
NT,2030,52,93,101,0.0
NT,2030,52,94,101,0.0
NT,2030,52,95,101,0.0
NT,2030,52,96,101,0.0
NT,2030,52,97,101,0.0
NT,2030,52,98,101,0.0
NT,2030,52,99,101,0.0
NT,2030,52,100,101,0.0
NT,2030,52,101,101,0.0
NT,2030,52,102,101,0.0
NT,2030,52,103,101,0.0
NT,2030,52,104,101,0.0
NT,2030,52,105,101,0.0
NT,2030,52,106,101,0.0
NT,2030,52,107,101,0.0
NT,2030,52,108,101,0.0
NT,2030,52,109,101,0.0
NT,2030,52,110,101,0.0
NT,2030,52,111,101,0.0
NT,2030,52,112,101,0.0
NT,2030,52,113,101,0.0
NT,2030,52,114,101,0.0
NT,2030,52,115,101,0.0
NT,2030,52,116,101,0.0
NT,2030,52,117,101,0.0
NT,2030,52,118,101,0.0
NT,2030,52,119,101,0.0
NT,2030,52,120,101,0.0
NT,2030,52,121,101,0.0
NT,2030,52,122,101,0.0
NT,2030,52,123,101,0.0
NT,2030,52,124,101,0.0
NT,2030,52,125,101,0.0
NT,2030,52,126,101,0.0
NT,2030,52,127,101,0.0
NT,2030,52,128,101,0.0
NT,2030,52,129,101,0.0
NT,2030,52,130,101,0.0
NT,2030,52,131,101,0.0
NT,2030,52,132,101,0.0
NT,2030,52,133,101,0.0
NT,2030,52,134,101,0.0
NT,2030,52,135,101,0.0
NT,2030,52,136,101,0.0
NT,2030,52,137,101,0.0
NT,2030,52,138,101,0.0
NT,2030,52,139,101,0.0
NT,2030,52,140,101,0.0
NT,2030,52,141,101,0.0
NT,2030,52,142,101,0.0
NT,2030,52,143,101,0.0
NT,2030,52,144,101,0.0
NT,2030,52,145,101,0.0
NT,2030,52,146,101,0.0
NT,2030,52,147,101,0.0
NT,2030,52,148,101,0.0
NT,2030,52,149,101,0.0
NT,2030,52,150,101,0.0
NT,2030,52,151,101,0.0
NT,2030,52,152,101,0.0
NT,2030,52,153,101,0.0
NT,2030,52,154,101,0.0
NT,2030,52,155,101,0.0
NT,2030,52,156,101,0.0
NT,2030,52,157,101,0.0
NT,2030,52,158,101,0.0
NT,2030,52,159,101,0.0
NT,2030,52,160,101,0.0
NT,2030,52,161,101,0.0
NT,2030,52,162,101,0.0
NT,2030,52,163,101,0.0
NT,2030,52,164,101,0.0
NT,2030,52,165,101,0.0
NT,2030,52,166,101,0.0
NT,2030,52,167,101,0.0
NT,2040,11,0,101,0.0
NT,2040,11,1,101,0.0
NT,2040,11,2,101,0.0
NT,2040,11,3,101,0.0
NT,2040,11,4,101,0.0
NT,2040,11,5,101,0.0
NT,2040,11,6,101,0.0
NT,2040,11,7,101,0.0
NT,2040,11,8,101,0.0
NT,2040,11,9,101,0.0
NT,2040,11,10,101,0.0
NT,2040,11,11,101,0.0
NT,2040,11,12,101,0.0
NT,2040,11,13,101,0.0
NT,2040,11,14,101,0.0
NT,2040,11,15,101,0.0
NT,2040,11,16,101,0.0
NT,2040,11,17,101,0.0
NT,2040,11,18,101,0.0
NT,2040,11,19,101,0.0
NT,2040,11,20,101,0.0
NT,2040,11,21,101,0.0
NT,2040,11,22,101,0.0
NT,2040,11,23,101,0.0
NT,2040,11,24,101,0.0
NT,2040,11,25,101,0.0
NT,2040,11,26,101,0.0
NT,2040,11,27,101,0.0
NT,2040,11,28,101,0.0
NT,2040,11,29,101,0.0
NT,2040,11,30,101,0.0
NT,2040,11,31,101,0.0
NT,2040,11,32,101,0.0
NT,2040,11,33,101,0.0
NT,2040,11,34,101,0.0
NT,2040,11,35,101,0.0
NT,2040,11,36,101,0.0
NT,2040,11,37,101,0.0
NT,2040,11,38,101,0.0
NT,2040,11,39,101,0.0
NT,2040,11,40,101,0.0
NT,2040,11,41,101,0.0
NT,2040,11,42,101,0.0
NT,2040,11,43,101,0.0
NT,2040,11,44,101,0.0
NT,2040,11,45,101,0.0
NT,2040,11,46,101,0.0
NT,2040,11,47,101,0.0
NT,2040,11,48,101,0.0
NT,2040,11,49,101,0.0
NT,2040,11,50,101,0.0
NT,2040,11,51,101,0.0
NT,2040,11,52,101,0.0
NT,2040,11,53,101,0.0
NT,2040,11,54,101,0.0
NT,2040,11,55,101,0.0
NT,2040,11,56,101,0.0
NT,2040,11,57,101,0.0
NT,2040,11,58,101,0.0
NT,2040,11,59,101,0.0
NT,2040,11,60,101,0.0
NT,2040,11,61,101,0.0
NT,2040,11,62,101,0.0
NT,2040,11,63,101,0.0
NT,2040,11,64,101,0.0
NT,2040,11,65,101,0.0
NT,2040,11,66,101,0.0
NT,2040,11,67,101,0.0
NT,2040,11,68,101,0.0
NT,2040,11,69,101,0.0
NT,2040,11,70,101,0.0
NT,2040,11,71,101,0.0
NT,2040,11,72,101,0.0
NT,2040,11,73,101,0.0
NT,2040,11,74,101,0.0
NT,2040,11,75,101,0.0
NT,2040,11,76,101,0.0
NT,2040,11,77,101,0.0
NT,2040,11,78,101,0.0
NT,2040,11,79,101,0.0
NT,2040,11,80,101,0.0
NT,2040,11,81,101,0.0
NT,2040,11,82,101,0.0
NT,2040,11,83,101,0.0
NT,2040,11,84,101,0.0
NT,2040,11,85,101,0.0
NT,2040,11,86,101,0.0
NT,2040,11,87,101,0.0
NT,2040,11,88,101,0.0
NT,2040,11,89,101,0.0
NT,2040,11,90,101,0.0
NT,2040,11,91,101,0.0
NT,2040,11,92,101,0.0
NT,2040,11,93,101,0.0
NT,2040,11,94,101,0.0
NT,2040,11,95,101,0.0
NT,2040,11,96,101,0.0
NT,2040,11,97,101,0.0
NT,2040,11,98,101,0.0
NT,2040,11,99,101,0.0
NT,2040,11,100,101,0.0
NT,2040,11,101,101,0.0
NT,2040,11,102,101,0.0
NT,2040,11,103,101,0.0
NT,2040,11,104,101,0.0
NT,2040,11,105,101,0.0
NT,2040,11,106,101,0.0
NT,2040,11,107,101,0.0
NT,2040,11,108,101,0.0
NT,2040,11,109,101,0.0
NT,2040,11,110,101,0.0
NT,2040,11,111,101,0.0
NT,2040,11,112,101,0.0
NT,2040,11,113,101,0.0
NT,2040,11,114,101,0.0
NT,2040,11,115,101,0.0
NT,2040,11,116,101,0.0
NT,2040,11,117,101,0.0
NT,2040,11,118,101,0.0
NT,2040,11,119,101,0.0
NT,2040,11,120,101,0.0
NT,2040,11,121,101,0.0
NT,2040,11,122,101,0.0
NT,2040,11,123,101,0.0
NT,2040,11,124,101,0.0
NT,2040,11,125,101,0.0
NT,2040,11,126,101,0.0
NT,2040,11,127,101,0.0
NT,2040,11,128,101,0.0
NT,2040,11,129,101,0.0
NT,2040,11,130,101,0.0
NT,2040,11,131,101,0.0
NT,2040,11,132,101,0.0
NT,2040,11,133,101,0.0
NT,2040,11,134,101,0.0
NT,2040,11,135,101,0.0
NT,2040,11,136,101,0.0
NT,2040,11,137,101,0.0
NT,2040,11,138,101,0.0
NT,2040,11,139,101,0.0
NT,2040,11,140,101,0.0
NT,2040,11,141,101,0.0
NT,2040,11,142,101,0.0
NT,2040,11,143,101,0.0
NT,2040,11,144,101,0.0
NT,2040,11,145,101,0.0
NT,2040,11,146,101,0.0
NT,2040,11,147,101,0.0
NT,2040,11,148,101,0.0
NT,2040,11,149,101,0.0
NT,2040,11,150,101,0.0
NT,2040,11,151,101,0.0
NT,2040,11,152,101,0.0
NT,2040,11,153,101,0.0
NT,2040,11,154,101,0.0
NT,2040,11,155,101,0.0
NT,2040,11,156,101,0.0
NT,2040,11,157,101,0.0
NT,2040,11,158,101,0.0
NT,2040,11,159,101,0.0
NT,2040,11,160,101,0.0
NT,2040,11,161,101,0.0
NT,2040,11,162,101,0.0
NT,2040,11,163,101,0.0
NT,2040,11,164,101,0.0
NT,2040,11,165,101,0.0
NT,2040,11,166,101,0.0
NT,2040,11,167,101,0.0
NT,2040,21,0,101,0.0
NT,2040,21,1,101,0.0
NT,2040,21,2,101,0.0
NT,2040,21,3,101,0.0
NT,2040,21,4,101,0.0
NT,2040,21,5,101,0.0
NT,2040,21,6,101,0.0
NT,2040,21,7,101,0.0
NT,2040,21,8,101,0.0
NT,2040,21,9,101,0.0
NT,2040,21,10,101,0.0
NT,2040,21,11,101,0.0
NT,2040,21,12,101,0.0
NT,2040,21,13,101,0.0
NT,2040,21,14,101,0.0
NT,2040,21,15,101,0.0
NT,2040,21,16,101,0.0
NT,2040,21,17,101,0.0
NT,2040,21,18,101,0.0
NT,2040,21,19,101,0.0
NT,2040,21,20,101,0.0
NT,2040,21,21,101,0.0
NT,2040,21,22,101,0.0
NT,2040,21,23,101,0.0
NT,2040,21,24,101,0.0
NT,2040,21,25,101,0.0
NT,2040,21,26,101,0.0
NT,2040,21,27,101,0.0
NT,2040,21,28,101,0.0
NT,2040,21,29,101,0.0
NT,2040,21,30,101,0.0
NT,2040,21,31,101,0.0
NT,2040,21,32,101,0.0
NT,2040,21,33,101,0.0
NT,2040,21,34,101,0.0
NT,2040,21,35,101,0.0
NT,2040,21,36,101,0.0
NT,2040,21,37,101,0.0
NT,2040,21,38,101,0.0
NT,2040,21,39,101,0.0
NT,2040,21,40,101,0.0
NT,2040,21,41,101,0.0
NT,2040,21,42,101,0.0
NT,2040,21,43,101,0.0
NT,2040,21,44,101,0.0
NT,2040,21,45,101,0.0
NT,2040,21,46,101,0.0
NT,2040,21,47,101,0.0
NT,2040,21,48,101,0.0
NT,2040,21,49,101,0.0
NT,2040,21,50,101,0.0
NT,2040,21,51,101,0.0
NT,2040,21,52,101,0.0
NT,2040,21,53,101,0.0
NT,2040,21,54,101,0.0
NT,2040,21,55,101,0.0
NT,2040,21,56,101,0.0
NT,2040,21,57,101,0.0
NT,2040,21,58,101,0.0
NT,2040,21,59,101,0.0
NT,2040,21,60,101,0.0
NT,2040,21,61,101,0.0
NT,2040,21,62,101,0.0
NT,2040,21,63,101,0.0
NT,2040,21,64,101,0.0
NT,2040,21,65,101,0.0
NT,2040,21,66,101,0.0
NT,2040,21,67,101,0.0
NT,2040,21,68,101,0.0
NT,2040,21,69,101,0.0
NT,2040,21,70,101,0.0
NT,2040,21,71,101,0.0
NT,2040,21,72,101,0.0
NT,2040,21,73,101,0.0
NT,2040,21,74,101,0.0
NT,2040,21,75,101,0.0
NT,2040,21,76,101,0.0
NT,2040,21,77,101,0.0
NT,2040,21,78,101,0.0
NT,2040,21,79,101,0.0
NT,2040,21,80,101,0.0
NT,2040,21,81,101,0.0
NT,2040,21,82,101,0.0
NT,2040,21,83,101,0.0
NT,2040,21,84,101,0.0
NT,2040,21,85,101,0.0
NT,2040,21,86,101,0.0
NT,2040,21,87,101,0.0
NT,2040,21,88,101,0.0
NT,2040,21,89,101,0.0
NT,2040,21,90,101,0.0
NT,2040,21,91,101,0.0
NT,2040,21,92,101,0.0
NT,2040,21,93,101,0.0
NT,2040,21,94,101,0.0
NT,2040,21,95,101,0.0
NT,2040,21,96,101,0.0
NT,2040,21,97,101,0.0
NT,2040,21,98,101,0.0
NT,2040,21,99,101,0.0
NT,2040,21,100,101,0.0
NT,2040,21,101,101,0.0
NT,2040,21,102,101,0.0
NT,2040,21,103,101,0.0
NT,2040,21,104,101,0.0
NT,2040,21,105,101,0.0
NT,2040,21,106,101,0.0
NT,2040,21,107,101,0.0
NT,2040,21,108,101,0.0
NT,2040,21,109,101,0.0
NT,2040,21,110,101,0.0
NT,2040,21,111,101,0.0
NT,2040,21,112,101,0.0
NT,2040,21,113,101,0.0
NT,2040,21,114,101,0.0
NT,2040,21,115,101,0.0
NT,2040,21,116,101,0.0
NT,2040,21,117,101,0.0
NT,2040,21,118,101,0.0
NT,2040,21,119,101,0.0
NT,2040,21,120,101,0.0
NT,2040,21,121,101,0.0
NT,2040,21,122,101,0.0
NT,2040,21,123,101,0.0
NT,2040,21,124,101,0.0
NT,2040,21,125,101,0.0
NT,2040,21,126,101,0.0
NT,2040,21,127,101,0.0
NT,2040,21,128,101,0.0
NT,2040,21,129,101,0.0
NT,2040,21,130,101,0.0
NT,2040,21,131,101,0.0
NT,2040,21,132,101,0.0
NT,2040,21,133,101,0.0
NT,2040,21,134,101,0.0
NT,2040,21,135,101,0.0
NT,2040,21,136,101,0.0
NT,2040,21,137,101,0.0
NT,2040,21,138,101,0.0
NT,2040,21,139,101,0.0
NT,2040,21,140,101,0.0
NT,2040,21,141,101,0.0
NT,2040,21,142,101,0.0
NT,2040,21,143,101,0.0
NT,2040,21,144,101,0.0
NT,2040,21,145,101,0.0
NT,2040,21,146,101,0.0
NT,2040,21,147,101,0.0
NT,2040,21,148,101,0.0
NT,2040,21,149,101,0.0
NT,2040,21,150,101,0.0
NT,2040,21,151,101,0.0
NT,2040,21,152,101,0.0
NT,2040,21,153,101,0.0
NT,2040,21,154,101,0.0
NT,2040,21,155,101,0.0
NT,2040,21,156,101,0.0
NT,2040,21,157,101,0.0
NT,2040,21,158,101,0.0
NT,2040,21,159,101,0.0
NT,2040,21,160,101,0.0
NT,2040,21,161,101,0.0
NT,2040,21,162,101,0.0
NT,2040,21,163,101,0.0
NT,2040,21,164,101,0.0
NT,2040,21,165,101,0.0
NT,2040,21,166,101,0.0
NT,2040,21,167,101,0.0
NT,2040,42,0,101,0.0
NT,2040,42,1,101,0.0
NT,2040,42,2,101,0.0
NT,2040,42,3,101,0.0
NT,2040,42,4,101,0.0
NT,2040,42,5,101,0.0
NT,2040,42,6,101,0.0
NT,2040,42,7,101,0.0
NT,2040,42,8,101,0.0
NT,2040,42,9,101,0.0
NT,2040,42,10,101,0.0
NT,2040,42,11,101,0.0
NT,2040,42,12,101,0.0
NT,2040,42,13,101,0.0
NT,2040,42,14,101,0.0
NT,2040,42,15,101,0.0
NT,2040,42,16,101,0.0
NT,2040,42,17,101,0.0
NT,2040,42,18,101,0.0
NT,2040,42,19,101,0.0
NT,2040,42,20,101,0.0
NT,2040,42,21,101,0.0
NT,2040,42,22,101,0.0
NT,2040,42,23,101,0.0
NT,2040,42,24,101,0.0
NT,2040,42,25,101,0.0
NT,2040,42,26,101,0.0
NT,2040,42,27,101,0.0
NT,2040,42,28,101,0.0
NT,2040,42,29,101,0.0
NT,2040,42,30,101,0.0
NT,2040,42,31,101,0.0
NT,2040,42,32,101,0.0
NT,2040,42,33,101,0.0
NT,2040,42,34,101,0.0
NT,2040,42,35,101,0.0
NT,2040,42,36,101,0.0
NT,2040,42,37,101,0.0
NT,2040,42,38,101,0.0
NT,2040,42,39,101,0.0
NT,2040,42,40,101,0.0
NT,2040,42,41,101,0.0
NT,2040,42,42,101,0.0
NT,2040,42,43,101,0.0
NT,2040,42,44,101,0.0
NT,2040,42,45,101,0.0
NT,2040,42,46,101,0.0
NT,2040,42,47,101,0.0
NT,2040,42,48,101,0.0
NT,2040,42,49,101,0.0
NT,2040,42,50,101,0.0
NT,2040,42,51,101,0.0
NT,2040,42,52,101,0.0
NT,2040,42,53,101,0.0
NT,2040,42,54,101,0.0
NT,2040,42,55,101,0.0
NT,2040,42,56,101,0.0
NT,2040,42,57,101,0.0
NT,2040,42,58,101,0.0
NT,2040,42,59,101,0.0
NT,2040,42,60,101,0.0
NT,2040,42,61,101,0.0
NT,2040,42,62,101,0.0
NT,2040,42,63,101,0.0
NT,2040,42,64,101,0.0
NT,2040,42,65,101,0.0
NT,2040,42,66,101,0.0
NT,2040,42,67,101,0.0
NT,2040,42,68,101,0.0
NT,2040,42,69,101,0.0
NT,2040,42,70,101,0.0
NT,2040,42,71,101,0.0
NT,2040,42,72,101,0.0
NT,2040,42,73,101,0.0
NT,2040,42,74,101,0.0
NT,2040,42,75,101,0.0
NT,2040,42,76,101,0.0
NT,2040,42,77,101,0.0
NT,2040,42,78,101,0.0
NT,2040,42,79,101,0.0
NT,2040,42,80,101,0.0
NT,2040,42,81,101,0.0
NT,2040,42,82,101,0.0
NT,2040,42,83,101,0.0
NT,2040,42,84,101,0.0
NT,2040,42,85,101,0.0
NT,2040,42,86,101,0.0
NT,2040,42,87,101,0.0
NT,2040,42,88,101,0.0
NT,2040,42,89,101,0.0
NT,2040,42,90,101,0.0
NT,2040,42,91,101,0.0
NT,2040,42,92,101,0.0
NT,2040,42,93,101,0.0
NT,2040,42,94,101,0.0
NT,2040,42,95,101,0.0
NT,2040,42,96,101,0.0
NT,2040,42,97,101,0.0
NT,2040,42,98,101,0.0
NT,2040,42,99,101,0.0
NT,2040,42,100,101,0.0
NT,2040,42,101,101,0.0
NT,2040,42,102,101,0.0
NT,2040,42,103,101,0.0
NT,2040,42,104,101,0.0
NT,2040,42,105,101,0.0
NT,2040,42,106,101,0.0
NT,2040,42,107,101,0.0
NT,2040,42,108,101,0.0
NT,2040,42,109,101,0.0
NT,2040,42,110,101,0.0
NT,2040,42,111,101,0.0
NT,2040,42,112,101,0.0
NT,2040,42,113,101,0.0
NT,2040,42,114,101,0.0
NT,2040,42,115,101,0.0
NT,2040,42,116,101,0.0
NT,2040,42,117,101,0.0
NT,2040,42,118,101,0.0
NT,2040,42,119,101,0.0
NT,2040,42,120,101,0.0
NT,2040,42,121,101,0.0
NT,2040,42,122,101,0.0
NT,2040,42,123,101,0.0
NT,2040,42,124,101,0.0
NT,2040,42,125,101,0.0
NT,2040,42,126,101,0.0
NT,2040,42,127,101,0.0
NT,2040,42,128,101,0.0
NT,2040,42,129,101,0.0
NT,2040,42,130,101,0.0
NT,2040,42,131,101,0.0
NT,2040,42,132,101,0.0
NT,2040,42,133,101,0.0
NT,2040,42,134,101,0.0
NT,2040,42,135,101,0.0
NT,2040,42,136,101,0.0
NT,2040,42,137,101,0.0
NT,2040,42,138,101,0.0
NT,2040,42,139,101,0.0
NT,2040,42,140,101,0.0
NT,2040,42,141,101,0.0
NT,2040,42,142,101,0.0
NT,2040,42,143,101,0.0
NT,2040,42,144,101,0.0
NT,2040,42,145,101,0.0
NT,2040,42,146,101,0.0
NT,2040,42,147,101,0.0
NT,2040,42,148,101,0.0
NT,2040,42,149,101,0.0
NT,2040,42,150,101,0.0
NT,2040,42,151,101,0.0
NT,2040,42,152,101,0.0
NT,2040,42,153,101,0.0
NT,2040,42,154,101,0.0
NT,2040,42,155,101,0.0
NT,2040,42,156,101,0.0
NT,2040,42,157,101,0.0
NT,2040,42,158,101,0.0
NT,2040,42,159,101,0.0
NT,2040,42,160,101,0.0
NT,2040,42,161,101,0.0
NT,2040,42,162,101,0.0
NT,2040,42,163,101,0.0
NT,2040,42,164,101,0.0
NT,2040,42,165,101,0.0
NT,2040,42,166,101,0.0
NT,2040,42,167,101,0.0
NT,2040,52,0,101,0.0
NT,2040,52,1,101,0.0
NT,2040,52,2,101,0.0
NT,2040,52,3,101,0.0
NT,2040,52,4,101,0.0
NT,2040,52,5,101,0.0
NT,2040,52,6,101,0.0
NT,2040,52,7,101,0.0
NT,2040,52,8,101,0.0
NT,2040,52,9,101,0.0
NT,2040,52,10,101,0.0
NT,2040,52,11,101,0.0
NT,2040,52,12,101,0.0
NT,2040,52,13,101,0.0
NT,2040,52,14,101,0.0
NT,2040,52,15,101,0.0
NT,2040,52,16,101,0.0
NT,2040,52,17,101,0.0
NT,2040,52,18,101,0.0
NT,2040,52,19,101,0.0
NT,2040,52,20,101,0.0
NT,2040,52,21,101,0.0
NT,2040,52,22,101,0.0
NT,2040,52,23,101,0.0
NT,2040,52,24,101,0.0
NT,2040,52,25,101,0.0
NT,2040,52,26,101,0.0
NT,2040,52,27,101,0.0
NT,2040,52,28,101,0.0
NT,2040,52,29,101,0.0
NT,2040,52,30,101,0.0
NT,2040,52,31,101,0.0
NT,2040,52,32,101,0.0
NT,2040,52,33,101,0.0
NT,2040,52,34,101,0.0
NT,2040,52,35,101,0.0
NT,2040,52,36,101,0.0
NT,2040,52,37,101,0.0
NT,2040,52,38,101,0.0
NT,2040,52,39,101,0.0
NT,2040,52,40,101,0.0
NT,2040,52,41,101,0.0
NT,2040,52,42,101,0.0
NT,2040,52,43,101,0.0
NT,2040,52,44,101,0.0
NT,2040,52,45,101,0.0
NT,2040,52,46,101,0.0
NT,2040,52,47,101,0.0
NT,2040,52,48,101,0.0
NT,2040,52,49,101,0.0
NT,2040,52,50,101,0.0
NT,2040,52,51,101,0.0
NT,2040,52,52,101,0.0
NT,2040,52,53,101,0.0
NT,2040,52,54,101,0.0
NT,2040,52,55,101,0.0
NT,2040,52,56,101,0.0
NT,2040,52,57,101,0.0
NT,2040,52,58,101,0.0
NT,2040,52,59,101,0.0
NT,2040,52,60,101,0.0
NT,2040,52,61,101,0.0
NT,2040,52,62,101,0.0
NT,2040,52,63,101,0.0
NT,2040,52,64,101,0.0
NT,2040,52,65,101,0.0
NT,2040,52,66,101,0.0
NT,2040,52,67,101,0.0
NT,2040,52,68,101,0.0
NT,2040,52,69,101,0.0
NT,2040,52,70,101,0.0
NT,2040,52,71,101,0.0
NT,2040,52,72,101,0.0
NT,2040,52,73,101,0.0
NT,2040,52,74,101,0.0
NT,2040,52,75,101,0.0
NT,2040,52,76,101,0.0
NT,2040,52,77,101,0.0
NT,2040,52,78,101,0.0
NT,2040,52,79,101,0.0
NT,2040,52,80,101,0.0
NT,2040,52,81,101,0.0
NT,2040,52,82,101,0.0
NT,2040,52,83,101,0.0
NT,2040,52,84,101,0.0
NT,2040,52,85,101,0.0
NT,2040,52,86,101,0.0
NT,2040,52,87,101,0.0
NT,2040,52,88,101,0.0
NT,2040,52,89,101,0.0
NT,2040,52,90,101,0.0
NT,2040,52,91,101,0.0
NT,2040,52,92,101,0.0
NT,2040,52,93,101,0.0
NT,2040,52,94,101,0.0
NT,2040,52,95,101,0.0
NT,2040,52,96,101,0.0
NT,2040,52,97,101,0.0
NT,2040,52,98,101,0.0
NT,2040,52,99,101,0.0
NT,2040,52,100,101,0.0
NT,2040,52,101,101,0.0
NT,2040,52,102,101,0.0
NT,2040,52,103,101,0.0
NT,2040,52,104,101,0.0
NT,2040,52,105,101,0.0
NT,2040,52,106,101,0.0
NT,2040,52,107,101,0.0
NT,2040,52,108,101,0.0
NT,2040,52,109,101,0.0
NT,2040,52,110,101,0.0
NT,2040,52,111,101,0.0
NT,2040,52,112,101,0.0
NT,2040,52,113,101,0.0
NT,2040,52,114,101,0.0
NT,2040,52,115,101,0.0
NT,2040,52,116,101,0.0
NT,2040,52,117,101,0.0
NT,2040,52,118,101,0.0
NT,2040,52,119,101,0.0
NT,2040,52,120,101,0.0
NT,2040,52,121,101,0.0
NT,2040,52,122,101,0.0
NT,2040,52,123,101,0.0
NT,2040,52,124,101,0.0
NT,2040,52,125,101,0.0
NT,2040,52,126,101,0.0
NT,2040,52,127,101,0.0
NT,2040,52,128,101,0.0
NT,2040,52,129,101,0.0
NT,2040,52,130,101,0.0
NT,2040,52,131,101,0.0
NT,2040,52,132,101,0.0
NT,2040,52,133,101,0.0
NT,2040,52,134,101,0.0
NT,2040,52,135,101,0.0
NT,2040,52,136,101,0.0
NT,2040,52,137,101,0.0
NT,2040,52,138,101,0.0
NT,2040,52,139,101,0.0
NT,2040,52,140,101,0.0
NT,2040,52,141,101,0.0
NT,2040,52,142,101,0.0
NT,2040,52,143,101,0.0
NT,2040,52,144,101,0.0
NT,2040,52,145,101,0.0
NT,2040,52,146,101,0.0
NT,2040,52,147,101,0.0
NT,2040,52,148,101,0.0
NT,2040,52,149,101,0.0
NT,2040,52,150,101,0.0
NT,2040,52,151,101,0.0
NT,2040,52,152,101,0.0
NT,2040,52,153,101,0.0
NT,2040,52,154,101,0.0
NT,2040,52,155,101,0.0
NT,2040,52,156,101,0.0
NT,2040,52,157,101,0.0
NT,2040,52,158,101,0.0
NT,2040,52,159,101,0.0
NT,2040,52,160,101,0.0
NT,2040,52,161,101,0.0
NT,2040,52,162,101,0.0
NT,2040,52,163,101,0.0
NT,2040,52,164,101,0.0
NT,2040,52,165,101,0.0
NT,2040,52,166,101,0.0
NT,2040,52,167,101,0.0
GA,2040,11,0,101,0.0
GA,2040,11,1,101,0.0
GA,2040,11,2,101,0.0
GA,2040,11,3,101,0.0
GA,2040,11,4,101,0.0
GA,2040,11,5,101,0.0
GA,2040,11,6,101,0.0
GA,2040,11,7,101,0.0
GA,2040,11,8,101,0.0
GA,2040,11,9,101,0.0
GA,2040,11,10,101,0.0
GA,2040,11,11,101,0.0
GA,2040,11,12,101,0.0
GA,2040,11,13,101,0.0
GA,2040,11,14,101,0.0
GA,2040,11,15,101,0.0
GA,2040,11,16,101,0.0
GA,2040,11,17,101,0.0
GA,2040,11,18,101,0.0
GA,2040,11,19,101,0.0
GA,2040,11,20,101,0.0
GA,2040,11,21,101,0.0
GA,2040,11,22,101,0.0
GA,2040,11,23,101,0.0
GA,2040,11,24,101,0.0
GA,2040,11,25,101,0.0
GA,2040,11,26,101,0.0
GA,2040,11,27,101,0.0
GA,2040,11,28,101,0.0
GA,2040,11,29,101,0.0
GA,2040,11,30,101,0.0
GA,2040,11,31,101,0.0
GA,2040,11,32,101,0.0
GA,2040,11,33,101,0.0
GA,2040,11,34,101,0.0
GA,2040,11,35,101,0.0
GA,2040,11,36,101,0.0
GA,2040,11,37,101,0.0
GA,2040,11,38,101,0.0
GA,2040,11,39,101,0.0
GA,2040,11,40,101,0.0
GA,2040,11,41,101,0.0
GA,2040,11,42,101,0.0
GA,2040,11,43,101,0.0
GA,2040,11,44,101,0.0
GA,2040,11,45,101,0.0
GA,2040,11,46,101,0.0
GA,2040,11,47,101,0.0
GA,2040,11,48,101,0.0
GA,2040,11,49,101,0.0
GA,2040,11,50,101,0.0
GA,2040,11,51,101,0.0
GA,2040,11,52,101,0.0
GA,2040,11,53,101,0.0
GA,2040,11,54,101,0.0
GA,2040,11,55,101,0.0
GA,2040,11,56,101,0.0
GA,2040,11,57,101,0.0
GA,2040,11,58,101,0.0
GA,2040,11,59,101,0.0
GA,2040,11,60,101,0.0
GA,2040,11,61,101,0.0
GA,2040,11,62,101,0.0
GA,2040,11,63,101,0.0
GA,2040,11,64,101,0.0
GA,2040,11,65,101,0.0
GA,2040,11,66,101,0.0
GA,2040,11,67,101,0.0
GA,2040,11,68,101,0.0
GA,2040,11,69,101,0.0
GA,2040,11,70,101,0.0
GA,2040,11,71,101,0.0
GA,2040,11,72,101,0.0
GA,2040,11,73,101,0.0
GA,2040,11,74,101,0.0
GA,2040,11,75,101,0.0
GA,2040,11,76,101,0.0
GA,2040,11,77,101,0.0
GA,2040,11,78,101,0.0
GA,2040,11,79,101,0.0
GA,2040,11,80,101,0.0
GA,2040,11,81,101,0.0
GA,2040,11,82,101,0.0
GA,2040,11,83,101,0.0
GA,2040,11,84,101,0.0
GA,2040,11,85,101,0.0
GA,2040,11,86,101,0.0
GA,2040,11,87,101,0.0
GA,2040,11,88,101,0.0
GA,2040,11,89,101,0.0
GA,2040,11,90,101,0.0
GA,2040,11,91,101,0.0
GA,2040,11,92,101,0.0
GA,2040,11,93,101,0.0
GA,2040,11,94,101,0.0
GA,2040,11,95,101,0.0
GA,2040,11,96,101,0.0
GA,2040,11,97,101,0.0
GA,2040,11,98,101,0.0
GA,2040,11,99,101,0.0
GA,2040,11,100,101,0.0
GA,2040,11,101,101,0.0
GA,2040,11,102,101,0.0
GA,2040,11,103,101,0.0
GA,2040,11,104,101,0.0
GA,2040,11,105,101,0.0
GA,2040,11,106,101,0.0
GA,2040,11,107,101,0.0
GA,2040,11,108,101,0.0
GA,2040,11,109,101,0.0
GA,2040,11,110,101,0.0
GA,2040,11,111,101,0.0
GA,2040,11,112,101,0.0
GA,2040,11,113,101,0.0
GA,2040,11,114,101,0.0
GA,2040,11,115,101,0.0
GA,2040,11,116,101,0.0
GA,2040,11,117,101,0.0
GA,2040,11,118,101,0.0
GA,2040,11,119,101,0.0
GA,2040,11,120,101,0.0
GA,2040,11,121,101,0.0
GA,2040,11,122,101,0.0
GA,2040,11,123,101,0.0
GA,2040,11,124,101,0.0
GA,2040,11,125,101,0.0
GA,2040,11,126,101,0.0
GA,2040,11,127,101,0.0
GA,2040,11,128,101,0.0
GA,2040,11,129,101,0.0
GA,2040,11,130,101,0.0
GA,2040,11,131,101,0.0
GA,2040,11,132,101,0.0
GA,2040,11,133,101,0.0
GA,2040,11,134,101,0.0
GA,2040,11,135,101,0.0
GA,2040,11,136,101,0.0
GA,2040,11,137,101,0.0
GA,2040,11,138,101,0.0
GA,2040,11,139,101,0.0
GA,2040,11,140,101,0.0
GA,2040,11,141,101,0.0
GA,2040,11,142,101,0.0
GA,2040,11,143,101,0.0
GA,2040,11,144,101,0.0
GA,2040,11,145,101,0.0
GA,2040,11,146,101,0.0
GA,2040,11,147,101,0.0
GA,2040,11,148,101,0.0
GA,2040,11,149,101,0.0
GA,2040,11,150,101,0.0
GA,2040,11,151,101,0.0
GA,2040,11,152,101,0.0
GA,2040,11,153,101,0.0
GA,2040,11,154,101,0.0
GA,2040,11,155,101,0.0
GA,2040,11,156,101,0.0
GA,2040,11,157,101,0.0
GA,2040,11,158,101,0.0
GA,2040,11,159,101,0.0
GA,2040,11,160,101,0.0
GA,2040,11,161,101,0.0
GA,2040,11,162,101,0.0
GA,2040,11,163,101,0.0
GA,2040,11,164,101,0.0
GA,2040,11,165,101,0.0
GA,2040,11,166,101,0.0
GA,2040,11,167,101,0.0
GA,2040,21,0,101,0.0
GA,2040,21,1,101,0.0
GA,2040,21,2,101,0.0
GA,2040,21,3,101,0.0
GA,2040,21,4,101,0.0
GA,2040,21,5,101,0.0
GA,2040,21,6,101,0.0
GA,2040,21,7,101,0.0
GA,2040,21,8,101,0.0
GA,2040,21,9,101,0.0
GA,2040,21,10,101,0.0
GA,2040,21,11,101,0.0
GA,2040,21,12,101,0.0
GA,2040,21,13,101,0.0
GA,2040,21,14,101,0.0
GA,2040,21,15,101,0.0
GA,2040,21,16,101,0.0
GA,2040,21,17,101,0.0
GA,2040,21,18,101,0.0
GA,2040,21,19,101,0.0
GA,2040,21,20,101,0.0
GA,2040,21,21,101,0.0
GA,2040,21,22,101,0.0
GA,2040,21,23,101,0.0
GA,2040,21,24,101,0.0
GA,2040,21,25,101,0.0
GA,2040,21,26,101,0.0
GA,2040,21,27,101,0.0
GA,2040,21,28,101,0.0
GA,2040,21,29,101,0.0
GA,2040,21,30,101,0.0
GA,2040,21,31,101,0.0
GA,2040,21,32,101,0.0
GA,2040,21,33,101,0.0
GA,2040,21,34,101,0.0
GA,2040,21,35,101,0.0
GA,2040,21,36,101,0.0
GA,2040,21,37,101,0.0
GA,2040,21,38,101,0.0
GA,2040,21,39,101,0.0
GA,2040,21,40,101,0.0
GA,2040,21,41,101,0.0
GA,2040,21,42,101,0.0
GA,2040,21,43,101,0.0
GA,2040,21,44,101,0.0
GA,2040,21,45,101,0.0
GA,2040,21,46,101,0.0
GA,2040,21,47,101,0.0
GA,2040,21,48,101,0.0
GA,2040,21,49,101,0.0
GA,2040,21,50,101,0.0
GA,2040,21,51,101,0.0
GA,2040,21,52,101,0.0
GA,2040,21,53,101,0.0
GA,2040,21,54,101,0.0
GA,2040,21,55,101,0.0
GA,2040,21,56,101,0.0
GA,2040,21,57,101,0.0
GA,2040,21,58,101,0.0
GA,2040,21,59,101,0.0
GA,2040,21,60,101,0.0
GA,2040,21,61,101,0.0
GA,2040,21,62,101,0.0
GA,2040,21,63,101,0.0
GA,2040,21,64,101,0.0
GA,2040,21,65,101,0.0
GA,2040,21,66,101,0.0
GA,2040,21,67,101,0.0
GA,2040,21,68,101,0.0
GA,2040,21,69,101,0.0
GA,2040,21,70,101,0.0
GA,2040,21,71,101,0.0
GA,2040,21,72,101,0.0
GA,2040,21,73,101,0.0
GA,2040,21,74,101,0.0
GA,2040,21,75,101,0.0
GA,2040,21,76,101,0.0
GA,2040,21,77,101,0.0
GA,2040,21,78,101,0.0
GA,2040,21,79,101,0.0
GA,2040,21,80,101,0.0
GA,2040,21,81,101,0.0
GA,2040,21,82,101,0.0
GA,2040,21,83,101,0.0
GA,2040,21,84,101,0.0
GA,2040,21,85,101,0.0
GA,2040,21,86,101,0.0
GA,2040,21,87,101,0.0
GA,2040,21,88,101,0.0
GA,2040,21,89,101,0.0
GA,2040,21,90,101,0.0
GA,2040,21,91,101,0.0
GA,2040,21,92,101,0.0
GA,2040,21,93,101,0.0
GA,2040,21,94,101,0.0
GA,2040,21,95,101,0.0
GA,2040,21,96,101,0.0
GA,2040,21,97,101,0.0
GA,2040,21,98,101,0.0
GA,2040,21,99,101,0.0
GA,2040,21,100,101,0.0
GA,2040,21,101,101,0.0
GA,2040,21,102,101,0.0
GA,2040,21,103,101,0.0
GA,2040,21,104,101,0.0
GA,2040,21,105,101,0.0
GA,2040,21,106,101,0.0
GA,2040,21,107,101,0.0
GA,2040,21,108,101,0.0
GA,2040,21,109,101,0.0
GA,2040,21,110,101,0.0
GA,2040,21,111,101,0.0
GA,2040,21,112,101,0.0
GA,2040,21,113,101,0.0
GA,2040,21,114,101,0.0
GA,2040,21,115,101,0.0
GA,2040,21,116,101,0.0
GA,2040,21,117,101,0.0
GA,2040,21,118,101,0.0
GA,2040,21,119,101,0.0
GA,2040,21,120,101,0.0
GA,2040,21,121,101,0.0
GA,2040,21,122,101,0.0
GA,2040,21,123,101,0.0
GA,2040,21,124,101,0.0
GA,2040,21,125,101,0.0
GA,2040,21,126,101,0.0
GA,2040,21,127,101,0.0
GA,2040,21,128,101,0.0
GA,2040,21,129,101,0.0
GA,2040,21,130,101,0.0
GA,2040,21,131,101,0.0
GA,2040,21,132,101,0.0
GA,2040,21,133,101,0.0
GA,2040,21,134,101,0.0
GA,2040,21,135,101,0.0
GA,2040,21,136,101,0.0
GA,2040,21,137,101,0.0
GA,2040,21,138,101,0.0
GA,2040,21,139,101,0.0
GA,2040,21,140,101,0.0
GA,2040,21,141,101,0.0
GA,2040,21,142,101,0.0
GA,2040,21,143,101,0.0
GA,2040,21,144,101,0.0
GA,2040,21,145,101,0.0
GA,2040,21,146,101,0.0
GA,2040,21,147,101,0.0
GA,2040,21,148,101,0.0
GA,2040,21,149,101,0.0
GA,2040,21,150,101,0.0
GA,2040,21,151,101,0.0
GA,2040,21,152,101,0.0
GA,2040,21,153,101,0.0
GA,2040,21,154,101,0.0
GA,2040,21,155,101,0.0
GA,2040,21,156,101,0.0
GA,2040,21,157,101,0.0
GA,2040,21,158,101,0.0
GA,2040,21,159,101,0.0
GA,2040,21,160,101,0.0
GA,2040,21,161,101,0.0
GA,2040,21,162,101,0.0
GA,2040,21,163,101,0.0
GA,2040,21,164,101,0.0
GA,2040,21,165,101,0.0
GA,2040,21,166,101,0.0
GA,2040,21,167,101,0.0
GA,2040,42,0,101,0.0
GA,2040,42,1,101,0.0
GA,2040,42,2,101,0.0
GA,2040,42,3,101,0.0
GA,2040,42,4,101,0.0
GA,2040,42,5,101,0.0
GA,2040,42,6,101,0.0
GA,2040,42,7,101,0.0
GA,2040,42,8,101,0.0
GA,2040,42,9,101,0.0
GA,2040,42,10,101,0.0
GA,2040,42,11,101,0.0
GA,2040,42,12,101,0.0
GA,2040,42,13,101,0.0
GA,2040,42,14,101,0.0
GA,2040,42,15,101,0.0
GA,2040,42,16,101,0.0
GA,2040,42,17,101,0.0
GA,2040,42,18,101,0.0
GA,2040,42,19,101,0.0
GA,2040,42,20,101,0.0
GA,2040,42,21,101,0.0
GA,2040,42,22,101,0.0
GA,2040,42,23,101,0.0
GA,2040,42,24,101,0.0
GA,2040,42,25,101,0.0
GA,2040,42,26,101,0.0
GA,2040,42,27,101,0.0
GA,2040,42,28,101,0.0
GA,2040,42,29,101,0.0
GA,2040,42,30,101,0.0
GA,2040,42,31,101,0.0
GA,2040,42,32,101,0.0
GA,2040,42,33,101,0.0
GA,2040,42,34,101,0.0
GA,2040,42,35,101,0.0
GA,2040,42,36,101,0.0
GA,2040,42,37,101,0.0
GA,2040,42,38,101,0.0
GA,2040,42,39,101,0.0
GA,2040,42,40,101,0.0
GA,2040,42,41,101,0.0
GA,2040,42,42,101,0.0
GA,2040,42,43,101,0.0
GA,2040,42,44,101,0.0
GA,2040,42,45,101,0.0
GA,2040,42,46,101,0.0
GA,2040,42,47,101,0.0
GA,2040,42,48,101,0.0
GA,2040,42,49,101,0.0
GA,2040,42,50,101,0.0
GA,2040,42,51,101,0.0
GA,2040,42,52,101,0.0
GA,2040,42,53,101,0.0
GA,2040,42,54,101,0.0
GA,2040,42,55,101,0.0
GA,2040,42,56,101,0.0
GA,2040,42,57,101,0.0
GA,2040,42,58,101,0.0
GA,2040,42,59,101,0.0
GA,2040,42,60,101,0.0
GA,2040,42,61,101,0.0
GA,2040,42,62,101,0.0
GA,2040,42,63,101,0.0
GA,2040,42,64,101,0.0
GA,2040,42,65,101,0.0
GA,2040,42,66,101,0.0
GA,2040,42,67,101,0.0
GA,2040,42,68,101,0.0
GA,2040,42,69,101,0.0
GA,2040,42,70,101,0.0
GA,2040,42,71,101,0.0
GA,2040,42,72,101,0.0
GA,2040,42,73,101,0.0
GA,2040,42,74,101,0.0
GA,2040,42,75,101,0.0
GA,2040,42,76,101,0.0
GA,2040,42,77,101,0.0
GA,2040,42,78,101,0.0
GA,2040,42,79,101,0.0
GA,2040,42,80,101,0.0
GA,2040,42,81,101,0.0
GA,2040,42,82,101,0.0
GA,2040,42,83,101,0.0
GA,2040,42,84,101,0.0
GA,2040,42,85,101,0.0
GA,2040,42,86,101,0.0
GA,2040,42,87,101,0.0
GA,2040,42,88,101,0.0
GA,2040,42,89,101,0.0
GA,2040,42,90,101,0.0
GA,2040,42,91,101,0.0
GA,2040,42,92,101,0.0
GA,2040,42,93,101,0.0
GA,2040,42,94,101,0.0
GA,2040,42,95,101,0.0
GA,2040,42,96,101,0.0
GA,2040,42,97,101,0.0
GA,2040,42,98,101,0.0
GA,2040,42,99,101,0.0
GA,2040,42,100,101,0.0
GA,2040,42,101,101,0.0
GA,2040,42,102,101,0.0
GA,2040,42,103,101,0.0
GA,2040,42,104,101,0.0
GA,2040,42,105,101,0.0
GA,2040,42,106,101,0.0
GA,2040,42,107,101,0.0
GA,2040,42,108,101,0.0
GA,2040,42,109,101,0.0
GA,2040,42,110,101,0.0
GA,2040,42,111,101,0.0
GA,2040,42,112,101,0.0
GA,2040,42,113,101,0.0
GA,2040,42,114,101,0.0
GA,2040,42,115,101,0.0
GA,2040,42,116,101,0.0
GA,2040,42,117,101,0.0
GA,2040,42,118,101,0.0
GA,2040,42,119,101,0.0
GA,2040,42,120,101,0.0
GA,2040,42,121,101,0.0
GA,2040,42,122,101,0.0
GA,2040,42,123,101,0.0
GA,2040,42,124,101,0.0
GA,2040,42,125,101,0.0
GA,2040,42,126,101,0.0
GA,2040,42,127,101,0.0
GA,2040,42,128,101,0.0
GA,2040,42,129,101,0.0
GA,2040,42,130,101,0.0
GA,2040,42,131,101,0.0
GA,2040,42,132,101,0.0
GA,2040,42,133,101,0.0
GA,2040,42,134,101,0.0
GA,2040,42,135,101,0.0
GA,2040,42,136,101,0.0
GA,2040,42,137,101,0.0
GA,2040,42,138,101,0.0
GA,2040,42,139,101,0.0
GA,2040,42,140,101,0.0
GA,2040,42,141,101,0.0
GA,2040,42,142,101,0.0
GA,2040,42,143,101,0.0
GA,2040,42,144,101,0.0
GA,2040,42,145,101,0.0
GA,2040,42,146,101,0.0
GA,2040,42,147,101,0.0
GA,2040,42,148,101,0.0
GA,2040,42,149,101,0.0
GA,2040,42,150,101,0.0
GA,2040,42,151,101,0.0
GA,2040,42,152,101,0.0
GA,2040,42,153,101,0.0
GA,2040,42,154,101,0.0
GA,2040,42,155,101,0.0
GA,2040,42,156,101,0.0
GA,2040,42,157,101,0.0
GA,2040,42,158,101,0.0
GA,2040,42,159,101,0.0
GA,2040,42,160,101,0.0
GA,2040,42,161,101,0.0
GA,2040,42,162,101,0.0
GA,2040,42,163,101,0.0
GA,2040,42,164,101,0.0
GA,2040,42,165,101,0.0
GA,2040,42,166,101,0.0
GA,2040,42,167,101,0.0
GA,2040,52,0,101,0.0
GA,2040,52,1,101,0.0
GA,2040,52,2,101,0.0
GA,2040,52,3,101,0.0
GA,2040,52,4,101,0.0
GA,2040,52,5,101,0.0
GA,2040,52,6,101,0.0
GA,2040,52,7,101,0.0
GA,2040,52,8,101,0.0
GA,2040,52,9,101,0.0
GA,2040,52,10,101,0.0
GA,2040,52,11,101,0.0
GA,2040,52,12,101,0.0
GA,2040,52,13,101,0.0
GA,2040,52,14,101,0.0
GA,2040,52,15,101,0.0
GA,2040,52,16,101,0.0
GA,2040,52,17,101,0.0
GA,2040,52,18,101,0.0
GA,2040,52,19,101,0.0
GA,2040,52,20,101,0.0
GA,2040,52,21,101,0.0
GA,2040,52,22,101,0.0
GA,2040,52,23,101,0.0
GA,2040,52,24,101,0.0
GA,2040,52,25,101,0.0
GA,2040,52,26,101,0.0
GA,2040,52,27,101,0.0
GA,2040,52,28,101,0.0
GA,2040,52,29,101,0.0
GA,2040,52,30,101,0.0
GA,2040,52,31,101,0.0
GA,2040,52,32,101,0.0
GA,2040,52,33,101,0.0
GA,2040,52,34,101,0.0
GA,2040,52,35,101,0.0
GA,2040,52,36,101,0.0
GA,2040,52,37,101,0.0
GA,2040,52,38,101,0.0
GA,2040,52,39,101,0.0
GA,2040,52,40,101,0.0
GA,2040,52,41,101,0.0
GA,2040,52,42,101,0.0
GA,2040,52,43,101,0.0
GA,2040,52,44,101,0.0
GA,2040,52,45,101,0.0
GA,2040,52,46,101,0.0
GA,2040,52,47,101,0.0
GA,2040,52,48,101,0.0
GA,2040,52,49,101,0.0
GA,2040,52,50,101,0.0
GA,2040,52,51,101,0.0
GA,2040,52,52,101,0.0
GA,2040,52,53,101,0.0
GA,2040,52,54,101,0.0
GA,2040,52,55,101,0.0
GA,2040,52,56,101,0.0
GA,2040,52,57,101,0.0
GA,2040,52,58,101,0.0
GA,2040,52,59,101,0.0
GA,2040,52,60,101,0.0
GA,2040,52,61,101,0.0
GA,2040,52,62,101,0.0
GA,2040,52,63,101,0.0
GA,2040,52,64,101,0.0
GA,2040,52,65,101,0.0
GA,2040,52,66,101,0.0
GA,2040,52,67,101,0.0
GA,2040,52,68,101,0.0
GA,2040,52,69,101,0.0
GA,2040,52,70,101,0.0
GA,2040,52,71,101,0.0
GA,2040,52,72,101,0.0
GA,2040,52,73,101,0.0
GA,2040,52,74,101,0.0
GA,2040,52,75,101,0.0
GA,2040,52,76,101,0.0
GA,2040,52,77,101,0.0
GA,2040,52,78,101,0.0
GA,2040,52,79,101,0.0
GA,2040,52,80,101,0.0
GA,2040,52,81,101,0.0
GA,2040,52,82,101,0.0
GA,2040,52,83,101,0.0
GA,2040,52,84,101,0.0
GA,2040,52,85,101,0.0
GA,2040,52,86,101,0.0
GA,2040,52,87,101,0.0
GA,2040,52,88,101,0.0
GA,2040,52,89,101,0.0
GA,2040,52,90,101,0.0
GA,2040,52,91,101,0.0
GA,2040,52,92,101,0.0
GA,2040,52,93,101,0.0
GA,2040,52,94,101,0.0
GA,2040,52,95,101,0.0
GA,2040,52,96,101,0.0
GA,2040,52,97,101,0.0
GA,2040,52,98,101,0.0
GA,2040,52,99,101,0.0
GA,2040,52,100,101,0.0
GA,2040,52,101,101,0.0
GA,2040,52,102,101,0.0
GA,2040,52,103,101,0.0
GA,2040,52,104,101,0.0
GA,2040,52,105,101,0.0
GA,2040,52,106,101,0.0
GA,2040,52,107,101,0.0
GA,2040,52,108,101,0.0
GA,2040,52,109,101,0.0
GA,2040,52,110,101,0.0
GA,2040,52,111,101,0.0
GA,2040,52,112,101,0.0
GA,2040,52,113,101,0.0
GA,2040,52,114,101,0.0
GA,2040,52,115,101,0.0
GA,2040,52,116,101,0.0
GA,2040,52,117,101,0.0
GA,2040,52,118,101,0.0
GA,2040,52,119,101,0.0
GA,2040,52,120,101,0.0
GA,2040,52,121,101,0.0
GA,2040,52,122,101,0.0
GA,2040,52,123,101,0.0
GA,2040,52,124,101,0.0
GA,2040,52,125,101,0.0
GA,2040,52,126,101,0.0
GA,2040,52,127,101,0.0
GA,2040,52,128,101,0.0
GA,2040,52,129,101,0.0
GA,2040,52,130,101,0.0
GA,2040,52,131,101,0.0
GA,2040,52,132,101,0.0
GA,2040,52,133,101,0.0
GA,2040,52,134,101,0.0
GA,2040,52,135,101,0.0
GA,2040,52,136,101,0.0
GA,2040,52,137,101,0.0
GA,2040,52,138,101,0.0
GA,2040,52,139,101,0.0
GA,2040,52,140,101,0.0
GA,2040,52,141,101,0.0
GA,2040,52,142,101,0.0
GA,2040,52,143,101,0.0
GA,2040,52,144,101,0.0
GA,2040,52,145,101,0.0
GA,2040,52,146,101,0.0
GA,2040,52,147,101,0.0
GA,2040,52,148,101,0.0
GA,2040,52,149,101,0.0
GA,2040,52,150,101,0.0
GA,2040,52,151,101,0.0
GA,2040,52,152,101,0.0
GA,2040,52,153,101,0.0
GA,2040,52,154,101,0.0
GA,2040,52,155,101,0.0
GA,2040,52,156,101,0.0
GA,2040,52,157,101,0.0
GA,2040,52,158,101,0.0
GA,2040,52,159,101,0.0
GA,2040,52,160,101,0.0
GA,2040,52,161,101,0.0
GA,2040,52,162,101,0.0
GA,2040,52,163,101,0.0
GA,2040,52,164,101,0.0
GA,2040,52,165,101,0.0
GA,2040,52,166,101,0.0
GA,2040,52,167,101,0.0
DE,2040,11,0,101,0.0
DE,2040,11,1,101,0.0
DE,2040,11,2,101,0.0
DE,2040,11,3,101,0.0
DE,2040,11,4,101,0.0
DE,2040,11,5,101,0.0
DE,2040,11,6,101,0.0
DE,2040,11,7,101,0.0
DE,2040,11,8,101,0.0
DE,2040,11,9,101,0.0
DE,2040,11,10,101,0.0
DE,2040,11,11,101,0.0
DE,2040,11,12,101,0.0
DE,2040,11,13,101,0.0
DE,2040,11,14,101,0.0
DE,2040,11,15,101,0.0
DE,2040,11,16,101,0.0
DE,2040,11,17,101,0.0
DE,2040,11,18,101,0.0
DE,2040,11,19,101,0.0
DE,2040,11,20,101,0.0
DE,2040,11,21,101,0.0
DE,2040,11,22,101,0.0
DE,2040,11,23,101,0.0
DE,2040,11,24,101,0.0
DE,2040,11,25,101,0.0
DE,2040,11,26,101,0.0
DE,2040,11,27,101,0.0
DE,2040,11,28,101,0.0
DE,2040,11,29,101,0.0
DE,2040,11,30,101,0.0
DE,2040,11,31,101,0.0
DE,2040,11,32,101,0.0
DE,2040,11,33,101,0.0
DE,2040,11,34,101,0.0
DE,2040,11,35,101,0.0
DE,2040,11,36,101,0.0
DE,2040,11,37,101,0.0
DE,2040,11,38,101,0.0
DE,2040,11,39,101,0.0
DE,2040,11,40,101,0.0
DE,2040,11,41,101,0.0
DE,2040,11,42,101,0.0
DE,2040,11,43,101,0.0
DE,2040,11,44,101,0.0
DE,2040,11,45,101,0.0
DE,2040,11,46,101,0.0
DE,2040,11,47,101,0.0
DE,2040,11,48,101,0.0
DE,2040,11,49,101,0.0
DE,2040,11,50,101,0.0
DE,2040,11,51,101,0.0
DE,2040,11,52,101,0.0
DE,2040,11,53,101,0.0
DE,2040,11,54,101,0.0
DE,2040,11,55,101,0.0
DE,2040,11,56,101,0.0
DE,2040,11,57,101,0.0
DE,2040,11,58,101,0.0
DE,2040,11,59,101,0.0
DE,2040,11,60,101,0.0
DE,2040,11,61,101,0.0
DE,2040,11,62,101,0.0
DE,2040,11,63,101,0.0
DE,2040,11,64,101,0.0
DE,2040,11,65,101,0.0
DE,2040,11,66,101,0.0
DE,2040,11,67,101,0.0
DE,2040,11,68,101,0.0
DE,2040,11,69,101,0.0
DE,2040,11,70,101,0.0
DE,2040,11,71,101,0.0
DE,2040,11,72,101,0.0
DE,2040,11,73,101,0.0
DE,2040,11,74,101,0.0
DE,2040,11,75,101,0.0
DE,2040,11,76,101,0.0
DE,2040,11,77,101,0.0
DE,2040,11,78,101,0.0
DE,2040,11,79,101,0.0
DE,2040,11,80,101,0.0
DE,2040,11,81,101,0.0
DE,2040,11,82,101,0.0
DE,2040,11,83,101,0.0
DE,2040,11,84,101,0.0
DE,2040,11,85,101,0.0
DE,2040,11,86,101,0.0
DE,2040,11,87,101,0.0
DE,2040,11,88,101,0.0
DE,2040,11,89,101,0.0
DE,2040,11,90,101,0.0
DE,2040,11,91,101,0.0
DE,2040,11,92,101,0.0
DE,2040,11,93,101,0.0
DE,2040,11,94,101,0.0
DE,2040,11,95,101,0.0
DE,2040,11,96,101,0.0
DE,2040,11,97,101,0.0
DE,2040,11,98,101,0.0
DE,2040,11,99,101,0.0
DE,2040,11,100,101,0.0
DE,2040,11,101,101,0.0
DE,2040,11,102,101,0.0
DE,2040,11,103,101,0.0
DE,2040,11,104,101,0.0
DE,2040,11,105,101,0.0
DE,2040,11,106,101,0.0
DE,2040,11,107,101,0.0
DE,2040,11,108,101,0.0
DE,2040,11,109,101,0.0
DE,2040,11,110,101,0.0
DE,2040,11,111,101,0.0
DE,2040,11,112,101,0.0
DE,2040,11,113,101,0.0
DE,2040,11,114,101,0.0
DE,2040,11,115,101,0.0
DE,2040,11,116,101,0.0
DE,2040,11,117,101,0.0
DE,2040,11,118,101,0.0
DE,2040,11,119,101,0.0
DE,2040,11,120,101,0.0
DE,2040,11,121,101,0.0
DE,2040,11,122,101,0.0
DE,2040,11,123,101,0.0
DE,2040,11,124,101,0.0
DE,2040,11,125,101,0.0
DE,2040,11,126,101,0.0
DE,2040,11,127,101,0.0
DE,2040,11,128,101,0.0
DE,2040,11,129,101,0.0
DE,2040,11,130,101,0.0
DE,2040,11,131,101,0.0
DE,2040,11,132,101,0.0
DE,2040,11,133,101,0.0
DE,2040,11,134,101,0.0
DE,2040,11,135,101,0.0
DE,2040,11,136,101,0.0
DE,2040,11,137,101,0.0
DE,2040,11,138,101,0.0
DE,2040,11,139,101,0.0
DE,2040,11,140,101,0.0
DE,2040,11,141,101,0.0
DE,2040,11,142,101,0.0
DE,2040,11,143,101,0.0
DE,2040,11,144,101,0.0
DE,2040,11,145,101,0.0
DE,2040,11,146,101,0.0
DE,2040,11,147,101,0.0
DE,2040,11,148,101,0.0
DE,2040,11,149,101,0.0
DE,2040,11,150,101,0.0
DE,2040,11,151,101,0.0
DE,2040,11,152,101,0.0
DE,2040,11,153,101,0.0
DE,2040,11,154,101,0.0
DE,2040,11,155,101,0.0
DE,2040,11,156,101,0.0
DE,2040,11,157,101,0.0
DE,2040,11,158,101,0.0
DE,2040,11,159,101,0.0
DE,2040,11,160,101,0.0
DE,2040,11,161,101,0.0
DE,2040,11,162,101,0.0
DE,2040,11,163,101,0.0
DE,2040,11,164,101,0.0
DE,2040,11,165,101,0.0
DE,2040,11,166,101,0.0
DE,2040,11,167,101,0.0
DE,2040,21,0,101,0.0
DE,2040,21,1,101,0.0
DE,2040,21,2,101,0.0
DE,2040,21,3,101,0.0
DE,2040,21,4,101,0.0
DE,2040,21,5,101,0.0
DE,2040,21,6,101,0.0
DE,2040,21,7,101,0.0
DE,2040,21,8,101,0.0
DE,2040,21,9,101,0.0
DE,2040,21,10,101,0.0
DE,2040,21,11,101,0.0
DE,2040,21,12,101,0.0
DE,2040,21,13,101,0.0
DE,2040,21,14,101,0.0
DE,2040,21,15,101,0.0
DE,2040,21,16,101,0.0
DE,2040,21,17,101,0.0
DE,2040,21,18,101,0.0
DE,2040,21,19,101,0.0
DE,2040,21,20,101,0.0
DE,2040,21,21,101,0.0
DE,2040,21,22,101,0.0
DE,2040,21,23,101,0.0
DE,2040,21,24,101,0.0
DE,2040,21,25,101,0.0
DE,2040,21,26,101,0.0
DE,2040,21,27,101,0.0
DE,2040,21,28,101,0.0
DE,2040,21,29,101,0.0
DE,2040,21,30,101,0.0
DE,2040,21,31,101,0.0
DE,2040,21,32,101,0.0
DE,2040,21,33,101,0.0
DE,2040,21,34,101,0.0
DE,2040,21,35,101,0.0
DE,2040,21,36,101,0.0
DE,2040,21,37,101,0.0
DE,2040,21,38,101,0.0
DE,2040,21,39,101,0.0
DE,2040,21,40,101,0.0
DE,2040,21,41,101,0.0
DE,2040,21,42,101,0.0
DE,2040,21,43,101,0.0
DE,2040,21,44,101,0.0
DE,2040,21,45,101,0.0
DE,2040,21,46,101,0.0
DE,2040,21,47,101,0.0
DE,2040,21,48,101,0.0
DE,2040,21,49,101,0.0
DE,2040,21,50,101,0.0
DE,2040,21,51,101,0.0
DE,2040,21,52,101,0.0
DE,2040,21,53,101,0.0
DE,2040,21,54,101,0.0
DE,2040,21,55,101,0.0
DE,2040,21,56,101,0.0
DE,2040,21,57,101,0.0
DE,2040,21,58,101,0.0
DE,2040,21,59,101,0.0
DE,2040,21,60,101,0.0
DE,2040,21,61,101,0.0
DE,2040,21,62,101,0.0
DE,2040,21,63,101,0.0
DE,2040,21,64,101,0.0
DE,2040,21,65,101,0.0
DE,2040,21,66,101,0.0
DE,2040,21,67,101,0.0
DE,2040,21,68,101,0.0
DE,2040,21,69,101,0.0
DE,2040,21,70,101,0.0
DE,2040,21,71,101,0.0
DE,2040,21,72,101,0.0
DE,2040,21,73,101,0.0
DE,2040,21,74,101,0.0
DE,2040,21,75,101,0.0
DE,2040,21,76,101,0.0
DE,2040,21,77,101,0.0
DE,2040,21,78,101,0.0
DE,2040,21,79,101,0.0
DE,2040,21,80,101,0.0
DE,2040,21,81,101,0.0
DE,2040,21,82,101,0.0
DE,2040,21,83,101,0.0
DE,2040,21,84,101,0.0
DE,2040,21,85,101,0.0
DE,2040,21,86,101,0.0
DE,2040,21,87,101,0.0
DE,2040,21,88,101,0.0
DE,2040,21,89,101,0.0
DE,2040,21,90,101,0.0
DE,2040,21,91,101,0.0
DE,2040,21,92,101,0.0
DE,2040,21,93,101,0.0
DE,2040,21,94,101,0.0
DE,2040,21,95,101,0.0
DE,2040,21,96,101,0.0
DE,2040,21,97,101,0.0
DE,2040,21,98,101,0.0
DE,2040,21,99,101,0.0
DE,2040,21,100,101,0.0
DE,2040,21,101,101,0.0
DE,2040,21,102,101,0.0
DE,2040,21,103,101,0.0
DE,2040,21,104,101,0.0
DE,2040,21,105,101,0.0
DE,2040,21,106,101,0.0
DE,2040,21,107,101,0.0
DE,2040,21,108,101,0.0
DE,2040,21,109,101,0.0
DE,2040,21,110,101,0.0
DE,2040,21,111,101,0.0
DE,2040,21,112,101,0.0
DE,2040,21,113,101,0.0
DE,2040,21,114,101,0.0
DE,2040,21,115,101,0.0
DE,2040,21,116,101,0.0
DE,2040,21,117,101,0.0
DE,2040,21,118,101,0.0
DE,2040,21,119,101,0.0
DE,2040,21,120,101,0.0
DE,2040,21,121,101,0.0
DE,2040,21,122,101,0.0
DE,2040,21,123,101,0.0
DE,2040,21,124,101,0.0
DE,2040,21,125,101,0.0
DE,2040,21,126,101,0.0
DE,2040,21,127,101,0.0
DE,2040,21,128,101,0.0
DE,2040,21,129,101,0.0
DE,2040,21,130,101,0.0
DE,2040,21,131,101,0.0
DE,2040,21,132,101,0.0
DE,2040,21,133,101,0.0
DE,2040,21,134,101,0.0
DE,2040,21,135,101,0.0
DE,2040,21,136,101,0.0
DE,2040,21,137,101,0.0
DE,2040,21,138,101,0.0
DE,2040,21,139,101,0.0
DE,2040,21,140,101,0.0
DE,2040,21,141,101,0.0
DE,2040,21,142,101,0.0
DE,2040,21,143,101,0.0
DE,2040,21,144,101,0.0
DE,2040,21,145,101,0.0
DE,2040,21,146,101,0.0
DE,2040,21,147,101,0.0
DE,2040,21,148,101,0.0
DE,2040,21,149,101,0.0
DE,2040,21,150,101,0.0
DE,2040,21,151,101,0.0
DE,2040,21,152,101,0.0
DE,2040,21,153,101,0.0
DE,2040,21,154,101,0.0
DE,2040,21,155,101,0.0
DE,2040,21,156,101,0.0
DE,2040,21,157,101,0.0
DE,2040,21,158,101,0.0
DE,2040,21,159,101,0.0
DE,2040,21,160,101,0.0
DE,2040,21,161,101,0.0
DE,2040,21,162,101,0.0
DE,2040,21,163,101,0.0
DE,2040,21,164,101,0.0
DE,2040,21,165,101,0.0
DE,2040,21,166,101,0.0
DE,2040,21,167,101,0.0
DE,2040,42,0,101,0.0
DE,2040,42,1,101,0.0
DE,2040,42,2,101,0.0
DE,2040,42,3,101,0.0
DE,2040,42,4,101,0.0
DE,2040,42,5,101,0.0
DE,2040,42,6,101,0.0
DE,2040,42,7,101,0.0
DE,2040,42,8,101,0.0
DE,2040,42,9,101,0.0
DE,2040,42,10,101,0.0
DE,2040,42,11,101,0.0
DE,2040,42,12,101,0.0
DE,2040,42,13,101,0.0
DE,2040,42,14,101,0.0
DE,2040,42,15,101,0.0
DE,2040,42,16,101,0.0
DE,2040,42,17,101,0.0
DE,2040,42,18,101,0.0
DE,2040,42,19,101,0.0
DE,2040,42,20,101,0.0
DE,2040,42,21,101,0.0
DE,2040,42,22,101,0.0
DE,2040,42,23,101,0.0
DE,2040,42,24,101,0.0
DE,2040,42,25,101,0.0
DE,2040,42,26,101,0.0
DE,2040,42,27,101,0.0
DE,2040,42,28,101,0.0
DE,2040,42,29,101,0.0
DE,2040,42,30,101,0.0
DE,2040,42,31,101,0.0
DE,2040,42,32,101,0.0
DE,2040,42,33,101,0.0
DE,2040,42,34,101,0.0
DE,2040,42,35,101,0.0
DE,2040,42,36,101,0.0
DE,2040,42,37,101,0.0
DE,2040,42,38,101,0.0
DE,2040,42,39,101,0.0
DE,2040,42,40,101,0.0
DE,2040,42,41,101,0.0
DE,2040,42,42,101,0.0
DE,2040,42,43,101,0.0
DE,2040,42,44,101,0.0
DE,2040,42,45,101,0.0
DE,2040,42,46,101,0.0
DE,2040,42,47,101,0.0
DE,2040,42,48,101,0.0
DE,2040,42,49,101,0.0
DE,2040,42,50,101,0.0
DE,2040,42,51,101,0.0
DE,2040,42,52,101,0.0
DE,2040,42,53,101,0.0
DE,2040,42,54,101,0.0
DE,2040,42,55,101,0.0
DE,2040,42,56,101,0.0
DE,2040,42,57,101,0.0
DE,2040,42,58,101,0.0
DE,2040,42,59,101,0.0
DE,2040,42,60,101,0.0
DE,2040,42,61,101,0.0
DE,2040,42,62,101,0.0
DE,2040,42,63,101,0.0
DE,2040,42,64,101,0.0
DE,2040,42,65,101,0.0
DE,2040,42,66,101,0.0
DE,2040,42,67,101,0.0
DE,2040,42,68,101,0.0
DE,2040,42,69,101,0.0
DE,2040,42,70,101,0.0
DE,2040,42,71,101,0.0
DE,2040,42,72,101,0.0
DE,2040,42,73,101,0.0
DE,2040,42,74,101,0.0
DE,2040,42,75,101,0.0
DE,2040,42,76,101,0.0
DE,2040,42,77,101,0.0
DE,2040,42,78,101,0.0
DE,2040,42,79,101,0.0
DE,2040,42,80,101,0.0
DE,2040,42,81,101,0.0
DE,2040,42,82,101,0.0
DE,2040,42,83,101,0.0
DE,2040,42,84,101,0.0
DE,2040,42,85,101,0.0
DE,2040,42,86,101,0.0
DE,2040,42,87,101,0.0
DE,2040,42,88,101,0.0
DE,2040,42,89,101,0.0
DE,2040,42,90,101,0.0
DE,2040,42,91,101,0.0
DE,2040,42,92,101,0.0
DE,2040,42,93,101,0.0
DE,2040,42,94,101,0.0
DE,2040,42,95,101,0.0
DE,2040,42,96,101,0.0
DE,2040,42,97,101,0.0
DE,2040,42,98,101,0.0
DE,2040,42,99,101,0.0
DE,2040,42,100,101,0.0
DE,2040,42,101,101,0.0
DE,2040,42,102,101,0.0
DE,2040,42,103,101,0.0
DE,2040,42,104,101,0.0
DE,2040,42,105,101,0.0
DE,2040,42,106,101,0.0
DE,2040,42,107,101,0.0
DE,2040,42,108,101,0.0
DE,2040,42,109,101,0.0
DE,2040,42,110,101,0.0
DE,2040,42,111,101,0.0
DE,2040,42,112,101,0.0
DE,2040,42,113,101,0.0
DE,2040,42,114,101,0.0
DE,2040,42,115,101,0.0
DE,2040,42,116,101,0.0
DE,2040,42,117,101,0.0
DE,2040,42,118,101,0.0
DE,2040,42,119,101,0.0
DE,2040,42,120,101,0.0
DE,2040,42,121,101,0.0
DE,2040,42,122,101,0.0
DE,2040,42,123,101,0.0
DE,2040,42,124,101,0.0
DE,2040,42,125,101,0.0
DE,2040,42,126,101,0.0
DE,2040,42,127,101,0.0
DE,2040,42,128,101,0.0
DE,2040,42,129,101,0.0
DE,2040,42,130,101,0.0
DE,2040,42,131,101,0.0
DE,2040,42,132,101,0.0
DE,2040,42,133,101,0.0
DE,2040,42,134,101,0.0
DE,2040,42,135,101,0.0
DE,2040,42,136,101,0.0
DE,2040,42,137,101,0.0
DE,2040,42,138,101,0.0
DE,2040,42,139,101,0.0
DE,2040,42,140,101,0.0
DE,2040,42,141,101,0.0
DE,2040,42,142,101,0.0
DE,2040,42,143,101,0.0
DE,2040,42,144,101,0.0
DE,2040,42,145,101,0.0
DE,2040,42,146,101,0.0
DE,2040,42,147,101,0.0
DE,2040,42,148,101,0.0
DE,2040,42,149,101,0.0
DE,2040,42,150,101,0.0
DE,2040,42,151,101,0.0
DE,2040,42,152,101,0.0
DE,2040,42,153,101,0.0
DE,2040,42,154,101,0.0
DE,2040,42,155,101,0.0
DE,2040,42,156,101,0.0
DE,2040,42,157,101,0.0
DE,2040,42,158,101,0.0
DE,2040,42,159,101,0.0
DE,2040,42,160,101,0.0
DE,2040,42,161,101,0.0
DE,2040,42,162,101,0.0
DE,2040,42,163,101,0.0
DE,2040,42,164,101,0.0
DE,2040,42,165,101,0.0
DE,2040,42,166,101,0.0
DE,2040,42,167,101,0.0
DE,2040,52,0,101,0.0
DE,2040,52,1,101,0.0
DE,2040,52,2,101,0.0
DE,2040,52,3,101,0.0
DE,2040,52,4,101,0.0
DE,2040,52,5,101,0.0
DE,2040,52,6,101,0.0
DE,2040,52,7,101,0.0
DE,2040,52,8,101,0.0
DE,2040,52,9,101,0.0
DE,2040,52,10,101,0.0
DE,2040,52,11,101,0.0
DE,2040,52,12,101,0.0
DE,2040,52,13,101,0.0
DE,2040,52,14,101,0.0
DE,2040,52,15,101,0.0
DE,2040,52,16,101,0.0
DE,2040,52,17,101,0.0
DE,2040,52,18,101,0.0
DE,2040,52,19,101,0.0
DE,2040,52,20,101,0.0
DE,2040,52,21,101,0.0
DE,2040,52,22,101,0.0
DE,2040,52,23,101,0.0
DE,2040,52,24,101,0.0
DE,2040,52,25,101,0.0
DE,2040,52,26,101,0.0
DE,2040,52,27,101,0.0
DE,2040,52,28,101,0.0
DE,2040,52,29,101,0.0
DE,2040,52,30,101,0.0
DE,2040,52,31,101,0.0
DE,2040,52,32,101,0.0
DE,2040,52,33,101,0.0
DE,2040,52,34,101,0.0
DE,2040,52,35,101,0.0
DE,2040,52,36,101,0.0
DE,2040,52,37,101,0.0
DE,2040,52,38,101,0.0
DE,2040,52,39,101,0.0
DE,2040,52,40,101,0.0
DE,2040,52,41,101,0.0
DE,2040,52,42,101,0.0
DE,2040,52,43,101,0.0
DE,2040,52,44,101,0.0
DE,2040,52,45,101,0.0
DE,2040,52,46,101,0.0
DE,2040,52,47,101,0.0
DE,2040,52,48,101,0.0
DE,2040,52,49,101,0.0
DE,2040,52,50,101,0.0
DE,2040,52,51,101,0.0
DE,2040,52,52,101,0.0
DE,2040,52,53,101,0.0
DE,2040,52,54,101,0.0
DE,2040,52,55,101,0.0
DE,2040,52,56,101,0.0
DE,2040,52,57,101,0.0
DE,2040,52,58,101,0.0
DE,2040,52,59,101,0.0
DE,2040,52,60,101,0.0
DE,2040,52,61,101,0.0
DE,2040,52,62,101,0.0
DE,2040,52,63,101,0.0
DE,2040,52,64,101,0.0
DE,2040,52,65,101,0.0
DE,2040,52,66,101,0.0
DE,2040,52,67,101,0.0
DE,2040,52,68,101,0.0
DE,2040,52,69,101,0.0
DE,2040,52,70,101,0.0
DE,2040,52,71,101,0.0
DE,2040,52,72,101,0.0
DE,2040,52,73,101,0.0
DE,2040,52,74,101,0.0
DE,2040,52,75,101,0.0
DE,2040,52,76,101,0.0
DE,2040,52,77,101,0.0
DE,2040,52,78,101,0.0
DE,2040,52,79,101,0.0
DE,2040,52,80,101,0.0
DE,2040,52,81,101,0.0
DE,2040,52,82,101,0.0
DE,2040,52,83,101,0.0
DE,2040,52,84,101,0.0
DE,2040,52,85,101,0.0
DE,2040,52,86,101,0.0
DE,2040,52,87,101,0.0
DE,2040,52,88,101,0.0
DE,2040,52,89,101,0.0
DE,2040,52,90,101,0.0
DE,2040,52,91,101,0.0
DE,2040,52,92,101,0.0
DE,2040,52,93,101,0.0
DE,2040,52,94,101,0.0
DE,2040,52,95,101,0.0
DE,2040,52,96,101,0.0
DE,2040,52,97,101,0.0
DE,2040,52,98,101,0.0
DE,2040,52,99,101,0.0
DE,2040,52,100,101,0.0
DE,2040,52,101,101,0.0
DE,2040,52,102,101,0.0
DE,2040,52,103,101,0.0
DE,2040,52,104,101,0.0
DE,2040,52,105,101,0.0
DE,2040,52,106,101,0.0
DE,2040,52,107,101,0.0
DE,2040,52,108,101,0.0
DE,2040,52,109,101,0.0
DE,2040,52,110,101,0.0
DE,2040,52,111,101,0.0
DE,2040,52,112,101,0.0
DE,2040,52,113,101,0.0
DE,2040,52,114,101,0.0
DE,2040,52,115,101,0.0
DE,2040,52,116,101,0.0
DE,2040,52,117,101,0.0
DE,2040,52,118,101,0.0
DE,2040,52,119,101,0.0
DE,2040,52,120,101,0.0
DE,2040,52,121,101,0.0
DE,2040,52,122,101,0.0
DE,2040,52,123,101,0.0
DE,2040,52,124,101,0.0
DE,2040,52,125,101,0.0
DE,2040,52,126,101,0.0
DE,2040,52,127,101,0.0
DE,2040,52,128,101,0.0
DE,2040,52,129,101,0.0
DE,2040,52,130,101,0.0
DE,2040,52,131,101,0.0
DE,2040,52,132,101,0.0
DE,2040,52,133,101,0.0
DE,2040,52,134,101,0.0
DE,2040,52,135,101,0.0
DE,2040,52,136,101,0.0
DE,2040,52,137,101,0.0
DE,2040,52,138,101,0.0
DE,2040,52,139,101,0.0
DE,2040,52,140,101,0.0
DE,2040,52,141,101,0.0
DE,2040,52,142,101,0.0
DE,2040,52,143,101,0.0
DE,2040,52,144,101,0.0
DE,2040,52,145,101,0.0
DE,2040,52,146,101,0.0
DE,2040,52,147,101,0.0
DE,2040,52,148,101,0.0
DE,2040,52,149,101,0.0
DE,2040,52,150,101,0.0
DE,2040,52,151,101,0.0
DE,2040,52,152,101,0.0
DE,2040,52,153,101,0.0
DE,2040,52,154,101,0.0
DE,2040,52,155,101,0.0
DE,2040,52,156,101,0.0
DE,2040,52,157,101,0.0
DE,2040,52,158,101,0.0
DE,2040,52,159,101,0.0
DE,2040,52,160,101,0.0
DE,2040,52,161,101,0.0
DE,2040,52,162,101,0.0
DE,2040,52,163,101,0.0
DE,2040,52,164,101,0.0
DE,2040,52,165,101,0.0
DE,2040,52,166,101,0.0
DE,2040,52,167,101,0.0
GA,2050,11,0,101,0.0
GA,2050,11,1,101,0.0
GA,2050,11,2,101,0.0
GA,2050,11,3,101,0.0
GA,2050,11,4,101,0.0
GA,2050,11,5,101,0.0
GA,2050,11,6,101,0.0
GA,2050,11,7,101,0.0
GA,2050,11,8,101,0.0
GA,2050,11,9,101,0.0
GA,2050,11,10,101,0.0
GA,2050,11,11,101,0.0
GA,2050,11,12,101,0.0
GA,2050,11,13,101,0.0
GA,2050,11,14,101,0.0
GA,2050,11,15,101,0.0
GA,2050,11,16,101,0.0
GA,2050,11,17,101,0.0
GA,2050,11,18,101,0.0
GA,2050,11,19,101,0.0
GA,2050,11,20,101,0.0
GA,2050,11,21,101,0.0
GA,2050,11,22,101,0.0
GA,2050,11,23,101,0.0
GA,2050,11,24,101,0.0
GA,2050,11,25,101,0.0
GA,2050,11,26,101,0.0
GA,2050,11,27,101,0.0
GA,2050,11,28,101,0.0
GA,2050,11,29,101,0.0
GA,2050,11,30,101,0.0
GA,2050,11,31,101,0.0
GA,2050,11,32,101,0.0
GA,2050,11,33,101,0.0
GA,2050,11,34,101,0.0
GA,2050,11,35,101,0.0
GA,2050,11,36,101,0.0
GA,2050,11,37,101,0.0
GA,2050,11,38,101,0.0
GA,2050,11,39,101,0.0
GA,2050,11,40,101,0.0
GA,2050,11,41,101,0.0
GA,2050,11,42,101,0.0
GA,2050,11,43,101,0.0
GA,2050,11,44,101,0.0
GA,2050,11,45,101,0.0
GA,2050,11,46,101,0.0
GA,2050,11,47,101,0.0
GA,2050,11,48,101,0.0
GA,2050,11,49,101,0.0
GA,2050,11,50,101,0.0
GA,2050,11,51,101,0.0
GA,2050,11,52,101,0.0
GA,2050,11,53,101,0.0
GA,2050,11,54,101,0.0
GA,2050,11,55,101,0.0
GA,2050,11,56,101,0.0
GA,2050,11,57,101,0.0
GA,2050,11,58,101,0.0
GA,2050,11,59,101,0.0
GA,2050,11,60,101,0.0
GA,2050,11,61,101,0.0
GA,2050,11,62,101,0.0
GA,2050,11,63,101,0.0
GA,2050,11,64,101,0.0
GA,2050,11,65,101,0.0
GA,2050,11,66,101,0.0
GA,2050,11,67,101,0.0
GA,2050,11,68,101,0.0
GA,2050,11,69,101,0.0
GA,2050,11,70,101,0.0
GA,2050,11,71,101,0.0
GA,2050,11,72,101,0.0
GA,2050,11,73,101,0.0
GA,2050,11,74,101,0.0
GA,2050,11,75,101,0.0
GA,2050,11,76,101,0.0
GA,2050,11,77,101,0.0
GA,2050,11,78,101,0.0
GA,2050,11,79,101,0.0
GA,2050,11,80,101,0.0
GA,2050,11,81,101,0.0
GA,2050,11,82,101,0.0
GA,2050,11,83,101,0.0
GA,2050,11,84,101,0.0
GA,2050,11,85,101,0.0
GA,2050,11,86,101,0.0
GA,2050,11,87,101,0.0
GA,2050,11,88,101,0.0
GA,2050,11,89,101,0.0
GA,2050,11,90,101,0.0
GA,2050,11,91,101,0.0
GA,2050,11,92,101,0.0
GA,2050,11,93,101,0.0
GA,2050,11,94,101,0.0
GA,2050,11,95,101,0.0
GA,2050,11,96,101,0.0
GA,2050,11,97,101,0.0
GA,2050,11,98,101,0.0
GA,2050,11,99,101,0.0
GA,2050,11,100,101,0.0
GA,2050,11,101,101,0.0
GA,2050,11,102,101,0.0
GA,2050,11,103,101,0.0
GA,2050,11,104,101,0.0
GA,2050,11,105,101,0.0
GA,2050,11,106,101,0.0
GA,2050,11,107,101,0.0
GA,2050,11,108,101,0.0
GA,2050,11,109,101,0.0
GA,2050,11,110,101,0.0
GA,2050,11,111,101,0.0
GA,2050,11,112,101,0.0
GA,2050,11,113,101,0.0
GA,2050,11,114,101,0.0
GA,2050,11,115,101,0.0
GA,2050,11,116,101,0.0
GA,2050,11,117,101,0.0
GA,2050,11,118,101,0.0
GA,2050,11,119,101,0.0
GA,2050,11,120,101,0.0
GA,2050,11,121,101,0.0
GA,2050,11,122,101,0.0
GA,2050,11,123,101,0.0
GA,2050,11,124,101,0.0
GA,2050,11,125,101,0.0
GA,2050,11,126,101,0.0
GA,2050,11,127,101,0.0
GA,2050,11,128,101,0.0
GA,2050,11,129,101,0.0
GA,2050,11,130,101,0.0
GA,2050,11,131,101,0.0
GA,2050,11,132,101,0.0
GA,2050,11,133,101,0.0
GA,2050,11,134,101,0.0
GA,2050,11,135,101,0.0
GA,2050,11,136,101,0.0
GA,2050,11,137,101,0.0
GA,2050,11,138,101,0.0
GA,2050,11,139,101,0.0
GA,2050,11,140,101,0.0
GA,2050,11,141,101,0.0
GA,2050,11,142,101,0.0
GA,2050,11,143,101,0.0
GA,2050,11,144,101,0.0
GA,2050,11,145,101,0.0
GA,2050,11,146,101,0.0
GA,2050,11,147,101,0.0
GA,2050,11,148,101,0.0
GA,2050,11,149,101,0.0
GA,2050,11,150,101,0.0
GA,2050,11,151,101,0.0
GA,2050,11,152,101,0.0
GA,2050,11,153,101,0.0
GA,2050,11,154,101,0.0
GA,2050,11,155,101,0.0
GA,2050,11,156,101,0.0
GA,2050,11,157,101,0.0
GA,2050,11,158,101,0.0
GA,2050,11,159,101,0.0
GA,2050,11,160,101,0.0
GA,2050,11,161,101,0.0
GA,2050,11,162,101,0.0
GA,2050,11,163,101,0.0
GA,2050,11,164,101,0.0
GA,2050,11,165,101,0.0
GA,2050,11,166,101,0.0
GA,2050,11,167,101,0.0
GA,2050,21,0,101,0.0
GA,2050,21,1,101,0.0
GA,2050,21,2,101,0.0
GA,2050,21,3,101,0.0
GA,2050,21,4,101,0.0
GA,2050,21,5,101,0.0
GA,2050,21,6,101,0.0
GA,2050,21,7,101,0.0
GA,2050,21,8,101,0.0
GA,2050,21,9,101,0.0
GA,2050,21,10,101,0.0
GA,2050,21,11,101,0.0
GA,2050,21,12,101,0.0
GA,2050,21,13,101,0.0
GA,2050,21,14,101,0.0
GA,2050,21,15,101,0.0
GA,2050,21,16,101,0.0
GA,2050,21,17,101,0.0
GA,2050,21,18,101,0.0
GA,2050,21,19,101,0.0
GA,2050,21,20,101,0.0
GA,2050,21,21,101,0.0
GA,2050,21,22,101,0.0
GA,2050,21,23,101,0.0
GA,2050,21,24,101,0.0
GA,2050,21,25,101,0.0
GA,2050,21,26,101,0.0
GA,2050,21,27,101,0.0
GA,2050,21,28,101,0.0
GA,2050,21,29,101,0.0
GA,2050,21,30,101,0.0
GA,2050,21,31,101,0.0
GA,2050,21,32,101,0.0
GA,2050,21,33,101,0.0
GA,2050,21,34,101,0.0
GA,2050,21,35,101,0.0
GA,2050,21,36,101,0.0
GA,2050,21,37,101,0.0
GA,2050,21,38,101,0.0
GA,2050,21,39,101,0.0
GA,2050,21,40,101,0.0
GA,2050,21,41,101,0.0
GA,2050,21,42,101,0.0
GA,2050,21,43,101,0.0
GA,2050,21,44,101,0.0
GA,2050,21,45,101,0.0
GA,2050,21,46,101,0.0
GA,2050,21,47,101,0.0
GA,2050,21,48,101,0.0
GA,2050,21,49,101,0.0
GA,2050,21,50,101,0.0
GA,2050,21,51,101,0.0
GA,2050,21,52,101,0.0
GA,2050,21,53,101,0.0
GA,2050,21,54,101,0.0
GA,2050,21,55,101,0.0
GA,2050,21,56,101,0.0
GA,2050,21,57,101,0.0
GA,2050,21,58,101,0.0
GA,2050,21,59,101,0.0
GA,2050,21,60,101,0.0
GA,2050,21,61,101,0.0
GA,2050,21,62,101,0.0
GA,2050,21,63,101,0.0
GA,2050,21,64,101,0.0
GA,2050,21,65,101,0.0
GA,2050,21,66,101,0.0
GA,2050,21,67,101,0.0
GA,2050,21,68,101,0.0
GA,2050,21,69,101,0.0
GA,2050,21,70,101,0.0
GA,2050,21,71,101,0.0
GA,2050,21,72,101,0.0
GA,2050,21,73,101,0.0
GA,2050,21,74,101,0.0
GA,2050,21,75,101,0.0
GA,2050,21,76,101,0.0
GA,2050,21,77,101,0.0
GA,2050,21,78,101,0.0
GA,2050,21,79,101,0.0
GA,2050,21,80,101,0.0
GA,2050,21,81,101,0.0
GA,2050,21,82,101,0.0
GA,2050,21,83,101,0.0
GA,2050,21,84,101,0.0
GA,2050,21,85,101,0.0
GA,2050,21,86,101,0.0
GA,2050,21,87,101,0.0
GA,2050,21,88,101,0.0
GA,2050,21,89,101,0.0
GA,2050,21,90,101,0.0
GA,2050,21,91,101,0.0
GA,2050,21,92,101,0.0
GA,2050,21,93,101,0.0
GA,2050,21,94,101,0.0
GA,2050,21,95,101,0.0
GA,2050,21,96,101,0.0
GA,2050,21,97,101,0.0
GA,2050,21,98,101,0.0
GA,2050,21,99,101,0.0
GA,2050,21,100,101,0.0
GA,2050,21,101,101,0.0
GA,2050,21,102,101,0.0
GA,2050,21,103,101,0.0
GA,2050,21,104,101,0.0
GA,2050,21,105,101,0.0
GA,2050,21,106,101,0.0
GA,2050,21,107,101,0.0
GA,2050,21,108,101,0.0
GA,2050,21,109,101,0.0
GA,2050,21,110,101,0.0
GA,2050,21,111,101,0.0
GA,2050,21,112,101,0.0
GA,2050,21,113,101,0.0
GA,2050,21,114,101,0.0
GA,2050,21,115,101,0.0
GA,2050,21,116,101,0.0
GA,2050,21,117,101,0.0
GA,2050,21,118,101,0.0
GA,2050,21,119,101,0.0
GA,2050,21,120,101,0.0
GA,2050,21,121,101,0.0
GA,2050,21,122,101,0.0
GA,2050,21,123,101,0.0
GA,2050,21,124,101,0.0
GA,2050,21,125,101,0.0
GA,2050,21,126,101,0.0
GA,2050,21,127,101,0.0
GA,2050,21,128,101,0.0
GA,2050,21,129,101,0.0
GA,2050,21,130,101,0.0
GA,2050,21,131,101,0.0
GA,2050,21,132,101,0.0
GA,2050,21,133,101,0.0
GA,2050,21,134,101,0.0
GA,2050,21,135,101,0.0
GA,2050,21,136,101,0.0
GA,2050,21,137,101,0.0
GA,2050,21,138,101,0.0
GA,2050,21,139,101,0.0
GA,2050,21,140,101,0.0
GA,2050,21,141,101,0.0
GA,2050,21,142,101,0.0
GA,2050,21,143,101,0.0
GA,2050,21,144,101,0.0
GA,2050,21,145,101,0.0
GA,2050,21,146,101,0.0
GA,2050,21,147,101,0.0
GA,2050,21,148,101,0.0
GA,2050,21,149,101,0.0
GA,2050,21,150,101,0.0
GA,2050,21,151,101,0.0
GA,2050,21,152,101,0.0
GA,2050,21,153,101,0.0
GA,2050,21,154,101,0.0
GA,2050,21,155,101,0.0
GA,2050,21,156,101,0.0
GA,2050,21,157,101,0.0
GA,2050,21,158,101,0.0
GA,2050,21,159,101,0.0
GA,2050,21,160,101,0.0
GA,2050,21,161,101,0.0
GA,2050,21,162,101,0.0
GA,2050,21,163,101,0.0
GA,2050,21,164,101,0.0
GA,2050,21,165,101,0.0
GA,2050,21,166,101,0.0
GA,2050,21,167,101,0.0
GA,2050,42,0,101,0.0
GA,2050,42,1,101,0.0
GA,2050,42,2,101,0.0
GA,2050,42,3,101,0.0
GA,2050,42,4,101,0.0
GA,2050,42,5,101,0.0
GA,2050,42,6,101,0.0
GA,2050,42,7,101,0.0
GA,2050,42,8,101,0.0
GA,2050,42,9,101,0.0
GA,2050,42,10,101,0.0
GA,2050,42,11,101,0.0
GA,2050,42,12,101,0.0
GA,2050,42,13,101,0.0
GA,2050,42,14,101,0.0
GA,2050,42,15,101,0.0
GA,2050,42,16,101,0.0
GA,2050,42,17,101,0.0
GA,2050,42,18,101,0.0
GA,2050,42,19,101,0.0
GA,2050,42,20,101,0.0
GA,2050,42,21,101,0.0
GA,2050,42,22,101,0.0
GA,2050,42,23,101,0.0
GA,2050,42,24,101,0.0
GA,2050,42,25,101,0.0
GA,2050,42,26,101,0.0
GA,2050,42,27,101,0.0
GA,2050,42,28,101,0.0
GA,2050,42,29,101,0.0
GA,2050,42,30,101,0.0
GA,2050,42,31,101,0.0
GA,2050,42,32,101,0.0
GA,2050,42,33,101,0.0
GA,2050,42,34,101,0.0
GA,2050,42,35,101,0.0
GA,2050,42,36,101,0.0
GA,2050,42,37,101,0.0
GA,2050,42,38,101,0.0
GA,2050,42,39,101,0.0
GA,2050,42,40,101,0.0
GA,2050,42,41,101,0.0
GA,2050,42,42,101,0.0
GA,2050,42,43,101,0.0
GA,2050,42,44,101,0.0
GA,2050,42,45,101,0.0
GA,2050,42,46,101,0.0
GA,2050,42,47,101,0.0
GA,2050,42,48,101,0.0
GA,2050,42,49,101,0.0
GA,2050,42,50,101,0.0
GA,2050,42,51,101,0.0
GA,2050,42,52,101,0.0
GA,2050,42,53,101,0.0
GA,2050,42,54,101,0.0
GA,2050,42,55,101,0.0
GA,2050,42,56,101,0.0
GA,2050,42,57,101,0.0
GA,2050,42,58,101,0.0
GA,2050,42,59,101,0.0
GA,2050,42,60,101,0.0
GA,2050,42,61,101,0.0
GA,2050,42,62,101,0.0
GA,2050,42,63,101,0.0
GA,2050,42,64,101,0.0
GA,2050,42,65,101,0.0
GA,2050,42,66,101,0.0
GA,2050,42,67,101,0.0
GA,2050,42,68,101,0.0
GA,2050,42,69,101,0.0
GA,2050,42,70,101,0.0
GA,2050,42,71,101,0.0
GA,2050,42,72,101,0.0
GA,2050,42,73,101,0.0
GA,2050,42,74,101,0.0
GA,2050,42,75,101,0.0
GA,2050,42,76,101,0.0
GA,2050,42,77,101,0.0
GA,2050,42,78,101,0.0
GA,2050,42,79,101,0.0
GA,2050,42,80,101,0.0
GA,2050,42,81,101,0.0
GA,2050,42,82,101,0.0
GA,2050,42,83,101,0.0
GA,2050,42,84,101,0.0
GA,2050,42,85,101,0.0
GA,2050,42,86,101,0.0
GA,2050,42,87,101,0.0
GA,2050,42,88,101,0.0
GA,2050,42,89,101,0.0
GA,2050,42,90,101,0.0
GA,2050,42,91,101,0.0
GA,2050,42,92,101,0.0
GA,2050,42,93,101,0.0
GA,2050,42,94,101,0.0
GA,2050,42,95,101,0.0
GA,2050,42,96,101,0.0
GA,2050,42,97,101,0.0
GA,2050,42,98,101,0.0
GA,2050,42,99,101,0.0
GA,2050,42,100,101,0.0
GA,2050,42,101,101,0.0
GA,2050,42,102,101,0.0
GA,2050,42,103,101,0.0
GA,2050,42,104,101,0.0
GA,2050,42,105,101,0.0
GA,2050,42,106,101,0.0
GA,2050,42,107,101,0.0
GA,2050,42,108,101,0.0
GA,2050,42,109,101,0.0
GA,2050,42,110,101,0.0
GA,2050,42,111,101,0.0
GA,2050,42,112,101,0.0
GA,2050,42,113,101,0.0
GA,2050,42,114,101,0.0
GA,2050,42,115,101,0.0
GA,2050,42,116,101,0.0
GA,2050,42,117,101,0.0
GA,2050,42,118,101,0.0
GA,2050,42,119,101,0.0
GA,2050,42,120,101,0.0
GA,2050,42,121,101,0.0
GA,2050,42,122,101,0.0
GA,2050,42,123,101,0.0
GA,2050,42,124,101,0.0
GA,2050,42,125,101,0.0
GA,2050,42,126,101,0.0
GA,2050,42,127,101,0.0
GA,2050,42,128,101,0.0
GA,2050,42,129,101,0.0
GA,2050,42,130,101,0.0
GA,2050,42,131,101,0.0
GA,2050,42,132,101,0.0
GA,2050,42,133,101,0.0
GA,2050,42,134,101,0.0
GA,2050,42,135,101,0.0
GA,2050,42,136,101,0.0
GA,2050,42,137,101,0.0
GA,2050,42,138,101,0.0
GA,2050,42,139,101,0.0
GA,2050,42,140,101,0.0
GA,2050,42,141,101,0.0
GA,2050,42,142,101,0.0
GA,2050,42,143,101,0.0
GA,2050,42,144,101,0.0
GA,2050,42,145,101,0.0
GA,2050,42,146,101,0.0
GA,2050,42,147,101,0.0
GA,2050,42,148,101,0.0
GA,2050,42,149,101,0.0
GA,2050,42,150,101,0.0
GA,2050,42,151,101,0.0
GA,2050,42,152,101,0.0
GA,2050,42,153,101,0.0
GA,2050,42,154,101,0.0
GA,2050,42,155,101,0.0
GA,2050,42,156,101,0.0
GA,2050,42,157,101,0.0
GA,2050,42,158,101,0.0
GA,2050,42,159,101,0.0
GA,2050,42,160,101,0.0
GA,2050,42,161,101,0.0
GA,2050,42,162,101,0.0
GA,2050,42,163,101,0.0
GA,2050,42,164,101,0.0
GA,2050,42,165,101,0.0
GA,2050,42,166,101,0.0
GA,2050,42,167,101,0.0
GA,2050,52,0,101,0.0
GA,2050,52,1,101,0.0
GA,2050,52,2,101,0.0
GA,2050,52,3,101,0.0
GA,2050,52,4,101,0.0
GA,2050,52,5,101,0.0
GA,2050,52,6,101,0.0
GA,2050,52,7,101,0.0
GA,2050,52,8,101,0.0
GA,2050,52,9,101,0.0
GA,2050,52,10,101,0.0
GA,2050,52,11,101,0.0
GA,2050,52,12,101,0.0
GA,2050,52,13,101,0.0
GA,2050,52,14,101,0.0
GA,2050,52,15,101,0.0
GA,2050,52,16,101,0.0
GA,2050,52,17,101,0.0
GA,2050,52,18,101,0.0
GA,2050,52,19,101,0.0
GA,2050,52,20,101,0.0
GA,2050,52,21,101,0.0
GA,2050,52,22,101,0.0
GA,2050,52,23,101,0.0
GA,2050,52,24,101,0.0
GA,2050,52,25,101,0.0
GA,2050,52,26,101,0.0
GA,2050,52,27,101,0.0
GA,2050,52,28,101,0.0
GA,2050,52,29,101,0.0
GA,2050,52,30,101,0.0
GA,2050,52,31,101,0.0
GA,2050,52,32,101,0.0
GA,2050,52,33,101,0.0
GA,2050,52,34,101,0.0
GA,2050,52,35,101,0.0
GA,2050,52,36,101,0.0
GA,2050,52,37,101,0.0
GA,2050,52,38,101,0.0
GA,2050,52,39,101,0.0
GA,2050,52,40,101,0.0
GA,2050,52,41,101,0.0
GA,2050,52,42,101,0.0
GA,2050,52,43,101,0.0
GA,2050,52,44,101,0.0
GA,2050,52,45,101,0.0
GA,2050,52,46,101,0.0
GA,2050,52,47,101,0.0
GA,2050,52,48,101,0.0
GA,2050,52,49,101,0.0
GA,2050,52,50,101,0.0
GA,2050,52,51,101,0.0
GA,2050,52,52,101,0.0
GA,2050,52,53,101,0.0
GA,2050,52,54,101,0.0
GA,2050,52,55,101,0.0
GA,2050,52,56,101,0.0
GA,2050,52,57,101,0.0
GA,2050,52,58,101,0.0
GA,2050,52,59,101,0.0
GA,2050,52,60,101,0.0
GA,2050,52,61,101,0.0
GA,2050,52,62,101,0.0
GA,2050,52,63,101,0.0
GA,2050,52,64,101,0.0
GA,2050,52,65,101,0.0
GA,2050,52,66,101,0.0
GA,2050,52,67,101,0.0
GA,2050,52,68,101,0.0
GA,2050,52,69,101,0.0
GA,2050,52,70,101,0.0
GA,2050,52,71,101,0.0
GA,2050,52,72,101,0.0
GA,2050,52,73,101,0.0
GA,2050,52,74,101,0.0
GA,2050,52,75,101,0.0
GA,2050,52,76,101,0.0
GA,2050,52,77,101,0.0
GA,2050,52,78,101,0.0
GA,2050,52,79,101,0.0
GA,2050,52,80,101,0.0
GA,2050,52,81,101,0.0
GA,2050,52,82,101,0.0
GA,2050,52,83,101,0.0
GA,2050,52,84,101,0.0
GA,2050,52,85,101,0.0
GA,2050,52,86,101,0.0
GA,2050,52,87,101,0.0
GA,2050,52,88,101,0.0
GA,2050,52,89,101,0.0
GA,2050,52,90,101,0.0
GA,2050,52,91,101,0.0
GA,2050,52,92,101,0.0
GA,2050,52,93,101,0.0
GA,2050,52,94,101,0.0
GA,2050,52,95,101,0.0
GA,2050,52,96,101,0.0
GA,2050,52,97,101,0.0
GA,2050,52,98,101,0.0
GA,2050,52,99,101,0.0
GA,2050,52,100,101,0.0
GA,2050,52,101,101,0.0
GA,2050,52,102,101,0.0
GA,2050,52,103,101,0.0
GA,2050,52,104,101,0.0
GA,2050,52,105,101,0.0
GA,2050,52,106,101,0.0
GA,2050,52,107,101,0.0
GA,2050,52,108,101,0.0
GA,2050,52,109,101,0.0
GA,2050,52,110,101,0.0
GA,2050,52,111,101,0.0
GA,2050,52,112,101,0.0
GA,2050,52,113,101,0.0
GA,2050,52,114,101,0.0
GA,2050,52,115,101,0.0
GA,2050,52,116,101,0.0
GA,2050,52,117,101,0.0
GA,2050,52,118,101,0.0
GA,2050,52,119,101,0.0
GA,2050,52,120,101,0.0
GA,2050,52,121,101,0.0
GA,2050,52,122,101,0.0
GA,2050,52,123,101,0.0
GA,2050,52,124,101,0.0
GA,2050,52,125,101,0.0
GA,2050,52,126,101,0.0
GA,2050,52,127,101,0.0
GA,2050,52,128,101,0.0
GA,2050,52,129,101,0.0
GA,2050,52,130,101,0.0
GA,2050,52,131,101,0.0
GA,2050,52,132,101,0.0
GA,2050,52,133,101,0.0
GA,2050,52,134,101,0.0
GA,2050,52,135,101,0.0
GA,2050,52,136,101,0.0
GA,2050,52,137,101,0.0
GA,2050,52,138,101,0.0
GA,2050,52,139,101,0.0
GA,2050,52,140,101,0.0
GA,2050,52,141,101,0.0
GA,2050,52,142,101,0.0
GA,2050,52,143,101,0.0
GA,2050,52,144,101,0.0
GA,2050,52,145,101,0.0
GA,2050,52,146,101,0.0
GA,2050,52,147,101,0.0
GA,2050,52,148,101,0.0
GA,2050,52,149,101,0.0
GA,2050,52,150,101,0.0
GA,2050,52,151,101,0.0
GA,2050,52,152,101,0.0
GA,2050,52,153,101,0.0
GA,2050,52,154,101,0.0
GA,2050,52,155,101,0.0
GA,2050,52,156,101,0.0
GA,2050,52,157,101,0.0
GA,2050,52,158,101,0.0
GA,2050,52,159,101,0.0
GA,2050,52,160,101,0.0
GA,2050,52,161,101,0.0
GA,2050,52,162,101,0.0
GA,2050,52,163,101,0.0
GA,2050,52,164,101,0.0
GA,2050,52,165,101,0.0
GA,2050,52,166,101,0.0
GA,2050,52,167,101,0.0
DE,2050,11,0,101,0.0
DE,2050,11,1,101,0.0
DE,2050,11,2,101,0.0
DE,2050,11,3,101,0.0
DE,2050,11,4,101,0.0
DE,2050,11,5,101,0.0
DE,2050,11,6,101,0.0
DE,2050,11,7,101,0.0
DE,2050,11,8,101,0.0
DE,2050,11,9,101,0.0
DE,2050,11,10,101,0.0
DE,2050,11,11,101,0.0
DE,2050,11,12,101,0.0
DE,2050,11,13,101,0.0
DE,2050,11,14,101,0.0
DE,2050,11,15,101,0.0
DE,2050,11,16,101,0.0
DE,2050,11,17,101,0.0
DE,2050,11,18,101,0.0
DE,2050,11,19,101,0.0
DE,2050,11,20,101,0.0
DE,2050,11,21,101,0.0
DE,2050,11,22,101,0.0
DE,2050,11,23,101,0.0
DE,2050,11,24,101,0.0
DE,2050,11,25,101,0.0
DE,2050,11,26,101,0.0
DE,2050,11,27,101,0.0
DE,2050,11,28,101,0.0
DE,2050,11,29,101,0.0
DE,2050,11,30,101,0.0
DE,2050,11,31,101,0.0
DE,2050,11,32,101,0.0
DE,2050,11,33,101,0.0
DE,2050,11,34,101,0.0
DE,2050,11,35,101,0.0
DE,2050,11,36,101,0.0
DE,2050,11,37,101,0.0
DE,2050,11,38,101,0.0
DE,2050,11,39,101,0.0
DE,2050,11,40,101,0.0
DE,2050,11,41,101,0.0
DE,2050,11,42,101,0.0
DE,2050,11,43,101,0.0
DE,2050,11,44,101,0.0
DE,2050,11,45,101,0.0
DE,2050,11,46,101,0.0
DE,2050,11,47,101,0.0
DE,2050,11,48,101,0.0
DE,2050,11,49,101,0.0
DE,2050,11,50,101,0.0
DE,2050,11,51,101,0.0
DE,2050,11,52,101,0.0
DE,2050,11,53,101,0.0
DE,2050,11,54,101,0.0
DE,2050,11,55,101,0.0
DE,2050,11,56,101,0.0
DE,2050,11,57,101,0.0
DE,2050,11,58,101,0.0
DE,2050,11,59,101,0.0
DE,2050,11,60,101,0.0
DE,2050,11,61,101,0.0
DE,2050,11,62,101,0.0
DE,2050,11,63,101,0.0
DE,2050,11,64,101,0.0
DE,2050,11,65,101,0.0
DE,2050,11,66,101,0.0
DE,2050,11,67,101,0.0
DE,2050,11,68,101,0.0
DE,2050,11,69,101,0.0
DE,2050,11,70,101,0.0
DE,2050,11,71,101,0.0
DE,2050,11,72,101,0.0
DE,2050,11,73,101,0.0
DE,2050,11,74,101,0.0
DE,2050,11,75,101,0.0
DE,2050,11,76,101,0.0
DE,2050,11,77,101,0.0
DE,2050,11,78,101,0.0
DE,2050,11,79,101,0.0
DE,2050,11,80,101,0.0
DE,2050,11,81,101,0.0
DE,2050,11,82,101,0.0
DE,2050,11,83,101,0.0
DE,2050,11,84,101,0.0
DE,2050,11,85,101,0.0
DE,2050,11,86,101,0.0
DE,2050,11,87,101,0.0
DE,2050,11,88,101,0.0
DE,2050,11,89,101,0.0
DE,2050,11,90,101,0.0
DE,2050,11,91,101,0.0
DE,2050,11,92,101,0.0
DE,2050,11,93,101,0.0
DE,2050,11,94,101,0.0
DE,2050,11,95,101,0.0
DE,2050,11,96,101,0.0
DE,2050,11,97,101,0.0
DE,2050,11,98,101,0.0
DE,2050,11,99,101,0.0
DE,2050,11,100,101,0.0
DE,2050,11,101,101,0.0
DE,2050,11,102,101,0.0
DE,2050,11,103,101,0.0
DE,2050,11,104,101,0.0
DE,2050,11,105,101,0.0
DE,2050,11,106,101,0.0
DE,2050,11,107,101,0.0
DE,2050,11,108,101,0.0
DE,2050,11,109,101,0.0
DE,2050,11,110,101,0.0
DE,2050,11,111,101,0.0
DE,2050,11,112,101,0.0
DE,2050,11,113,101,0.0
DE,2050,11,114,101,0.0
DE,2050,11,115,101,0.0
DE,2050,11,116,101,0.0
DE,2050,11,117,101,0.0
DE,2050,11,118,101,0.0
DE,2050,11,119,101,0.0
DE,2050,11,120,101,0.0
DE,2050,11,121,101,0.0
DE,2050,11,122,101,0.0
DE,2050,11,123,101,0.0
DE,2050,11,124,101,0.0
DE,2050,11,125,101,0.0
DE,2050,11,126,101,0.0
DE,2050,11,127,101,0.0
DE,2050,11,128,101,0.0
DE,2050,11,129,101,0.0
DE,2050,11,130,101,0.0
DE,2050,11,131,101,0.0
DE,2050,11,132,101,0.0
DE,2050,11,133,101,0.0
DE,2050,11,134,101,0.0
DE,2050,11,135,101,0.0
DE,2050,11,136,101,0.0
DE,2050,11,137,101,0.0
DE,2050,11,138,101,0.0
DE,2050,11,139,101,0.0
DE,2050,11,140,101,0.0
DE,2050,11,141,101,0.0
DE,2050,11,142,101,0.0
DE,2050,11,143,101,0.0
DE,2050,11,144,101,0.0
DE,2050,11,145,101,0.0
DE,2050,11,146,101,0.0
DE,2050,11,147,101,0.0
DE,2050,11,148,101,0.0
DE,2050,11,149,101,0.0
DE,2050,11,150,101,0.0
DE,2050,11,151,101,0.0
DE,2050,11,152,101,0.0
DE,2050,11,153,101,0.0
DE,2050,11,154,101,0.0
DE,2050,11,155,101,0.0
DE,2050,11,156,101,0.0
DE,2050,11,157,101,0.0
DE,2050,11,158,101,0.0
DE,2050,11,159,101,0.0
DE,2050,11,160,101,0.0
DE,2050,11,161,101,0.0
DE,2050,11,162,101,0.0
DE,2050,11,163,101,0.0
DE,2050,11,164,101,0.0
DE,2050,11,165,101,0.0
DE,2050,11,166,101,0.0
DE,2050,11,167,101,0.0
DE,2050,21,0,101,0.0
DE,2050,21,1,101,0.0
DE,2050,21,2,101,0.0
DE,2050,21,3,101,0.0
DE,2050,21,4,101,0.0
DE,2050,21,5,101,0.0
DE,2050,21,6,101,0.0
DE,2050,21,7,101,0.0
DE,2050,21,8,101,0.0
DE,2050,21,9,101,0.0
DE,2050,21,10,101,0.0
DE,2050,21,11,101,0.0
DE,2050,21,12,101,0.0
DE,2050,21,13,101,0.0
DE,2050,21,14,101,0.0
DE,2050,21,15,101,0.0
DE,2050,21,16,101,0.0
DE,2050,21,17,101,0.0
DE,2050,21,18,101,0.0
DE,2050,21,19,101,0.0
DE,2050,21,20,101,0.0
DE,2050,21,21,101,0.0
DE,2050,21,22,101,0.0
DE,2050,21,23,101,0.0
DE,2050,21,24,101,0.0
DE,2050,21,25,101,0.0
DE,2050,21,26,101,0.0
DE,2050,21,27,101,0.0
DE,2050,21,28,101,0.0
DE,2050,21,29,101,0.0
DE,2050,21,30,101,0.0
DE,2050,21,31,101,0.0
DE,2050,21,32,101,0.0
DE,2050,21,33,101,0.0
DE,2050,21,34,101,0.0
DE,2050,21,35,101,0.0
DE,2050,21,36,101,0.0
DE,2050,21,37,101,0.0
DE,2050,21,38,101,0.0
DE,2050,21,39,101,0.0
DE,2050,21,40,101,0.0
DE,2050,21,41,101,0.0
DE,2050,21,42,101,0.0
DE,2050,21,43,101,0.0
DE,2050,21,44,101,0.0
DE,2050,21,45,101,0.0
DE,2050,21,46,101,0.0
DE,2050,21,47,101,0.0
DE,2050,21,48,101,0.0
DE,2050,21,49,101,0.0
DE,2050,21,50,101,0.0
DE,2050,21,51,101,0.0
DE,2050,21,52,101,0.0
DE,2050,21,53,101,0.0
DE,2050,21,54,101,0.0
DE,2050,21,55,101,0.0
DE,2050,21,56,101,0.0
DE,2050,21,57,101,0.0
DE,2050,21,58,101,0.0
DE,2050,21,59,101,0.0
DE,2050,21,60,101,0.0
DE,2050,21,61,101,0.0
DE,2050,21,62,101,0.0
DE,2050,21,63,101,0.0
DE,2050,21,64,101,0.0
DE,2050,21,65,101,0.0
DE,2050,21,66,101,0.0
DE,2050,21,67,101,0.0
DE,2050,21,68,101,0.0
DE,2050,21,69,101,0.0
DE,2050,21,70,101,0.0
DE,2050,21,71,101,0.0
DE,2050,21,72,101,0.0
DE,2050,21,73,101,0.0
DE,2050,21,74,101,0.0
DE,2050,21,75,101,0.0
DE,2050,21,76,101,0.0
DE,2050,21,77,101,0.0
DE,2050,21,78,101,0.0
DE,2050,21,79,101,0.0
DE,2050,21,80,101,0.0
DE,2050,21,81,101,0.0
DE,2050,21,82,101,0.0
DE,2050,21,83,101,0.0
DE,2050,21,84,101,0.0
DE,2050,21,85,101,0.0
DE,2050,21,86,101,0.0
DE,2050,21,87,101,0.0
DE,2050,21,88,101,0.0
DE,2050,21,89,101,0.0
DE,2050,21,90,101,0.0
DE,2050,21,91,101,0.0
DE,2050,21,92,101,0.0
DE,2050,21,93,101,0.0
DE,2050,21,94,101,0.0
DE,2050,21,95,101,0.0
DE,2050,21,96,101,0.0
DE,2050,21,97,101,0.0
DE,2050,21,98,101,0.0
DE,2050,21,99,101,0.0
DE,2050,21,100,101,0.0
DE,2050,21,101,101,0.0
DE,2050,21,102,101,0.0
DE,2050,21,103,101,0.0
DE,2050,21,104,101,0.0
DE,2050,21,105,101,0.0
DE,2050,21,106,101,0.0
DE,2050,21,107,101,0.0
DE,2050,21,108,101,0.0
DE,2050,21,109,101,0.0
DE,2050,21,110,101,0.0
DE,2050,21,111,101,0.0
DE,2050,21,112,101,0.0
DE,2050,21,113,101,0.0
DE,2050,21,114,101,0.0
DE,2050,21,115,101,0.0
DE,2050,21,116,101,0.0
DE,2050,21,117,101,0.0
DE,2050,21,118,101,0.0
DE,2050,21,119,101,0.0
DE,2050,21,120,101,0.0
DE,2050,21,121,101,0.0
DE,2050,21,122,101,0.0
DE,2050,21,123,101,0.0
DE,2050,21,124,101,0.0
DE,2050,21,125,101,0.0
DE,2050,21,126,101,0.0
DE,2050,21,127,101,0.0
DE,2050,21,128,101,0.0
DE,2050,21,129,101,0.0
DE,2050,21,130,101,0.0
DE,2050,21,131,101,0.0
DE,2050,21,132,101,0.0
DE,2050,21,133,101,0.0
DE,2050,21,134,101,0.0
DE,2050,21,135,101,0.0
DE,2050,21,136,101,0.0
DE,2050,21,137,101,0.0
DE,2050,21,138,101,0.0
DE,2050,21,139,101,0.0
DE,2050,21,140,101,0.0
DE,2050,21,141,101,0.0
DE,2050,21,142,101,0.0
DE,2050,21,143,101,0.0
DE,2050,21,144,101,0.0
DE,2050,21,145,101,0.0
DE,2050,21,146,101,0.0
DE,2050,21,147,101,0.0
DE,2050,21,148,101,0.0
DE,2050,21,149,101,0.0
DE,2050,21,150,101,0.0
DE,2050,21,151,101,0.0
DE,2050,21,152,101,0.0
DE,2050,21,153,101,0.0
DE,2050,21,154,101,0.0
DE,2050,21,155,101,0.0
DE,2050,21,156,101,0.0
DE,2050,21,157,101,0.0
DE,2050,21,158,101,0.0
DE,2050,21,159,101,0.0
DE,2050,21,160,101,0.0
DE,2050,21,161,101,0.0
DE,2050,21,162,101,0.0
DE,2050,21,163,101,0.0
DE,2050,21,164,101,0.0
DE,2050,21,165,101,0.0
DE,2050,21,166,101,0.0
DE,2050,21,167,101,0.0
DE,2050,42,0,101,0.0
DE,2050,42,1,101,0.0
DE,2050,42,2,101,0.0
DE,2050,42,3,101,0.0
DE,2050,42,4,101,0.0
DE,2050,42,5,101,0.0
DE,2050,42,6,101,0.0
DE,2050,42,7,101,0.0
DE,2050,42,8,101,0.0
DE,2050,42,9,101,0.0
DE,2050,42,10,101,0.0
DE,2050,42,11,101,0.0
DE,2050,42,12,101,0.0
DE,2050,42,13,101,0.0
DE,2050,42,14,101,0.0
DE,2050,42,15,101,0.0
DE,2050,42,16,101,0.0
DE,2050,42,17,101,0.0
DE,2050,42,18,101,0.0
DE,2050,42,19,101,0.0
DE,2050,42,20,101,0.0
DE,2050,42,21,101,0.0
DE,2050,42,22,101,0.0
DE,2050,42,23,101,0.0
DE,2050,42,24,101,0.0
DE,2050,42,25,101,0.0
DE,2050,42,26,101,0.0
DE,2050,42,27,101,0.0
DE,2050,42,28,101,0.0
DE,2050,42,29,101,0.0
DE,2050,42,30,101,0.0
DE,2050,42,31,101,0.0
DE,2050,42,32,101,0.0
DE,2050,42,33,101,0.0
DE,2050,42,34,101,0.0
DE,2050,42,35,101,0.0
DE,2050,42,36,101,0.0
DE,2050,42,37,101,0.0
DE,2050,42,38,101,0.0
DE,2050,42,39,101,0.0
DE,2050,42,40,101,0.0
DE,2050,42,41,101,0.0
DE,2050,42,42,101,0.0
DE,2050,42,43,101,0.0
DE,2050,42,44,101,0.0
DE,2050,42,45,101,0.0
DE,2050,42,46,101,0.0
DE,2050,42,47,101,0.0
DE,2050,42,48,101,0.0
DE,2050,42,49,101,0.0
DE,2050,42,50,101,0.0
DE,2050,42,51,101,0.0
DE,2050,42,52,101,0.0
DE,2050,42,53,101,0.0
DE,2050,42,54,101,0.0
DE,2050,42,55,101,0.0
DE,2050,42,56,101,0.0
DE,2050,42,57,101,0.0
DE,2050,42,58,101,0.0
DE,2050,42,59,101,0.0
DE,2050,42,60,101,0.0
DE,2050,42,61,101,0.0
DE,2050,42,62,101,0.0
DE,2050,42,63,101,0.0
DE,2050,42,64,101,0.0
DE,2050,42,65,101,0.0
DE,2050,42,66,101,0.0
DE,2050,42,67,101,0.0
DE,2050,42,68,101,0.0
DE,2050,42,69,101,0.0
DE,2050,42,70,101,0.0
DE,2050,42,71,101,0.0
DE,2050,42,72,101,0.0
DE,2050,42,73,101,0.0
DE,2050,42,74,101,0.0
DE,2050,42,75,101,0.0
DE,2050,42,76,101,0.0
DE,2050,42,77,101,0.0
DE,2050,42,78,101,0.0
DE,2050,42,79,101,0.0
DE,2050,42,80,101,0.0
DE,2050,42,81,101,0.0
DE,2050,42,82,101,0.0
DE,2050,42,83,101,0.0
DE,2050,42,84,101,0.0
DE,2050,42,85,101,0.0
DE,2050,42,86,101,0.0
DE,2050,42,87,101,0.0
DE,2050,42,88,101,0.0
DE,2050,42,89,101,0.0
DE,2050,42,90,101,0.0
DE,2050,42,91,101,0.0
DE,2050,42,92,101,0.0
DE,2050,42,93,101,0.0
DE,2050,42,94,101,0.0
DE,2050,42,95,101,0.0
DE,2050,42,96,101,0.0
DE,2050,42,97,101,0.0
DE,2050,42,98,101,0.0
DE,2050,42,99,101,0.0
DE,2050,42,100,101,0.0
DE,2050,42,101,101,0.0
DE,2050,42,102,101,0.0
DE,2050,42,103,101,0.0
DE,2050,42,104,101,0.0
DE,2050,42,105,101,0.0
DE,2050,42,106,101,0.0
DE,2050,42,107,101,0.0
DE,2050,42,108,101,0.0
DE,2050,42,109,101,0.0
DE,2050,42,110,101,0.0
DE,2050,42,111,101,0.0
DE,2050,42,112,101,0.0
DE,2050,42,113,101,0.0
DE,2050,42,114,101,0.0
DE,2050,42,115,101,0.0
DE,2050,42,116,101,0.0
DE,2050,42,117,101,0.0
DE,2050,42,118,101,0.0
DE,2050,42,119,101,0.0
DE,2050,42,120,101,0.0
DE,2050,42,121,101,0.0
DE,2050,42,122,101,0.0
DE,2050,42,123,101,0.0
DE,2050,42,124,101,0.0
DE,2050,42,125,101,0.0
DE,2050,42,126,101,0.0
DE,2050,42,127,101,0.0
DE,2050,42,128,101,0.0
DE,2050,42,129,101,0.0
DE,2050,42,130,101,0.0
DE,2050,42,131,101,0.0
DE,2050,42,132,101,0.0
DE,2050,42,133,101,0.0
DE,2050,42,134,101,0.0
DE,2050,42,135,101,0.0
DE,2050,42,136,101,0.0
DE,2050,42,137,101,0.0
DE,2050,42,138,101,0.0
DE,2050,42,139,101,0.0
DE,2050,42,140,101,0.0
DE,2050,42,141,101,0.0
DE,2050,42,142,101,0.0
DE,2050,42,143,101,0.0
DE,2050,42,144,101,0.0
DE,2050,42,145,101,0.0
DE,2050,42,146,101,0.0
DE,2050,42,147,101,0.0
DE,2050,42,148,101,0.0
DE,2050,42,149,101,0.0
DE,2050,42,150,101,0.0
DE,2050,42,151,101,0.0
DE,2050,42,152,101,0.0
DE,2050,42,153,101,0.0
DE,2050,42,154,101,0.0
DE,2050,42,155,101,0.0
DE,2050,42,156,101,0.0
DE,2050,42,157,101,0.0
DE,2050,42,158,101,0.0
DE,2050,42,159,101,0.0
DE,2050,42,160,101,0.0
DE,2050,42,161,101,0.0
DE,2050,42,162,101,0.0
DE,2050,42,163,101,0.0
DE,2050,42,164,101,0.0
DE,2050,42,165,101,0.0
DE,2050,42,166,101,0.0
DE,2050,42,167,101,0.0
DE,2050,52,0,101,0.0
DE,2050,52,1,101,0.0
DE,2050,52,2,101,0.0
DE,2050,52,3,101,0.0
DE,2050,52,4,101,0.0
DE,2050,52,5,101,0.0
DE,2050,52,6,101,0.0
DE,2050,52,7,101,0.0
DE,2050,52,8,101,0.0
DE,2050,52,9,101,0.0
DE,2050,52,10,101,0.0
DE,2050,52,11,101,0.0
DE,2050,52,12,101,0.0
DE,2050,52,13,101,0.0
DE,2050,52,14,101,0.0
DE,2050,52,15,101,0.0
DE,2050,52,16,101,0.0
DE,2050,52,17,101,0.0
DE,2050,52,18,101,0.0
DE,2050,52,19,101,0.0
DE,2050,52,20,101,0.0
DE,2050,52,21,101,0.0
DE,2050,52,22,101,0.0
DE,2050,52,23,101,0.0
DE,2050,52,24,101,0.0
DE,2050,52,25,101,0.0
DE,2050,52,26,101,0.0
DE,2050,52,27,101,0.0
DE,2050,52,28,101,0.0
DE,2050,52,29,101,0.0
DE,2050,52,30,101,0.0
DE,2050,52,31,101,0.0
DE,2050,52,32,101,0.0
DE,2050,52,33,101,0.0
DE,2050,52,34,101,0.0
DE,2050,52,35,101,0.0
DE,2050,52,36,101,0.0
DE,2050,52,37,101,0.0
DE,2050,52,38,101,0.0
DE,2050,52,39,101,0.0
DE,2050,52,40,101,0.0
DE,2050,52,41,101,0.0
DE,2050,52,42,101,0.0
DE,2050,52,43,101,0.0
DE,2050,52,44,101,0.0
DE,2050,52,45,101,0.0
DE,2050,52,46,101,0.0
DE,2050,52,47,101,0.0
DE,2050,52,48,101,0.0
DE,2050,52,49,101,0.0
DE,2050,52,50,101,0.0
DE,2050,52,51,101,0.0
DE,2050,52,52,101,0.0
DE,2050,52,53,101,0.0
DE,2050,52,54,101,0.0
DE,2050,52,55,101,0.0
DE,2050,52,56,101,0.0
DE,2050,52,57,101,0.0
DE,2050,52,58,101,0.0
DE,2050,52,59,101,0.0
DE,2050,52,60,101,0.0
DE,2050,52,61,101,0.0
DE,2050,52,62,101,0.0
DE,2050,52,63,101,0.0
DE,2050,52,64,101,0.0
DE,2050,52,65,101,0.0
DE,2050,52,66,101,0.0
DE,2050,52,67,101,0.0
DE,2050,52,68,101,0.0
DE,2050,52,69,101,0.0
DE,2050,52,70,101,0.0
DE,2050,52,71,101,0.0
DE,2050,52,72,101,0.0
DE,2050,52,73,101,0.0
DE,2050,52,74,101,0.0
DE,2050,52,75,101,0.0
DE,2050,52,76,101,0.0
DE,2050,52,77,101,0.0
DE,2050,52,78,101,0.0
DE,2050,52,79,101,0.0
DE,2050,52,80,101,0.0
DE,2050,52,81,101,0.0
DE,2050,52,82,101,0.0
DE,2050,52,83,101,0.0
DE,2050,52,84,101,0.0
DE,2050,52,85,101,0.0
DE,2050,52,86,101,0.0
DE,2050,52,87,101,0.0
DE,2050,52,88,101,0.0
DE,2050,52,89,101,0.0
DE,2050,52,90,101,0.0
DE,2050,52,91,101,0.0
DE,2050,52,92,101,0.0
DE,2050,52,93,101,0.0
DE,2050,52,94,101,0.0
DE,2050,52,95,101,0.0
DE,2050,52,96,101,0.0
DE,2050,52,97,101,0.0
DE,2050,52,98,101,0.0
DE,2050,52,99,101,0.0
DE,2050,52,100,101,0.0
DE,2050,52,101,101,0.0
DE,2050,52,102,101,0.0
DE,2050,52,103,101,0.0
DE,2050,52,104,101,0.0
DE,2050,52,105,101,0.0
DE,2050,52,106,101,0.0
DE,2050,52,107,101,0.0
DE,2050,52,108,101,0.0
DE,2050,52,109,101,0.0
DE,2050,52,110,101,0.0
DE,2050,52,111,101,0.0
DE,2050,52,112,101,0.0
DE,2050,52,113,101,0.0
DE,2050,52,114,101,0.0
DE,2050,52,115,101,0.0
DE,2050,52,116,101,0.0
DE,2050,52,117,101,0.0
DE,2050,52,118,101,0.0
DE,2050,52,119,101,0.0
DE,2050,52,120,101,0.0
DE,2050,52,121,101,0.0
DE,2050,52,122,101,0.0
DE,2050,52,123,101,0.0
DE,2050,52,124,101,0.0
DE,2050,52,125,101,0.0
DE,2050,52,126,101,0.0
DE,2050,52,127,101,0.0
DE,2050,52,128,101,0.0
DE,2050,52,129,101,0.0
DE,2050,52,130,101,0.0
DE,2050,52,131,101,0.0
DE,2050,52,132,101,0.0
DE,2050,52,133,101,0.0
DE,2050,52,134,101,0.0
DE,2050,52,135,101,0.0
DE,2050,52,136,101,0.0
DE,2050,52,137,101,0.0
DE,2050,52,138,101,0.0
DE,2050,52,139,101,0.0
DE,2050,52,140,101,0.0
DE,2050,52,141,101,0.0
DE,2050,52,142,101,0.0
DE,2050,52,143,101,0.0
DE,2050,52,144,101,0.0
DE,2050,52,145,101,0.0
DE,2050,52,146,101,0.0
DE,2050,52,147,101,0.0
DE,2050,52,148,101,0.0
DE,2050,52,149,101,0.0
DE,2050,52,150,101,0.0
DE,2050,52,151,101,0.0
DE,2050,52,152,101,0.0
DE,2050,52,153,101,0.0
DE,2050,52,154,101,0.0
DE,2050,52,155,101,0.0
DE,2050,52,156,101,0.0
DE,2050,52,157,101,0.0
DE,2050,52,158,101,0.0
DE,2050,52,159,101,0.0
DE,2050,52,160,101,0.0
DE,2050,52,161,101,0.0
DE,2050,52,162,101,0.0
DE,2050,52,163,101,0.0
DE,2050,52,164,101,0.0
DE,2050,52,165,101,0.0
DE,2050,52,166,101,0.0
DE,2050,52,167,101,0.0
NT,2025,11,0,102,0.0
NT,2025,11,1,102,0.0
NT,2025,11,2,102,0.0
NT,2025,11,3,102,0.0
NT,2025,11,4,102,0.0
NT,2025,11,5,102,0.0
NT,2025,11,6,102,0.0
NT,2025,11,7,102,0.0
NT,2025,11,8,102,0.0
NT,2025,11,9,102,0.0
NT,2025,11,10,102,0.0
NT,2025,11,11,102,0.0
NT,2025,11,12,102,0.0
NT,2025,11,13,102,0.0
NT,2025,11,14,102,0.0
NT,2025,11,15,102,0.0
NT,2025,11,16,102,0.0
NT,2025,11,17,102,0.0
NT,2025,11,18,102,0.0
NT,2025,11,19,102,0.0
NT,2025,11,20,102,0.0
NT,2025,11,21,102,0.0
NT,2025,11,22,102,0.0
NT,2025,11,23,102,0.0
NT,2025,11,24,102,0.0
NT,2025,11,25,102,0.0
NT,2025,11,26,102,0.0
NT,2025,11,27,102,0.0
NT,2025,11,28,102,0.0
NT,2025,11,29,102,0.0
NT,2025,11,30,102,0.0
NT,2025,11,31,102,0.0
NT,2025,11,32,102,0.0
NT,2025,11,33,102,0.0
NT,2025,11,34,102,0.0
NT,2025,11,35,102,0.0
NT,2025,11,36,102,0.0
NT,2025,11,37,102,0.0
NT,2025,11,38,102,0.0
NT,2025,11,39,102,0.0
NT,2025,11,40,102,0.0
NT,2025,11,41,102,0.0
NT,2025,11,42,102,0.0
NT,2025,11,43,102,0.0
NT,2025,11,44,102,0.0
NT,2025,11,45,102,0.0
NT,2025,11,46,102,0.0
NT,2025,11,47,102,0.0
NT,2025,11,48,102,0.0
NT,2025,11,49,102,0.0
NT,2025,11,50,102,0.0
NT,2025,11,51,102,0.0
NT,2025,11,52,102,0.0
NT,2025,11,53,102,0.0
NT,2025,11,54,102,0.0
NT,2025,11,55,102,0.0
NT,2025,11,56,102,0.0
NT,2025,11,57,102,0.0
NT,2025,11,58,102,0.0
NT,2025,11,59,102,0.0
NT,2025,11,60,102,0.0
NT,2025,11,61,102,0.0
NT,2025,11,62,102,0.0
NT,2025,11,63,102,0.0
NT,2025,11,64,102,0.0
NT,2025,11,65,102,0.0
NT,2025,11,66,102,0.0
NT,2025,11,67,102,0.0
NT,2025,11,68,102,0.0
NT,2025,11,69,102,0.0
NT,2025,11,70,102,0.0
NT,2025,11,71,102,0.0
NT,2025,11,72,102,0.0
NT,2025,11,73,102,0.0
NT,2025,11,74,102,0.0
NT,2025,11,75,102,0.0
NT,2025,11,76,102,0.0
NT,2025,11,77,102,0.0
NT,2025,11,78,102,0.0
NT,2025,11,79,102,0.0
NT,2025,11,80,102,0.0
NT,2025,11,81,102,0.0
NT,2025,11,82,102,0.0
NT,2025,11,83,102,0.0
NT,2025,11,84,102,0.0
NT,2025,11,85,102,0.0
NT,2025,11,86,102,0.0
NT,2025,11,87,102,0.0
NT,2025,11,88,102,0.0
NT,2025,11,89,102,0.0
NT,2025,11,90,102,0.0
NT,2025,11,91,102,0.0
NT,2025,11,92,102,0.0
NT,2025,11,93,102,0.0
NT,2025,11,94,102,0.0
NT,2025,11,95,102,0.0
NT,2025,11,96,102,0.0
NT,2025,11,97,102,0.0
NT,2025,11,98,102,0.0
NT,2025,11,99,102,0.0
NT,2025,11,100,102,0.0
NT,2025,11,101,102,0.0
NT,2025,11,102,102,0.0
NT,2025,11,103,102,0.0
NT,2025,11,104,102,0.0
NT,2025,11,105,102,0.0
NT,2025,11,106,102,0.0
NT,2025,11,107,102,0.0
NT,2025,11,108,102,0.0
NT,2025,11,109,102,0.0
NT,2025,11,110,102,0.0
NT,2025,11,111,102,0.0
NT,2025,11,112,102,0.0
NT,2025,11,113,102,0.0
NT,2025,11,114,102,0.0
NT,2025,11,115,102,0.0
NT,2025,11,116,102,0.0
NT,2025,11,117,102,0.0
NT,2025,11,118,102,0.0
NT,2025,11,119,102,0.0
NT,2025,11,120,102,0.0
NT,2025,11,121,102,0.0
NT,2025,11,122,102,0.0
NT,2025,11,123,102,0.0
NT,2025,11,124,102,0.0
NT,2025,11,125,102,0.0
NT,2025,11,126,102,0.0
NT,2025,11,127,102,0.0
NT,2025,11,128,102,0.0
NT,2025,11,129,102,0.0
NT,2025,11,130,102,0.0
NT,2025,11,131,102,0.0
NT,2025,11,132,102,0.0
NT,2025,11,133,102,0.0
NT,2025,11,134,102,0.0
NT,2025,11,135,102,0.0
NT,2025,11,136,102,0.0
NT,2025,11,137,102,0.0
NT,2025,11,138,102,0.0
NT,2025,11,139,102,0.0
NT,2025,11,140,102,0.0
NT,2025,11,141,102,0.0
NT,2025,11,142,102,0.0
NT,2025,11,143,102,0.0
NT,2025,11,144,102,0.0
NT,2025,11,145,102,0.0
NT,2025,11,146,102,0.0
NT,2025,11,147,102,0.0
NT,2025,11,148,102,0.0
NT,2025,11,149,102,0.0
NT,2025,11,150,102,0.0
NT,2025,11,151,102,0.0
NT,2025,11,152,102,0.0
NT,2025,11,153,102,0.0
NT,2025,11,154,102,0.0
NT,2025,11,155,102,0.0
NT,2025,11,156,102,0.0
NT,2025,11,157,102,0.0
NT,2025,11,158,102,0.0
NT,2025,11,159,102,0.0
NT,2025,11,160,102,0.0
NT,2025,11,161,102,0.0
NT,2025,11,162,102,0.0
NT,2025,11,163,102,0.0
NT,2025,11,164,102,0.0
NT,2025,11,165,102,0.0
NT,2025,11,166,102,0.0
NT,2025,11,167,102,0.0
NT,2025,21,0,102,0.0
NT,2025,21,1,102,0.0
NT,2025,21,2,102,0.0
NT,2025,21,3,102,0.0
NT,2025,21,4,102,0.0
NT,2025,21,5,102,0.0
NT,2025,21,6,102,0.0
NT,2025,21,7,102,0.0
NT,2025,21,8,102,0.0
NT,2025,21,9,102,0.0
NT,2025,21,10,102,0.0
NT,2025,21,11,102,0.0
NT,2025,21,12,102,0.0
NT,2025,21,13,102,0.0
NT,2025,21,14,102,0.0
NT,2025,21,15,102,0.0
NT,2025,21,16,102,0.0
NT,2025,21,17,102,0.0
NT,2025,21,18,102,0.0
NT,2025,21,19,102,0.0
NT,2025,21,20,102,0.0
NT,2025,21,21,102,0.0
NT,2025,21,22,102,0.0
NT,2025,21,23,102,0.0
NT,2025,21,24,102,0.0
NT,2025,21,25,102,0.0
NT,2025,21,26,102,0.0
NT,2025,21,27,102,0.0
NT,2025,21,28,102,0.0
NT,2025,21,29,102,0.0
NT,2025,21,30,102,0.0
NT,2025,21,31,102,0.0
NT,2025,21,32,102,0.0
NT,2025,21,33,102,0.0
NT,2025,21,34,102,0.0
NT,2025,21,35,102,0.0
NT,2025,21,36,102,0.0
NT,2025,21,37,102,0.0
NT,2025,21,38,102,0.0
NT,2025,21,39,102,0.0
NT,2025,21,40,102,0.0
NT,2025,21,41,102,0.0
NT,2025,21,42,102,0.0
NT,2025,21,43,102,0.0
NT,2025,21,44,102,0.0
NT,2025,21,45,102,0.0
NT,2025,21,46,102,0.0
NT,2025,21,47,102,0.0
NT,2025,21,48,102,0.0
NT,2025,21,49,102,0.0
NT,2025,21,50,102,0.0
NT,2025,21,51,102,0.0
NT,2025,21,52,102,0.0
NT,2025,21,53,102,0.0
NT,2025,21,54,102,0.0
NT,2025,21,55,102,0.0
NT,2025,21,56,102,0.0
NT,2025,21,57,102,0.0
NT,2025,21,58,102,0.0
NT,2025,21,59,102,0.0
NT,2025,21,60,102,0.0
NT,2025,21,61,102,0.0
NT,2025,21,62,102,0.0
NT,2025,21,63,102,0.0
NT,2025,21,64,102,0.0
NT,2025,21,65,102,0.0
NT,2025,21,66,102,0.0
NT,2025,21,67,102,0.0
NT,2025,21,68,102,0.0
NT,2025,21,69,102,0.0
NT,2025,21,70,102,0.0
NT,2025,21,71,102,0.0
NT,2025,21,72,102,0.0
NT,2025,21,73,102,0.0
NT,2025,21,74,102,0.0
NT,2025,21,75,102,0.0
NT,2025,21,76,102,0.0
NT,2025,21,77,102,0.0
NT,2025,21,78,102,0.0
NT,2025,21,79,102,0.0
NT,2025,21,80,102,0.0
NT,2025,21,81,102,0.0
NT,2025,21,82,102,0.0
NT,2025,21,83,102,0.0
NT,2025,21,84,102,0.0
NT,2025,21,85,102,0.0
NT,2025,21,86,102,0.0
NT,2025,21,87,102,0.0
NT,2025,21,88,102,0.0
NT,2025,21,89,102,0.0
NT,2025,21,90,102,0.0
NT,2025,21,91,102,0.0
NT,2025,21,92,102,0.0
NT,2025,21,93,102,0.0
NT,2025,21,94,102,0.0
NT,2025,21,95,102,0.0
NT,2025,21,96,102,0.0
NT,2025,21,97,102,0.0
NT,2025,21,98,102,0.0
NT,2025,21,99,102,0.0
NT,2025,21,100,102,0.0
NT,2025,21,101,102,0.0
NT,2025,21,102,102,0.0
NT,2025,21,103,102,0.0
NT,2025,21,104,102,0.0
NT,2025,21,105,102,0.0
NT,2025,21,106,102,0.0
NT,2025,21,107,102,0.0
NT,2025,21,108,102,0.0
NT,2025,21,109,102,0.0
NT,2025,21,110,102,0.0
NT,2025,21,111,102,0.0
NT,2025,21,112,102,0.0
NT,2025,21,113,102,0.0
NT,2025,21,114,102,0.0
NT,2025,21,115,102,0.0
NT,2025,21,116,102,0.0
NT,2025,21,117,102,0.0
NT,2025,21,118,102,0.0
NT,2025,21,119,102,0.0
NT,2025,21,120,102,0.0
NT,2025,21,121,102,0.0
NT,2025,21,122,102,0.0
NT,2025,21,123,102,0.0
NT,2025,21,124,102,0.0
NT,2025,21,125,102,0.0
NT,2025,21,126,102,0.0
NT,2025,21,127,102,0.0
NT,2025,21,128,102,0.0
NT,2025,21,129,102,0.0
NT,2025,21,130,102,0.0
NT,2025,21,131,102,0.0
NT,2025,21,132,102,0.0
NT,2025,21,133,102,0.0
NT,2025,21,134,102,0.0
NT,2025,21,135,102,0.0
NT,2025,21,136,102,0.0
NT,2025,21,137,102,0.0
NT,2025,21,138,102,0.0
NT,2025,21,139,102,0.0
NT,2025,21,140,102,0.0
NT,2025,21,141,102,0.0
NT,2025,21,142,102,0.0
NT,2025,21,143,102,0.0
NT,2025,21,144,102,0.0
NT,2025,21,145,102,0.0
NT,2025,21,146,102,0.0
NT,2025,21,147,102,0.0
NT,2025,21,148,102,0.0
NT,2025,21,149,102,0.0
NT,2025,21,150,102,0.0
NT,2025,21,151,102,0.0
NT,2025,21,152,102,0.0
NT,2025,21,153,102,0.0
NT,2025,21,154,102,0.0
NT,2025,21,155,102,0.0
NT,2025,21,156,102,0.0
NT,2025,21,157,102,0.0
NT,2025,21,158,102,0.0
NT,2025,21,159,102,0.0
NT,2025,21,160,102,0.0
NT,2025,21,161,102,0.0
NT,2025,21,162,102,0.0
NT,2025,21,163,102,0.0
NT,2025,21,164,102,0.0
NT,2025,21,165,102,0.0
NT,2025,21,166,102,0.0
NT,2025,21,167,102,0.0
NT,2025,42,0,102,0.0
NT,2025,42,1,102,0.0
NT,2025,42,2,102,0.0
NT,2025,42,3,102,0.0
NT,2025,42,4,102,0.0
NT,2025,42,5,102,0.0
NT,2025,42,6,102,0.0
NT,2025,42,7,102,0.0
NT,2025,42,8,102,0.0
NT,2025,42,9,102,0.0
NT,2025,42,10,102,0.0
NT,2025,42,11,102,0.0
NT,2025,42,12,102,0.0
NT,2025,42,13,102,0.0
NT,2025,42,14,102,0.0
NT,2025,42,15,102,0.0
NT,2025,42,16,102,0.0
NT,2025,42,17,102,0.0
NT,2025,42,18,102,0.0
NT,2025,42,19,102,0.0
NT,2025,42,20,102,0.0
NT,2025,42,21,102,0.0
NT,2025,42,22,102,0.0
NT,2025,42,23,102,0.0
NT,2025,42,24,102,0.0
NT,2025,42,25,102,0.0
NT,2025,42,26,102,0.0
NT,2025,42,27,102,0.0
NT,2025,42,28,102,0.0
NT,2025,42,29,102,0.0
NT,2025,42,30,102,0.0
NT,2025,42,31,102,0.0
NT,2025,42,32,102,0.0
NT,2025,42,33,102,0.0
NT,2025,42,34,102,0.0
NT,2025,42,35,102,0.0
NT,2025,42,36,102,0.0
NT,2025,42,37,102,0.0
NT,2025,42,38,102,0.0
NT,2025,42,39,102,0.0
NT,2025,42,40,102,0.0
NT,2025,42,41,102,0.0
NT,2025,42,42,102,0.0
NT,2025,42,43,102,0.0
NT,2025,42,44,102,0.0
NT,2025,42,45,102,0.0
NT,2025,42,46,102,0.0
NT,2025,42,47,102,0.0
NT,2025,42,48,102,0.0
NT,2025,42,49,102,0.0
NT,2025,42,50,102,0.0
NT,2025,42,51,102,0.0
NT,2025,42,52,102,0.0
NT,2025,42,53,102,0.0
NT,2025,42,54,102,0.0
NT,2025,42,55,102,0.0
NT,2025,42,56,102,0.0
NT,2025,42,57,102,0.0
NT,2025,42,58,102,0.0
NT,2025,42,59,102,0.0
NT,2025,42,60,102,0.0
NT,2025,42,61,102,0.0
NT,2025,42,62,102,0.0
NT,2025,42,63,102,0.0
NT,2025,42,64,102,0.0
NT,2025,42,65,102,0.0
NT,2025,42,66,102,0.0
NT,2025,42,67,102,0.0
NT,2025,42,68,102,0.0
NT,2025,42,69,102,0.0
NT,2025,42,70,102,0.0
NT,2025,42,71,102,0.0
NT,2025,42,72,102,0.0
NT,2025,42,73,102,0.0
NT,2025,42,74,102,0.0
NT,2025,42,75,102,0.0
NT,2025,42,76,102,0.0
NT,2025,42,77,102,0.0
NT,2025,42,78,102,0.0
NT,2025,42,79,102,0.0
NT,2025,42,80,102,0.0
NT,2025,42,81,102,0.0
NT,2025,42,82,102,0.0
NT,2025,42,83,102,0.0
NT,2025,42,84,102,0.0
NT,2025,42,85,102,0.0
NT,2025,42,86,102,0.0
NT,2025,42,87,102,0.0
NT,2025,42,88,102,0.0
NT,2025,42,89,102,0.0
NT,2025,42,90,102,0.0
NT,2025,42,91,102,0.0
NT,2025,42,92,102,0.0
NT,2025,42,93,102,0.0
NT,2025,42,94,102,0.0
NT,2025,42,95,102,0.0
NT,2025,42,96,102,0.0
NT,2025,42,97,102,0.0
NT,2025,42,98,102,0.0
NT,2025,42,99,102,0.0
NT,2025,42,100,102,0.0
NT,2025,42,101,102,0.0
NT,2025,42,102,102,0.0
NT,2025,42,103,102,0.0
NT,2025,42,104,102,0.0
NT,2025,42,105,102,0.0
NT,2025,42,106,102,0.0
NT,2025,42,107,102,0.0
NT,2025,42,108,102,0.0
NT,2025,42,109,102,0.0
NT,2025,42,110,102,0.0
NT,2025,42,111,102,0.0
NT,2025,42,112,102,0.0
NT,2025,42,113,102,0.0
NT,2025,42,114,102,0.0
NT,2025,42,115,102,0.0
NT,2025,42,116,102,0.0
NT,2025,42,117,102,0.0
NT,2025,42,118,102,0.0
NT,2025,42,119,102,0.0
NT,2025,42,120,102,0.0
NT,2025,42,121,102,0.0
NT,2025,42,122,102,0.0
NT,2025,42,123,102,0.0
NT,2025,42,124,102,0.0
NT,2025,42,125,102,0.0
NT,2025,42,126,102,0.0
NT,2025,42,127,102,0.0
NT,2025,42,128,102,0.0
NT,2025,42,129,102,0.0
NT,2025,42,130,102,0.0
NT,2025,42,131,102,0.0
NT,2025,42,132,102,0.0
NT,2025,42,133,102,0.0
NT,2025,42,134,102,0.0
NT,2025,42,135,102,0.0
NT,2025,42,136,102,0.0
NT,2025,42,137,102,0.0
NT,2025,42,138,102,0.0
NT,2025,42,139,102,0.0
NT,2025,42,140,102,0.0
NT,2025,42,141,102,0.0
NT,2025,42,142,102,0.0
NT,2025,42,143,102,0.0
NT,2025,42,144,102,0.0
NT,2025,42,145,102,0.0
NT,2025,42,146,102,0.0
NT,2025,42,147,102,0.0
NT,2025,42,148,102,0.0
NT,2025,42,149,102,0.0
NT,2025,42,150,102,0.0
NT,2025,42,151,102,0.0
NT,2025,42,152,102,0.0
NT,2025,42,153,102,0.0
NT,2025,42,154,102,0.0
NT,2025,42,155,102,0.0
NT,2025,42,156,102,0.0
NT,2025,42,157,102,0.0
NT,2025,42,158,102,0.0
NT,2025,42,159,102,0.0
NT,2025,42,160,102,0.0
NT,2025,42,161,102,0.0
NT,2025,42,162,102,0.0
NT,2025,42,163,102,0.0
NT,2025,42,164,102,0.0
NT,2025,42,165,102,0.0
NT,2025,42,166,102,0.0
NT,2025,42,167,102,0.0
NT,2025,52,0,102,0.0
NT,2025,52,1,102,0.0
NT,2025,52,2,102,0.0
NT,2025,52,3,102,0.0
NT,2025,52,4,102,0.0
NT,2025,52,5,102,0.0
NT,2025,52,6,102,0.0
NT,2025,52,7,102,0.0
NT,2025,52,8,102,0.0
NT,2025,52,9,102,0.0
NT,2025,52,10,102,0.0
NT,2025,52,11,102,0.0
NT,2025,52,12,102,0.0
NT,2025,52,13,102,0.0
NT,2025,52,14,102,0.0
NT,2025,52,15,102,0.0
NT,2025,52,16,102,0.0
NT,2025,52,17,102,0.0
NT,2025,52,18,102,0.0
NT,2025,52,19,102,0.0
NT,2025,52,20,102,0.0
NT,2025,52,21,102,0.0
NT,2025,52,22,102,0.0
NT,2025,52,23,102,0.0
NT,2025,52,24,102,0.0
NT,2025,52,25,102,0.0
NT,2025,52,26,102,0.0
NT,2025,52,27,102,0.0
NT,2025,52,28,102,0.0
NT,2025,52,29,102,0.0
NT,2025,52,30,102,0.0
NT,2025,52,31,102,0.0
NT,2025,52,32,102,0.0
NT,2025,52,33,102,0.0
NT,2025,52,34,102,0.0
NT,2025,52,35,102,0.0
NT,2025,52,36,102,0.0
NT,2025,52,37,102,0.0
NT,2025,52,38,102,0.0
NT,2025,52,39,102,0.0
NT,2025,52,40,102,0.0
NT,2025,52,41,102,0.0
NT,2025,52,42,102,0.0
NT,2025,52,43,102,0.0
NT,2025,52,44,102,0.0
NT,2025,52,45,102,0.0
NT,2025,52,46,102,0.0
NT,2025,52,47,102,0.0
NT,2025,52,48,102,0.0
NT,2025,52,49,102,0.0
NT,2025,52,50,102,0.0
NT,2025,52,51,102,0.0
NT,2025,52,52,102,0.0
NT,2025,52,53,102,0.0
NT,2025,52,54,102,0.0
NT,2025,52,55,102,0.0
NT,2025,52,56,102,0.0
NT,2025,52,57,102,0.0
NT,2025,52,58,102,0.0
NT,2025,52,59,102,0.0
NT,2025,52,60,102,0.0
NT,2025,52,61,102,0.0
NT,2025,52,62,102,0.0
NT,2025,52,63,102,0.0
NT,2025,52,64,102,0.0
NT,2025,52,65,102,0.0
NT,2025,52,66,102,0.0
NT,2025,52,67,102,0.0
NT,2025,52,68,102,0.0
NT,2025,52,69,102,0.0
NT,2025,52,70,102,0.0
NT,2025,52,71,102,0.0
NT,2025,52,72,102,0.0
NT,2025,52,73,102,0.0
NT,2025,52,74,102,0.0
NT,2025,52,75,102,0.0
NT,2025,52,76,102,0.0
NT,2025,52,77,102,0.0
NT,2025,52,78,102,0.0
NT,2025,52,79,102,0.0
NT,2025,52,80,102,0.0
NT,2025,52,81,102,0.0
NT,2025,52,82,102,0.0
NT,2025,52,83,102,0.0
NT,2025,52,84,102,0.0
NT,2025,52,85,102,0.0
NT,2025,52,86,102,0.0
NT,2025,52,87,102,0.0
NT,2025,52,88,102,0.0
NT,2025,52,89,102,0.0
NT,2025,52,90,102,0.0
NT,2025,52,91,102,0.0
NT,2025,52,92,102,0.0
NT,2025,52,93,102,0.0
NT,2025,52,94,102,0.0
NT,2025,52,95,102,0.0
NT,2025,52,96,102,0.0
NT,2025,52,97,102,0.0
NT,2025,52,98,102,0.0
NT,2025,52,99,102,0.0
NT,2025,52,100,102,0.0
NT,2025,52,101,102,0.0
NT,2025,52,102,102,0.0
NT,2025,52,103,102,0.0
NT,2025,52,104,102,0.0
NT,2025,52,105,102,0.0
NT,2025,52,106,102,0.0
NT,2025,52,107,102,0.0
NT,2025,52,108,102,0.0
NT,2025,52,109,102,0.0
NT,2025,52,110,102,0.0
NT,2025,52,111,102,0.0
NT,2025,52,112,102,0.0
NT,2025,52,113,102,0.0
NT,2025,52,114,102,0.0
NT,2025,52,115,102,0.0
NT,2025,52,116,102,0.0
NT,2025,52,117,102,0.0
NT,2025,52,118,102,0.0
NT,2025,52,119,102,0.0
NT,2025,52,120,102,0.0
NT,2025,52,121,102,0.0
NT,2025,52,122,102,0.0
NT,2025,52,123,102,0.0
NT,2025,52,124,102,0.0
NT,2025,52,125,102,0.0
NT,2025,52,126,102,0.0
NT,2025,52,127,102,0.0
NT,2025,52,128,102,0.0
NT,2025,52,129,102,0.0
NT,2025,52,130,102,0.0
NT,2025,52,131,102,0.0
NT,2025,52,132,102,0.0
NT,2025,52,133,102,0.0
NT,2025,52,134,102,0.0
NT,2025,52,135,102,0.0
NT,2025,52,136,102,0.0
NT,2025,52,137,102,0.0
NT,2025,52,138,102,0.0
NT,2025,52,139,102,0.0
NT,2025,52,140,102,0.0
NT,2025,52,141,102,0.0
NT,2025,52,142,102,0.0
NT,2025,52,143,102,0.0
NT,2025,52,144,102,0.0
NT,2025,52,145,102,0.0
NT,2025,52,146,102,0.0
NT,2025,52,147,102,0.0
NT,2025,52,148,102,0.0
NT,2025,52,149,102,0.0
NT,2025,52,150,102,0.0
NT,2025,52,151,102,0.0
NT,2025,52,152,102,0.0
NT,2025,52,153,102,0.0
NT,2025,52,154,102,0.0
NT,2025,52,155,102,0.0
NT,2025,52,156,102,0.0
NT,2025,52,157,102,0.0
NT,2025,52,158,102,0.0
NT,2025,52,159,102,0.0
NT,2025,52,160,102,0.0
NT,2025,52,161,102,0.0
NT,2025,52,162,102,0.0
NT,2025,52,163,102,0.0
NT,2025,52,164,102,0.0
NT,2025,52,165,102,0.0
NT,2025,52,166,102,0.0
NT,2025,52,167,102,0.0
NT,2030,11,0,102,0.0
NT,2030,11,1,102,0.0
NT,2030,11,2,102,0.0
NT,2030,11,3,102,0.0
NT,2030,11,4,102,0.0
NT,2030,11,5,102,0.0
NT,2030,11,6,102,0.0
NT,2030,11,7,102,0.0
NT,2030,11,8,102,0.0
NT,2030,11,9,102,0.0
NT,2030,11,10,102,0.0
NT,2030,11,11,102,0.0
NT,2030,11,12,102,0.0
NT,2030,11,13,102,0.0
NT,2030,11,14,102,0.0
NT,2030,11,15,102,0.0
NT,2030,11,16,102,0.0
NT,2030,11,17,102,0.0
NT,2030,11,18,102,0.0
NT,2030,11,19,102,0.0
NT,2030,11,20,102,0.0
NT,2030,11,21,102,0.0
NT,2030,11,22,102,0.0
NT,2030,11,23,102,0.0
NT,2030,11,24,102,0.0
NT,2030,11,25,102,0.0
NT,2030,11,26,102,0.0
NT,2030,11,27,102,0.0
NT,2030,11,28,102,0.0
NT,2030,11,29,102,0.0
NT,2030,11,30,102,0.0
NT,2030,11,31,102,0.0
NT,2030,11,32,102,0.0
NT,2030,11,33,102,0.0
NT,2030,11,34,102,0.0
NT,2030,11,35,102,0.0
NT,2030,11,36,102,0.0
NT,2030,11,37,102,0.0
NT,2030,11,38,102,0.0
NT,2030,11,39,102,0.0
NT,2030,11,40,102,0.0
NT,2030,11,41,102,0.0
NT,2030,11,42,102,0.0
NT,2030,11,43,102,0.0
NT,2030,11,44,102,0.0
NT,2030,11,45,102,0.0
NT,2030,11,46,102,0.0
NT,2030,11,47,102,0.0
NT,2030,11,48,102,0.0
NT,2030,11,49,102,0.0
NT,2030,11,50,102,0.0
NT,2030,11,51,102,0.0
NT,2030,11,52,102,0.0
NT,2030,11,53,102,0.0
NT,2030,11,54,102,0.0
NT,2030,11,55,102,0.0
NT,2030,11,56,102,0.0
NT,2030,11,57,102,0.0
NT,2030,11,58,102,0.0
NT,2030,11,59,102,0.0
NT,2030,11,60,102,0.0
NT,2030,11,61,102,0.0
NT,2030,11,62,102,0.0
NT,2030,11,63,102,0.0
NT,2030,11,64,102,0.0
NT,2030,11,65,102,0.0
NT,2030,11,66,102,0.0
NT,2030,11,67,102,0.0
NT,2030,11,68,102,0.0
NT,2030,11,69,102,0.0
NT,2030,11,70,102,0.0
NT,2030,11,71,102,0.0
NT,2030,11,72,102,0.0
NT,2030,11,73,102,0.0
NT,2030,11,74,102,0.0
NT,2030,11,75,102,0.0
NT,2030,11,76,102,0.0
NT,2030,11,77,102,0.0
NT,2030,11,78,102,0.0
NT,2030,11,79,102,0.0
NT,2030,11,80,102,0.0
NT,2030,11,81,102,0.0
NT,2030,11,82,102,0.0
NT,2030,11,83,102,0.0
NT,2030,11,84,102,0.0
NT,2030,11,85,102,0.0
NT,2030,11,86,102,0.0
NT,2030,11,87,102,0.0
NT,2030,11,88,102,0.0
NT,2030,11,89,102,0.0
NT,2030,11,90,102,0.0
NT,2030,11,91,102,0.0
NT,2030,11,92,102,0.0
NT,2030,11,93,102,0.0
NT,2030,11,94,102,0.0
NT,2030,11,95,102,0.0
NT,2030,11,96,102,0.0
NT,2030,11,97,102,0.0
NT,2030,11,98,102,0.0
NT,2030,11,99,102,0.0
NT,2030,11,100,102,0.0
NT,2030,11,101,102,0.0
NT,2030,11,102,102,0.0
NT,2030,11,103,102,0.0
NT,2030,11,104,102,0.0
NT,2030,11,105,102,0.0
NT,2030,11,106,102,0.0
NT,2030,11,107,102,0.0
NT,2030,11,108,102,0.0
NT,2030,11,109,102,0.0
NT,2030,11,110,102,0.0
NT,2030,11,111,102,0.0
NT,2030,11,112,102,0.0
NT,2030,11,113,102,0.0
NT,2030,11,114,102,0.0
NT,2030,11,115,102,0.0
NT,2030,11,116,102,0.0
NT,2030,11,117,102,0.0
NT,2030,11,118,102,0.0
NT,2030,11,119,102,0.0
NT,2030,11,120,102,0.0
NT,2030,11,121,102,0.0
NT,2030,11,122,102,0.0
NT,2030,11,123,102,0.0
NT,2030,11,124,102,0.0
NT,2030,11,125,102,0.0
NT,2030,11,126,102,0.0
NT,2030,11,127,102,0.0
NT,2030,11,128,102,0.0
NT,2030,11,129,102,0.0
NT,2030,11,130,102,0.0
NT,2030,11,131,102,0.0
NT,2030,11,132,102,0.0
NT,2030,11,133,102,0.0
NT,2030,11,134,102,0.0
NT,2030,11,135,102,0.0
NT,2030,11,136,102,0.0
NT,2030,11,137,102,0.0
NT,2030,11,138,102,0.0
NT,2030,11,139,102,0.0
NT,2030,11,140,102,0.0
NT,2030,11,141,102,0.0
NT,2030,11,142,102,0.0
NT,2030,11,143,102,0.0
NT,2030,11,144,102,0.0
NT,2030,11,145,102,0.0
NT,2030,11,146,102,0.0
NT,2030,11,147,102,0.0
NT,2030,11,148,102,0.0
NT,2030,11,149,102,0.0
NT,2030,11,150,102,0.0
NT,2030,11,151,102,0.0
NT,2030,11,152,102,0.0
NT,2030,11,153,102,0.0
NT,2030,11,154,102,0.0
NT,2030,11,155,102,0.0
NT,2030,11,156,102,0.0
NT,2030,11,157,102,0.0
NT,2030,11,158,102,0.0
NT,2030,11,159,102,0.0
NT,2030,11,160,102,0.0
NT,2030,11,161,102,0.0
NT,2030,11,162,102,0.0
NT,2030,11,163,102,0.0
NT,2030,11,164,102,0.0
NT,2030,11,165,102,0.0
NT,2030,11,166,102,0.0
NT,2030,11,167,102,0.0
NT,2030,21,0,102,0.0
NT,2030,21,1,102,0.0
NT,2030,21,2,102,0.0
NT,2030,21,3,102,0.0
NT,2030,21,4,102,0.0
NT,2030,21,5,102,0.0
NT,2030,21,6,102,0.0
NT,2030,21,7,102,0.0
NT,2030,21,8,102,0.0
NT,2030,21,9,102,0.0
NT,2030,21,10,102,0.0
NT,2030,21,11,102,0.0
NT,2030,21,12,102,0.0
NT,2030,21,13,102,0.0
NT,2030,21,14,102,0.0
NT,2030,21,15,102,0.0
NT,2030,21,16,102,0.0
NT,2030,21,17,102,0.0
NT,2030,21,18,102,0.0
NT,2030,21,19,102,0.0
NT,2030,21,20,102,0.0
NT,2030,21,21,102,0.0
NT,2030,21,22,102,0.0
NT,2030,21,23,102,0.0
NT,2030,21,24,102,0.0
NT,2030,21,25,102,0.0
NT,2030,21,26,102,0.0
NT,2030,21,27,102,0.0
NT,2030,21,28,102,0.0
NT,2030,21,29,102,0.0
NT,2030,21,30,102,0.0
NT,2030,21,31,102,0.0
NT,2030,21,32,102,0.0
NT,2030,21,33,102,0.0
NT,2030,21,34,102,0.0
NT,2030,21,35,102,0.0
NT,2030,21,36,102,0.0
NT,2030,21,37,102,0.0
NT,2030,21,38,102,0.0
NT,2030,21,39,102,0.0
NT,2030,21,40,102,0.0
NT,2030,21,41,102,0.0
NT,2030,21,42,102,0.0
NT,2030,21,43,102,0.0
NT,2030,21,44,102,0.0
NT,2030,21,45,102,0.0
NT,2030,21,46,102,0.0
NT,2030,21,47,102,0.0
NT,2030,21,48,102,0.0
NT,2030,21,49,102,0.0
NT,2030,21,50,102,0.0
NT,2030,21,51,102,0.0
NT,2030,21,52,102,0.0
NT,2030,21,53,102,0.0
NT,2030,21,54,102,0.0
NT,2030,21,55,102,0.0
NT,2030,21,56,102,0.0
NT,2030,21,57,102,0.0
NT,2030,21,58,102,0.0
NT,2030,21,59,102,0.0
NT,2030,21,60,102,0.0
NT,2030,21,61,102,0.0
NT,2030,21,62,102,0.0
NT,2030,21,63,102,0.0
NT,2030,21,64,102,0.0
NT,2030,21,65,102,0.0
NT,2030,21,66,102,0.0
NT,2030,21,67,102,0.0
NT,2030,21,68,102,0.0
NT,2030,21,69,102,0.0
NT,2030,21,70,102,0.0
NT,2030,21,71,102,0.0
NT,2030,21,72,102,0.0
NT,2030,21,73,102,0.0
NT,2030,21,74,102,0.0
NT,2030,21,75,102,0.0
NT,2030,21,76,102,0.0
NT,2030,21,77,102,0.0
NT,2030,21,78,102,0.0
NT,2030,21,79,102,0.0
NT,2030,21,80,102,0.0
NT,2030,21,81,102,0.0
NT,2030,21,82,102,0.0
NT,2030,21,83,102,0.0
NT,2030,21,84,102,0.0
NT,2030,21,85,102,0.0
NT,2030,21,86,102,0.0
NT,2030,21,87,102,0.0
NT,2030,21,88,102,0.0
NT,2030,21,89,102,0.0
NT,2030,21,90,102,0.0
NT,2030,21,91,102,0.0
NT,2030,21,92,102,0.0
NT,2030,21,93,102,0.0
NT,2030,21,94,102,0.0
NT,2030,21,95,102,0.0
NT,2030,21,96,102,0.0
NT,2030,21,97,102,0.0
NT,2030,21,98,102,0.0
NT,2030,21,99,102,0.0
NT,2030,21,100,102,0.0
NT,2030,21,101,102,0.0
NT,2030,21,102,102,0.0
NT,2030,21,103,102,0.0
NT,2030,21,104,102,0.0
NT,2030,21,105,102,0.0
NT,2030,21,106,102,0.0
NT,2030,21,107,102,0.0
NT,2030,21,108,102,0.0
NT,2030,21,109,102,0.0
NT,2030,21,110,102,0.0
NT,2030,21,111,102,0.0
NT,2030,21,112,102,0.0
NT,2030,21,113,102,0.0
NT,2030,21,114,102,0.0
NT,2030,21,115,102,0.0
NT,2030,21,116,102,0.0
NT,2030,21,117,102,0.0
NT,2030,21,118,102,0.0
NT,2030,21,119,102,0.0
NT,2030,21,120,102,0.0
NT,2030,21,121,102,0.0
NT,2030,21,122,102,0.0
NT,2030,21,123,102,0.0
NT,2030,21,124,102,0.0
NT,2030,21,125,102,0.0
NT,2030,21,126,102,0.0
NT,2030,21,127,102,0.0
NT,2030,21,128,102,0.0
NT,2030,21,129,102,0.0
NT,2030,21,130,102,0.0
NT,2030,21,131,102,0.0
NT,2030,21,132,102,0.0
NT,2030,21,133,102,0.0
NT,2030,21,134,102,0.0
NT,2030,21,135,102,0.0
NT,2030,21,136,102,0.0
NT,2030,21,137,102,0.0
NT,2030,21,138,102,0.0
NT,2030,21,139,102,0.0
NT,2030,21,140,102,0.0
NT,2030,21,141,102,0.0
NT,2030,21,142,102,0.0
NT,2030,21,143,102,0.0
NT,2030,21,144,102,0.0
NT,2030,21,145,102,0.0
NT,2030,21,146,102,0.0
NT,2030,21,147,102,0.0
NT,2030,21,148,102,0.0
NT,2030,21,149,102,0.0
NT,2030,21,150,102,0.0
NT,2030,21,151,102,0.0
NT,2030,21,152,102,0.0
NT,2030,21,153,102,0.0
NT,2030,21,154,102,0.0
NT,2030,21,155,102,0.0
NT,2030,21,156,102,0.0
NT,2030,21,157,102,0.0
NT,2030,21,158,102,0.0
NT,2030,21,159,102,0.0
NT,2030,21,160,102,0.0
NT,2030,21,161,102,0.0
NT,2030,21,162,102,0.0
NT,2030,21,163,102,0.0
NT,2030,21,164,102,0.0
NT,2030,21,165,102,0.0
NT,2030,21,166,102,0.0
NT,2030,21,167,102,0.0
NT,2030,42,0,102,0.0
NT,2030,42,1,102,0.0
NT,2030,42,2,102,0.0
NT,2030,42,3,102,0.0
NT,2030,42,4,102,0.0
NT,2030,42,5,102,0.0
NT,2030,42,6,102,0.0
NT,2030,42,7,102,0.0
NT,2030,42,8,102,0.0
NT,2030,42,9,102,0.0
NT,2030,42,10,102,0.0
NT,2030,42,11,102,0.0
NT,2030,42,12,102,0.0
NT,2030,42,13,102,0.0
NT,2030,42,14,102,0.0
NT,2030,42,15,102,0.0
NT,2030,42,16,102,0.0
NT,2030,42,17,102,0.0
NT,2030,42,18,102,0.0
NT,2030,42,19,102,0.0
NT,2030,42,20,102,0.0
NT,2030,42,21,102,0.0
NT,2030,42,22,102,0.0
NT,2030,42,23,102,0.0
NT,2030,42,24,102,0.0
NT,2030,42,25,102,0.0
NT,2030,42,26,102,0.0
NT,2030,42,27,102,0.0
NT,2030,42,28,102,0.0
NT,2030,42,29,102,0.0
NT,2030,42,30,102,0.0
NT,2030,42,31,102,0.0
NT,2030,42,32,102,0.0
NT,2030,42,33,102,0.0
NT,2030,42,34,102,0.0
NT,2030,42,35,102,0.0
NT,2030,42,36,102,0.0
NT,2030,42,37,102,0.0
NT,2030,42,38,102,0.0
NT,2030,42,39,102,0.0
NT,2030,42,40,102,0.0
NT,2030,42,41,102,0.0
NT,2030,42,42,102,0.0
NT,2030,42,43,102,0.0
NT,2030,42,44,102,0.0
NT,2030,42,45,102,0.0
NT,2030,42,46,102,0.0
NT,2030,42,47,102,0.0
NT,2030,42,48,102,0.0
NT,2030,42,49,102,0.0
NT,2030,42,50,102,0.0
NT,2030,42,51,102,0.0
NT,2030,42,52,102,0.0
NT,2030,42,53,102,0.0
NT,2030,42,54,102,0.0
NT,2030,42,55,102,0.0
NT,2030,42,56,102,0.0
NT,2030,42,57,102,0.0
NT,2030,42,58,102,0.0
NT,2030,42,59,102,0.0
NT,2030,42,60,102,0.0
NT,2030,42,61,102,0.0
NT,2030,42,62,102,0.0
NT,2030,42,63,102,0.0
NT,2030,42,64,102,0.0
NT,2030,42,65,102,0.0
NT,2030,42,66,102,0.0
NT,2030,42,67,102,0.0
NT,2030,42,68,102,0.0
NT,2030,42,69,102,0.0
NT,2030,42,70,102,0.0
NT,2030,42,71,102,0.0
NT,2030,42,72,102,0.0
NT,2030,42,73,102,0.0
NT,2030,42,74,102,0.0
NT,2030,42,75,102,0.0
NT,2030,42,76,102,0.0
NT,2030,42,77,102,0.0
NT,2030,42,78,102,0.0
NT,2030,42,79,102,0.0
NT,2030,42,80,102,0.0
NT,2030,42,81,102,0.0
NT,2030,42,82,102,0.0
NT,2030,42,83,102,0.0
NT,2030,42,84,102,0.0
NT,2030,42,85,102,0.0
NT,2030,42,86,102,0.0
NT,2030,42,87,102,0.0
NT,2030,42,88,102,0.0
NT,2030,42,89,102,0.0
NT,2030,42,90,102,0.0
NT,2030,42,91,102,0.0
NT,2030,42,92,102,0.0
NT,2030,42,93,102,0.0
NT,2030,42,94,102,0.0
NT,2030,42,95,102,0.0
NT,2030,42,96,102,0.0
NT,2030,42,97,102,0.0
NT,2030,42,98,102,0.0
NT,2030,42,99,102,0.0
NT,2030,42,100,102,0.0
NT,2030,42,101,102,0.0
NT,2030,42,102,102,0.0
NT,2030,42,103,102,0.0
NT,2030,42,104,102,0.0
NT,2030,42,105,102,0.0
NT,2030,42,106,102,0.0
NT,2030,42,107,102,0.0
NT,2030,42,108,102,0.0
NT,2030,42,109,102,0.0
NT,2030,42,110,102,0.0
NT,2030,42,111,102,0.0
NT,2030,42,112,102,0.0
NT,2030,42,113,102,0.0
NT,2030,42,114,102,0.0
NT,2030,42,115,102,0.0
NT,2030,42,116,102,0.0
NT,2030,42,117,102,0.0
NT,2030,42,118,102,0.0
NT,2030,42,119,102,0.0
NT,2030,42,120,102,0.0
NT,2030,42,121,102,0.0
NT,2030,42,122,102,0.0
NT,2030,42,123,102,0.0
NT,2030,42,124,102,0.0
NT,2030,42,125,102,0.0
NT,2030,42,126,102,0.0
NT,2030,42,127,102,0.0
NT,2030,42,128,102,0.0
NT,2030,42,129,102,0.0
NT,2030,42,130,102,0.0
NT,2030,42,131,102,0.0
NT,2030,42,132,102,0.0
NT,2030,42,133,102,0.0
NT,2030,42,134,102,0.0
NT,2030,42,135,102,0.0
NT,2030,42,136,102,0.0
NT,2030,42,137,102,0.0
NT,2030,42,138,102,0.0
NT,2030,42,139,102,0.0
NT,2030,42,140,102,0.0
NT,2030,42,141,102,0.0
NT,2030,42,142,102,0.0
NT,2030,42,143,102,0.0
NT,2030,42,144,102,0.0
NT,2030,42,145,102,0.0
NT,2030,42,146,102,0.0
NT,2030,42,147,102,0.0
NT,2030,42,148,102,0.0
NT,2030,42,149,102,0.0
NT,2030,42,150,102,0.0
NT,2030,42,151,102,0.0
NT,2030,42,152,102,0.0
NT,2030,42,153,102,0.0
NT,2030,42,154,102,0.0
NT,2030,42,155,102,0.0
NT,2030,42,156,102,0.0
NT,2030,42,157,102,0.0
NT,2030,42,158,102,0.0
NT,2030,42,159,102,0.0
NT,2030,42,160,102,0.0
NT,2030,42,161,102,0.0
NT,2030,42,162,102,0.0
NT,2030,42,163,102,0.0
NT,2030,42,164,102,0.0
NT,2030,42,165,102,0.0
NT,2030,42,166,102,0.0
NT,2030,42,167,102,0.0
NT,2030,52,0,102,0.0
NT,2030,52,1,102,0.0
NT,2030,52,2,102,0.0
NT,2030,52,3,102,0.0
NT,2030,52,4,102,0.0
NT,2030,52,5,102,0.0
NT,2030,52,6,102,0.0
NT,2030,52,7,102,0.0
NT,2030,52,8,102,0.0
NT,2030,52,9,102,0.0
NT,2030,52,10,102,0.0
NT,2030,52,11,102,0.0
NT,2030,52,12,102,0.0
NT,2030,52,13,102,0.0
NT,2030,52,14,102,0.0
NT,2030,52,15,102,0.0
NT,2030,52,16,102,0.0
NT,2030,52,17,102,0.0
NT,2030,52,18,102,0.0
NT,2030,52,19,102,0.0
NT,2030,52,20,102,0.0
NT,2030,52,21,102,0.0
NT,2030,52,22,102,0.0
NT,2030,52,23,102,0.0
NT,2030,52,24,102,0.0
NT,2030,52,25,102,0.0
NT,2030,52,26,102,0.0
NT,2030,52,27,102,0.0
NT,2030,52,28,102,0.0
NT,2030,52,29,102,0.0
NT,2030,52,30,102,0.0
NT,2030,52,31,102,0.0
NT,2030,52,32,102,0.0
NT,2030,52,33,102,0.0
NT,2030,52,34,102,0.0
NT,2030,52,35,102,0.0
NT,2030,52,36,102,0.0
NT,2030,52,37,102,0.0
NT,2030,52,38,102,0.0
NT,2030,52,39,102,0.0
NT,2030,52,40,102,0.0
NT,2030,52,41,102,0.0
NT,2030,52,42,102,0.0
NT,2030,52,43,102,0.0
NT,2030,52,44,102,0.0
NT,2030,52,45,102,0.0
NT,2030,52,46,102,0.0
NT,2030,52,47,102,0.0
NT,2030,52,48,102,0.0
NT,2030,52,49,102,0.0
NT,2030,52,50,102,0.0
NT,2030,52,51,102,0.0
NT,2030,52,52,102,0.0
NT,2030,52,53,102,0.0
NT,2030,52,54,102,0.0
NT,2030,52,55,102,0.0
NT,2030,52,56,102,0.0
NT,2030,52,57,102,0.0
NT,2030,52,58,102,0.0
NT,2030,52,59,102,0.0
NT,2030,52,60,102,0.0
NT,2030,52,61,102,0.0
NT,2030,52,62,102,0.0
NT,2030,52,63,102,0.0
NT,2030,52,64,102,0.0
NT,2030,52,65,102,0.0
NT,2030,52,66,102,0.0
NT,2030,52,67,102,0.0
NT,2030,52,68,102,0.0
NT,2030,52,69,102,0.0
NT,2030,52,70,102,0.0
NT,2030,52,71,102,0.0
NT,2030,52,72,102,0.0
NT,2030,52,73,102,0.0
NT,2030,52,74,102,0.0
NT,2030,52,75,102,0.0
NT,2030,52,76,102,0.0
NT,2030,52,77,102,0.0
NT,2030,52,78,102,0.0
NT,2030,52,79,102,0.0
NT,2030,52,80,102,0.0
NT,2030,52,81,102,0.0
NT,2030,52,82,102,0.0
NT,2030,52,83,102,0.0
NT,2030,52,84,102,0.0
NT,2030,52,85,102,0.0
NT,2030,52,86,102,0.0
NT,2030,52,87,102,0.0
NT,2030,52,88,102,0.0
NT,2030,52,89,102,0.0
NT,2030,52,90,102,0.0
NT,2030,52,91,102,0.0
NT,2030,52,92,102,0.0
NT,2030,52,93,102,0.0
NT,2030,52,94,102,0.0
NT,2030,52,95,102,0.0
NT,2030,52,96,102,0.0
NT,2030,52,97,102,0.0
NT,2030,52,98,102,0.0
NT,2030,52,99,102,0.0
NT,2030,52,100,102,0.0
NT,2030,52,101,102,0.0
NT,2030,52,102,102,0.0
NT,2030,52,103,102,0.0
NT,2030,52,104,102,0.0
NT,2030,52,105,102,0.0
NT,2030,52,106,102,0.0
NT,2030,52,107,102,0.0
NT,2030,52,108,102,0.0
NT,2030,52,109,102,0.0
NT,2030,52,110,102,0.0
NT,2030,52,111,102,0.0
NT,2030,52,112,102,0.0
NT,2030,52,113,102,0.0
NT,2030,52,114,102,0.0
NT,2030,52,115,102,0.0
NT,2030,52,116,102,0.0
NT,2030,52,117,102,0.0
NT,2030,52,118,102,0.0
NT,2030,52,119,102,0.0
NT,2030,52,120,102,0.0
NT,2030,52,121,102,0.0
NT,2030,52,122,102,0.0
NT,2030,52,123,102,0.0
NT,2030,52,124,102,0.0
NT,2030,52,125,102,0.0
NT,2030,52,126,102,0.0
NT,2030,52,127,102,0.0
NT,2030,52,128,102,0.0
NT,2030,52,129,102,0.0
NT,2030,52,130,102,0.0
NT,2030,52,131,102,0.0
NT,2030,52,132,102,0.0
NT,2030,52,133,102,0.0
NT,2030,52,134,102,0.0
NT,2030,52,135,102,0.0
NT,2030,52,136,102,0.0
NT,2030,52,137,102,0.0
NT,2030,52,138,102,0.0
NT,2030,52,139,102,0.0
NT,2030,52,140,102,0.0
NT,2030,52,141,102,0.0
NT,2030,52,142,102,0.0
NT,2030,52,143,102,0.0
NT,2030,52,144,102,0.0
NT,2030,52,145,102,0.0
NT,2030,52,146,102,0.0
NT,2030,52,147,102,0.0
NT,2030,52,148,102,0.0
NT,2030,52,149,102,0.0
NT,2030,52,150,102,0.0
NT,2030,52,151,102,0.0
NT,2030,52,152,102,0.0
NT,2030,52,153,102,0.0
NT,2030,52,154,102,0.0
NT,2030,52,155,102,0.0
NT,2030,52,156,102,0.0
NT,2030,52,157,102,0.0
NT,2030,52,158,102,0.0
NT,2030,52,159,102,0.0
NT,2030,52,160,102,0.0
NT,2030,52,161,102,0.0
NT,2030,52,162,102,0.0
NT,2030,52,163,102,0.0
NT,2030,52,164,102,0.0
NT,2030,52,165,102,0.0
NT,2030,52,166,102,0.0
NT,2030,52,167,102,0.0
NT,2040,11,0,102,0.0
NT,2040,11,1,102,0.0
NT,2040,11,2,102,0.0
NT,2040,11,3,102,0.0
NT,2040,11,4,102,0.0
NT,2040,11,5,102,0.0
NT,2040,11,6,102,0.0
NT,2040,11,7,102,0.0
NT,2040,11,8,102,0.0
NT,2040,11,9,102,0.0
NT,2040,11,10,102,0.0
NT,2040,11,11,102,0.0
NT,2040,11,12,102,0.0
NT,2040,11,13,102,0.0
NT,2040,11,14,102,0.0
NT,2040,11,15,102,0.0
NT,2040,11,16,102,0.0
NT,2040,11,17,102,0.0
NT,2040,11,18,102,0.0
NT,2040,11,19,102,0.0
NT,2040,11,20,102,0.0
NT,2040,11,21,102,0.0
NT,2040,11,22,102,0.0
NT,2040,11,23,102,0.0
NT,2040,11,24,102,0.0
NT,2040,11,25,102,0.0
NT,2040,11,26,102,0.0
NT,2040,11,27,102,0.0
NT,2040,11,28,102,0.0
NT,2040,11,29,102,0.0
NT,2040,11,30,102,0.0
NT,2040,11,31,102,0.0
NT,2040,11,32,102,0.0
NT,2040,11,33,102,0.0
NT,2040,11,34,102,0.0
NT,2040,11,35,102,0.0
NT,2040,11,36,102,0.0
NT,2040,11,37,102,0.0
NT,2040,11,38,102,0.0
NT,2040,11,39,102,0.0
NT,2040,11,40,102,0.0
NT,2040,11,41,102,0.0
NT,2040,11,42,102,0.0
NT,2040,11,43,102,0.0
NT,2040,11,44,102,0.0
NT,2040,11,45,102,0.0
NT,2040,11,46,102,0.0
NT,2040,11,47,102,0.0
NT,2040,11,48,102,0.0
NT,2040,11,49,102,0.0
NT,2040,11,50,102,0.0
NT,2040,11,51,102,0.0
NT,2040,11,52,102,0.0
NT,2040,11,53,102,0.0
NT,2040,11,54,102,0.0
NT,2040,11,55,102,0.0
NT,2040,11,56,102,0.0
NT,2040,11,57,102,0.0
NT,2040,11,58,102,0.0
NT,2040,11,59,102,0.0
NT,2040,11,60,102,0.0
NT,2040,11,61,102,0.0
NT,2040,11,62,102,0.0
NT,2040,11,63,102,0.0
NT,2040,11,64,102,0.0
NT,2040,11,65,102,0.0
NT,2040,11,66,102,0.0
NT,2040,11,67,102,0.0
NT,2040,11,68,102,0.0
NT,2040,11,69,102,0.0
NT,2040,11,70,102,0.0
NT,2040,11,71,102,0.0
NT,2040,11,72,102,0.0
NT,2040,11,73,102,0.0
NT,2040,11,74,102,0.0
NT,2040,11,75,102,0.0
NT,2040,11,76,102,0.0
NT,2040,11,77,102,0.0
NT,2040,11,78,102,0.0
NT,2040,11,79,102,0.0
NT,2040,11,80,102,0.0
NT,2040,11,81,102,2.25671031499651e-05
NT,2040,11,82,102,0.0
NT,2040,11,83,102,0.0
NT,2040,11,84,102,0.0
NT,2040,11,85,102,0.0
NT,2040,11,86,102,0.0
NT,2040,11,87,102,0.0
NT,2040,11,88,102,0.0
NT,2040,11,89,102,0.0
NT,2040,11,90,102,0.0
NT,2040,11,91,102,0.0
NT,2040,11,92,102,0.0
NT,2040,11,93,102,0.0
NT,2040,11,94,102,0.0
NT,2040,11,95,102,0.0
NT,2040,11,96,102,0.0
NT,2040,11,97,102,0.0
NT,2040,11,98,102,0.0
NT,2040,11,99,102,0.0
NT,2040,11,100,102,0.0
NT,2040,11,101,102,0.0
NT,2040,11,102,102,0.0
NT,2040,11,103,102,0.0
NT,2040,11,104,102,0.0
NT,2040,11,105,102,0.0
NT,2040,11,106,102,0.0
NT,2040,11,107,102,0.0
NT,2040,11,108,102,0.0
NT,2040,11,109,102,0.0
NT,2040,11,110,102,0.0
NT,2040,11,111,102,0.0
NT,2040,11,112,102,0.0
NT,2040,11,113,102,0.0
NT,2040,11,114,102,0.0
NT,2040,11,115,102,0.0
NT,2040,11,116,102,0.0
NT,2040,11,117,102,0.0
NT,2040,11,118,102,0.0
NT,2040,11,119,102,0.0
NT,2040,11,120,102,0.0
NT,2040,11,121,102,0.0
NT,2040,11,122,102,0.0
NT,2040,11,123,102,0.0
NT,2040,11,124,102,0.0
NT,2040,11,125,102,0.0
NT,2040,11,126,102,0.0
NT,2040,11,127,102,0.0
NT,2040,11,128,102,0.0
NT,2040,11,129,102,0.0
NT,2040,11,130,102,0.0
NT,2040,11,131,102,0.0
NT,2040,11,132,102,0.0
NT,2040,11,133,102,0.0
NT,2040,11,134,102,0.0
NT,2040,11,135,102,0.0
NT,2040,11,136,102,0.0
NT,2040,11,137,102,0.0
NT,2040,11,138,102,0.0
NT,2040,11,139,102,0.0
NT,2040,11,140,102,0.0
NT,2040,11,141,102,0.0
NT,2040,11,142,102,0.0
NT,2040,11,143,102,0.0
NT,2040,11,144,102,0.0
NT,2040,11,145,102,0.0
NT,2040,11,146,102,0.0
NT,2040,11,147,102,0.0
NT,2040,11,148,102,0.0
NT,2040,11,149,102,0.0
NT,2040,11,150,102,0.0
NT,2040,11,151,102,0.0
NT,2040,11,152,102,0.0
NT,2040,11,153,102,0.0
NT,2040,11,154,102,0.0
NT,2040,11,155,102,0.0
NT,2040,11,156,102,0.0
NT,2040,11,157,102,0.0
NT,2040,11,158,102,0.0
NT,2040,11,159,102,0.0
NT,2040,11,160,102,0.0
NT,2040,11,161,102,0.0
NT,2040,11,162,102,0.0
NT,2040,11,163,102,0.0
NT,2040,11,164,102,0.0
NT,2040,11,165,102,0.0
NT,2040,11,166,102,0.0
NT,2040,11,167,102,0.0
NT,2040,21,0,102,0.0
NT,2040,21,1,102,0.0
NT,2040,21,2,102,0.0
NT,2040,21,3,102,0.0
NT,2040,21,4,102,0.0
NT,2040,21,5,102,0.0
NT,2040,21,6,102,0.0
NT,2040,21,7,102,0.0
NT,2040,21,8,102,0.0
NT,2040,21,9,102,0.0
NT,2040,21,10,102,0.0
NT,2040,21,11,102,0.0
NT,2040,21,12,102,0.0
NT,2040,21,13,102,0.0
NT,2040,21,14,102,0.0
NT,2040,21,15,102,0.0
NT,2040,21,16,102,0.0
NT,2040,21,17,102,0.0
NT,2040,21,18,102,0.0
NT,2040,21,19,102,0.0
NT,2040,21,20,102,0.0
NT,2040,21,21,102,0.0
NT,2040,21,22,102,0.0
NT,2040,21,23,102,0.0
NT,2040,21,24,102,0.0
NT,2040,21,25,102,0.0
NT,2040,21,26,102,0.0
NT,2040,21,27,102,0.0
NT,2040,21,28,102,0.0
NT,2040,21,29,102,0.0
NT,2040,21,30,102,0.0
NT,2040,21,31,102,0.0
NT,2040,21,32,102,0.0
NT,2040,21,33,102,0.0
NT,2040,21,34,102,0.0
NT,2040,21,35,102,0.0
NT,2040,21,36,102,0.0
NT,2040,21,37,102,0.0
NT,2040,21,38,102,0.0
NT,2040,21,39,102,0.0
NT,2040,21,40,102,0.0
NT,2040,21,41,102,0.0
NT,2040,21,42,102,0.0
NT,2040,21,43,102,0.0
NT,2040,21,44,102,0.0
NT,2040,21,45,102,0.0
NT,2040,21,46,102,0.0
NT,2040,21,47,102,0.0
NT,2040,21,48,102,0.0
NT,2040,21,49,102,0.0
NT,2040,21,50,102,0.0
NT,2040,21,51,102,0.0
NT,2040,21,52,102,0.0
NT,2040,21,53,102,0.0
NT,2040,21,54,102,0.0
NT,2040,21,55,102,0.0
NT,2040,21,56,102,0.0
NT,2040,21,57,102,0.0
NT,2040,21,58,102,0.0
NT,2040,21,59,102,0.0
NT,2040,21,60,102,0.0
NT,2040,21,61,102,0.0
NT,2040,21,62,102,0.0
NT,2040,21,63,102,0.0
NT,2040,21,64,102,0.0
NT,2040,21,65,102,0.0
NT,2040,21,66,102,0.0
NT,2040,21,67,102,0.0
NT,2040,21,68,102,0.0
NT,2040,21,69,102,0.0
NT,2040,21,70,102,0.0
NT,2040,21,71,102,0.0
NT,2040,21,72,102,0.0
NT,2040,21,73,102,0.0
NT,2040,21,74,102,0.0
NT,2040,21,75,102,0.0
NT,2040,21,76,102,0.0
NT,2040,21,77,102,0.0
NT,2040,21,78,102,0.0
NT,2040,21,79,102,0.0
NT,2040,21,80,102,0.0
NT,2040,21,81,102,0.0
NT,2040,21,82,102,0.0
NT,2040,21,83,102,0.0
NT,2040,21,84,102,0.0
NT,2040,21,85,102,0.0
NT,2040,21,86,102,0.0
NT,2040,21,87,102,0.0
NT,2040,21,88,102,0.0
NT,2040,21,89,102,0.0
NT,2040,21,90,102,0.0
NT,2040,21,91,102,0.0
NT,2040,21,92,102,0.0
NT,2040,21,93,102,0.0
NT,2040,21,94,102,0.0
NT,2040,21,95,102,0.0
NT,2040,21,96,102,0.0
NT,2040,21,97,102,0.0
NT,2040,21,98,102,0.0
NT,2040,21,99,102,0.0
NT,2040,21,100,102,0.0
NT,2040,21,101,102,0.0
NT,2040,21,102,102,0.0
NT,2040,21,103,102,0.0
NT,2040,21,104,102,0.0
NT,2040,21,105,102,0.0
NT,2040,21,106,102,0.0
NT,2040,21,107,102,0.0
NT,2040,21,108,102,0.0
NT,2040,21,109,102,0.0
NT,2040,21,110,102,0.0
NT,2040,21,111,102,0.0
NT,2040,21,112,102,0.0
NT,2040,21,113,102,0.0
NT,2040,21,114,102,0.0
NT,2040,21,115,102,0.0
NT,2040,21,116,102,0.0
NT,2040,21,117,102,0.0
NT,2040,21,118,102,0.0
NT,2040,21,119,102,0.0
NT,2040,21,120,102,0.0
NT,2040,21,121,102,0.0
NT,2040,21,122,102,0.0
NT,2040,21,123,102,0.0
NT,2040,21,124,102,0.0
NT,2040,21,125,102,0.0
NT,2040,21,126,102,0.0
NT,2040,21,127,102,0.0
NT,2040,21,128,102,0.0
NT,2040,21,129,102,0.0
NT,2040,21,130,102,0.0
NT,2040,21,131,102,0.0
NT,2040,21,132,102,0.0
NT,2040,21,133,102,0.0
NT,2040,21,134,102,0.0
NT,2040,21,135,102,0.0
NT,2040,21,136,102,0.0
NT,2040,21,137,102,0.0
NT,2040,21,138,102,0.0
NT,2040,21,139,102,0.0
NT,2040,21,140,102,0.0
NT,2040,21,141,102,0.0
NT,2040,21,142,102,0.0
NT,2040,21,143,102,0.0
NT,2040,21,144,102,0.0
NT,2040,21,145,102,0.0
NT,2040,21,146,102,0.0
NT,2040,21,147,102,0.0
NT,2040,21,148,102,0.0
NT,2040,21,149,102,0.0
NT,2040,21,150,102,0.0
NT,2040,21,151,102,0.0
NT,2040,21,152,102,0.0
NT,2040,21,153,102,0.0
NT,2040,21,154,102,0.0
NT,2040,21,155,102,0.0
NT,2040,21,156,102,0.0
NT,2040,21,157,102,0.0
NT,2040,21,158,102,0.0
NT,2040,21,159,102,0.0
NT,2040,21,160,102,0.0
NT,2040,21,161,102,0.0
NT,2040,21,162,102,0.0
NT,2040,21,163,102,0.0
NT,2040,21,164,102,0.0
NT,2040,21,165,102,0.0
NT,2040,21,166,102,0.0
NT,2040,21,167,102,0.0
NT,2040,42,0,102,0.0
NT,2040,42,1,102,0.0
NT,2040,42,2,102,0.0
NT,2040,42,3,102,0.0
NT,2040,42,4,102,0.0
NT,2040,42,5,102,0.0
NT,2040,42,6,102,0.0
NT,2040,42,7,102,0.0
NT,2040,42,8,102,0.0
NT,2040,42,9,102,0.0
NT,2040,42,10,102,0.0
NT,2040,42,11,102,0.0
NT,2040,42,12,102,0.0
NT,2040,42,13,102,0.0
NT,2040,42,14,102,0.0
NT,2040,42,15,102,0.0
NT,2040,42,16,102,0.0
NT,2040,42,17,102,0.0
NT,2040,42,18,102,0.0
NT,2040,42,19,102,0.0
NT,2040,42,20,102,0.0
NT,2040,42,21,102,0.0
NT,2040,42,22,102,0.0
NT,2040,42,23,102,0.0
NT,2040,42,24,102,0.0
NT,2040,42,25,102,0.0
NT,2040,42,26,102,0.0
NT,2040,42,27,102,0.0
NT,2040,42,28,102,0.0
NT,2040,42,29,102,0.0
NT,2040,42,30,102,0.0
NT,2040,42,31,102,0.0
NT,2040,42,32,102,0.0
NT,2040,42,33,102,0.0
NT,2040,42,34,102,0.0
NT,2040,42,35,102,0.0
NT,2040,42,36,102,0.0
NT,2040,42,37,102,0.0
NT,2040,42,38,102,0.0
NT,2040,42,39,102,0.0
NT,2040,42,40,102,0.0
NT,2040,42,41,102,0.0
NT,2040,42,42,102,0.0
NT,2040,42,43,102,0.0
NT,2040,42,44,102,0.0
NT,2040,42,45,102,0.0
NT,2040,42,46,102,0.0
NT,2040,42,47,102,0.0
NT,2040,42,48,102,0.0
NT,2040,42,49,102,0.0
NT,2040,42,50,102,0.0
NT,2040,42,51,102,0.0
NT,2040,42,52,102,0.0
NT,2040,42,53,102,0.0
NT,2040,42,54,102,0.0
NT,2040,42,55,102,0.0
NT,2040,42,56,102,0.0
NT,2040,42,57,102,0.0
NT,2040,42,58,102,0.0
NT,2040,42,59,102,0.0
NT,2040,42,60,102,0.0
NT,2040,42,61,102,0.0
NT,2040,42,62,102,0.0
NT,2040,42,63,102,0.0
NT,2040,42,64,102,0.0
NT,2040,42,65,102,0.0
NT,2040,42,66,102,0.0
NT,2040,42,67,102,0.0
NT,2040,42,68,102,0.0
NT,2040,42,69,102,0.0
NT,2040,42,70,102,0.0
NT,2040,42,71,102,0.0
NT,2040,42,72,102,0.0
NT,2040,42,73,102,0.0
NT,2040,42,74,102,0.0
NT,2040,42,75,102,0.0
NT,2040,42,76,102,0.0
NT,2040,42,77,102,0.0
NT,2040,42,78,102,0.0
NT,2040,42,79,102,0.0
NT,2040,42,80,102,0.0
NT,2040,42,81,102,0.0
NT,2040,42,82,102,0.0
NT,2040,42,83,102,0.0
NT,2040,42,84,102,0.0
NT,2040,42,85,102,0.0
NT,2040,42,86,102,0.0
NT,2040,42,87,102,0.0
NT,2040,42,88,102,0.0
NT,2040,42,89,102,0.0
NT,2040,42,90,102,0.0
NT,2040,42,91,102,0.0
NT,2040,42,92,102,0.0
NT,2040,42,93,102,0.0
NT,2040,42,94,102,0.0
NT,2040,42,95,102,0.0
NT,2040,42,96,102,0.0
NT,2040,42,97,102,0.0
NT,2040,42,98,102,0.0
NT,2040,42,99,102,0.0
NT,2040,42,100,102,0.0
NT,2040,42,101,102,0.0
NT,2040,42,102,102,0.0
NT,2040,42,103,102,0.0
NT,2040,42,104,102,0.0
NT,2040,42,105,102,0.0
NT,2040,42,106,102,0.0
NT,2040,42,107,102,0.0
NT,2040,42,108,102,0.0
NT,2040,42,109,102,0.0
NT,2040,42,110,102,0.0
NT,2040,42,111,102,0.0
NT,2040,42,112,102,0.0
NT,2040,42,113,102,0.0
NT,2040,42,114,102,0.0
NT,2040,42,115,102,0.0
NT,2040,42,116,102,0.0
NT,2040,42,117,102,0.0
NT,2040,42,118,102,0.0
NT,2040,42,119,102,0.0
NT,2040,42,120,102,0.0
NT,2040,42,121,102,0.0
NT,2040,42,122,102,0.0
NT,2040,42,123,102,0.0
NT,2040,42,124,102,0.0
NT,2040,42,125,102,0.0
NT,2040,42,126,102,0.0
NT,2040,42,127,102,0.0
NT,2040,42,128,102,0.0
NT,2040,42,129,102,0.0
NT,2040,42,130,102,0.0
NT,2040,42,131,102,0.0
NT,2040,42,132,102,0.0
NT,2040,42,133,102,0.0
NT,2040,42,134,102,0.0
NT,2040,42,135,102,0.0
NT,2040,42,136,102,0.0
NT,2040,42,137,102,0.0
NT,2040,42,138,102,0.0
NT,2040,42,139,102,0.0
NT,2040,42,140,102,0.0
NT,2040,42,141,102,0.0
NT,2040,42,142,102,0.0
NT,2040,42,143,102,0.0
NT,2040,42,144,102,0.0
NT,2040,42,145,102,0.0
NT,2040,42,146,102,0.0
NT,2040,42,147,102,0.0
NT,2040,42,148,102,0.0
NT,2040,42,149,102,0.0
NT,2040,42,150,102,0.0
NT,2040,42,151,102,0.0
NT,2040,42,152,102,0.0
NT,2040,42,153,102,0.0
NT,2040,42,154,102,0.0
NT,2040,42,155,102,0.0
NT,2040,42,156,102,0.0
NT,2040,42,157,102,0.0
NT,2040,42,158,102,0.0
NT,2040,42,159,102,0.0
NT,2040,42,160,102,0.0
NT,2040,42,161,102,0.0
NT,2040,42,162,102,0.0
NT,2040,42,163,102,0.0
NT,2040,42,164,102,0.0
NT,2040,42,165,102,0.0
NT,2040,42,166,102,0.0
NT,2040,42,167,102,0.0
NT,2040,52,0,102,0.0
NT,2040,52,1,102,0.0
NT,2040,52,2,102,0.0
NT,2040,52,3,102,0.0
NT,2040,52,4,102,0.0
NT,2040,52,5,102,0.0
NT,2040,52,6,102,0.0
NT,2040,52,7,102,0.0
NT,2040,52,8,102,0.0
NT,2040,52,9,102,0.0
NT,2040,52,10,102,0.0
NT,2040,52,11,102,0.0
NT,2040,52,12,102,0.0
NT,2040,52,13,102,0.0
NT,2040,52,14,102,0.0
NT,2040,52,15,102,0.0
NT,2040,52,16,102,0.0
NT,2040,52,17,102,0.0
NT,2040,52,18,102,0.0
NT,2040,52,19,102,0.0
NT,2040,52,20,102,0.0
NT,2040,52,21,102,0.0
NT,2040,52,22,102,0.0
NT,2040,52,23,102,0.0
NT,2040,52,24,102,0.0
NT,2040,52,25,102,0.0
NT,2040,52,26,102,0.0
NT,2040,52,27,102,0.0
NT,2040,52,28,102,0.0
NT,2040,52,29,102,0.0
NT,2040,52,30,102,0.0
NT,2040,52,31,102,0.0
NT,2040,52,32,102,0.0
NT,2040,52,33,102,0.0
NT,2040,52,34,102,0.0
NT,2040,52,35,102,0.0
NT,2040,52,36,102,0.0
NT,2040,52,37,102,0.0
NT,2040,52,38,102,0.0
NT,2040,52,39,102,0.0
NT,2040,52,40,102,0.0
NT,2040,52,41,102,0.0
NT,2040,52,42,102,0.0
NT,2040,52,43,102,0.0
NT,2040,52,44,102,0.0
NT,2040,52,45,102,0.0
NT,2040,52,46,102,0.0
NT,2040,52,47,102,0.0
NT,2040,52,48,102,0.0
NT,2040,52,49,102,0.0
NT,2040,52,50,102,0.0
NT,2040,52,51,102,0.0
NT,2040,52,52,102,0.0
NT,2040,52,53,102,0.0
NT,2040,52,54,102,0.0
NT,2040,52,55,102,0.0
NT,2040,52,56,102,0.0
NT,2040,52,57,102,0.0
NT,2040,52,58,102,0.0
NT,2040,52,59,102,0.0
NT,2040,52,60,102,0.0
NT,2040,52,61,102,0.0
NT,2040,52,62,102,0.0
NT,2040,52,63,102,0.0
NT,2040,52,64,102,0.0
NT,2040,52,65,102,0.0
NT,2040,52,66,102,0.0
NT,2040,52,67,102,0.0
NT,2040,52,68,102,0.0
NT,2040,52,69,102,0.0
NT,2040,52,70,102,0.0
NT,2040,52,71,102,0.0
NT,2040,52,72,102,0.0
NT,2040,52,73,102,0.0
NT,2040,52,74,102,0.0
NT,2040,52,75,102,0.0
NT,2040,52,76,102,0.0
NT,2040,52,77,102,0.0
NT,2040,52,78,102,0.0
NT,2040,52,79,102,0.0
NT,2040,52,80,102,0.0
NT,2040,52,81,102,0.0
NT,2040,52,82,102,1.3647301598312878e-05
NT,2040,52,83,102,1.3647301598312878e-05
NT,2040,52,84,102,0.0
NT,2040,52,85,102,0.0
NT,2040,52,86,102,0.0
NT,2040,52,87,102,0.0
NT,2040,52,88,102,0.0
NT,2040,52,89,102,0.0
NT,2040,52,90,102,0.0
NT,2040,52,91,102,0.0
NT,2040,52,92,102,0.0
NT,2040,52,93,102,0.0
NT,2040,52,94,102,0.0
NT,2040,52,95,102,0.0
NT,2040,52,96,102,0.0
NT,2040,52,97,102,0.0
NT,2040,52,98,102,0.0
NT,2040,52,99,102,0.0
NT,2040,52,100,102,0.0
NT,2040,52,101,102,0.0
NT,2040,52,102,102,0.0
NT,2040,52,103,102,0.0
NT,2040,52,104,102,0.0
NT,2040,52,105,102,0.0
NT,2040,52,106,102,0.0
NT,2040,52,107,102,0.0
NT,2040,52,108,102,0.0
NT,2040,52,109,102,0.0
NT,2040,52,110,102,0.0
NT,2040,52,111,102,0.0
NT,2040,52,112,102,0.0
NT,2040,52,113,102,0.0
NT,2040,52,114,102,0.0
NT,2040,52,115,102,0.0
NT,2040,52,116,102,0.0
NT,2040,52,117,102,0.0
NT,2040,52,118,102,0.0
NT,2040,52,119,102,0.0
NT,2040,52,120,102,0.0
NT,2040,52,121,102,0.0
NT,2040,52,122,102,0.0
NT,2040,52,123,102,0.0
NT,2040,52,124,102,0.0
NT,2040,52,125,102,0.0
NT,2040,52,126,102,0.0
NT,2040,52,127,102,0.0
NT,2040,52,128,102,0.0
NT,2040,52,129,102,0.0
NT,2040,52,130,102,0.0
NT,2040,52,131,102,0.0
NT,2040,52,132,102,0.0
NT,2040,52,133,102,0.0
NT,2040,52,134,102,0.0
NT,2040,52,135,102,0.0
NT,2040,52,136,102,0.0
NT,2040,52,137,102,0.0
NT,2040,52,138,102,0.0
NT,2040,52,139,102,0.0
NT,2040,52,140,102,0.0
NT,2040,52,141,102,0.0
NT,2040,52,142,102,0.0
NT,2040,52,143,102,0.0
NT,2040,52,144,102,0.0
NT,2040,52,145,102,0.0
NT,2040,52,146,102,0.0
NT,2040,52,147,102,0.0
NT,2040,52,148,102,0.0
NT,2040,52,149,102,0.0
NT,2040,52,150,102,0.0
NT,2040,52,151,102,0.0
NT,2040,52,152,102,0.0
NT,2040,52,153,102,0.0
NT,2040,52,154,102,0.0
NT,2040,52,155,102,0.0
NT,2040,52,156,102,0.0
NT,2040,52,157,102,0.0
NT,2040,52,158,102,0.0
NT,2040,52,159,102,0.0
NT,2040,52,160,102,0.0
NT,2040,52,161,102,0.0
NT,2040,52,162,102,0.0
NT,2040,52,163,102,0.0
NT,2040,52,164,102,0.0
NT,2040,52,165,102,0.0
NT,2040,52,166,102,0.0
NT,2040,52,167,102,0.0
GA,2040,11,0,102,0.0
GA,2040,11,1,102,0.0
GA,2040,11,2,102,0.0
GA,2040,11,3,102,0.0
GA,2040,11,4,102,0.0
GA,2040,11,5,102,0.0
GA,2040,11,6,102,0.0
GA,2040,11,7,102,0.0
GA,2040,11,8,102,0.0
GA,2040,11,9,102,0.0
GA,2040,11,10,102,0.0
GA,2040,11,11,102,0.0
GA,2040,11,12,102,0.0
GA,2040,11,13,102,0.0
GA,2040,11,14,102,0.0
GA,2040,11,15,102,0.0
GA,2040,11,16,102,0.0
GA,2040,11,17,102,0.0
GA,2040,11,18,102,0.0
GA,2040,11,19,102,0.0
GA,2040,11,20,102,0.0
GA,2040,11,21,102,0.0
GA,2040,11,22,102,0.0
GA,2040,11,23,102,0.0
GA,2040,11,24,102,0.0
GA,2040,11,25,102,0.0
GA,2040,11,26,102,0.0
GA,2040,11,27,102,0.0
GA,2040,11,28,102,0.0
GA,2040,11,29,102,0.0
GA,2040,11,30,102,0.0
GA,2040,11,31,102,0.0
GA,2040,11,32,102,0.0
GA,2040,11,33,102,0.0
GA,2040,11,34,102,0.0
GA,2040,11,35,102,0.0
GA,2040,11,36,102,0.0
GA,2040,11,37,102,0.0
GA,2040,11,38,102,0.0
GA,2040,11,39,102,0.0
GA,2040,11,40,102,0.0
GA,2040,11,41,102,0.0
GA,2040,11,42,102,0.0
GA,2040,11,43,102,0.0
GA,2040,11,44,102,0.0
GA,2040,11,45,102,0.0
GA,2040,11,46,102,0.0
GA,2040,11,47,102,0.0
GA,2040,11,48,102,0.0
GA,2040,11,49,102,0.0
GA,2040,11,50,102,0.0
GA,2040,11,51,102,0.0
GA,2040,11,52,102,0.0
GA,2040,11,53,102,0.0
GA,2040,11,54,102,0.0
GA,2040,11,55,102,0.0
GA,2040,11,56,102,0.0
GA,2040,11,57,102,0.0
GA,2040,11,58,102,0.0
GA,2040,11,59,102,0.0
GA,2040,11,60,102,0.0
GA,2040,11,61,102,0.0
GA,2040,11,62,102,0.0
GA,2040,11,63,102,0.0
GA,2040,11,64,102,0.0
GA,2040,11,65,102,0.0
GA,2040,11,66,102,0.0
GA,2040,11,67,102,0.0
GA,2040,11,68,102,0.0
GA,2040,11,69,102,0.0
GA,2040,11,70,102,0.0
GA,2040,11,71,102,0.0
GA,2040,11,72,102,0.0
GA,2040,11,73,102,0.0
GA,2040,11,74,102,0.0
GA,2040,11,75,102,0.0
GA,2040,11,76,102,0.0
GA,2040,11,77,102,0.0
GA,2040,11,78,102,0.0
GA,2040,11,79,102,0.0
GA,2040,11,80,102,0.0
GA,2040,11,81,102,0.0
GA,2040,11,82,102,0.0
GA,2040,11,83,102,0.0
GA,2040,11,84,102,0.0
GA,2040,11,85,102,0.0
GA,2040,11,86,102,0.0
GA,2040,11,87,102,0.0
GA,2040,11,88,102,0.0
GA,2040,11,89,102,0.0
GA,2040,11,90,102,0.0
GA,2040,11,91,102,0.0
GA,2040,11,92,102,0.0
GA,2040,11,93,102,0.0
GA,2040,11,94,102,0.0
GA,2040,11,95,102,0.0
GA,2040,11,96,102,0.0
GA,2040,11,97,102,0.0
GA,2040,11,98,102,0.0
GA,2040,11,99,102,0.0
GA,2040,11,100,102,0.0
GA,2040,11,101,102,0.0
GA,2040,11,102,102,0.0
GA,2040,11,103,102,0.0
GA,2040,11,104,102,0.0
GA,2040,11,105,102,0.0
GA,2040,11,106,102,0.0
GA,2040,11,107,102,0.0
GA,2040,11,108,102,0.0
GA,2040,11,109,102,0.0
GA,2040,11,110,102,0.0
GA,2040,11,111,102,0.0
GA,2040,11,112,102,0.0
GA,2040,11,113,102,0.0
GA,2040,11,114,102,0.0
GA,2040,11,115,102,0.0
GA,2040,11,116,102,0.0
GA,2040,11,117,102,0.0
GA,2040,11,118,102,0.0
GA,2040,11,119,102,0.0
GA,2040,11,120,102,0.0
GA,2040,11,121,102,0.0
GA,2040,11,122,102,0.0
GA,2040,11,123,102,0.0
GA,2040,11,124,102,0.0
GA,2040,11,125,102,0.0
GA,2040,11,126,102,0.0
GA,2040,11,127,102,0.0
GA,2040,11,128,102,0.0
GA,2040,11,129,102,0.0
GA,2040,11,130,102,0.0
GA,2040,11,131,102,0.0
GA,2040,11,132,102,0.0
GA,2040,11,133,102,0.0
GA,2040,11,134,102,0.0
GA,2040,11,135,102,0.0
GA,2040,11,136,102,0.0
GA,2040,11,137,102,0.0
GA,2040,11,138,102,0.0
GA,2040,11,139,102,0.0
GA,2040,11,140,102,0.0
GA,2040,11,141,102,0.0
GA,2040,11,142,102,0.0
GA,2040,11,143,102,0.0
GA,2040,11,144,102,0.0
GA,2040,11,145,102,0.0
GA,2040,11,146,102,0.0
GA,2040,11,147,102,0.0
GA,2040,11,148,102,0.0
GA,2040,11,149,102,0.0
GA,2040,11,150,102,0.0
GA,2040,11,151,102,0.0
GA,2040,11,152,102,0.0
GA,2040,11,153,102,0.0
GA,2040,11,154,102,0.0
GA,2040,11,155,102,0.0
GA,2040,11,156,102,0.0
GA,2040,11,157,102,0.0
GA,2040,11,158,102,0.0
GA,2040,11,159,102,0.0
GA,2040,11,160,102,0.0
GA,2040,11,161,102,0.0
GA,2040,11,162,102,0.0
GA,2040,11,163,102,0.0
GA,2040,11,164,102,0.0
GA,2040,11,165,102,0.0
GA,2040,11,166,102,0.0
GA,2040,11,167,102,0.0
GA,2040,21,0,102,0.0
GA,2040,21,1,102,0.0
GA,2040,21,2,102,0.0
GA,2040,21,3,102,0.0
GA,2040,21,4,102,0.0
GA,2040,21,5,102,0.0
GA,2040,21,6,102,0.0
GA,2040,21,7,102,0.0
GA,2040,21,8,102,0.0
GA,2040,21,9,102,0.0
GA,2040,21,10,102,0.0
GA,2040,21,11,102,0.0
GA,2040,21,12,102,0.0
GA,2040,21,13,102,0.0
GA,2040,21,14,102,0.0
GA,2040,21,15,102,0.0
GA,2040,21,16,102,0.0
GA,2040,21,17,102,0.0
GA,2040,21,18,102,0.0
GA,2040,21,19,102,0.0
GA,2040,21,20,102,0.0
GA,2040,21,21,102,0.0
GA,2040,21,22,102,0.0
GA,2040,21,23,102,0.0
GA,2040,21,24,102,0.0
GA,2040,21,25,102,0.0
GA,2040,21,26,102,0.0
GA,2040,21,27,102,0.0
GA,2040,21,28,102,0.0
GA,2040,21,29,102,0.0
GA,2040,21,30,102,0.0
GA,2040,21,31,102,0.0
GA,2040,21,32,102,0.0
GA,2040,21,33,102,0.0
GA,2040,21,34,102,0.0
GA,2040,21,35,102,0.0
GA,2040,21,36,102,0.0
GA,2040,21,37,102,0.0
GA,2040,21,38,102,0.0
GA,2040,21,39,102,0.0
GA,2040,21,40,102,0.0
GA,2040,21,41,102,0.0
GA,2040,21,42,102,0.0
GA,2040,21,43,102,0.0
GA,2040,21,44,102,0.0
GA,2040,21,45,102,0.0
GA,2040,21,46,102,0.0
GA,2040,21,47,102,0.0
GA,2040,21,48,102,0.0
GA,2040,21,49,102,0.0
GA,2040,21,50,102,0.0
GA,2040,21,51,102,0.0
GA,2040,21,52,102,0.0
GA,2040,21,53,102,0.0
GA,2040,21,54,102,0.0
GA,2040,21,55,102,0.0
GA,2040,21,56,102,0.0
GA,2040,21,57,102,0.0
GA,2040,21,58,102,0.0
GA,2040,21,59,102,0.0
GA,2040,21,60,102,0.0
GA,2040,21,61,102,0.0
GA,2040,21,62,102,0.0
GA,2040,21,63,102,0.0
GA,2040,21,64,102,0.0
GA,2040,21,65,102,0.0
GA,2040,21,66,102,0.0
GA,2040,21,67,102,0.0
GA,2040,21,68,102,0.0
GA,2040,21,69,102,0.0
GA,2040,21,70,102,0.0
GA,2040,21,71,102,0.0
GA,2040,21,72,102,0.0
GA,2040,21,73,102,0.0
GA,2040,21,74,102,0.0
GA,2040,21,75,102,0.0
GA,2040,21,76,102,0.0
GA,2040,21,77,102,0.0
GA,2040,21,78,102,0.0
GA,2040,21,79,102,0.0
GA,2040,21,80,102,0.0
GA,2040,21,81,102,0.0
GA,2040,21,82,102,0.0
GA,2040,21,83,102,0.0
GA,2040,21,84,102,0.0
GA,2040,21,85,102,0.0
GA,2040,21,86,102,0.0
GA,2040,21,87,102,0.0
GA,2040,21,88,102,0.0
GA,2040,21,89,102,0.0
GA,2040,21,90,102,0.0
GA,2040,21,91,102,0.0
GA,2040,21,92,102,0.0
GA,2040,21,93,102,0.0
GA,2040,21,94,102,0.0
GA,2040,21,95,102,0.0
GA,2040,21,96,102,0.0
GA,2040,21,97,102,0.0
GA,2040,21,98,102,0.0
GA,2040,21,99,102,0.0
GA,2040,21,100,102,0.0
GA,2040,21,101,102,0.0
GA,2040,21,102,102,0.0
GA,2040,21,103,102,0.0
GA,2040,21,104,102,0.0
GA,2040,21,105,102,0.0
GA,2040,21,106,102,0.0
GA,2040,21,107,102,0.0
GA,2040,21,108,102,0.0
GA,2040,21,109,102,0.0
GA,2040,21,110,102,0.0
GA,2040,21,111,102,0.0
GA,2040,21,112,102,0.0
GA,2040,21,113,102,0.0
GA,2040,21,114,102,0.0
GA,2040,21,115,102,0.0
GA,2040,21,116,102,0.0
GA,2040,21,117,102,0.0
GA,2040,21,118,102,0.0
GA,2040,21,119,102,0.0
GA,2040,21,120,102,0.0
GA,2040,21,121,102,0.0
GA,2040,21,122,102,0.0
GA,2040,21,123,102,0.0
GA,2040,21,124,102,0.0
GA,2040,21,125,102,0.0
GA,2040,21,126,102,0.0
GA,2040,21,127,102,0.0
GA,2040,21,128,102,0.0
GA,2040,21,129,102,0.0
GA,2040,21,130,102,0.0
GA,2040,21,131,102,0.0
GA,2040,21,132,102,0.0
GA,2040,21,133,102,0.0
GA,2040,21,134,102,0.0
GA,2040,21,135,102,0.0
GA,2040,21,136,102,0.0
GA,2040,21,137,102,0.0
GA,2040,21,138,102,0.0
GA,2040,21,139,102,0.0
GA,2040,21,140,102,0.0
GA,2040,21,141,102,0.0
GA,2040,21,142,102,0.0
GA,2040,21,143,102,0.0
GA,2040,21,144,102,0.0
GA,2040,21,145,102,0.0
GA,2040,21,146,102,0.0
GA,2040,21,147,102,0.0
GA,2040,21,148,102,0.0
GA,2040,21,149,102,0.0
GA,2040,21,150,102,0.0
GA,2040,21,151,102,0.0
GA,2040,21,152,102,0.0
GA,2040,21,153,102,0.0
GA,2040,21,154,102,0.0
GA,2040,21,155,102,0.0
GA,2040,21,156,102,0.0
GA,2040,21,157,102,0.0
GA,2040,21,158,102,0.0
GA,2040,21,159,102,0.0
GA,2040,21,160,102,0.0
GA,2040,21,161,102,0.0
GA,2040,21,162,102,0.0
GA,2040,21,163,102,0.0
GA,2040,21,164,102,0.0
GA,2040,21,165,102,0.0
GA,2040,21,166,102,0.0
GA,2040,21,167,102,0.0
GA,2040,42,0,102,0.0
GA,2040,42,1,102,0.0
GA,2040,42,2,102,0.0
GA,2040,42,3,102,0.0
GA,2040,42,4,102,0.0
GA,2040,42,5,102,0.0
GA,2040,42,6,102,0.0
GA,2040,42,7,102,0.0
GA,2040,42,8,102,0.0
GA,2040,42,9,102,0.0
GA,2040,42,10,102,0.0
GA,2040,42,11,102,0.0
GA,2040,42,12,102,0.0
GA,2040,42,13,102,0.0
GA,2040,42,14,102,0.0
GA,2040,42,15,102,0.0
GA,2040,42,16,102,0.0
GA,2040,42,17,102,0.0
GA,2040,42,18,102,0.0
GA,2040,42,19,102,0.0
GA,2040,42,20,102,0.0
GA,2040,42,21,102,0.0
GA,2040,42,22,102,0.0
GA,2040,42,23,102,0.0
GA,2040,42,24,102,0.0
GA,2040,42,25,102,0.0
GA,2040,42,26,102,0.0
GA,2040,42,27,102,0.0
GA,2040,42,28,102,0.0
GA,2040,42,29,102,0.0
GA,2040,42,30,102,0.0
GA,2040,42,31,102,0.0
GA,2040,42,32,102,0.0
GA,2040,42,33,102,0.0
GA,2040,42,34,102,0.0
GA,2040,42,35,102,0.0
GA,2040,42,36,102,0.0
GA,2040,42,37,102,0.0
GA,2040,42,38,102,0.0
GA,2040,42,39,102,0.0
GA,2040,42,40,102,0.0
GA,2040,42,41,102,0.0
GA,2040,42,42,102,0.0
GA,2040,42,43,102,0.0
GA,2040,42,44,102,0.0
GA,2040,42,45,102,0.0
GA,2040,42,46,102,0.0
GA,2040,42,47,102,0.0
GA,2040,42,48,102,0.0
GA,2040,42,49,102,0.0
GA,2040,42,50,102,0.0
GA,2040,42,51,102,0.0
GA,2040,42,52,102,0.0
GA,2040,42,53,102,0.0
GA,2040,42,54,102,0.0
GA,2040,42,55,102,0.0
GA,2040,42,56,102,0.0
GA,2040,42,57,102,0.0
GA,2040,42,58,102,0.0
GA,2040,42,59,102,0.0
GA,2040,42,60,102,0.0
GA,2040,42,61,102,0.0
GA,2040,42,62,102,0.0
GA,2040,42,63,102,0.0
GA,2040,42,64,102,0.0
GA,2040,42,65,102,0.0
GA,2040,42,66,102,0.0
GA,2040,42,67,102,0.0
GA,2040,42,68,102,0.0
GA,2040,42,69,102,0.0
GA,2040,42,70,102,0.0
GA,2040,42,71,102,0.0
GA,2040,42,72,102,0.0
GA,2040,42,73,102,0.0
GA,2040,42,74,102,0.0
GA,2040,42,75,102,0.0
GA,2040,42,76,102,0.0
GA,2040,42,77,102,0.0
GA,2040,42,78,102,0.0
GA,2040,42,79,102,0.0
GA,2040,42,80,102,0.0
GA,2040,42,81,102,0.0
GA,2040,42,82,102,0.0
GA,2040,42,83,102,0.0
GA,2040,42,84,102,0.0
GA,2040,42,85,102,0.0
GA,2040,42,86,102,0.0
GA,2040,42,87,102,0.0
GA,2040,42,88,102,0.0
GA,2040,42,89,102,0.0
GA,2040,42,90,102,0.0
GA,2040,42,91,102,0.0
GA,2040,42,92,102,0.0
GA,2040,42,93,102,0.0
GA,2040,42,94,102,0.0
GA,2040,42,95,102,0.0
GA,2040,42,96,102,0.0
GA,2040,42,97,102,0.0
GA,2040,42,98,102,0.0
GA,2040,42,99,102,0.0
GA,2040,42,100,102,0.0
GA,2040,42,101,102,0.0
GA,2040,42,102,102,0.0
GA,2040,42,103,102,0.0
GA,2040,42,104,102,0.0
GA,2040,42,105,102,0.0
GA,2040,42,106,102,0.0
GA,2040,42,107,102,0.0
GA,2040,42,108,102,0.0
GA,2040,42,109,102,0.0
GA,2040,42,110,102,0.0
GA,2040,42,111,102,0.0
GA,2040,42,112,102,0.0
GA,2040,42,113,102,0.0
GA,2040,42,114,102,0.0
GA,2040,42,115,102,0.0
GA,2040,42,116,102,0.0
GA,2040,42,117,102,0.0
GA,2040,42,118,102,0.0
GA,2040,42,119,102,0.0
GA,2040,42,120,102,0.0
GA,2040,42,121,102,0.0
GA,2040,42,122,102,0.0
GA,2040,42,123,102,0.0
GA,2040,42,124,102,0.0
GA,2040,42,125,102,0.0
GA,2040,42,126,102,0.0
GA,2040,42,127,102,0.0
GA,2040,42,128,102,0.0
GA,2040,42,129,102,0.0
GA,2040,42,130,102,0.0
GA,2040,42,131,102,0.0
GA,2040,42,132,102,0.0
GA,2040,42,133,102,0.0
GA,2040,42,134,102,0.0
GA,2040,42,135,102,0.0
GA,2040,42,136,102,0.0
GA,2040,42,137,102,0.0
GA,2040,42,138,102,0.0
GA,2040,42,139,102,0.0
GA,2040,42,140,102,0.0
GA,2040,42,141,102,0.0
GA,2040,42,142,102,0.0
GA,2040,42,143,102,0.0
GA,2040,42,144,102,0.0
GA,2040,42,145,102,0.0
GA,2040,42,146,102,0.0
GA,2040,42,147,102,0.0
GA,2040,42,148,102,0.0
GA,2040,42,149,102,0.0
GA,2040,42,150,102,0.0
GA,2040,42,151,102,0.0
GA,2040,42,152,102,0.0
GA,2040,42,153,102,0.0
GA,2040,42,154,102,0.0
GA,2040,42,155,102,0.0
GA,2040,42,156,102,0.0
GA,2040,42,157,102,0.0
GA,2040,42,158,102,0.0
GA,2040,42,159,102,0.0
GA,2040,42,160,102,0.0
GA,2040,42,161,102,0.0
GA,2040,42,162,102,0.0
GA,2040,42,163,102,0.0
GA,2040,42,164,102,0.0
GA,2040,42,165,102,0.0
GA,2040,42,166,102,0.0
GA,2040,42,167,102,0.0
GA,2040,52,0,102,0.0
GA,2040,52,1,102,0.0
GA,2040,52,2,102,0.0
GA,2040,52,3,102,0.0
GA,2040,52,4,102,0.0
GA,2040,52,5,102,0.0
GA,2040,52,6,102,0.0
GA,2040,52,7,102,0.0
GA,2040,52,8,102,0.0
GA,2040,52,9,102,0.0
GA,2040,52,10,102,0.0
GA,2040,52,11,102,0.0
GA,2040,52,12,102,0.0
GA,2040,52,13,102,0.0
GA,2040,52,14,102,0.0
GA,2040,52,15,102,0.0
GA,2040,52,16,102,0.0
GA,2040,52,17,102,0.0
GA,2040,52,18,102,0.0
GA,2040,52,19,102,0.0
GA,2040,52,20,102,0.0
GA,2040,52,21,102,0.0
GA,2040,52,22,102,0.0
GA,2040,52,23,102,0.0
GA,2040,52,24,102,0.0
GA,2040,52,25,102,0.0
GA,2040,52,26,102,0.0
GA,2040,52,27,102,0.0
GA,2040,52,28,102,0.0
GA,2040,52,29,102,0.0
GA,2040,52,30,102,0.0
GA,2040,52,31,102,0.0
GA,2040,52,32,102,0.0
GA,2040,52,33,102,0.0
GA,2040,52,34,102,0.0
GA,2040,52,35,102,0.0
GA,2040,52,36,102,0.0
GA,2040,52,37,102,0.0
GA,2040,52,38,102,0.0
GA,2040,52,39,102,0.0
GA,2040,52,40,102,0.0
GA,2040,52,41,102,0.0
GA,2040,52,42,102,0.0
GA,2040,52,43,102,0.0
GA,2040,52,44,102,0.0
GA,2040,52,45,102,0.0
GA,2040,52,46,102,0.0
GA,2040,52,47,102,0.0
GA,2040,52,48,102,0.0
GA,2040,52,49,102,0.0
GA,2040,52,50,102,0.0
GA,2040,52,51,102,0.0
GA,2040,52,52,102,0.0
GA,2040,52,53,102,0.0
GA,2040,52,54,102,0.0
GA,2040,52,55,102,0.0
GA,2040,52,56,102,0.0
GA,2040,52,57,102,0.0
GA,2040,52,58,102,0.0
GA,2040,52,59,102,0.0
GA,2040,52,60,102,0.0
GA,2040,52,61,102,0.0
GA,2040,52,62,102,0.0
GA,2040,52,63,102,0.0
GA,2040,52,64,102,0.0
GA,2040,52,65,102,0.0
GA,2040,52,66,102,0.0
GA,2040,52,67,102,0.0
GA,2040,52,68,102,0.0
GA,2040,52,69,102,0.0
GA,2040,52,70,102,0.0
GA,2040,52,71,102,0.0
GA,2040,52,72,102,0.0
GA,2040,52,73,102,0.0
GA,2040,52,74,102,0.0
GA,2040,52,75,102,0.0
GA,2040,52,76,102,0.0
GA,2040,52,77,102,0.0
GA,2040,52,78,102,0.0
GA,2040,52,79,102,0.0
GA,2040,52,80,102,0.0
GA,2040,52,81,102,0.0
GA,2040,52,82,102,0.0
GA,2040,52,83,102,0.0
GA,2040,52,84,102,0.0
GA,2040,52,85,102,0.0
GA,2040,52,86,102,0.0
GA,2040,52,87,102,0.0
GA,2040,52,88,102,0.0
GA,2040,52,89,102,0.0
GA,2040,52,90,102,0.0
GA,2040,52,91,102,0.0
GA,2040,52,92,102,0.0
GA,2040,52,93,102,0.0
GA,2040,52,94,102,0.0
GA,2040,52,95,102,0.0
GA,2040,52,96,102,0.0
GA,2040,52,97,102,0.0
GA,2040,52,98,102,0.0
GA,2040,52,99,102,0.0
GA,2040,52,100,102,0.0
GA,2040,52,101,102,0.0
GA,2040,52,102,102,0.0
GA,2040,52,103,102,0.0
GA,2040,52,104,102,0.0
GA,2040,52,105,102,0.0
GA,2040,52,106,102,0.0
GA,2040,52,107,102,0.0
GA,2040,52,108,102,0.0
GA,2040,52,109,102,0.0
GA,2040,52,110,102,0.0
GA,2040,52,111,102,0.0
GA,2040,52,112,102,0.0
GA,2040,52,113,102,0.0
GA,2040,52,114,102,0.0
GA,2040,52,115,102,0.0
GA,2040,52,116,102,0.0
GA,2040,52,117,102,0.0
GA,2040,52,118,102,0.0
GA,2040,52,119,102,0.0
GA,2040,52,120,102,0.0
GA,2040,52,121,102,0.0
GA,2040,52,122,102,0.0
GA,2040,52,123,102,0.0
GA,2040,52,124,102,0.0
GA,2040,52,125,102,0.0
GA,2040,52,126,102,0.0
GA,2040,52,127,102,0.0
GA,2040,52,128,102,0.0
GA,2040,52,129,102,0.0
GA,2040,52,130,102,0.0
GA,2040,52,131,102,0.0
GA,2040,52,132,102,0.0
GA,2040,52,133,102,0.0
GA,2040,52,134,102,0.0
GA,2040,52,135,102,0.0
GA,2040,52,136,102,0.0
GA,2040,52,137,102,0.0
GA,2040,52,138,102,0.0
GA,2040,52,139,102,0.0
GA,2040,52,140,102,0.0
GA,2040,52,141,102,0.0
GA,2040,52,142,102,0.0
GA,2040,52,143,102,0.0
GA,2040,52,144,102,0.0
GA,2040,52,145,102,0.0
GA,2040,52,146,102,0.0
GA,2040,52,147,102,0.0
GA,2040,52,148,102,0.0
GA,2040,52,149,102,0.0
GA,2040,52,150,102,0.0
GA,2040,52,151,102,0.0
GA,2040,52,152,102,0.0
GA,2040,52,153,102,0.0
GA,2040,52,154,102,0.0
GA,2040,52,155,102,0.0
GA,2040,52,156,102,0.0
GA,2040,52,157,102,0.0
GA,2040,52,158,102,0.0
GA,2040,52,159,102,0.0
GA,2040,52,160,102,0.0
GA,2040,52,161,102,0.0
GA,2040,52,162,102,0.0
GA,2040,52,163,102,0.0
GA,2040,52,164,102,0.0
GA,2040,52,165,102,0.0
GA,2040,52,166,102,0.0
GA,2040,52,167,102,0.0
DE,2040,11,0,102,0.0
DE,2040,11,1,102,0.0
DE,2040,11,2,102,0.0
DE,2040,11,3,102,0.0
DE,2040,11,4,102,0.0
DE,2040,11,5,102,0.0
DE,2040,11,6,102,0.0
DE,2040,11,7,102,0.0
DE,2040,11,8,102,0.0
DE,2040,11,9,102,0.0
DE,2040,11,10,102,0.0
DE,2040,11,11,102,0.0
DE,2040,11,12,102,0.0
DE,2040,11,13,102,0.0
DE,2040,11,14,102,0.0
DE,2040,11,15,102,0.0
DE,2040,11,16,102,0.0
DE,2040,11,17,102,0.0
DE,2040,11,18,102,0.0
DE,2040,11,19,102,0.0
DE,2040,11,20,102,0.0
DE,2040,11,21,102,0.0
DE,2040,11,22,102,0.0
DE,2040,11,23,102,0.0
DE,2040,11,24,102,0.0
DE,2040,11,25,102,0.0
DE,2040,11,26,102,0.0
DE,2040,11,27,102,0.0
DE,2040,11,28,102,0.0
DE,2040,11,29,102,0.0
DE,2040,11,30,102,0.0
DE,2040,11,31,102,0.0
DE,2040,11,32,102,0.0
DE,2040,11,33,102,0.0
DE,2040,11,34,102,0.0
DE,2040,11,35,102,0.0
DE,2040,11,36,102,0.0
DE,2040,11,37,102,0.0
DE,2040,11,38,102,0.0
DE,2040,11,39,102,0.0
DE,2040,11,40,102,0.0
DE,2040,11,41,102,0.0
DE,2040,11,42,102,0.0
DE,2040,11,43,102,0.0
DE,2040,11,44,102,0.0
DE,2040,11,45,102,0.0
DE,2040,11,46,102,0.0
DE,2040,11,47,102,0.0
DE,2040,11,48,102,0.0
DE,2040,11,49,102,0.0
DE,2040,11,50,102,0.0
DE,2040,11,51,102,0.0
DE,2040,11,52,102,0.0
DE,2040,11,53,102,0.0
DE,2040,11,54,102,0.0
DE,2040,11,55,102,0.0
DE,2040,11,56,102,0.0
DE,2040,11,57,102,0.0
DE,2040,11,58,102,0.0
DE,2040,11,59,102,0.0
DE,2040,11,60,102,0.0
DE,2040,11,61,102,0.0
DE,2040,11,62,102,0.0
DE,2040,11,63,102,0.0
DE,2040,11,64,102,0.0
DE,2040,11,65,102,0.0
DE,2040,11,66,102,0.0
DE,2040,11,67,102,0.0
DE,2040,11,68,102,0.0
DE,2040,11,69,102,0.0
DE,2040,11,70,102,0.0
DE,2040,11,71,102,0.0
DE,2040,11,72,102,0.0
DE,2040,11,73,102,0.0
DE,2040,11,74,102,0.0
DE,2040,11,75,102,0.0
DE,2040,11,76,102,0.0
DE,2040,11,77,102,0.0
DE,2040,11,78,102,0.0
DE,2040,11,79,102,0.0
DE,2040,11,80,102,0.0
DE,2040,11,81,102,2.25671031499651e-05
DE,2040,11,82,102,2.25671031499651e-05
DE,2040,11,83,102,0.0
DE,2040,11,84,102,0.0
DE,2040,11,85,102,0.0
DE,2040,11,86,102,0.0
DE,2040,11,87,102,0.0
DE,2040,11,88,102,0.0
DE,2040,11,89,102,0.0
DE,2040,11,90,102,0.0
DE,2040,11,91,102,0.0
DE,2040,11,92,102,0.0
DE,2040,11,93,102,0.0
DE,2040,11,94,102,0.0
DE,2040,11,95,102,0.0
DE,2040,11,96,102,0.0
DE,2040,11,97,102,0.0
DE,2040,11,98,102,0.0
DE,2040,11,99,102,0.0
DE,2040,11,100,102,0.0
DE,2040,11,101,102,0.0
DE,2040,11,102,102,0.0
DE,2040,11,103,102,0.0
DE,2040,11,104,102,0.0
DE,2040,11,105,102,0.0
DE,2040,11,106,102,0.0
DE,2040,11,107,102,0.0
DE,2040,11,108,102,0.0
DE,2040,11,109,102,0.0
DE,2040,11,110,102,0.0
DE,2040,11,111,102,0.0
DE,2040,11,112,102,0.0
DE,2040,11,113,102,0.0
DE,2040,11,114,102,0.0
DE,2040,11,115,102,0.0
DE,2040,11,116,102,0.0
DE,2040,11,117,102,0.0
DE,2040,11,118,102,0.0
DE,2040,11,119,102,0.0
DE,2040,11,120,102,0.0
DE,2040,11,121,102,0.0
DE,2040,11,122,102,0.0
DE,2040,11,123,102,0.0
DE,2040,11,124,102,0.0
DE,2040,11,125,102,0.0
DE,2040,11,126,102,0.0
DE,2040,11,127,102,0.0
DE,2040,11,128,102,0.0
DE,2040,11,129,102,0.0
DE,2040,11,130,102,0.0
DE,2040,11,131,102,0.0
DE,2040,11,132,102,0.0
DE,2040,11,133,102,0.0
DE,2040,11,134,102,0.0
DE,2040,11,135,102,0.0
DE,2040,11,136,102,0.0
DE,2040,11,137,102,0.0
DE,2040,11,138,102,0.0
DE,2040,11,139,102,0.0
DE,2040,11,140,102,0.0
DE,2040,11,141,102,0.0
DE,2040,11,142,102,0.0
DE,2040,11,143,102,0.0
DE,2040,11,144,102,0.0
DE,2040,11,145,102,0.0
DE,2040,11,146,102,0.0
DE,2040,11,147,102,0.0
DE,2040,11,148,102,0.0
DE,2040,11,149,102,0.0
DE,2040,11,150,102,0.0
DE,2040,11,151,102,0.0
DE,2040,11,152,102,0.0
DE,2040,11,153,102,0.0
DE,2040,11,154,102,0.0
DE,2040,11,155,102,0.0
DE,2040,11,156,102,0.0
DE,2040,11,157,102,0.0
DE,2040,11,158,102,0.0
DE,2040,11,159,102,0.0
DE,2040,11,160,102,0.0
DE,2040,11,161,102,0.0
DE,2040,11,162,102,0.0
DE,2040,11,163,102,0.0
DE,2040,11,164,102,0.0
DE,2040,11,165,102,0.0
DE,2040,11,166,102,0.0
DE,2040,11,167,102,0.0
DE,2040,21,0,102,0.0
DE,2040,21,1,102,0.0
DE,2040,21,2,102,0.0
DE,2040,21,3,102,0.0
DE,2040,21,4,102,0.0
DE,2040,21,5,102,0.0
DE,2040,21,6,102,0.0
DE,2040,21,7,102,0.0
DE,2040,21,8,102,0.0
DE,2040,21,9,102,0.0
DE,2040,21,10,102,0.0
DE,2040,21,11,102,0.0
DE,2040,21,12,102,0.0
DE,2040,21,13,102,0.0
DE,2040,21,14,102,0.0
DE,2040,21,15,102,0.0
DE,2040,21,16,102,0.0
DE,2040,21,17,102,0.0
DE,2040,21,18,102,0.0
DE,2040,21,19,102,0.0
DE,2040,21,20,102,0.0
DE,2040,21,21,102,0.0
DE,2040,21,22,102,0.0
DE,2040,21,23,102,0.0
DE,2040,21,24,102,0.0
DE,2040,21,25,102,0.0
DE,2040,21,26,102,0.0
DE,2040,21,27,102,0.0
DE,2040,21,28,102,0.0
DE,2040,21,29,102,0.0
DE,2040,21,30,102,0.0
DE,2040,21,31,102,0.0
DE,2040,21,32,102,0.0
DE,2040,21,33,102,0.0
DE,2040,21,34,102,0.0
DE,2040,21,35,102,0.0
DE,2040,21,36,102,0.0
DE,2040,21,37,102,0.0
DE,2040,21,38,102,0.0
DE,2040,21,39,102,0.0
DE,2040,21,40,102,0.0
DE,2040,21,41,102,0.0
DE,2040,21,42,102,0.0
DE,2040,21,43,102,0.0
DE,2040,21,44,102,0.0
DE,2040,21,45,102,0.0
DE,2040,21,46,102,0.0
DE,2040,21,47,102,0.0
DE,2040,21,48,102,0.0
DE,2040,21,49,102,0.0
DE,2040,21,50,102,0.0
DE,2040,21,51,102,0.0
DE,2040,21,52,102,0.0
DE,2040,21,53,102,0.0
DE,2040,21,54,102,0.0
DE,2040,21,55,102,0.0
DE,2040,21,56,102,0.0
DE,2040,21,57,102,0.0
DE,2040,21,58,102,0.0
DE,2040,21,59,102,0.0
DE,2040,21,60,102,0.0
DE,2040,21,61,102,0.0
DE,2040,21,62,102,0.0
DE,2040,21,63,102,0.0
DE,2040,21,64,102,0.0
DE,2040,21,65,102,0.0
DE,2040,21,66,102,0.0
DE,2040,21,67,102,0.0
DE,2040,21,68,102,0.0
DE,2040,21,69,102,0.0
DE,2040,21,70,102,0.0
DE,2040,21,71,102,0.0
DE,2040,21,72,102,0.0
DE,2040,21,73,102,0.0
DE,2040,21,74,102,0.0
DE,2040,21,75,102,0.0
DE,2040,21,76,102,0.0
DE,2040,21,77,102,0.0
DE,2040,21,78,102,0.0
DE,2040,21,79,102,0.0
DE,2040,21,80,102,0.0
DE,2040,21,81,102,0.0
DE,2040,21,82,102,0.0
DE,2040,21,83,102,0.0
DE,2040,21,84,102,0.0
DE,2040,21,85,102,0.0
DE,2040,21,86,102,0.0
DE,2040,21,87,102,0.0
DE,2040,21,88,102,0.0
DE,2040,21,89,102,0.0
DE,2040,21,90,102,0.0
DE,2040,21,91,102,0.0
DE,2040,21,92,102,0.0
DE,2040,21,93,102,0.0
DE,2040,21,94,102,0.0
DE,2040,21,95,102,0.0
DE,2040,21,96,102,0.0
DE,2040,21,97,102,0.0
DE,2040,21,98,102,0.0
DE,2040,21,99,102,0.0
DE,2040,21,100,102,0.0
DE,2040,21,101,102,0.0
DE,2040,21,102,102,0.0
DE,2040,21,103,102,0.0
DE,2040,21,104,102,0.0
DE,2040,21,105,102,0.0
DE,2040,21,106,102,0.0
DE,2040,21,107,102,0.0
DE,2040,21,108,102,0.0
DE,2040,21,109,102,0.0
DE,2040,21,110,102,0.0
DE,2040,21,111,102,0.0
DE,2040,21,112,102,0.0
DE,2040,21,113,102,0.0
DE,2040,21,114,102,0.0
DE,2040,21,115,102,0.0
DE,2040,21,116,102,0.0
DE,2040,21,117,102,0.0
DE,2040,21,118,102,0.0
DE,2040,21,119,102,0.0
DE,2040,21,120,102,0.0
DE,2040,21,121,102,0.0
DE,2040,21,122,102,0.0
DE,2040,21,123,102,0.0
DE,2040,21,124,102,0.0
DE,2040,21,125,102,0.0
DE,2040,21,126,102,0.0
DE,2040,21,127,102,0.0
DE,2040,21,128,102,0.0
DE,2040,21,129,102,0.0
DE,2040,21,130,102,0.0
DE,2040,21,131,102,0.0
DE,2040,21,132,102,0.0
DE,2040,21,133,102,0.0
DE,2040,21,134,102,0.0
DE,2040,21,135,102,0.0
DE,2040,21,136,102,0.0
DE,2040,21,137,102,0.0
DE,2040,21,138,102,0.0
DE,2040,21,139,102,0.0
DE,2040,21,140,102,0.0
DE,2040,21,141,102,0.0
DE,2040,21,142,102,0.0
DE,2040,21,143,102,0.0
DE,2040,21,144,102,0.0
DE,2040,21,145,102,0.0
DE,2040,21,146,102,0.0
DE,2040,21,147,102,0.0
DE,2040,21,148,102,0.0
DE,2040,21,149,102,0.0
DE,2040,21,150,102,0.0
DE,2040,21,151,102,0.0
DE,2040,21,152,102,0.0
DE,2040,21,153,102,0.0
DE,2040,21,154,102,0.0
DE,2040,21,155,102,0.0
DE,2040,21,156,102,0.0
DE,2040,21,157,102,0.0
DE,2040,21,158,102,0.0
DE,2040,21,159,102,0.0
DE,2040,21,160,102,0.0
DE,2040,21,161,102,0.0
DE,2040,21,162,102,0.0
DE,2040,21,163,102,0.0
DE,2040,21,164,102,0.0
DE,2040,21,165,102,0.0
DE,2040,21,166,102,0.0
DE,2040,21,167,102,0.0
DE,2040,42,0,102,0.0
DE,2040,42,1,102,0.0
DE,2040,42,2,102,0.0
DE,2040,42,3,102,0.0
DE,2040,42,4,102,0.0
DE,2040,42,5,102,0.0
DE,2040,42,6,102,0.0
DE,2040,42,7,102,0.0
DE,2040,42,8,102,0.0
DE,2040,42,9,102,0.0
DE,2040,42,10,102,0.0
DE,2040,42,11,102,0.0
DE,2040,42,12,102,0.0
DE,2040,42,13,102,0.0
DE,2040,42,14,102,0.0
DE,2040,42,15,102,0.0
DE,2040,42,16,102,0.0
DE,2040,42,17,102,0.0
DE,2040,42,18,102,0.0
DE,2040,42,19,102,0.0
DE,2040,42,20,102,0.0
DE,2040,42,21,102,0.0
DE,2040,42,22,102,0.0
DE,2040,42,23,102,0.0
DE,2040,42,24,102,0.0
DE,2040,42,25,102,0.0
DE,2040,42,26,102,0.0
DE,2040,42,27,102,0.0
DE,2040,42,28,102,0.0
DE,2040,42,29,102,0.0
DE,2040,42,30,102,0.0
DE,2040,42,31,102,0.0
DE,2040,42,32,102,0.0
DE,2040,42,33,102,0.0
DE,2040,42,34,102,0.0
DE,2040,42,35,102,0.0
DE,2040,42,36,102,0.0
DE,2040,42,37,102,0.0
DE,2040,42,38,102,0.0
DE,2040,42,39,102,0.0
DE,2040,42,40,102,0.0
DE,2040,42,41,102,0.0
DE,2040,42,42,102,0.0
DE,2040,42,43,102,0.0
DE,2040,42,44,102,0.0
DE,2040,42,45,102,0.0
DE,2040,42,46,102,0.0
DE,2040,42,47,102,0.0
DE,2040,42,48,102,0.0
DE,2040,42,49,102,0.0
DE,2040,42,50,102,0.0
DE,2040,42,51,102,0.0
DE,2040,42,52,102,0.0
DE,2040,42,53,102,0.0
DE,2040,42,54,102,0.0
DE,2040,42,55,102,0.0
DE,2040,42,56,102,0.0
DE,2040,42,57,102,0.0
DE,2040,42,58,102,0.0
DE,2040,42,59,102,0.0
DE,2040,42,60,102,0.0
DE,2040,42,61,102,0.0
DE,2040,42,62,102,0.0
DE,2040,42,63,102,0.0
DE,2040,42,64,102,0.0
DE,2040,42,65,102,0.0
DE,2040,42,66,102,0.0
DE,2040,42,67,102,0.0
DE,2040,42,68,102,0.0
DE,2040,42,69,102,0.0
DE,2040,42,70,102,0.0
DE,2040,42,71,102,0.0
DE,2040,42,72,102,0.0
DE,2040,42,73,102,0.0
DE,2040,42,74,102,0.0
DE,2040,42,75,102,0.0
DE,2040,42,76,102,0.0
DE,2040,42,77,102,0.0
DE,2040,42,78,102,0.0
DE,2040,42,79,102,0.0
DE,2040,42,80,102,0.0
DE,2040,42,81,102,0.0
DE,2040,42,82,102,0.0
DE,2040,42,83,102,0.0
DE,2040,42,84,102,0.0
DE,2040,42,85,102,0.0
DE,2040,42,86,102,0.0
DE,2040,42,87,102,0.0
DE,2040,42,88,102,0.0
DE,2040,42,89,102,0.0
DE,2040,42,90,102,0.0
DE,2040,42,91,102,0.0
DE,2040,42,92,102,0.0
DE,2040,42,93,102,0.0
DE,2040,42,94,102,0.0
DE,2040,42,95,102,0.0
DE,2040,42,96,102,0.0
DE,2040,42,97,102,0.0
DE,2040,42,98,102,0.0
DE,2040,42,99,102,0.0
DE,2040,42,100,102,0.0
DE,2040,42,101,102,0.0
DE,2040,42,102,102,0.0
DE,2040,42,103,102,0.0
DE,2040,42,104,102,0.0
DE,2040,42,105,102,0.0
DE,2040,42,106,102,0.0
DE,2040,42,107,102,0.0
DE,2040,42,108,102,0.0
DE,2040,42,109,102,0.0
DE,2040,42,110,102,0.0
DE,2040,42,111,102,0.0
DE,2040,42,112,102,0.0
DE,2040,42,113,102,0.0
DE,2040,42,114,102,0.0
DE,2040,42,115,102,0.0
DE,2040,42,116,102,0.0
DE,2040,42,117,102,0.0
DE,2040,42,118,102,0.0
DE,2040,42,119,102,0.0
DE,2040,42,120,102,0.0
DE,2040,42,121,102,0.0
DE,2040,42,122,102,0.0
DE,2040,42,123,102,0.0
DE,2040,42,124,102,0.0
DE,2040,42,125,102,0.0
DE,2040,42,126,102,0.0
DE,2040,42,127,102,0.0
DE,2040,42,128,102,0.0
DE,2040,42,129,102,0.0
DE,2040,42,130,102,0.0
DE,2040,42,131,102,0.0
DE,2040,42,132,102,0.0
DE,2040,42,133,102,0.0
DE,2040,42,134,102,0.0
DE,2040,42,135,102,0.0
DE,2040,42,136,102,0.0
DE,2040,42,137,102,0.0
DE,2040,42,138,102,0.0
DE,2040,42,139,102,0.0
DE,2040,42,140,102,0.0
DE,2040,42,141,102,0.0
DE,2040,42,142,102,0.0
DE,2040,42,143,102,0.0
DE,2040,42,144,102,0.0
DE,2040,42,145,102,0.0
DE,2040,42,146,102,0.0
DE,2040,42,147,102,0.0
DE,2040,42,148,102,0.0
DE,2040,42,149,102,0.0
DE,2040,42,150,102,0.0
DE,2040,42,151,102,0.0
DE,2040,42,152,102,0.0
DE,2040,42,153,102,0.0
DE,2040,42,154,102,0.0
DE,2040,42,155,102,0.0
DE,2040,42,156,102,0.0
DE,2040,42,157,102,0.0
DE,2040,42,158,102,0.0
DE,2040,42,159,102,0.0
DE,2040,42,160,102,0.0
DE,2040,42,161,102,0.0
DE,2040,42,162,102,0.0
DE,2040,42,163,102,0.0
DE,2040,42,164,102,0.0
DE,2040,42,165,102,0.0
DE,2040,42,166,102,0.0
DE,2040,42,167,102,0.0
DE,2040,52,0,102,0.0
DE,2040,52,1,102,0.0
DE,2040,52,2,102,0.0
DE,2040,52,3,102,0.0
DE,2040,52,4,102,0.0
DE,2040,52,5,102,0.0
DE,2040,52,6,102,0.0
DE,2040,52,7,102,0.0
DE,2040,52,8,102,0.0
DE,2040,52,9,102,0.0
DE,2040,52,10,102,0.0
DE,2040,52,11,102,0.0
DE,2040,52,12,102,0.0
DE,2040,52,13,102,0.0
DE,2040,52,14,102,0.0
DE,2040,52,15,102,0.0
DE,2040,52,16,102,0.0
DE,2040,52,17,102,0.0
DE,2040,52,18,102,0.0
DE,2040,52,19,102,0.0
DE,2040,52,20,102,0.0
DE,2040,52,21,102,0.0
DE,2040,52,22,102,0.0
DE,2040,52,23,102,0.0
DE,2040,52,24,102,0.0
DE,2040,52,25,102,0.0
DE,2040,52,26,102,0.0
DE,2040,52,27,102,0.0
DE,2040,52,28,102,0.0
DE,2040,52,29,102,0.0
DE,2040,52,30,102,0.0
DE,2040,52,31,102,0.0
DE,2040,52,32,102,0.0
DE,2040,52,33,102,0.0
DE,2040,52,34,102,0.0
DE,2040,52,35,102,0.0
DE,2040,52,36,102,0.0
DE,2040,52,37,102,0.0
DE,2040,52,38,102,0.0
DE,2040,52,39,102,0.0
DE,2040,52,40,102,0.0
DE,2040,52,41,102,0.0
DE,2040,52,42,102,0.0
DE,2040,52,43,102,0.0
DE,2040,52,44,102,0.0
DE,2040,52,45,102,0.0
DE,2040,52,46,102,0.0
DE,2040,52,47,102,0.0
DE,2040,52,48,102,0.0
DE,2040,52,49,102,0.0
DE,2040,52,50,102,0.0
DE,2040,52,51,102,0.0
DE,2040,52,52,102,0.0
DE,2040,52,53,102,0.0
DE,2040,52,54,102,0.0
DE,2040,52,55,102,0.0
DE,2040,52,56,102,0.0
DE,2040,52,57,102,0.0
DE,2040,52,58,102,0.0
DE,2040,52,59,102,0.0
DE,2040,52,60,102,0.0
DE,2040,52,61,102,0.0
DE,2040,52,62,102,0.0
DE,2040,52,63,102,0.0
DE,2040,52,64,102,0.0
DE,2040,52,65,102,0.0
DE,2040,52,66,102,0.0
DE,2040,52,67,102,0.0
DE,2040,52,68,102,0.0
DE,2040,52,69,102,0.0
DE,2040,52,70,102,0.0
DE,2040,52,71,102,0.0
DE,2040,52,72,102,0.0
DE,2040,52,73,102,0.0
DE,2040,52,74,102,0.0
DE,2040,52,75,102,0.0
DE,2040,52,76,102,0.0
DE,2040,52,77,102,0.0
DE,2040,52,78,102,0.0
DE,2040,52,79,102,0.0
DE,2040,52,80,102,0.0
DE,2040,52,81,102,0.0
DE,2040,52,82,102,0.0
DE,2040,52,83,102,1.3647301598312878e-05
DE,2040,52,84,102,0.0
DE,2040,52,85,102,0.0
DE,2040,52,86,102,0.0
DE,2040,52,87,102,0.0
DE,2040,52,88,102,0.0
DE,2040,52,89,102,0.0
DE,2040,52,90,102,0.0
DE,2040,52,91,102,0.0
DE,2040,52,92,102,0.0
DE,2040,52,93,102,0.0
DE,2040,52,94,102,0.0
DE,2040,52,95,102,0.0
DE,2040,52,96,102,0.0
DE,2040,52,97,102,0.0
DE,2040,52,98,102,0.0
DE,2040,52,99,102,0.0
DE,2040,52,100,102,0.0
DE,2040,52,101,102,0.0
DE,2040,52,102,102,0.0
DE,2040,52,103,102,0.0
DE,2040,52,104,102,0.0
DE,2040,52,105,102,0.0
DE,2040,52,106,102,0.0
DE,2040,52,107,102,0.0
DE,2040,52,108,102,0.0
DE,2040,52,109,102,0.0
DE,2040,52,110,102,0.0
DE,2040,52,111,102,0.0
DE,2040,52,112,102,0.0
DE,2040,52,113,102,0.0
DE,2040,52,114,102,0.0
DE,2040,52,115,102,0.0
DE,2040,52,116,102,0.0
DE,2040,52,117,102,0.0
DE,2040,52,118,102,0.0
DE,2040,52,119,102,0.0
DE,2040,52,120,102,0.0
DE,2040,52,121,102,0.0
DE,2040,52,122,102,0.0
DE,2040,52,123,102,0.0
DE,2040,52,124,102,0.0
DE,2040,52,125,102,0.0
DE,2040,52,126,102,0.0
DE,2040,52,127,102,0.0
DE,2040,52,128,102,0.0
DE,2040,52,129,102,0.0
DE,2040,52,130,102,0.0
DE,2040,52,131,102,0.0
DE,2040,52,132,102,0.0
DE,2040,52,133,102,0.0
DE,2040,52,134,102,0.0
DE,2040,52,135,102,0.0
DE,2040,52,136,102,0.0
DE,2040,52,137,102,0.0
DE,2040,52,138,102,0.0
DE,2040,52,139,102,0.0
DE,2040,52,140,102,0.0
DE,2040,52,141,102,0.0
DE,2040,52,142,102,0.0
DE,2040,52,143,102,0.0
DE,2040,52,144,102,0.0
DE,2040,52,145,102,0.0
DE,2040,52,146,102,0.0
DE,2040,52,147,102,0.0
DE,2040,52,148,102,0.0
DE,2040,52,149,102,0.0
DE,2040,52,150,102,0.0
DE,2040,52,151,102,0.0
DE,2040,52,152,102,0.0
DE,2040,52,153,102,0.0
DE,2040,52,154,102,0.0
DE,2040,52,155,102,0.0
DE,2040,52,156,102,0.0
DE,2040,52,157,102,0.0
DE,2040,52,158,102,0.0
DE,2040,52,159,102,0.0
DE,2040,52,160,102,0.0
DE,2040,52,161,102,0.0
DE,2040,52,162,102,0.0
DE,2040,52,163,102,0.0
DE,2040,52,164,102,0.0
DE,2040,52,165,102,0.0
DE,2040,52,166,102,0.0
DE,2040,52,167,102,0.0
GA,2050,11,0,102,0.0
GA,2050,11,1,102,0.0
GA,2050,11,2,102,0.0
GA,2050,11,3,102,0.0
GA,2050,11,4,102,0.0
GA,2050,11,5,102,0.0
GA,2050,11,6,102,0.0
GA,2050,11,7,102,0.0
GA,2050,11,8,102,0.0
GA,2050,11,9,102,0.0
GA,2050,11,10,102,0.0
GA,2050,11,11,102,0.0
GA,2050,11,12,102,0.0
GA,2050,11,13,102,0.0
GA,2050,11,14,102,0.0
GA,2050,11,15,102,0.0
GA,2050,11,16,102,0.0
GA,2050,11,17,102,0.0
GA,2050,11,18,102,0.0
GA,2050,11,19,102,0.0
GA,2050,11,20,102,0.0
GA,2050,11,21,102,0.0
GA,2050,11,22,102,0.0
GA,2050,11,23,102,0.0
GA,2050,11,24,102,0.0
GA,2050,11,25,102,0.0
GA,2050,11,26,102,0.0
GA,2050,11,27,102,0.0
GA,2050,11,28,102,0.0
GA,2050,11,29,102,0.0
GA,2050,11,30,102,0.0
GA,2050,11,31,102,0.0
GA,2050,11,32,102,0.0
GA,2050,11,33,102,0.0
GA,2050,11,34,102,0.0
GA,2050,11,35,102,0.0
GA,2050,11,36,102,0.0
GA,2050,11,37,102,0.0
GA,2050,11,38,102,0.0
GA,2050,11,39,102,0.0
GA,2050,11,40,102,0.0
GA,2050,11,41,102,0.0
GA,2050,11,42,102,0.0
GA,2050,11,43,102,0.0
GA,2050,11,44,102,0.0
GA,2050,11,45,102,0.0
GA,2050,11,46,102,0.0
GA,2050,11,47,102,0.0
GA,2050,11,48,102,0.0
GA,2050,11,49,102,0.0
GA,2050,11,50,102,0.0
GA,2050,11,51,102,0.0
GA,2050,11,52,102,0.0
GA,2050,11,53,102,0.0
GA,2050,11,54,102,0.0
GA,2050,11,55,102,0.0
GA,2050,11,56,102,0.0
GA,2050,11,57,102,0.0
GA,2050,11,58,102,0.0
GA,2050,11,59,102,0.0
GA,2050,11,60,102,0.0
GA,2050,11,61,102,0.0
GA,2050,11,62,102,0.0
GA,2050,11,63,102,0.0
GA,2050,11,64,102,0.0
GA,2050,11,65,102,0.0
GA,2050,11,66,102,0.0
GA,2050,11,67,102,0.0
GA,2050,11,68,102,0.0
GA,2050,11,69,102,0.0
GA,2050,11,70,102,0.0
GA,2050,11,71,102,0.0
GA,2050,11,72,102,0.0
GA,2050,11,73,102,0.0
GA,2050,11,74,102,0.0
GA,2050,11,75,102,0.0
GA,2050,11,76,102,0.0
GA,2050,11,77,102,0.0
GA,2050,11,78,102,0.0
GA,2050,11,79,102,0.0
GA,2050,11,80,102,0.0
GA,2050,11,81,102,3.385065472494712e-05
GA,2050,11,82,102,0.0
GA,2050,11,83,102,0.0
GA,2050,11,84,102,0.0
GA,2050,11,85,102,0.0
GA,2050,11,86,102,0.0
GA,2050,11,87,102,0.0
GA,2050,11,88,102,0.0
GA,2050,11,89,102,0.0
GA,2050,11,90,102,0.0
GA,2050,11,91,102,0.0
GA,2050,11,92,102,0.0
GA,2050,11,93,102,0.0
GA,2050,11,94,102,0.0
GA,2050,11,95,102,0.0
GA,2050,11,96,102,0.0
GA,2050,11,97,102,0.0
GA,2050,11,98,102,0.0
GA,2050,11,99,102,0.0
GA,2050,11,100,102,0.0
GA,2050,11,101,102,0.0
GA,2050,11,102,102,0.0
GA,2050,11,103,102,0.0
GA,2050,11,104,102,0.0
GA,2050,11,105,102,0.0
GA,2050,11,106,102,0.0
GA,2050,11,107,102,0.0
GA,2050,11,108,102,0.0
GA,2050,11,109,102,0.0
GA,2050,11,110,102,0.0
GA,2050,11,111,102,0.0
GA,2050,11,112,102,0.0
GA,2050,11,113,102,0.0
GA,2050,11,114,102,0.0
GA,2050,11,115,102,0.0
GA,2050,11,116,102,0.0
GA,2050,11,117,102,0.0
GA,2050,11,118,102,0.0
GA,2050,11,119,102,0.0
GA,2050,11,120,102,0.0
GA,2050,11,121,102,0.0
GA,2050,11,122,102,0.0
GA,2050,11,123,102,0.0
GA,2050,11,124,102,0.0
GA,2050,11,125,102,0.0
GA,2050,11,126,102,0.0
GA,2050,11,127,102,0.0
GA,2050,11,128,102,0.0
GA,2050,11,129,102,0.0
GA,2050,11,130,102,0.0
GA,2050,11,131,102,0.0
GA,2050,11,132,102,0.0
GA,2050,11,133,102,0.0
GA,2050,11,134,102,0.0
GA,2050,11,135,102,0.0
GA,2050,11,136,102,0.0
GA,2050,11,137,102,0.0
GA,2050,11,138,102,0.0
GA,2050,11,139,102,0.0
GA,2050,11,140,102,0.0
GA,2050,11,141,102,0.0
GA,2050,11,142,102,0.0
GA,2050,11,143,102,0.0
GA,2050,11,144,102,0.0
GA,2050,11,145,102,0.0
GA,2050,11,146,102,0.0
GA,2050,11,147,102,0.0
GA,2050,11,148,102,0.0
GA,2050,11,149,102,0.0
GA,2050,11,150,102,0.0
GA,2050,11,151,102,0.0
GA,2050,11,152,102,0.0
GA,2050,11,153,102,0.0
GA,2050,11,154,102,0.0
GA,2050,11,155,102,0.0
GA,2050,11,156,102,0.0
GA,2050,11,157,102,0.0
GA,2050,11,158,102,0.0
GA,2050,11,159,102,0.0
GA,2050,11,160,102,0.0
GA,2050,11,161,102,0.0
GA,2050,11,162,102,0.0
GA,2050,11,163,102,0.0
GA,2050,11,164,102,0.0
GA,2050,11,165,102,0.0
GA,2050,11,166,102,0.0
GA,2050,11,167,102,0.0
GA,2050,21,0,102,0.0
GA,2050,21,1,102,0.0
GA,2050,21,2,102,0.0
GA,2050,21,3,102,0.0
GA,2050,21,4,102,0.0
GA,2050,21,5,102,0.0
GA,2050,21,6,102,0.0
GA,2050,21,7,102,0.0
GA,2050,21,8,102,0.0
GA,2050,21,9,102,0.0
GA,2050,21,10,102,0.0
GA,2050,21,11,102,0.0
GA,2050,21,12,102,0.0
GA,2050,21,13,102,0.0
GA,2050,21,14,102,0.0
GA,2050,21,15,102,0.0
GA,2050,21,16,102,0.0
GA,2050,21,17,102,0.0
GA,2050,21,18,102,0.0
GA,2050,21,19,102,0.0
GA,2050,21,20,102,0.0
GA,2050,21,21,102,0.0
GA,2050,21,22,102,0.0
GA,2050,21,23,102,0.0
GA,2050,21,24,102,0.0
GA,2050,21,25,102,0.0
GA,2050,21,26,102,0.0
GA,2050,21,27,102,0.0
GA,2050,21,28,102,0.0
GA,2050,21,29,102,0.0
GA,2050,21,30,102,0.0
GA,2050,21,31,102,0.0
GA,2050,21,32,102,0.0
GA,2050,21,33,102,0.0
GA,2050,21,34,102,0.0
GA,2050,21,35,102,0.0
GA,2050,21,36,102,0.0
GA,2050,21,37,102,0.0
GA,2050,21,38,102,0.0
GA,2050,21,39,102,0.0
GA,2050,21,40,102,0.0
GA,2050,21,41,102,0.0
GA,2050,21,42,102,0.0
GA,2050,21,43,102,0.0
GA,2050,21,44,102,0.0
GA,2050,21,45,102,0.0
GA,2050,21,46,102,0.0
GA,2050,21,47,102,0.0
GA,2050,21,48,102,0.0
GA,2050,21,49,102,0.0
GA,2050,21,50,102,0.0
GA,2050,21,51,102,0.0
GA,2050,21,52,102,0.0
GA,2050,21,53,102,0.0
GA,2050,21,54,102,0.0
GA,2050,21,55,102,0.0
GA,2050,21,56,102,0.0
GA,2050,21,57,102,0.0
GA,2050,21,58,102,0.0
GA,2050,21,59,102,0.0
GA,2050,21,60,102,0.0
GA,2050,21,61,102,0.0
GA,2050,21,62,102,0.0
GA,2050,21,63,102,0.0
GA,2050,21,64,102,0.0
GA,2050,21,65,102,0.0
GA,2050,21,66,102,0.0
GA,2050,21,67,102,0.0
GA,2050,21,68,102,0.0
GA,2050,21,69,102,0.0
GA,2050,21,70,102,0.0
GA,2050,21,71,102,0.0
GA,2050,21,72,102,0.0
GA,2050,21,73,102,0.0
GA,2050,21,74,102,0.0
GA,2050,21,75,102,0.0
GA,2050,21,76,102,0.0
GA,2050,21,77,102,0.0
GA,2050,21,78,102,0.0
GA,2050,21,79,102,0.0
GA,2050,21,80,102,0.0
GA,2050,21,81,102,0.0
GA,2050,21,82,102,0.0
GA,2050,21,83,102,0.0
GA,2050,21,84,102,0.0
GA,2050,21,85,102,0.0
GA,2050,21,86,102,0.0
GA,2050,21,87,102,0.0
GA,2050,21,88,102,0.0
GA,2050,21,89,102,0.0
GA,2050,21,90,102,0.0
GA,2050,21,91,102,0.0
GA,2050,21,92,102,0.0
GA,2050,21,93,102,0.0
GA,2050,21,94,102,0.0
GA,2050,21,95,102,0.0
GA,2050,21,96,102,0.0
GA,2050,21,97,102,0.0
GA,2050,21,98,102,0.0
GA,2050,21,99,102,0.0
GA,2050,21,100,102,0.0
GA,2050,21,101,102,0.0
GA,2050,21,102,102,0.0
GA,2050,21,103,102,0.0
GA,2050,21,104,102,0.0
GA,2050,21,105,102,0.0
GA,2050,21,106,102,0.0
GA,2050,21,107,102,0.0
GA,2050,21,108,102,0.0
GA,2050,21,109,102,0.0
GA,2050,21,110,102,0.0
GA,2050,21,111,102,0.0
GA,2050,21,112,102,0.0
GA,2050,21,113,102,0.0
GA,2050,21,114,102,0.0
GA,2050,21,115,102,0.0
GA,2050,21,116,102,0.0
GA,2050,21,117,102,0.0
GA,2050,21,118,102,0.0
GA,2050,21,119,102,0.0
GA,2050,21,120,102,0.0
GA,2050,21,121,102,0.0
GA,2050,21,122,102,0.0
GA,2050,21,123,102,0.0
GA,2050,21,124,102,0.0
GA,2050,21,125,102,0.0
GA,2050,21,126,102,0.0
GA,2050,21,127,102,0.0
GA,2050,21,128,102,0.0
GA,2050,21,129,102,0.0
GA,2050,21,130,102,0.0
GA,2050,21,131,102,0.0
GA,2050,21,132,102,0.0
GA,2050,21,133,102,0.0
GA,2050,21,134,102,0.0
GA,2050,21,135,102,0.0
GA,2050,21,136,102,0.0
GA,2050,21,137,102,0.0
GA,2050,21,138,102,0.0
GA,2050,21,139,102,0.0
GA,2050,21,140,102,0.0
GA,2050,21,141,102,0.0
GA,2050,21,142,102,0.0
GA,2050,21,143,102,0.0
GA,2050,21,144,102,0.0
GA,2050,21,145,102,0.0
GA,2050,21,146,102,0.0
GA,2050,21,147,102,0.0
GA,2050,21,148,102,0.0
GA,2050,21,149,102,0.0
GA,2050,21,150,102,0.0
GA,2050,21,151,102,0.0
GA,2050,21,152,102,0.0
GA,2050,21,153,102,0.0
GA,2050,21,154,102,0.0
GA,2050,21,155,102,0.0
GA,2050,21,156,102,0.0
GA,2050,21,157,102,0.0
GA,2050,21,158,102,0.0
GA,2050,21,159,102,0.0
GA,2050,21,160,102,0.0
GA,2050,21,161,102,0.0
GA,2050,21,162,102,0.0
GA,2050,21,163,102,0.0
GA,2050,21,164,102,0.0
GA,2050,21,165,102,0.0
GA,2050,21,166,102,0.0
GA,2050,21,167,102,0.0
GA,2050,42,0,102,0.0
GA,2050,42,1,102,0.0
GA,2050,42,2,102,0.0
GA,2050,42,3,102,0.0
GA,2050,42,4,102,0.0
GA,2050,42,5,102,0.0
GA,2050,42,6,102,0.0
GA,2050,42,7,102,0.0
GA,2050,42,8,102,0.0
GA,2050,42,9,102,0.0
GA,2050,42,10,102,0.0
GA,2050,42,11,102,0.0
GA,2050,42,12,102,0.0
GA,2050,42,13,102,0.0
GA,2050,42,14,102,0.0
GA,2050,42,15,102,0.0
GA,2050,42,16,102,0.0
GA,2050,42,17,102,0.0
GA,2050,42,18,102,0.0
GA,2050,42,19,102,0.0
GA,2050,42,20,102,0.0
GA,2050,42,21,102,0.0
GA,2050,42,22,102,0.0
GA,2050,42,23,102,0.0
GA,2050,42,24,102,0.0
GA,2050,42,25,102,0.0
GA,2050,42,26,102,0.0
GA,2050,42,27,102,0.0
GA,2050,42,28,102,0.0
GA,2050,42,29,102,0.0
GA,2050,42,30,102,0.0
GA,2050,42,31,102,0.0
GA,2050,42,32,102,0.0
GA,2050,42,33,102,0.0
GA,2050,42,34,102,0.0
GA,2050,42,35,102,0.0
GA,2050,42,36,102,0.0
GA,2050,42,37,102,0.0
GA,2050,42,38,102,0.0
GA,2050,42,39,102,0.0
GA,2050,42,40,102,0.0
GA,2050,42,41,102,0.0
GA,2050,42,42,102,0.0
GA,2050,42,43,102,0.0
GA,2050,42,44,102,0.0
GA,2050,42,45,102,0.0
GA,2050,42,46,102,0.0
GA,2050,42,47,102,0.0
GA,2050,42,48,102,0.0
GA,2050,42,49,102,0.0
GA,2050,42,50,102,0.0
GA,2050,42,51,102,0.0
GA,2050,42,52,102,0.0
GA,2050,42,53,102,0.0
GA,2050,42,54,102,0.0
GA,2050,42,55,102,0.0
GA,2050,42,56,102,0.0
GA,2050,42,57,102,0.0
GA,2050,42,58,102,0.0
GA,2050,42,59,102,0.0
GA,2050,42,60,102,0.0
GA,2050,42,61,102,0.0
GA,2050,42,62,102,0.0
GA,2050,42,63,102,0.0
GA,2050,42,64,102,0.0
GA,2050,42,65,102,0.0
GA,2050,42,66,102,0.0
GA,2050,42,67,102,0.0
GA,2050,42,68,102,0.0
GA,2050,42,69,102,0.0
GA,2050,42,70,102,0.0
GA,2050,42,71,102,0.0
GA,2050,42,72,102,0.0
GA,2050,42,73,102,0.0
GA,2050,42,74,102,0.0
GA,2050,42,75,102,0.0
GA,2050,42,76,102,0.0
GA,2050,42,77,102,0.0
GA,2050,42,78,102,0.0
GA,2050,42,79,102,0.0
GA,2050,42,80,102,0.0
GA,2050,42,81,102,0.0
GA,2050,42,82,102,0.0
GA,2050,42,83,102,0.0
GA,2050,42,84,102,0.0
GA,2050,42,85,102,0.0
GA,2050,42,86,102,0.0
GA,2050,42,87,102,0.0
GA,2050,42,88,102,0.0
GA,2050,42,89,102,0.0
GA,2050,42,90,102,0.0
GA,2050,42,91,102,0.0
GA,2050,42,92,102,0.0
GA,2050,42,93,102,0.0
GA,2050,42,94,102,0.0
GA,2050,42,95,102,0.0
GA,2050,42,96,102,0.0
GA,2050,42,97,102,0.0
GA,2050,42,98,102,0.0
GA,2050,42,99,102,0.0
GA,2050,42,100,102,0.0
GA,2050,42,101,102,0.0
GA,2050,42,102,102,0.0
GA,2050,42,103,102,0.0
GA,2050,42,104,102,0.0
GA,2050,42,105,102,0.0
GA,2050,42,106,102,0.0
GA,2050,42,107,102,0.0
GA,2050,42,108,102,0.0
GA,2050,42,109,102,0.0
GA,2050,42,110,102,0.0
GA,2050,42,111,102,0.0
GA,2050,42,112,102,0.0
GA,2050,42,113,102,0.0
GA,2050,42,114,102,0.0
GA,2050,42,115,102,0.0
GA,2050,42,116,102,0.0
GA,2050,42,117,102,0.0
GA,2050,42,118,102,0.0
GA,2050,42,119,102,0.0
GA,2050,42,120,102,0.0
GA,2050,42,121,102,0.0
GA,2050,42,122,102,0.0
GA,2050,42,123,102,0.0
GA,2050,42,124,102,0.0
GA,2050,42,125,102,0.0
GA,2050,42,126,102,0.0
GA,2050,42,127,102,0.0
GA,2050,42,128,102,0.0
GA,2050,42,129,102,0.0
GA,2050,42,130,102,0.0
GA,2050,42,131,102,0.0
GA,2050,42,132,102,0.0
GA,2050,42,133,102,0.0
GA,2050,42,134,102,0.0
GA,2050,42,135,102,0.0
GA,2050,42,136,102,0.0
GA,2050,42,137,102,0.0
GA,2050,42,138,102,0.0
GA,2050,42,139,102,0.0
GA,2050,42,140,102,0.0
GA,2050,42,141,102,0.0
GA,2050,42,142,102,0.0
GA,2050,42,143,102,0.0
GA,2050,42,144,102,0.0
GA,2050,42,145,102,0.0
GA,2050,42,146,102,0.0
GA,2050,42,147,102,0.0
GA,2050,42,148,102,0.0
GA,2050,42,149,102,0.0
GA,2050,42,150,102,0.0
GA,2050,42,151,102,0.0
GA,2050,42,152,102,0.0
GA,2050,42,153,102,0.0
GA,2050,42,154,102,0.0
GA,2050,42,155,102,0.0
GA,2050,42,156,102,0.0
GA,2050,42,157,102,0.0
GA,2050,42,158,102,0.0
GA,2050,42,159,102,0.0
GA,2050,42,160,102,0.0
GA,2050,42,161,102,0.0
GA,2050,42,162,102,0.0
GA,2050,42,163,102,0.0
GA,2050,42,164,102,0.0
GA,2050,42,165,102,0.0
GA,2050,42,166,102,0.0
GA,2050,42,167,102,0.0
GA,2050,52,0,102,0.0
GA,2050,52,1,102,0.0
GA,2050,52,2,102,0.0
GA,2050,52,3,102,0.0
GA,2050,52,4,102,0.0
GA,2050,52,5,102,0.0
GA,2050,52,6,102,0.0
GA,2050,52,7,102,0.0
GA,2050,52,8,102,0.0
GA,2050,52,9,102,0.0
GA,2050,52,10,102,0.0
GA,2050,52,11,102,0.0
GA,2050,52,12,102,0.0
GA,2050,52,13,102,0.0
GA,2050,52,14,102,0.0
GA,2050,52,15,102,0.0
GA,2050,52,16,102,0.0
GA,2050,52,17,102,0.0
GA,2050,52,18,102,0.0
GA,2050,52,19,102,0.0
GA,2050,52,20,102,0.0
GA,2050,52,21,102,0.0
GA,2050,52,22,102,0.0
GA,2050,52,23,102,0.0
GA,2050,52,24,102,0.0
GA,2050,52,25,102,0.0
GA,2050,52,26,102,0.0
GA,2050,52,27,102,0.0
GA,2050,52,28,102,0.0
GA,2050,52,29,102,0.0
GA,2050,52,30,102,0.0
GA,2050,52,31,102,0.0
GA,2050,52,32,102,0.0
GA,2050,52,33,102,0.0
GA,2050,52,34,102,0.0
GA,2050,52,35,102,0.0
GA,2050,52,36,102,0.0
GA,2050,52,37,102,0.0
GA,2050,52,38,102,0.0
GA,2050,52,39,102,0.0
GA,2050,52,40,102,0.0
GA,2050,52,41,102,0.0
GA,2050,52,42,102,0.0
GA,2050,52,43,102,0.0
GA,2050,52,44,102,0.0
GA,2050,52,45,102,0.0
GA,2050,52,46,102,0.0
GA,2050,52,47,102,0.0
GA,2050,52,48,102,0.0
GA,2050,52,49,102,0.0
GA,2050,52,50,102,0.0
GA,2050,52,51,102,0.0
GA,2050,52,52,102,0.0
GA,2050,52,53,102,0.0
GA,2050,52,54,102,0.0
GA,2050,52,55,102,0.0
GA,2050,52,56,102,0.0
GA,2050,52,57,102,0.0
GA,2050,52,58,102,0.0
GA,2050,52,59,102,0.0
GA,2050,52,60,102,0.0
GA,2050,52,61,102,0.0
GA,2050,52,62,102,0.0
GA,2050,52,63,102,0.0
GA,2050,52,64,102,0.0
GA,2050,52,65,102,0.0
GA,2050,52,66,102,0.0
GA,2050,52,67,102,0.0
GA,2050,52,68,102,0.0
GA,2050,52,69,102,0.0
GA,2050,52,70,102,0.0
GA,2050,52,71,102,0.0
GA,2050,52,72,102,0.0
GA,2050,52,73,102,0.0
GA,2050,52,74,102,0.0
GA,2050,52,75,102,0.0
GA,2050,52,76,102,0.0
GA,2050,52,77,102,0.0
GA,2050,52,78,102,0.0
GA,2050,52,79,102,0.0
GA,2050,52,80,102,0.0
GA,2050,52,81,102,0.0
GA,2050,52,82,102,0.0
GA,2050,52,83,102,3.3157730530146366e-05
GA,2050,52,84,102,0.0
GA,2050,52,85,102,0.0
GA,2050,52,86,102,0.0
GA,2050,52,87,102,0.0
GA,2050,52,88,102,0.0
GA,2050,52,89,102,0.0
GA,2050,52,90,102,0.0
GA,2050,52,91,102,0.0
GA,2050,52,92,102,0.0
GA,2050,52,93,102,0.0
GA,2050,52,94,102,0.0
GA,2050,52,95,102,0.0
GA,2050,52,96,102,0.0
GA,2050,52,97,102,0.0
GA,2050,52,98,102,0.0
GA,2050,52,99,102,0.0
GA,2050,52,100,102,0.0
GA,2050,52,101,102,0.0
GA,2050,52,102,102,0.0
GA,2050,52,103,102,0.0
GA,2050,52,104,102,0.0
GA,2050,52,105,102,0.0
GA,2050,52,106,102,0.0
GA,2050,52,107,102,0.0
GA,2050,52,108,102,0.0
GA,2050,52,109,102,0.0
GA,2050,52,110,102,0.0
GA,2050,52,111,102,0.0
GA,2050,52,112,102,0.0
GA,2050,52,113,102,0.0
GA,2050,52,114,102,0.0
GA,2050,52,115,102,0.0
GA,2050,52,116,102,0.0
GA,2050,52,117,102,0.0
GA,2050,52,118,102,0.0
GA,2050,52,119,102,0.0
GA,2050,52,120,102,0.0
GA,2050,52,121,102,0.0
GA,2050,52,122,102,0.0
GA,2050,52,123,102,0.0
GA,2050,52,124,102,0.0
GA,2050,52,125,102,0.0
GA,2050,52,126,102,0.0
GA,2050,52,127,102,0.0
GA,2050,52,128,102,0.0
GA,2050,52,129,102,0.0
GA,2050,52,130,102,0.0
GA,2050,52,131,102,0.0
GA,2050,52,132,102,0.0
GA,2050,52,133,102,0.0
GA,2050,52,134,102,0.0
GA,2050,52,135,102,0.0
GA,2050,52,136,102,0.0
GA,2050,52,137,102,0.0
GA,2050,52,138,102,0.0
GA,2050,52,139,102,0.0
GA,2050,52,140,102,0.0
GA,2050,52,141,102,0.0
GA,2050,52,142,102,0.0
GA,2050,52,143,102,0.0
GA,2050,52,144,102,0.0
GA,2050,52,145,102,0.0
GA,2050,52,146,102,0.0
GA,2050,52,147,102,0.0
GA,2050,52,148,102,0.0
GA,2050,52,149,102,0.0
GA,2050,52,150,102,0.0
GA,2050,52,151,102,0.0
GA,2050,52,152,102,0.0
GA,2050,52,153,102,0.0
GA,2050,52,154,102,0.0
GA,2050,52,155,102,0.0
GA,2050,52,156,102,0.0
GA,2050,52,157,102,0.0
GA,2050,52,158,102,0.0
GA,2050,52,159,102,0.0
GA,2050,52,160,102,0.0
GA,2050,52,161,102,0.0
GA,2050,52,162,102,0.0
GA,2050,52,163,102,0.0
GA,2050,52,164,102,0.0
GA,2050,52,165,102,0.0
GA,2050,52,166,102,0.0
GA,2050,52,167,102,0.0
DE,2050,11,0,102,0.0
DE,2050,11,1,102,0.0
DE,2050,11,2,102,0.0
DE,2050,11,3,102,0.0
DE,2050,11,4,102,0.0
DE,2050,11,5,102,0.0
DE,2050,11,6,102,0.0
DE,2050,11,7,102,0.0
DE,2050,11,8,102,0.0
DE,2050,11,9,102,0.0
DE,2050,11,10,102,0.0
DE,2050,11,11,102,0.0
DE,2050,11,12,102,0.0
DE,2050,11,13,102,0.0
DE,2050,11,14,102,0.0
DE,2050,11,15,102,0.0
DE,2050,11,16,102,0.0
DE,2050,11,17,102,0.0
DE,2050,11,18,102,0.0
DE,2050,11,19,102,0.0
DE,2050,11,20,102,0.0
DE,2050,11,21,102,0.0
DE,2050,11,22,102,0.0
DE,2050,11,23,102,0.0
DE,2050,11,24,102,0.0
DE,2050,11,25,102,0.0
DE,2050,11,26,102,0.0
DE,2050,11,27,102,0.0
DE,2050,11,28,102,0.0
DE,2050,11,29,102,0.0
DE,2050,11,30,102,0.0
DE,2050,11,31,102,0.0
DE,2050,11,32,102,0.0
DE,2050,11,33,102,0.0
DE,2050,11,34,102,0.0
DE,2050,11,35,102,0.0
DE,2050,11,36,102,0.0
DE,2050,11,37,102,0.0
DE,2050,11,38,102,0.0
DE,2050,11,39,102,0.0
DE,2050,11,40,102,0.0
DE,2050,11,41,102,0.0
DE,2050,11,42,102,0.0
DE,2050,11,43,102,0.0
DE,2050,11,44,102,0.0
DE,2050,11,45,102,0.0
DE,2050,11,46,102,0.0
DE,2050,11,47,102,0.0
DE,2050,11,48,102,0.0
DE,2050,11,49,102,0.0
DE,2050,11,50,102,0.0
DE,2050,11,51,102,0.0
DE,2050,11,52,102,0.0
DE,2050,11,53,102,0.0
DE,2050,11,54,102,0.0
DE,2050,11,55,102,0.0
DE,2050,11,56,102,0.0
DE,2050,11,57,102,0.0
DE,2050,11,58,102,0.0
DE,2050,11,59,102,0.0
DE,2050,11,60,102,0.0
DE,2050,11,61,102,0.0
DE,2050,11,62,102,0.0
DE,2050,11,63,102,0.0
DE,2050,11,64,102,0.0
DE,2050,11,65,102,0.0
DE,2050,11,66,102,0.0
DE,2050,11,67,102,0.0
DE,2050,11,68,102,0.0
DE,2050,11,69,102,0.0
DE,2050,11,70,102,0.0
DE,2050,11,71,102,0.0
DE,2050,11,72,102,0.0
DE,2050,11,73,102,0.0
DE,2050,11,74,102,0.0
DE,2050,11,75,102,0.0
DE,2050,11,76,102,0.0
DE,2050,11,77,102,0.0
DE,2050,11,78,102,0.0
DE,2050,11,79,102,0.0
DE,2050,11,80,102,0.0
DE,2050,11,81,102,0.0
DE,2050,11,82,102,3.387315630707316e-05
DE,2050,11,83,102,3.387315630707316e-05
DE,2050,11,84,102,3.3556647578513676e-05
DE,2050,11,85,102,3.324012565521665e-05
DE,2050,11,86,102,3.292359053663276e-05
DE,2050,11,87,102,3.2607042222211595e-05
DE,2050,11,88,102,0.0
DE,2050,11,89,102,0.0
DE,2050,11,90,102,0.0
DE,2050,11,91,102,0.0
DE,2050,11,92,102,0.0
DE,2050,11,93,102,0.0
DE,2050,11,94,102,0.0
DE,2050,11,95,102,0.0
DE,2050,11,96,102,0.0
DE,2050,11,97,102,0.0
DE,2050,11,98,102,0.0
DE,2050,11,99,102,0.0
DE,2050,11,100,102,0.0
DE,2050,11,101,102,0.0
DE,2050,11,102,102,0.0
DE,2050,11,103,102,0.0
DE,2050,11,104,102,0.0
DE,2050,11,105,102,0.0
DE,2050,11,106,102,0.0
DE,2050,11,107,102,0.0
DE,2050,11,108,102,0.0
DE,2050,11,109,102,-1.3081773107692803e-14
DE,2050,11,110,102,0.0
DE,2050,11,111,102,0.0
DE,2050,11,112,102,0.0
DE,2050,11,113,102,0.0
DE,2050,11,114,102,0.0
DE,2050,11,115,102,0.0
DE,2050,11,116,102,0.0
DE,2050,11,117,102,0.0
DE,2050,11,118,102,0.0
DE,2050,11,119,102,0.0
DE,2050,11,120,102,0.0
DE,2050,11,121,102,0.0
DE,2050,11,122,102,0.0
DE,2050,11,123,102,0.0
DE,2050,11,124,102,0.0
DE,2050,11,125,102,0.0
DE,2050,11,126,102,0.0
DE,2050,11,127,102,0.0
DE,2050,11,128,102,0.0
DE,2050,11,129,102,0.0
DE,2050,11,130,102,0.0
DE,2050,11,131,102,0.0
DE,2050,11,132,102,0.0
DE,2050,11,133,102,0.0
DE,2050,11,134,102,0.0
DE,2050,11,135,102,0.0
DE,2050,11,136,102,0.0
DE,2050,11,137,102,0.0
DE,2050,11,138,102,0.0
DE,2050,11,139,102,0.0
DE,2050,11,140,102,0.0
DE,2050,11,141,102,0.0
DE,2050,11,142,102,0.0
DE,2050,11,143,102,0.0
DE,2050,11,144,102,0.0
DE,2050,11,145,102,0.0
DE,2050,11,146,102,0.0
DE,2050,11,147,102,0.0
DE,2050,11,148,102,0.0
DE,2050,11,149,102,0.0
DE,2050,11,150,102,0.0
DE,2050,11,151,102,0.0
DE,2050,11,152,102,0.0
DE,2050,11,153,102,0.0
DE,2050,11,154,102,0.0
DE,2050,11,155,102,0.0
DE,2050,11,156,102,0.0
DE,2050,11,157,102,0.0
DE,2050,11,158,102,0.0
DE,2050,11,159,102,0.0
DE,2050,11,160,102,0.0
DE,2050,11,161,102,0.0
DE,2050,11,162,102,0.0
DE,2050,11,163,102,0.0
DE,2050,11,164,102,0.0
DE,2050,11,165,102,0.0
DE,2050,11,166,102,0.0
DE,2050,11,167,102,0.0
DE,2050,21,0,102,0.0
DE,2050,21,1,102,0.0
DE,2050,21,2,102,0.0
DE,2050,21,3,102,0.0
DE,2050,21,4,102,0.0
DE,2050,21,5,102,0.0
DE,2050,21,6,102,0.0
DE,2050,21,7,102,0.0
DE,2050,21,8,102,0.0
DE,2050,21,9,102,0.0
DE,2050,21,10,102,0.0
DE,2050,21,11,102,0.0
DE,2050,21,12,102,0.0
DE,2050,21,13,102,0.0
DE,2050,21,14,102,0.0
DE,2050,21,15,102,0.0
DE,2050,21,16,102,0.0
DE,2050,21,17,102,0.0
DE,2050,21,18,102,0.0
DE,2050,21,19,102,0.0
DE,2050,21,20,102,0.0
DE,2050,21,21,102,0.0
DE,2050,21,22,102,0.0
DE,2050,21,23,102,0.0
DE,2050,21,24,102,0.0
DE,2050,21,25,102,0.0
DE,2050,21,26,102,0.0
DE,2050,21,27,102,0.0
DE,2050,21,28,102,0.0
DE,2050,21,29,102,0.0
DE,2050,21,30,102,0.0
DE,2050,21,31,102,0.0
DE,2050,21,32,102,0.0
DE,2050,21,33,102,0.0
DE,2050,21,34,102,0.0
DE,2050,21,35,102,0.0
DE,2050,21,36,102,0.0
DE,2050,21,37,102,0.0
DE,2050,21,38,102,0.0
DE,2050,21,39,102,0.0
DE,2050,21,40,102,0.0
DE,2050,21,41,102,0.0
DE,2050,21,42,102,0.0
DE,2050,21,43,102,0.0
DE,2050,21,44,102,0.0
DE,2050,21,45,102,0.0
DE,2050,21,46,102,0.0
DE,2050,21,47,102,0.0
DE,2050,21,48,102,0.0
DE,2050,21,49,102,0.0
DE,2050,21,50,102,0.0
DE,2050,21,51,102,0.0
DE,2050,21,52,102,0.0
DE,2050,21,53,102,0.0
DE,2050,21,54,102,0.0
DE,2050,21,55,102,0.0
DE,2050,21,56,102,0.0
DE,2050,21,57,102,0.0
DE,2050,21,58,102,0.0
DE,2050,21,59,102,0.0
DE,2050,21,60,102,0.0
DE,2050,21,61,102,0.0
DE,2050,21,62,102,0.0
DE,2050,21,63,102,0.0
DE,2050,21,64,102,0.0
DE,2050,21,65,102,0.0
DE,2050,21,66,102,0.0
DE,2050,21,67,102,0.0
DE,2050,21,68,102,0.0
DE,2050,21,69,102,0.0
DE,2050,21,70,102,0.0
DE,2050,21,71,102,0.0
DE,2050,21,72,102,0.0
DE,2050,21,73,102,0.0
DE,2050,21,74,102,0.0
DE,2050,21,75,102,0.0
DE,2050,21,76,102,0.0
DE,2050,21,77,102,0.0
DE,2050,21,78,102,0.0
DE,2050,21,79,102,0.0
DE,2050,21,80,102,0.0
DE,2050,21,81,102,0.0
DE,2050,21,82,102,0.0
DE,2050,21,83,102,0.0
DE,2050,21,84,102,0.0
DE,2050,21,85,102,0.0
DE,2050,21,86,102,0.0
DE,2050,21,87,102,0.0
DE,2050,21,88,102,0.0
DE,2050,21,89,102,0.0
DE,2050,21,90,102,0.0
DE,2050,21,91,102,0.0
DE,2050,21,92,102,0.0
DE,2050,21,93,102,0.0
DE,2050,21,94,102,0.0
DE,2050,21,95,102,0.0
DE,2050,21,96,102,0.0
DE,2050,21,97,102,0.0
DE,2050,21,98,102,0.0
DE,2050,21,99,102,0.0
DE,2050,21,100,102,0.0
DE,2050,21,101,102,0.0
DE,2050,21,102,102,0.0
DE,2050,21,103,102,0.0
DE,2050,21,104,102,0.0
DE,2050,21,105,102,0.0
DE,2050,21,106,102,0.0
DE,2050,21,107,102,0.0
DE,2050,21,108,102,0.0
DE,2050,21,109,102,0.0
DE,2050,21,110,102,0.0
DE,2050,21,111,102,0.0
DE,2050,21,112,102,0.0
DE,2050,21,113,102,0.0
DE,2050,21,114,102,0.0
DE,2050,21,115,102,0.0
DE,2050,21,116,102,0.0
DE,2050,21,117,102,0.0
DE,2050,21,118,102,0.0
DE,2050,21,119,102,0.0
DE,2050,21,120,102,0.0
DE,2050,21,121,102,0.0
DE,2050,21,122,102,0.0
DE,2050,21,123,102,0.0
DE,2050,21,124,102,0.0
DE,2050,21,125,102,0.0
DE,2050,21,126,102,0.0
DE,2050,21,127,102,0.0
DE,2050,21,128,102,0.0
DE,2050,21,129,102,0.0
DE,2050,21,130,102,0.0
DE,2050,21,131,102,0.0
DE,2050,21,132,102,0.0
DE,2050,21,133,102,0.0
DE,2050,21,134,102,0.0
DE,2050,21,135,102,0.0
DE,2050,21,136,102,0.0
DE,2050,21,137,102,0.0
DE,2050,21,138,102,0.0
DE,2050,21,139,102,0.0
DE,2050,21,140,102,0.0
DE,2050,21,141,102,0.0
DE,2050,21,142,102,0.0
DE,2050,21,143,102,0.0
DE,2050,21,144,102,0.0
DE,2050,21,145,102,0.0
DE,2050,21,146,102,0.0
DE,2050,21,147,102,0.0
DE,2050,21,148,102,0.0
DE,2050,21,149,102,0.0
DE,2050,21,150,102,0.0
DE,2050,21,151,102,0.0
DE,2050,21,152,102,0.0
DE,2050,21,153,102,0.0
DE,2050,21,154,102,0.0
DE,2050,21,155,102,0.0
DE,2050,21,156,102,0.0
DE,2050,21,157,102,0.0
DE,2050,21,158,102,0.0
DE,2050,21,159,102,0.0
DE,2050,21,160,102,0.0
DE,2050,21,161,102,0.0
DE,2050,21,162,102,0.0
DE,2050,21,163,102,0.0
DE,2050,21,164,102,0.0
DE,2050,21,165,102,0.0
DE,2050,21,166,102,0.0
DE,2050,21,167,102,0.0
DE,2050,42,0,102,0.0
DE,2050,42,1,102,0.0
DE,2050,42,2,102,0.0
DE,2050,42,3,102,0.0
DE,2050,42,4,102,0.0
DE,2050,42,5,102,0.0
DE,2050,42,6,102,0.0
DE,2050,42,7,102,0.0
DE,2050,42,8,102,0.0
DE,2050,42,9,102,0.0
DE,2050,42,10,102,0.0
DE,2050,42,11,102,0.0
DE,2050,42,12,102,0.0
DE,2050,42,13,102,0.0
DE,2050,42,14,102,0.0
DE,2050,42,15,102,0.0
DE,2050,42,16,102,0.0
DE,2050,42,17,102,0.0
DE,2050,42,18,102,0.0
DE,2050,42,19,102,0.0
DE,2050,42,20,102,0.0
DE,2050,42,21,102,0.0
DE,2050,42,22,102,0.0
DE,2050,42,23,102,0.0
DE,2050,42,24,102,0.0
DE,2050,42,25,102,0.0
DE,2050,42,26,102,0.0
DE,2050,42,27,102,0.0
DE,2050,42,28,102,0.0
DE,2050,42,29,102,0.0
DE,2050,42,30,102,0.0
DE,2050,42,31,102,0.0
DE,2050,42,32,102,0.0
DE,2050,42,33,102,0.0
DE,2050,42,34,102,0.0
DE,2050,42,35,102,0.0
DE,2050,42,36,102,0.0
DE,2050,42,37,102,0.0
DE,2050,42,38,102,0.0
DE,2050,42,39,102,0.0
DE,2050,42,40,102,0.0
DE,2050,42,41,102,0.0
DE,2050,42,42,102,0.0
DE,2050,42,43,102,0.0
DE,2050,42,44,102,0.0
DE,2050,42,45,102,0.0
DE,2050,42,46,102,0.0
DE,2050,42,47,102,0.0
DE,2050,42,48,102,0.0
DE,2050,42,49,102,0.0
DE,2050,42,50,102,0.0
DE,2050,42,51,102,0.0
DE,2050,42,52,102,0.0
DE,2050,42,53,102,0.0
DE,2050,42,54,102,0.0
DE,2050,42,55,102,0.0
DE,2050,42,56,102,0.0
DE,2050,42,57,102,0.0
DE,2050,42,58,102,0.0
DE,2050,42,59,102,0.0
DE,2050,42,60,102,0.0
DE,2050,42,61,102,0.0
DE,2050,42,62,102,0.0
DE,2050,42,63,102,0.0
DE,2050,42,64,102,0.0
DE,2050,42,65,102,0.0
DE,2050,42,66,102,1.7442364143590402e-14
DE,2050,42,67,102,3.052413725128321e-14
DE,2050,42,68,102,0.0
DE,2050,42,69,102,0.0
DE,2050,42,70,102,0.0
DE,2050,42,71,102,0.0
DE,2050,42,72,102,0.0
DE,2050,42,73,102,0.0
DE,2050,42,74,102,0.0
DE,2050,42,75,102,0.0
DE,2050,42,76,102,0.0
DE,2050,42,77,102,0.0
DE,2050,42,78,102,0.0
DE,2050,42,79,102,0.0
DE,2050,42,80,102,0.0
DE,2050,42,81,102,0.0
DE,2050,42,82,102,0.0
DE,2050,42,83,102,0.0
DE,2050,42,84,102,0.0
DE,2050,42,85,102,0.0
DE,2050,42,86,102,0.0
DE,2050,42,87,102,0.0
DE,2050,42,88,102,0.0
DE,2050,42,89,102,0.0
DE,2050,42,90,102,0.0
DE,2050,42,91,102,0.0
DE,2050,42,92,102,0.0
DE,2050,42,93,102,0.0
DE,2050,42,94,102,0.0
DE,2050,42,95,102,0.0
DE,2050,42,96,102,0.0
DE,2050,42,97,102,0.0
DE,2050,42,98,102,0.0
DE,2050,42,99,102,0.0
DE,2050,42,100,102,0.0
DE,2050,42,101,102,0.0
DE,2050,42,102,102,0.0
DE,2050,42,103,102,0.0
DE,2050,42,104,102,0.0
DE,2050,42,105,102,0.0
DE,2050,42,106,102,0.0
DE,2050,42,107,102,0.0
DE,2050,42,108,102,0.0
DE,2050,42,109,102,0.0
DE,2050,42,110,102,0.0
DE,2050,42,111,102,0.0
DE,2050,42,112,102,0.0
DE,2050,42,113,102,0.0
DE,2050,42,114,102,0.0
DE,2050,42,115,102,0.0
DE,2050,42,116,102,0.0
DE,2050,42,117,102,0.0
DE,2050,42,118,102,0.0
DE,2050,42,119,102,0.0
DE,2050,42,120,102,0.0
DE,2050,42,121,102,0.0
DE,2050,42,122,102,0.0
DE,2050,42,123,102,0.0
DE,2050,42,124,102,0.0
DE,2050,42,125,102,0.0
DE,2050,42,126,102,0.0
DE,2050,42,127,102,0.0
DE,2050,42,128,102,0.0
DE,2050,42,129,102,0.0
DE,2050,42,130,102,0.0
DE,2050,42,131,102,0.0
DE,2050,42,132,102,0.0
DE,2050,42,133,102,0.0
DE,2050,42,134,102,0.0
DE,2050,42,135,102,0.0
DE,2050,42,136,102,0.0
DE,2050,42,137,102,0.0
DE,2050,42,138,102,0.0
DE,2050,42,139,102,0.0
DE,2050,42,140,102,0.0
DE,2050,42,141,102,0.0
DE,2050,42,142,102,0.0
DE,2050,42,143,102,0.0
DE,2050,42,144,102,0.0
DE,2050,42,145,102,0.0
DE,2050,42,146,102,0.0
DE,2050,42,147,102,0.0
DE,2050,42,148,102,0.0
DE,2050,42,149,102,0.0
DE,2050,42,150,102,0.0
DE,2050,42,151,102,0.0
DE,2050,42,152,102,0.0
DE,2050,42,153,102,0.0
DE,2050,42,154,102,0.0
DE,2050,42,155,102,0.0
DE,2050,42,156,102,0.0
DE,2050,42,157,102,0.0
DE,2050,42,158,102,0.0
DE,2050,42,159,102,0.0
DE,2050,42,160,102,0.0
DE,2050,42,161,102,0.0
DE,2050,42,162,102,0.0
DE,2050,42,163,102,0.0
DE,2050,42,164,102,0.0
DE,2050,42,165,102,0.0
DE,2050,42,166,102,0.0
DE,2050,42,167,102,0.0
DE,2050,52,0,102,0.0
DE,2050,52,1,102,0.0
DE,2050,52,2,102,0.0
DE,2050,52,3,102,0.0
DE,2050,52,4,102,0.0
DE,2050,52,5,102,0.0
DE,2050,52,6,102,0.0
DE,2050,52,7,102,0.0
DE,2050,52,8,102,0.0
DE,2050,52,9,102,0.0
DE,2050,52,10,102,0.0
DE,2050,52,11,102,0.0
DE,2050,52,12,102,0.0
DE,2050,52,13,102,0.0
DE,2050,52,14,102,0.0
DE,2050,52,15,102,0.0
DE,2050,52,16,102,0.0
DE,2050,52,17,102,0.0
DE,2050,52,18,102,0.0
DE,2050,52,19,102,0.0
DE,2050,52,20,102,0.0
DE,2050,52,21,102,0.0
DE,2050,52,22,102,0.0
DE,2050,52,23,102,0.0
DE,2050,52,24,102,0.0
DE,2050,52,25,102,0.0
DE,2050,52,26,102,0.0
DE,2050,52,27,102,0.0
DE,2050,52,28,102,0.0
DE,2050,52,29,102,0.0
DE,2050,52,30,102,0.0
DE,2050,52,31,102,0.0
DE,2050,52,32,102,0.0
DE,2050,52,33,102,0.0
DE,2050,52,34,102,0.0
DE,2050,52,35,102,0.0
DE,2050,52,36,102,0.0
DE,2050,52,37,102,0.0
DE,2050,52,38,102,0.0
DE,2050,52,39,102,0.0
DE,2050,52,40,102,0.0
DE,2050,52,41,102,0.0
DE,2050,52,42,102,0.0
DE,2050,52,43,102,0.0
DE,2050,52,44,102,0.0
DE,2050,52,45,102,0.0
DE,2050,52,46,102,0.0
DE,2050,52,47,102,0.0
DE,2050,52,48,102,0.0
DE,2050,52,49,102,0.0
DE,2050,52,50,102,0.0
DE,2050,52,51,102,0.0
DE,2050,52,52,102,0.0
DE,2050,52,53,102,0.0
DE,2050,52,54,102,0.0
DE,2050,52,55,102,0.0
DE,2050,52,56,102,0.0
DE,2050,52,57,102,0.0
DE,2050,52,58,102,0.0
DE,2050,52,59,102,0.0
DE,2050,52,60,102,0.0
DE,2050,52,61,102,0.0
DE,2050,52,62,102,0.0
DE,2050,52,63,102,0.0
DE,2050,52,64,102,0.0
DE,2050,52,65,102,0.0
DE,2050,52,66,102,0.0
DE,2050,52,67,102,0.0
DE,2050,52,68,102,0.0
DE,2050,52,69,102,0.0
DE,2050,52,70,102,0.0
DE,2050,52,71,102,0.0
DE,2050,52,72,102,0.0
DE,2050,52,73,102,0.0
DE,2050,52,74,102,0.0
DE,2050,52,75,102,0.0
DE,2050,52,76,102,0.0
DE,2050,52,77,102,0.0
DE,2050,52,78,102,0.0
DE,2050,52,79,102,0.0
DE,2050,52,80,102,0.0
DE,2050,52,81,102,0.0
DE,2050,52,82,102,0.0
DE,2050,52,83,102,2.0470952397468784e-05
DE,2050,52,84,102,2.0470952397468784e-05
DE,2050,52,85,102,0.0
DE,2050,52,86,102,0.0
DE,2050,52,87,102,0.0
DE,2050,52,88,102,0.0
DE,2050,52,89,102,0.0
DE,2050,52,90,102,0.0
DE,2050,52,91,102,0.0
DE,2050,52,92,102,0.0
DE,2050,52,93,102,0.0
DE,2050,52,94,102,0.0
DE,2050,52,95,102,0.0
DE,2050,52,96,102,0.0
DE,2050,52,97,102,0.0
DE,2050,52,98,102,0.0
DE,2050,52,99,102,0.0
DE,2050,52,100,102,0.0
DE,2050,52,101,102,0.0
DE,2050,52,102,102,0.0
DE,2050,52,103,102,0.0
DE,2050,52,104,102,0.0
DE,2050,52,105,102,0.0
DE,2050,52,106,102,0.0
DE,2050,52,107,102,0.0
DE,2050,52,108,102,0.0
DE,2050,52,109,102,0.0
DE,2050,52,110,102,0.0
DE,2050,52,111,102,0.0
DE,2050,52,112,102,0.0
DE,2050,52,113,102,0.0
DE,2050,52,114,102,0.0
DE,2050,52,115,102,0.0
DE,2050,52,116,102,0.0
DE,2050,52,117,102,0.0
DE,2050,52,118,102,0.0
DE,2050,52,119,102,0.0
DE,2050,52,120,102,0.0
DE,2050,52,121,102,0.0
DE,2050,52,122,102,0.0
DE,2050,52,123,102,0.0
DE,2050,52,124,102,0.0
DE,2050,52,125,102,0.0
DE,2050,52,126,102,0.0
DE,2050,52,127,102,0.0
DE,2050,52,128,102,0.0
DE,2050,52,129,102,0.0
DE,2050,52,130,102,0.0
DE,2050,52,131,102,0.0
DE,2050,52,132,102,0.0
DE,2050,52,133,102,0.0
DE,2050,52,134,102,0.0
DE,2050,52,135,102,0.0
DE,2050,52,136,102,0.0
DE,2050,52,137,102,0.0
DE,2050,52,138,102,0.0
DE,2050,52,139,102,0.0
DE,2050,52,140,102,0.0
DE,2050,52,141,102,0.0
DE,2050,52,142,102,0.0
DE,2050,52,143,102,0.0
DE,2050,52,144,102,0.0
DE,2050,52,145,102,0.0
DE,2050,52,146,102,0.0
DE,2050,52,147,102,0.0
DE,2050,52,148,102,0.0
DE,2050,52,149,102,0.0
DE,2050,52,150,102,0.0
DE,2050,52,151,102,0.0
DE,2050,52,152,102,0.0
DE,2050,52,153,102,0.0
DE,2050,52,154,102,0.0
DE,2050,52,155,102,0.0
DE,2050,52,156,102,0.0
DE,2050,52,157,102,0.0
DE,2050,52,158,102,0.0
DE,2050,52,159,102,0.0
DE,2050,52,160,102,0.0
DE,2050,52,161,102,0.0
DE,2050,52,162,102,0.0
DE,2050,52,163,102,0.0
DE,2050,52,164,102,0.0
DE,2050,52,165,102,0.0
DE,2050,52,166,102,0.0
DE,2050,52,167,102,0.0
NT,2025,11,0,103,0.0
NT,2025,11,1,103,0.00015686645409234874
NT,2025,11,2,103,0.00015686645409234874
NT,2025,11,3,103,0.00015686645409234874
NT,2025,11,4,103,0.00015686645409234874
NT,2025,11,5,103,0.00015686645409234874
NT,2025,11,6,103,0.00015790876915053784
NT,2025,11,7,103,0.00015790876915053784
NT,2025,11,8,103,0.00015686645409234874
NT,2025,11,9,103,0.00011659044137032564
NT,2025,11,10,103,0.00011659044137032564
NT,2025,11,11,103,0.00011659044137032564
NT,2025,11,12,103,0.00011659044137032564
NT,2025,11,13,103,0.00011659044137032564
NT,2025,11,14,103,0.00011720825502498742
NT,2025,11,15,103,0.0001178260944353013
NT,2025,11,16,103,0.00011844395960233827
NT,2025,11,17,103,0.00015686645409234874
NT,2025,11,18,103,0.00015686645409234874
NT,2025,11,19,103,0.00015790876915053784
NT,2025,11,20,103,0.00015790876915053784
NT,2025,11,21,103,0.0001579112917566807
NT,2025,11,22,103,0.00015790876915053784
NT,2025,11,23,103,0.00015738092104814426
NT,2025,11,24,103,0.00015790876915053784
NT,2025,11,25,103,0.0001579112917566807
NT,2025,11,26,103,9.5130706527521e-05
NT,2025,11,27,103,0.00013607261132245858
NT,2025,11,28,103,0.0001368906184021108
NT,2025,11,29,103,0.00015835211908590152
NT,2025,11,30,103,0.0001596339705584126
NT,2025,11,31,103,0.00016029116152328933
NT,2025,11,32,103,0.00015835211908590152
NT,2025,11,33,103,0.00015834348401317464
NT,2025,11,34,103,0.00015834348401317464
NT,2025,11,35,103,0.00015834348401317464
NT,2025,11,36,103,0.00015834348401317464
NT,2025,11,37,103,0.00015834348401317464
NT,2025,11,38,103,0.00015834348401317464
NT,2025,11,39,103,0.00015834348401317464
NT,2025,11,40,103,0.0001583434840131725
NT,2025,11,41,103,0.0001596339705584126
NT,2025,11,42,103,0.0001698661651802022
NT,2025,11,43,103,0.00016987324662592483
NT,2025,11,44,103,0.00016988032836686462
NT,2025,11,45,103,0.00016988741040303005
NT,2025,11,46,103,0.0001596339705584126
NT,2025,11,47,103,0.00015834348401317464
NT,2025,11,48,103,0.0001579112917566807
NT,2025,11,49,103,0.00015686645409234874
NT,2025,11,50,103,0.00015686645409234874
NT,2025,11,51,103,0.00015686645409234874
NT,2025,11,52,103,0.00015686645409234874
NT,2025,11,53,103,0.00015686645409234874
NT,2025,11,54,103,0.00015790876915053784
NT,2025,11,55,103,0.0001579112917566807
NT,2025,11,56,103,0.00015790876915053784
NT,2025,11,57,103,0.00015686645409234874
NT,2025,11,58,103,0.00011659044137032564
NT,2025,11,59,103,0.00011659044137032564
NT,2025,11,60,103,0.00011659044137032564
NT,2025,11,61,103,0.00011652622336615987
NT,2025,11,62,103,0.00011659044137032564
NT,2025,11,63,103,0.00011659530183728485
NT,2025,11,64,103,0.00011660016250686462
NT,2025,11,65,103,0.00015738092104814426
NT,2025,11,66,103,0.0001583434840131725
NT,2025,11,67,103,0.00015835211908590152
NT,2025,11,68,103,0.00015835211908590152
NT,2025,11,69,103,0.00015835211908590152
NT,2025,11,70,103,0.00015835211908590152
NT,2025,11,71,103,0.0001579112917566807
NT,2025,11,72,103,0.00015782278897954365
NT,2025,11,73,103,0.00015782278897954365
NT,2025,11,74,103,0.00015782278897954365
NT,2025,11,75,103,0.00015782278897954365
NT,2025,11,76,103,0.0001579112917566807
NT,2025,11,77,103,0.00015835211908590152
NT,2025,11,78,103,0.0001596339705584126
NT,2025,11,79,103,0.00016018468178746411
NT,2025,11,80,103,0.0
NT,2025,11,81,103,0.0
NT,2025,11,82,103,0.0
NT,2025,11,83,103,0.0
NT,2025,11,84,103,0.0
NT,2025,11,85,103,0.0
NT,2025,11,86,103,0.0
NT,2025,11,87,103,0.0
NT,2025,11,88,103,0.0
NT,2025,11,89,103,0.0
NT,2025,11,90,103,0.22456386097742137
NT,2025,11,91,103,0.22457322268164343
NT,2025,11,92,103,0.5870007873864704
NT,2025,11,93,103,0.5806773209344711
NT,2025,11,94,103,0.23483492167483808
NT,2025,11,95,103,0.0
NT,2025,11,96,103,0.0
NT,2025,11,97,103,0.0
NT,2025,11,98,103,0.0
NT,2025,11,99,103,0.0
NT,2025,11,100,103,0.0
NT,2025,11,101,103,0.5872210641377907
NT,2025,11,102,103,0.5872455444343209
NT,2025,11,103,103,0.2246855935781814
NT,2025,11,104,103,0.22469496035724185
NT,2025,11,105,103,0.0
NT,2025,11,106,103,0.0
NT,2025,11,107,103,0.0
NT,2025,11,108,103,0.0
NT,2025,11,109,103,0.0
NT,2025,11,110,103,0.0
NT,2025,11,111,103,0.0
NT,2025,11,112,103,0.6028492270745891
NT,2025,11,113,103,0.6028743588839822
NT,2025,11,114,103,0.602899491741051
NT,2025,11,115,103,0.6029246256458738
NT,2025,11,116,103,0.6029497605984768
NT,2025,11,117,103,0.6029748965989387
NT,2025,11,118,103,0.603000033647268
NT,2025,11,119,103,0.6030251717435171
NT,2025,11,120,103,0.5780660035657553
NT,2025,11,121,103,0.5976655347034677
NT,2025,11,122,103,0.5976655347034677
NT,2025,11,123,103,0.5424987215980066
NT,2025,11,124,103,0.4675549488741736
NT,2025,11,125,103,0.5070855308789037
NT,2025,11,126,103,0.00016129673286750012
NT,2025,11,127,103,0.00016130345706744797
NT,2025,11,128,103,2.2264468965944307e-05
NT,2025,11,129,103,1.8911086130698152e-06
NT,2025,11,130,103,0.0
NT,2025,11,131,103,0.0
NT,2025,11,132,103,0.0
NT,2025,11,133,103,0.0
NT,2025,11,134,103,0.0
NT,2025,11,135,103,0.0
NT,2025,11,136,103,1.7221197292016044e-05
NT,2025,11,137,103,0.5739845662240204
NT,2025,11,138,103,0.5740084947123487
NT,2025,11,139,103,0.5740324241982406
NT,2025,11,140,103,0.5740563546816964
NT,2025,11,141,103,0.5740802861627767
NT,2025,11,142,103,0.5741042186415255
NT,2025,11,143,103,0.5741281521179862
NT,2025,11,144,103,0.574152086592185
NT,2025,11,145,103,0.15227421938839328
NT,2025,11,146,103,0.5740563556793211
NT,2025,11,147,103,0.532637664262746
NT,2025,11,148,103,0.5740563556793211
NT,2025,11,149,103,0.5740563556793211
NT,2025,11,150,103,0.5737930555066133
NT,2025,11,151,103,0.5743196558520464
NT,2025,11,152,103,0.5743435983097198
NT,2025,11,153,103,0.574367541765524
NT,2025,11,154,103,0.5743914862194935
NT,2025,11,155,103,0.0
NT,2025,11,156,103,0.0
NT,2025,11,157,103,0.0001579112917566807
NT,2025,11,158,103,0.00015790876915053784
NT,2025,11,159,103,0.00015790876915053784
NT,2025,11,160,103,0.00015834348401317464
NT,2025,11,161,103,0.00015858108872866255
NT,2025,11,162,103,0.0001596339705584126
NT,2025,11,163,103,0.0001596339705584126
NT,2025,11,164,103,0.0001596339705584126
NT,2025,11,165,103,0.00015858108872866255
NT,2025,11,166,103,0.0001583434840131725
NT,2025,11,167,103,0.0001583434840131725
NT,2025,21,0,103,0.0
NT,2025,21,1,103,0.0
NT,2025,21,2,103,0.0
NT,2025,21,3,103,0.0
NT,2025,21,4,103,0.0
NT,2025,21,5,103,0.0
NT,2025,21,6,103,0.0
NT,2025,21,7,103,0.0
NT,2025,21,8,103,0.0
NT,2025,21,9,103,0.0
NT,2025,21,10,103,0.0
NT,2025,21,11,103,0.0
NT,2025,21,12,103,0.0
NT,2025,21,13,103,0.0
NT,2025,21,14,103,0.0
NT,2025,21,15,103,0.0
NT,2025,21,16,103,0.5740563556793211
NT,2025,21,17,103,0.5739865424304386
NT,2025,21,18,103,0.5741261689281949
NT,2025,21,19,103,0.6046582525511701
NT,2025,21,20,103,0.5821600340405545
NT,2025,21,21,103,0.5721075999012362
NT,2025,21,22,103,0.5845454308388643
NT,2025,21,23,103,0.5668929942772318
NT,2025,21,24,103,0.5720131271879462
NT,2025,21,25,103,0.5727738704132069
NT,2025,21,26,103,0.571252383962703
NT,2025,21,27,103,0.5596701503302776
NT,2025,21,28,103,0.5663443165995538
NT,2025,21,29,103,0.6070141427659757
NT,2025,21,30,103,0.607039448203935
NT,2025,21,31,103,0.6070647546968607
NT,2025,21,32,103,0.5916223661517419
NT,2025,21,33,103,0.0
NT,2025,21,34,103,0.0
NT,2025,21,35,103,0.0
NT,2025,21,36,103,0.0
NT,2025,21,37,103,0.0
NT,2025,21,38,103,0.0
NT,2025,21,39,103,0.0
NT,2025,21,40,103,0.0
NT,2025,21,41,103,0.0
NT,2025,21,42,103,0.5645066601930161
NT,2025,21,43,103,0.5996289798620712
NT,2025,21,44,103,0.588650658848096
NT,2025,21,45,103,0.07038514052241823
NT,2025,21,46,103,0.577159753353237
NT,2025,21,47,103,0.0
NT,2025,21,48,103,0.0
NT,2025,21,49,103,0.0
NT,2025,21,50,103,0.0
NT,2025,21,51,103,0.0
NT,2025,21,52,103,0.0
NT,2025,21,53,103,0.0
NT,2025,21,54,103,0.0
NT,2025,21,55,103,0.0
NT,2025,21,56,103,0.0
NT,2025,21,57,103,0.0
NT,2025,21,58,103,0.0
NT,2025,21,59,103,0.0
NT,2025,21,60,103,0.0
NT,2025,21,61,103,0.0
NT,2025,21,62,103,0.0
NT,2025,21,63,103,0.0
NT,2025,21,64,103,0.0
NT,2025,21,65,103,2.5010423036862357e-06
NT,2025,21,66,103,1.8758208255611383e-06
NT,2025,21,67,103,0.0
NT,2025,21,68,103,0.0
NT,2025,21,69,103,0.0
NT,2025,21,70,103,0.0
NT,2025,21,71,103,0.0
NT,2025,21,72,103,0.0
NT,2025,21,73,103,0.0
NT,2025,21,74,103,0.0
NT,2025,21,75,103,0.0
NT,2025,21,76,103,0.0
NT,2025,21,77,103,0.0
NT,2025,21,78,103,0.0
NT,2025,21,79,103,0.0
NT,2025,21,80,103,0.0
NT,2025,21,81,103,0.0
NT,2025,21,82,103,0.0
NT,2025,21,83,103,0.0
NT,2025,21,84,103,0.0
NT,2025,21,85,103,0.0
NT,2025,21,86,103,0.0
NT,2025,21,87,103,0.0
NT,2025,21,88,103,0.0
NT,2025,21,89,103,0.0
NT,2025,21,90,103,0.0
NT,2025,21,91,103,0.0
NT,2025,21,92,103,0.0
NT,2025,21,93,103,0.0
NT,2025,21,94,103,0.0
NT,2025,21,95,103,0.0
NT,2025,21,96,103,0.0
NT,2025,21,97,103,0.0
NT,2025,21,98,103,0.0
NT,2025,21,99,103,0.0
NT,2025,21,100,103,0.0
NT,2025,21,101,103,0.0
NT,2025,21,102,103,0.0
NT,2025,21,103,103,0.0
NT,2025,21,104,103,0.0
NT,2025,21,105,103,0.0
NT,2025,21,106,103,0.0
NT,2025,21,107,103,0.0
NT,2025,21,108,103,0.0
NT,2025,21,109,103,0.0
NT,2025,21,110,103,0.0
NT,2025,21,111,103,0.0
NT,2025,21,112,103,0.0
NT,2025,21,113,103,0.0
NT,2025,21,114,103,0.0
NT,2025,21,115,103,0.0
NT,2025,21,116,103,0.0
NT,2025,21,117,103,0.0
NT,2025,21,118,103,0.0
NT,2025,21,119,103,0.0
NT,2025,21,120,103,0.0
NT,2025,21,121,103,0.0
NT,2025,21,122,103,0.0
NT,2025,21,123,103,0.0
NT,2025,21,124,103,0.0
NT,2025,21,125,103,0.0
NT,2025,21,126,103,0.0
NT,2025,21,127,103,0.0
NT,2025,21,128,103,0.0
NT,2025,21,129,103,0.0
NT,2025,21,130,103,0.0
NT,2025,21,131,103,0.0
NT,2025,21,132,103,0.0
NT,2025,21,133,103,0.0
NT,2025,21,134,103,0.0
NT,2025,21,135,103,0.0
NT,2025,21,136,103,0.0
NT,2025,21,137,103,0.0
NT,2025,21,138,103,0.0
NT,2025,21,139,103,0.5739367122397933
NT,2025,21,140,103,0.5739606387331948
NT,2025,21,141,103,0.5739845662240204
NT,2025,21,142,103,0.5740084947123487
NT,2025,21,143,103,0.574032424198232
NT,2025,21,144,103,0.5740563546816964
NT,2025,21,145,103,0.5740802861627855
NT,2025,21,146,103,0.5741042186415342
NT,2025,21,147,103,0.574128152117995
NT,2025,21,148,103,0.5741520865921937
NT,2025,21,149,103,0.574176022064183
NT,2025,21,150,103,0.5741999585339975
NT,2025,21,151,103,0.574223896001716
NT,2025,21,152,103,0.0
NT,2025,21,153,103,0.0
NT,2025,21,154,103,0.0
NT,2025,21,155,103,0.0
NT,2025,21,156,103,0.0
NT,2025,21,157,103,0.0
NT,2025,21,158,103,9.637797040665518e-05
NT,2025,21,159,103,0.00015793104177915445
NT,2025,21,160,103,0.00015793762566889257
NT,2025,21,161,103,0.00013607261132245858
NT,2025,21,162,103,0.00015858108872866255
NT,2025,21,163,103,0.00017130513228211916
NT,2025,21,164,103,0.00017131227371605624
NT,2025,21,165,103,0.00017131941544770794
NT,2025,21,166,103,0.0001713265574770871
NT,2025,21,167,103,0.00017133369980420224
NT,2025,42,0,103,0.0
NT,2025,42,1,103,0.0
NT,2025,42,2,103,0.0
NT,2025,42,3,103,0.0
NT,2025,42,4,103,0.0
NT,2025,42,5,103,0.0
NT,2025,42,6,103,0.0
NT,2025,42,7,103,0.0
NT,2025,42,8,103,0.0
NT,2025,42,9,103,0.0
NT,2025,42,10,103,0.0
NT,2025,42,11,103,0.0
NT,2025,42,12,103,0.0
NT,2025,42,13,103,0.0
NT,2025,42,14,103,0.0
NT,2025,42,15,103,0.0
NT,2025,42,16,103,0.0
NT,2025,42,17,103,0.0
NT,2025,42,18,103,0.0
NT,2025,42,19,103,0.0
NT,2025,42,20,103,0.0
NT,2025,42,21,103,0.0
NT,2025,42,22,103,0.0
NT,2025,42,23,103,0.0
NT,2025,42,24,103,0.0
NT,2025,42,25,103,0.0
NT,2025,42,26,103,0.0
NT,2025,42,27,103,0.0
NT,2025,42,28,103,0.0
NT,2025,42,29,103,0.0
NT,2025,42,30,103,0.0
NT,2025,42,31,103,0.0
NT,2025,42,32,103,0.0
NT,2025,42,33,103,0.0
NT,2025,42,34,103,0.0
NT,2025,42,35,103,0.0
NT,2025,42,36,103,0.0
NT,2025,42,37,103,0.0
NT,2025,42,38,103,0.0
NT,2025,42,39,103,0.0
NT,2025,42,40,103,0.0
NT,2025,42,41,103,0.0
NT,2025,42,42,103,0.0
NT,2025,42,43,103,0.0
NT,2025,42,44,103,0.0
NT,2025,42,45,103,0.0
NT,2025,42,46,103,0.0
NT,2025,42,47,103,0.0
NT,2025,42,48,103,0.0
NT,2025,42,49,103,0.0
NT,2025,42,50,103,0.0
NT,2025,42,51,103,0.0
NT,2025,42,52,103,0.0
NT,2025,42,53,103,0.0
NT,2025,42,54,103,0.0
NT,2025,42,55,103,0.0
NT,2025,42,56,103,0.0
NT,2025,42,57,103,0.0
NT,2025,42,58,103,0.0
NT,2025,42,59,103,0.0
NT,2025,42,60,103,0.0
NT,2025,42,61,103,0.0
NT,2025,42,62,103,0.0
NT,2025,42,63,103,0.0
NT,2025,42,64,103,0.0
NT,2025,42,65,103,0.0
NT,2025,42,66,103,0.0
NT,2025,42,67,103,0.0
NT,2025,42,68,103,0.0
NT,2025,42,69,103,0.0
NT,2025,42,70,103,0.0
NT,2025,42,71,103,0.0
NT,2025,42,72,103,0.0
NT,2025,42,73,103,0.0
NT,2025,42,74,103,0.0
NT,2025,42,75,103,0.0
NT,2025,42,76,103,0.0
NT,2025,42,77,103,0.0
NT,2025,42,78,103,0.0
NT,2025,42,79,103,0.0
NT,2025,42,80,103,0.0
NT,2025,42,81,103,0.0
NT,2025,42,82,103,0.0
NT,2025,42,83,103,0.0
NT,2025,42,84,103,0.0
NT,2025,42,85,103,0.0
NT,2025,42,86,103,0.0
NT,2025,42,87,103,0.0
NT,2025,42,88,103,0.0
NT,2025,42,89,103,0.0
NT,2025,42,90,103,0.0
NT,2025,42,91,103,0.0
NT,2025,42,92,103,0.0
NT,2025,42,93,103,0.0
NT,2025,42,94,103,0.0
NT,2025,42,95,103,0.0
NT,2025,42,96,103,0.0
NT,2025,42,97,103,0.0
NT,2025,42,98,103,0.0
NT,2025,42,99,103,0.0
NT,2025,42,100,103,0.0
NT,2025,42,101,103,0.0
NT,2025,42,102,103,0.0
NT,2025,42,103,103,0.0
NT,2025,42,104,103,0.0
NT,2025,42,105,103,0.0
NT,2025,42,106,103,0.0
NT,2025,42,107,103,0.0
NT,2025,42,108,103,0.0
NT,2025,42,109,103,0.0
NT,2025,42,110,103,0.0
NT,2025,42,111,103,0.0
NT,2025,42,112,103,0.0
NT,2025,42,113,103,0.00017358490396828454
NT,2025,42,114,103,0.00017359214044221875
NT,2025,42,115,103,0.00017359937721782797
NT,2025,42,116,103,0.00017360661429512706
NT,2025,42,117,103,0.00017361385167412454
NT,2025,42,118,103,0.00015994612338975046
NT,2025,42,119,103,0.0001599527912849761
NT,2025,42,120,103,0.00014886868906705228
NT,2025,42,121,103,6.251823879376329e-06
NT,2025,42,122,103,0.0
NT,2025,42,123,103,0.0
NT,2025,42,124,103,0.0
NT,2025,42,125,103,0.0
NT,2025,42,126,103,0.0
NT,2025,42,127,103,0.0
NT,2025,42,128,103,0.0
NT,2025,42,129,103,0.0
NT,2025,42,130,103,0.0
NT,2025,42,131,103,0.0
NT,2025,42,132,103,0.0
NT,2025,42,133,103,0.0
NT,2025,42,134,103,0.0
NT,2025,42,135,103,0.0
NT,2025,42,136,103,0.0
NT,2025,42,137,103,0.0
NT,2025,42,138,103,0.0
NT,2025,42,139,103,0.0
NT,2025,42,140,103,-2.6163546215385607e-14
NT,2025,42,141,103,0.0
NT,2025,42,142,103,0.0
NT,2025,42,143,103,0.0
NT,2025,42,144,103,0.0
NT,2025,42,145,103,0.0
NT,2025,42,146,103,0.0
NT,2025,42,147,103,0.0
NT,2025,42,148,103,0.0
NT,2025,42,149,103,0.0
NT,2025,42,150,103,0.0
NT,2025,42,151,103,0.0
NT,2025,42,152,103,0.0
NT,2025,42,153,103,0.0
NT,2025,42,154,103,0.0
NT,2025,42,155,103,0.0
NT,2025,42,156,103,0.0
NT,2025,42,157,103,0.0
NT,2025,42,158,103,0.0
NT,2025,42,159,103,0.0
NT,2025,42,160,103,0.0
NT,2025,42,161,103,0.0
NT,2025,42,162,103,1.7442364143590402e-14
NT,2025,42,163,103,8.721182071795201e-15
NT,2025,42,164,103,0.0
NT,2025,42,165,103,8.721182071795201e-15
NT,2025,42,166,103,0.0
NT,2025,42,167,103,0.0
NT,2025,52,0,103,0.0
NT,2025,52,1,103,0.0
NT,2025,52,2,103,0.0
NT,2025,52,3,103,0.0
NT,2025,52,4,103,0.0
NT,2025,52,5,103,0.0
NT,2025,52,6,103,0.0
NT,2025,52,7,103,0.0
NT,2025,52,8,103,0.0
NT,2025,52,9,103,0.0
NT,2025,52,10,103,0.0
NT,2025,52,11,103,0.0
NT,2025,52,12,103,0.0
NT,2025,52,13,103,0.0
NT,2025,52,14,103,0.0
NT,2025,52,15,103,0.0
NT,2025,52,16,103,0.0
NT,2025,52,17,103,0.0
NT,2025,52,18,103,0.0
NT,2025,52,19,103,0.0
NT,2025,52,20,103,0.0
NT,2025,52,21,103,0.00013607261132245858
NT,2025,52,22,103,0.00013607261132245858
NT,2025,52,23,103,0.0001360726113225565
NT,2025,52,24,103,9.489173810773109e-05
NT,2025,52,25,103,0.0
NT,2025,52,26,103,0.0
NT,2025,52,27,103,0.0
NT,2025,52,28,103,0.0
NT,2025,52,29,103,0.0
NT,2025,52,30,103,0.0
NT,2025,52,31,103,0.0
NT,2025,52,32,103,0.0
NT,2025,52,33,103,0.00015686645409234874
NT,2025,52,34,103,0.00015686645409234874
NT,2025,52,35,103,0.00015686645409234874
NT,2025,52,36,103,0.00015686645409234874
NT,2025,52,37,103,0.00015686645409234874
NT,2025,52,38,103,0.00015686645409234874
NT,2025,52,39,103,0.00015686645409234874
NT,2025,52,40,103,0.00015686645409234874
NT,2025,52,41,103,0.00015686645409234874
NT,2025,52,42,103,0.00015686645409234874
NT,2025,52,43,103,0.00015686645409234874
NT,2025,52,44,103,0.00011659044137032564
NT,2025,52,45,103,0.00011659044137032564
NT,2025,52,46,103,0.00011659044137032564
NT,2025,52,47,103,0.00011659044137032564
NT,2025,52,48,103,0.00011659044137032564
NT,2025,52,49,103,0.00011659044137032564
NT,2025,52,50,103,0.00011659044137032564
NT,2025,52,51,103,0.00011659044137032564
NT,2025,52,52,103,0.00011659044137032564
NT,2025,52,53,103,0.00011659044137032564
NT,2025,52,54,103,0.00011659044137032564
NT,2025,52,55,103,0.00011659044137032564
NT,2025,52,56,103,0.00011659044137032564
NT,2025,52,57,103,0.00011659044137032564
NT,2025,52,58,103,0.00011659044137032564
NT,2025,52,59,103,0.00011659044137032564
NT,2025,52,60,103,0.00011659044137032564
NT,2025,52,61,103,0.00011659044137032564
NT,2025,52,62,103,0.00011659044137032564
NT,2025,52,63,103,0.00011659044137032564
NT,2025,52,64,103,0.00011659044137032564
NT,2025,52,65,103,0.00011659044137032564
NT,2025,52,66,103,0.00015686645409234874
NT,2025,52,67,103,0.00015686645409234874
NT,2025,52,68,103,0.00015686645409234874
NT,2025,52,69,103,0.00015686645409234874
NT,2025,52,70,103,0.00015686645409234874
NT,2025,52,71,103,0.00011659044137032564
NT,2025,52,72,103,0.00011659044137032564
NT,2025,52,73,103,0.00011652622336615987
NT,2025,52,74,103,0.00011659044137032564
NT,2025,52,75,103,0.00011659044137032564
NT,2025,52,76,103,0.00011659044137032564
NT,2025,52,77,103,0.00011659044137032564
NT,2025,52,78,103,0.00015574493737804333
NT,2025,52,79,103,0.00015782278897954365
NT,2025,52,80,103,9.5130706527521e-05
NT,2025,52,81,103,0.0
NT,2025,52,82,103,0.0
NT,2025,52,83,103,0.0
NT,2025,52,84,103,0.0
NT,2025,52,85,103,0.0
NT,2025,52,86,103,0.0
NT,2025,52,87,103,0.0
NT,2025,52,88,103,0.0
NT,2025,52,89,103,0.0
NT,2025,52,90,103,0.0
NT,2025,52,91,103,0.00013607261132245858
NT,2025,52,92,103,0.00013607261132245858
NT,2025,52,93,103,0.00013607261132245858
NT,2025,52,94,103,0.0001583434840131725
NT,2025,52,95,103,0.0001579112917566807
NT,2025,52,96,103,0.00015686645409234874
NT,2025,52,97,103,0.00011659044137032564
NT,2025,52,98,103,0.00011659044137032564
NT,2025,52,99,103,0.00011659044137032564
NT,2025,52,100,103,0.00011659044137032564
NT,2025,52,101,103,0.00015686645409234874
NT,2025,52,102,103,0.00015686645409234874
NT,2025,52,103,103,0.00015790876915053784
NT,2025,52,104,103,0.00015790876915053784
NT,2025,52,105,103,0.00015790876915053784
NT,2025,52,106,103,0.00015686645409234874
NT,2025,52,107,103,0.00011659044137032564
NT,2025,52,108,103,0.00015686645409234874
NT,2025,52,109,103,0.00015686645409234874
NT,2025,52,110,103,0.00015686645409234874
NT,2025,52,111,103,0.00015686645409234874
NT,2025,52,112,103,0.00015790876915053784
NT,2025,52,113,103,0.0001579112917566807
NT,2025,52,114,103,0.0001579112917566807
NT,2025,52,115,103,0.00015790876915053784
NT,2025,52,116,103,0.00015790876915053784
NT,2025,52,117,103,0.00015686645409234874
NT,2025,52,118,103,0.00015686645409234874
NT,2025,52,119,103,0.00015686645409234874
NT,2025,52,120,103,0.00015686645409234874
NT,2025,52,121,103,0.00015686645409234874
NT,2025,52,122,103,0.00015686645409234874
NT,2025,52,123,103,0.00015686645409234874
NT,2025,52,124,103,0.00015686645409234874
NT,2025,52,125,103,0.00015686645409234874
NT,2025,52,126,103,0.00015686645409234874
NT,2025,52,127,103,0.00015686645409234874
NT,2025,52,128,103,0.00015686645409234874
NT,2025,52,129,103,0.00011659044137032564
NT,2025,52,130,103,0.00011414323200590098
NT,2025,52,131,103,0.00011473715492951752
NT,2025,52,132,103,0.00011535489132366168
NT,2025,52,133,103,0.00011597265347024286
NT,2025,52,134,103,0.00011597748818262095
NT,2025,52,135,103,0.00011598232309654861
NT,2025,52,136,103,0.00015790876915053784
NT,2025,52,137,103,0.00015834348401317464
NT,2025,52,138,103,0.0001583434840131725
NT,2025,52,139,103,0.0001596339705584126
NT,2025,52,140,103,0.00015984238270989998
NT,2025,52,141,103,0.00015984238270989998
NT,2025,52,142,103,0.0
NT,2025,52,143,103,0.0
NT,2025,52,144,103,0.0
NT,2025,52,145,103,0.0001368906184021108
NT,2025,52,146,103,0.0
NT,2025,52,147,103,0.0
NT,2025,52,148,103,0.0
NT,2025,52,149,103,0.0
NT,2025,52,150,103,0.0
NT,2025,52,151,103,0.0
NT,2025,52,152,103,0.0
NT,2025,52,153,103,0.0
NT,2025,52,154,103,0.0
NT,2025,52,155,103,0.0
NT,2025,52,156,103,0.0
NT,2025,52,157,103,0.0
NT,2025,52,158,103,0.0
NT,2025,52,159,103,0.0
NT,2025,52,160,103,0.0
NT,2025,52,161,103,0.5706425651245521
NT,2025,52,162,103,0.5706663542902526
NT,2025,52,163,103,0.5706901444477085
NT,2025,52,164,103,0.5707139355969458
NT,2025,52,165,103,0.5707377277379823
NT,2025,52,166,103,0.5707615208708874
NT,2025,52,167,103,0.0
NT,2030,11,0,103,0.0
NT,2030,11,1,103,0.00015686645409234874
NT,2030,11,2,103,0.00015686645409234874
NT,2030,11,3,103,0.00015686645409234874
NT,2030,11,4,103,0.00015686645409234874
NT,2030,11,5,103,0.00015686645409234874
NT,2030,11,6,103,0.0001579112917566807
NT,2030,11,7,103,0.0001579112917566807
NT,2030,11,8,103,0.00015790876915053784
NT,2030,11,9,103,0.00011659044137032564
NT,2030,11,10,103,0.00011659044137032564
NT,2030,11,11,103,0.00011659044137032564
NT,2030,11,12,103,0.00011720825502498955
NT,2030,11,13,103,0.00011782609443530343
NT,2030,11,14,103,0.0001184439596023404
NT,2030,11,15,103,0.00011906185052717994
NT,2030,11,16,103,0.00011967976721089307
NT,2030,11,17,103,0.00015687299360114107
NT,2030,11,18,103,0.00015790876915053784
NT,2030,11,19,103,0.0001579112917566807
NT,2030,11,20,103,0.0001579112917566807
NT,2030,11,21,103,0.0001579112917566807
NT,2030,11,22,103,0.00015790876915053784
NT,2030,11,23,103,0.00015790876915053784
NT,2030,11,24,103,0.0001579112917566807
NT,2030,11,25,103,0.0
NT,2030,11,26,103,0.0
NT,2030,11,27,103,0.0
NT,2030,11,28,103,0.0
NT,2030,11,29,103,0.0
NT,2030,11,30,103,0.0
NT,2030,11,31,103,0.00017022843451522466
NT,2030,11,32,103,0.0001596339705584126
NT,2030,11,33,103,0.00015835211908590152
NT,2030,11,34,103,0.00015858108872866255
NT,2030,11,35,103,0.00015834348401317464
NT,2030,11,36,103,0.0001583434840131725
NT,2030,11,37,103,0.0001360726113225565
NT,2030,11,38,103,0.0001360726113225565
NT,2030,11,39,103,0.0001583434840131725
NT,2030,11,40,103,0.00015858108872866255
NT,2030,11,41,103,0.00015984238270989998
NT,2030,11,42,103,0.00017030651281828171
NT,2030,11,43,103,0.00017031361262139
NT,2030,11,44,103,0.00017032071272047127
NT,2030,11,45,103,0.00017032781311555108
NT,2030,11,46,103,0.00017033491380662945
NT,2030,11,47,103,0.00015858108872866255
NT,2030,11,48,103,0.00015834348401317464
NT,2030,11,49,103,0.00015790876915053784
NT,2030,11,50,103,0.00015686645409234874
NT,2030,11,51,103,0.00015686645409234874
NT,2030,11,52,103,0.00015686645409234874
NT,2030,11,53,103,0.00015790876915053784
NT,2030,11,54,103,0.00015790876915053784
NT,2030,11,55,103,0.0001579112917566807
NT,2030,11,56,103,0.0001579112917566807
NT,2030,11,57,103,0.00015686645409234874
NT,2030,11,58,103,0.00011659044137032564
NT,2030,11,59,103,0.00011659044137032564
NT,2030,11,60,103,0.00011659044137032564
NT,2030,11,61,103,0.00011720825502498742
NT,2030,11,62,103,0.00011721314124759659
NT,2030,11,63,103,0.00011721802767389946
NT,2030,11,64,103,0.00015688607343660268
NT,2030,11,65,103,0.0001579112917566807
NT,2030,11,66,103,0.00015835211908590152
NT,2030,11,67,103,0.00015858108872866255
NT,2030,11,68,103,0.00015858108872866255
NT,2030,11,69,103,0.00015835211908590152
NT,2030,11,70,103,0.00015835211908590152
NT,2030,11,71,103,0.00015835211908590152
NT,2030,11,72,103,0.00015834348401317464
NT,2030,11,73,103,0.0001579112917566807
NT,2030,11,74,103,0.0001579112917566807
NT,2030,11,75,103,0.00015834348401317464
NT,2030,11,76,103,0.0001583434840131725
NT,2030,11,77,103,0.00015835211908590152
NT,2030,11,78,103,0.00016018468178746411
NT,2030,11,79,103,0.0
NT,2030,11,80,103,0.0
NT,2030,11,81,103,0.0
NT,2030,11,82,103,0.0
NT,2030,11,83,103,0.0
NT,2030,11,84,103,0.0
NT,2030,11,85,103,0.0
NT,2030,11,86,103,0.0
NT,2030,11,87,103,0.0
NT,2030,11,88,103,0.0
NT,2030,11,89,103,0.0
NT,2030,11,90,103,8.721182071795201e-15
NT,2030,11,91,103,0.0
NT,2030,11,92,103,8.721182071795201e-15
NT,2030,11,93,103,0.0
NT,2030,11,94,103,0.0
NT,2030,11,95,103,0.0
NT,2030,11,96,103,0.0
NT,2030,11,97,103,0.0
NT,2030,11,98,103,0.0
NT,2030,11,99,103,0.0
NT,2030,11,100,103,0.540735611099707
NT,2030,11,101,103,0.5970772518883901
NT,2030,11,102,103,0.5971021430734453
NT,2030,11,103,103,0.5971270352961903
NT,2030,11,104,103,0.0
NT,2030,11,105,103,0.0
NT,2030,11,106,103,0.0
NT,2030,11,107,103,0.0
NT,2030,11,108,103,0.0
NT,2030,11,109,103,0.0
NT,2030,11,110,103,0.0
NT,2030,11,111,103,0.0
NT,2030,11,112,103,0.6068496832621698
NT,2030,11,113,103,0.6068749818441026
NT,2030,11,114,103,0.6069002814806618
NT,2030,11,115,103,0.6069255821719433
NT,2030,11,116,103,0.6069508839179646
NT,2030,11,117,103,0.6069761867187866
NT,2030,11,118,103,0.607001490574427
NT,2030,11,119,103,0.6070267954849466
NT,2030,11,120,103,0.5608041661153137
NT,2030,11,121,103,0.5976655347034677
NT,2030,11,122,103,0.23927718536469536
NT,2030,11,123,103,0.5292387746041005
NT,2030,11,124,103,0.5292608377127429
NT,2030,11,125,103,0.5720131271879462
NT,2030,11,126,103,0.5740324251958131
NT,2030,11,127,103,0.5740563556793211
NT,2030,11,128,103,0.0
NT,2030,11,129,103,0.0
NT,2030,11,130,103,0.0
NT,2030,11,131,103,0.0
NT,2030,11,132,103,0.0
NT,2030,11,133,103,0.0
NT,2030,11,134,103,0.0
NT,2030,11,135,103,0.0
NT,2030,11,136,103,0.0
NT,2030,11,137,103,0.5783331318354189
NT,2030,11,138,103,0.5783572416084297
NT,2030,11,139,103,0.5783813523865045
NT,2030,11,140,103,0.5784054641697478
NT,2030,11,141,103,0.5784295769581859
NT,2030,11,142,103,0.5784536907518187
NT,2030,11,143,103,0.5784778055507335
NT,2030,11,144,103,0.5785019213549649
NT,2030,11,145,103,0.43889915739273544
NT,2030,11,146,103,0.5385240662170473
NT,2030,11,147,103,0.3804997495363102
NT,2030,11,148,103,0.5740563556793211
NT,2030,11,149,103,0.5755438372491718
NT,2030,11,150,103,0.5725688741094703
NT,2030,11,151,103,0.575367753653235
NT,2030,11,152,103,0.5786948839847927
NT,2030,11,153,103,0.5787190088386636
NT,2030,11,154,103,0.5787431346982698
NT,2030,11,155,103,0.0
NT,2030,11,156,103,0.0
NT,2030,11,157,103,0.0
NT,2030,11,158,103,0.00015833688320457113
NT,2030,11,159,103,0.00015834348401317464
NT,2030,11,160,103,0.00015835008509695317
NT,2030,11,161,103,0.00015858108872866255
NT,2030,11,162,103,0.0001596339705584126
NT,2030,11,163,103,0.00017175250140385987
NT,2030,11,164,103,0.0001717596614878915
NT,2030,11,165,103,0.0001596339705584126
NT,2030,11,166,103,0.00015858108872866255
NT,2030,11,167,103,0.00015834348401317464
NT,2030,21,0,103,0.0
NT,2030,21,1,103,0.0
NT,2030,21,2,103,0.0
NT,2030,21,3,103,0.0
NT,2030,21,4,103,0.0
NT,2030,21,5,103,0.0
NT,2030,21,6,103,0.0
NT,2030,21,7,103,0.0
NT,2030,21,8,103,0.0
NT,2030,21,9,103,0.0
NT,2030,21,10,103,0.0
NT,2030,21,11,103,0.0
NT,2030,21,12,103,0.0
NT,2030,21,13,103,0.0
NT,2030,21,14,103,0.0
NT,2030,21,15,103,0.0
NT,2030,21,16,103,0.5740563556793211
NT,2030,21,17,103,0.5720131271879462
NT,2030,21,18,103,0.580042861546247
NT,2030,21,19,103,0.6070267954849466
NT,2030,21,20,103,0.5916312427872358
NT,2030,21,21,103,0.5720131271879462
NT,2030,21,22,103,0.5831313809590389
NT,2030,21,23,103,0.5649813303995858
NT,2030,21,24,103,0.5325147518660917
NT,2030,21,25,103,0.023246688389354696
NT,2030,21,26,103,0.5699698986965888
NT,2030,21,27,103,0.3209535168336278
NT,2030,21,28,103,0.5730965848214845
NT,2030,21,29,103,0.6089849219594289
NT,2030,21,30,103,0.0
NT,2030,21,31,103,0.0
NT,2030,21,32,103,0.0
NT,2030,21,33,103,0.0
NT,2030,21,34,103,0.0
NT,2030,21,35,103,0.0
NT,2030,21,36,103,0.0
NT,2030,21,37,103,0.0
NT,2030,21,38,103,0.0
NT,2030,21,39,103,0.0
NT,2030,21,40,103,0.0
NT,2030,21,41,103,0.0
NT,2030,21,42,103,0.0
NT,2030,21,43,103,0.0
NT,2030,21,44,103,0.0
NT,2030,21,45,103,0.0
NT,2030,21,46,103,0.0
NT,2030,21,47,103,0.0
NT,2030,21,48,103,0.0
NT,2030,21,49,103,0.0
NT,2030,21,50,103,0.0
NT,2030,21,51,103,0.0
NT,2030,21,52,103,0.0
NT,2030,21,53,103,0.0
NT,2030,21,54,103,0.0
NT,2030,21,55,103,0.0
NT,2030,21,56,103,0.0
NT,2030,21,57,103,0.0
NT,2030,21,58,103,0.0
NT,2030,21,59,103,0.0
NT,2030,21,60,103,0.0
NT,2030,21,61,103,0.0
NT,2030,21,62,103,0.0
NT,2030,21,63,103,0.0
NT,2030,21,64,103,0.0
NT,2030,21,65,103,0.0
NT,2030,21,66,103,0.0
NT,2030,21,67,103,0.0
NT,2030,21,68,103,0.0
NT,2030,21,69,103,0.0
NT,2030,21,70,103,0.0
NT,2030,21,71,103,0.0
NT,2030,21,72,103,0.0
NT,2030,21,73,103,0.0
NT,2030,21,74,103,0.0
NT,2030,21,75,103,0.0
NT,2030,21,76,103,0.0
NT,2030,21,77,103,0.0
NT,2030,21,78,103,0.0
NT,2030,21,79,103,0.0
NT,2030,21,80,103,0.0
NT,2030,21,81,103,0.0
NT,2030,21,82,103,0.0
NT,2030,21,83,103,0.0
NT,2030,21,84,103,0.0
NT,2030,21,85,103,0.0
NT,2030,21,86,103,0.0
NT,2030,21,87,103,0.0
NT,2030,21,88,103,0.0
NT,2030,21,89,103,0.0
NT,2030,21,90,103,0.0
NT,2030,21,91,103,0.0
NT,2030,21,92,103,0.0
NT,2030,21,93,103,0.0
NT,2030,21,94,103,0.0
NT,2030,21,95,103,0.0
NT,2030,21,96,103,0.0
NT,2030,21,97,103,0.0
NT,2030,21,98,103,0.0
NT,2030,21,99,103,0.0
NT,2030,21,100,103,0.0
NT,2030,21,101,103,0.0
NT,2030,21,102,103,0.0
NT,2030,21,103,103,0.0
NT,2030,21,104,103,0.0
NT,2030,21,105,103,0.0
NT,2030,21,106,103,0.0
NT,2030,21,107,103,0.0
NT,2030,21,108,103,0.0
NT,2030,21,109,103,0.0
NT,2030,21,110,103,0.0
NT,2030,21,111,103,0.0
NT,2030,21,112,103,0.0
NT,2030,21,113,103,0.0
NT,2030,21,114,103,0.0
NT,2030,21,115,103,-8.721182071795201e-15
NT,2030,21,116,103,-8.721182071795201e-15
NT,2030,21,117,103,0.0
NT,2030,21,118,103,8.721182071795201e-15
NT,2030,21,119,103,0.0
NT,2030,21,120,103,0.0
NT,2030,21,121,103,0.0
NT,2030,21,122,103,0.0
NT,2030,21,123,103,0.0
NT,2030,21,124,103,0.0
NT,2030,21,125,103,0.0
NT,2030,21,126,103,0.0
NT,2030,21,127,103,0.0
NT,2030,21,128,103,0.0
NT,2030,21,129,103,0.0
NT,2030,21,130,103,0.0
NT,2030,21,131,103,0.0
NT,2030,21,132,103,0.0
NT,2030,21,133,103,0.0
NT,2030,21,134,103,0.0
NT,2030,21,135,103,0.0
NT,2030,21,136,103,0.0
NT,2030,21,137,103,0.0
NT,2030,21,138,103,0.0
NT,2030,21,139,103,0.0
NT,2030,21,140,103,0.0
NT,2030,21,141,103,0.0
NT,2030,21,142,103,0.0
NT,2030,21,143,103,0.0
NT,2030,21,144,103,0.05556150419885591
NT,2030,21,145,103,0.023246688389354696
NT,2030,21,146,103,0.058963170389879076
NT,2030,21,147,103,0.0
NT,2030,21,148,103,0.0
NT,2030,21,149,103,0.0
NT,2030,21,150,103,0.0
NT,2030,21,151,103,0.0
NT,2030,21,152,103,0.0
NT,2030,21,153,103,0.0
NT,2030,21,154,103,0.0
NT,2030,21,155,103,0.0
NT,2030,21,156,103,0.0
NT,2030,21,157,103,0.0
NT,2030,21,158,103,0.0
NT,2030,21,159,103,0.0
NT,2030,21,160,103,0.0
NT,2030,21,161,103,0.00014011577069518425
NT,2030,21,162,103,0.0001735849039682909
NT,2030,21,163,103,0.0
NT,2030,21,164,103,0.0
NT,2030,21,165,103,0.0
NT,2030,21,166,103,0.0
NT,2030,21,167,103,0.0
NT,2030,42,0,103,0.0
NT,2030,42,1,103,0.0
NT,2030,42,2,103,0.0
NT,2030,42,3,103,0.0
NT,2030,42,4,103,0.0
NT,2030,42,5,103,0.0
NT,2030,42,6,103,0.0
NT,2030,42,7,103,0.0
NT,2030,42,8,103,0.0
NT,2030,42,9,103,0.0
NT,2030,42,10,103,0.0
NT,2030,42,11,103,0.0
NT,2030,42,12,103,0.0
NT,2030,42,13,103,0.0
NT,2030,42,14,103,0.0
NT,2030,42,15,103,0.0
NT,2030,42,16,103,0.0
NT,2030,42,17,103,0.0
NT,2030,42,18,103,0.0
NT,2030,42,19,103,0.0
NT,2030,42,20,103,0.0
NT,2030,42,21,103,0.0
NT,2030,42,22,103,0.0
NT,2030,42,23,103,0.0
NT,2030,42,24,103,0.0
NT,2030,42,25,103,0.0
NT,2030,42,26,103,0.0
NT,2030,42,27,103,0.0
NT,2030,42,28,103,0.0
NT,2030,42,29,103,0.0
NT,2030,42,30,103,0.0
NT,2030,42,31,103,0.0
NT,2030,42,32,103,0.0
NT,2030,42,33,103,0.0
NT,2030,42,34,103,0.0
NT,2030,42,35,103,0.0
NT,2030,42,36,103,0.0
NT,2030,42,37,103,0.0
NT,2030,42,38,103,0.0
NT,2030,42,39,103,0.0
NT,2030,42,40,103,0.0
NT,2030,42,41,103,0.0
NT,2030,42,42,103,0.0
NT,2030,42,43,103,0.0
NT,2030,42,44,103,0.0
NT,2030,42,45,103,0.0
NT,2030,42,46,103,0.0
NT,2030,42,47,103,0.0
NT,2030,42,48,103,0.0
NT,2030,42,49,103,0.0
NT,2030,42,50,103,0.0
NT,2030,42,51,103,0.0
NT,2030,42,52,103,0.0
NT,2030,42,53,103,0.0
NT,2030,42,54,103,0.0
NT,2030,42,55,103,0.0
NT,2030,42,56,103,0.0
NT,2030,42,57,103,0.0
NT,2030,42,58,103,0.0
NT,2030,42,59,103,0.0
NT,2030,42,60,103,0.0
NT,2030,42,61,103,0.0
NT,2030,42,62,103,0.0
NT,2030,42,63,103,0.0
NT,2030,42,64,103,0.0
NT,2030,42,65,103,0.0
NT,2030,42,66,103,0.0
NT,2030,42,67,103,0.0
NT,2030,42,68,103,0.0
NT,2030,42,69,103,0.0
NT,2030,42,70,103,0.0
NT,2030,42,71,103,0.0
NT,2030,42,72,103,0.0
NT,2030,42,73,103,0.0
NT,2030,42,74,103,0.0
NT,2030,42,75,103,0.0
NT,2030,42,76,103,0.0
NT,2030,42,77,103,0.0
NT,2030,42,78,103,0.0
NT,2030,42,79,103,0.0
NT,2030,42,80,103,0.0
NT,2030,42,81,103,0.0
NT,2030,42,82,103,0.0
NT,2030,42,83,103,0.0
NT,2030,42,84,103,0.0
NT,2030,42,85,103,0.0
NT,2030,42,86,103,0.0
NT,2030,42,87,103,0.0
NT,2030,42,88,103,0.0
NT,2030,42,89,103,0.0
NT,2030,42,90,103,0.0
NT,2030,42,91,103,0.0
NT,2030,42,92,103,0.0
NT,2030,42,93,103,0.0
NT,2030,42,94,103,0.0
NT,2030,42,95,103,0.0
NT,2030,42,96,103,0.0
NT,2030,42,97,103,0.0
NT,2030,42,98,103,0.0
NT,2030,42,99,103,0.0
NT,2030,42,100,103,0.0
NT,2030,42,101,103,0.0
NT,2030,42,102,103,0.0
NT,2030,42,103,103,0.0
NT,2030,42,104,103,0.0
NT,2030,42,105,103,0.0
NT,2030,42,106,103,0.0
NT,2030,42,107,103,0.0
NT,2030,42,108,103,0.0
NT,2030,42,109,103,0.0
NT,2030,42,110,103,0.0
NT,2030,42,111,103,0.0
NT,2030,42,112,103,0.0
NT,2030,42,113,103,0.0
NT,2030,42,114,103,0.0
NT,2030,42,115,103,0.0
NT,2030,42,116,103,0.0
NT,2030,42,117,103,0.0
NT,2030,42,118,103,0.00016263333673447212
NT,2030,42,119,103,0.00016264011665527436
NT,2030,42,120,103,0.0
NT,2030,42,121,103,0.0
NT,2030,42,122,103,0.0
NT,2030,42,123,103,0.0
NT,2030,42,124,103,0.0
NT,2030,42,125,103,0.0
NT,2030,42,126,103,0.0
NT,2030,42,127,103,0.0
NT,2030,42,128,103,0.0
NT,2030,42,129,103,0.0
NT,2030,42,130,103,0.0
NT,2030,42,131,103,0.0
NT,2030,42,132,103,0.0
NT,2030,42,133,103,0.0
NT,2030,42,134,103,0.0
NT,2030,42,135,103,0.0
NT,2030,42,136,103,0.0
NT,2030,42,137,103,0.0
NT,2030,42,138,103,0.0
NT,2030,42,139,103,0.0
NT,2030,42,140,103,0.0
NT,2030,42,141,103,0.0
NT,2030,42,142,103,0.0
NT,2030,42,143,103,0.0
NT,2030,42,144,103,0.0
NT,2030,42,145,103,0.0
NT,2030,42,146,103,0.0
NT,2030,42,147,103,0.0
NT,2030,42,148,103,0.0
NT,2030,42,149,103,0.0
NT,2030,42,150,103,0.0
NT,2030,42,151,103,0.0
NT,2030,42,152,103,0.0
NT,2030,42,153,103,0.0
NT,2030,42,154,103,0.0
NT,2030,42,155,103,0.0
NT,2030,42,156,103,0.0
NT,2030,42,157,103,0.0
NT,2030,42,158,103,0.0
NT,2030,42,159,103,0.0
NT,2030,42,160,103,0.0
NT,2030,42,161,103,0.0
NT,2030,42,162,103,0.0
NT,2030,42,163,103,0.0
NT,2030,42,164,103,0.0
NT,2030,42,165,103,0.0
NT,2030,42,166,103,0.0
NT,2030,42,167,103,0.0
NT,2030,52,0,103,0.0
NT,2030,52,1,103,0.0
NT,2030,52,2,103,0.0
NT,2030,52,3,103,0.0
NT,2030,52,4,103,0.0
NT,2030,52,5,103,0.0
NT,2030,52,6,103,0.0
NT,2030,52,7,103,0.0
NT,2030,52,8,103,0.0
NT,2030,52,9,103,0.0
NT,2030,52,10,103,0.0
NT,2030,52,11,103,0.0
NT,2030,52,12,103,0.0
NT,2030,52,13,103,0.0
NT,2030,52,14,103,0.0
NT,2030,52,15,103,0.0
NT,2030,52,16,103,0.0
NT,2030,52,17,103,0.0
NT,2030,52,18,103,0.0
NT,2030,52,19,103,0.0
NT,2030,52,20,103,0.0
NT,2030,52,21,103,0.0
NT,2030,52,22,103,0.00013607261132245858
NT,2030,52,23,103,0.00013607261132245858
NT,2030,52,24,103,9.489173810773109e-05
NT,2030,52,25,103,0.0
NT,2030,52,26,103,0.0
NT,2030,52,27,103,0.0
NT,2030,52,28,103,0.0
NT,2030,52,29,103,0.0
NT,2030,52,30,103,0.0
NT,2030,52,31,103,0.0
NT,2030,52,32,103,0.0
NT,2030,52,33,103,0.0
NT,2030,52,34,103,0.0
NT,2030,52,35,103,0.0
NT,2030,52,36,103,0.0
NT,2030,52,37,103,0.00015686645409234874
NT,2030,52,38,103,0.00015686645409234874
NT,2030,52,39,103,0.00015686645409234874
NT,2030,52,40,103,0.00015686645409234874
NT,2030,52,41,103,0.00015686645409234874
NT,2030,52,42,103,0.00015686645409234874
NT,2030,52,43,103,0.00015686645409234874
NT,2030,52,44,103,0.00015686645409234874
NT,2030,52,45,103,0.00011659044137032564
NT,2030,52,46,103,0.00011659044137032564
NT,2030,52,47,103,0.00011659044137032564
NT,2030,52,48,103,0.00011659044137032564
NT,2030,52,49,103,0.00011659044137032564
NT,2030,52,50,103,0.00011659044137032564
NT,2030,52,51,103,0.00011659044137032564
NT,2030,52,52,103,0.00011659044137032564
NT,2030,52,53,103,0.00011659044137032564
NT,2030,52,54,103,0.00011659044137032564
NT,2030,52,55,103,0.00011659044137032564
NT,2030,52,56,103,0.00011659044137032564
NT,2030,52,57,103,0.00011659044137032564
NT,2030,52,58,103,0.00015686645409234874
NT,2030,52,59,103,0.00011659044137032564
NT,2030,52,60,103,0.00011659044137032564
NT,2030,52,61,103,0.00011659044137032564
NT,2030,52,62,103,0.00011659044137032564
NT,2030,52,63,103,0.00011659044137032564
NT,2030,52,64,103,0.00011659044137032564
NT,2030,52,65,103,0.00011659044137032564
NT,2030,52,66,103,0.00015686645409234874
NT,2030,52,67,103,0.00015686645409234874
NT,2030,52,68,103,0.00015686645409234874
NT,2030,52,69,103,0.00015686645409234874
NT,2030,52,70,103,0.00015686645409234874
NT,2030,52,71,103,0.00011659044137032564
NT,2030,52,72,103,0.00011659044137032564
NT,2030,52,73,103,0.00011659044137032564
NT,2030,52,74,103,0.00011652622336615987
NT,2030,52,75,103,0.00011659044137032564
NT,2030,52,76,103,0.00011659044137032564
NT,2030,52,77,103,0.00011659044137032564
NT,2030,52,78,103,0.00015574493737804333
NT,2030,52,79,103,0.0001579112917566807
NT,2030,52,80,103,0.0
NT,2030,52,81,103,0.0
NT,2030,52,82,103,0.0
NT,2030,52,83,103,0.0
NT,2030,52,84,103,0.0
NT,2030,52,85,103,0.0
NT,2030,52,86,103,0.0
NT,2030,52,87,103,0.0
NT,2030,52,88,103,0.0
NT,2030,52,89,103,0.0
NT,2030,52,90,103,0.0
NT,2030,52,91,103,0.0
NT,2030,52,92,103,0.0
NT,2030,52,93,103,0.00013607261132245858
NT,2030,52,94,103,0.0001360726113225565
NT,2030,52,95,103,0.0001583434840131725
NT,2030,52,96,103,0.00015686645409234874
NT,2030,52,97,103,0.00011659044137032564
NT,2030,52,98,103,0.00011659044137032564
NT,2030,52,99,103,0.00011659044137032564
NT,2030,52,100,103,0.00011659044137032564
NT,2030,52,101,103,0.00015686645409234874
NT,2030,52,102,103,0.00015790876915053784
NT,2030,52,103,103,0.00015790876915053784
NT,2030,52,104,103,0.0001579112917566807
NT,2030,52,105,103,0.00015790876915053784
NT,2030,52,106,103,0.00015790876915053784
NT,2030,52,107,103,0.00015686645409234874
NT,2030,52,108,103,0.00015686645409234874
NT,2030,52,109,103,0.00015686645409234874
NT,2030,52,110,103,0.00015686645409234874
NT,2030,52,111,103,0.00015686645409234874
NT,2030,52,112,103,0.00015790876915053784
NT,2030,52,113,103,0.00015834348401317464
NT,2030,52,114,103,0.0001583434840131725
NT,2030,52,115,103,0.0001583434840131725
NT,2030,52,116,103,0.0001579112917566807
NT,2030,52,117,103,0.00015790876915053784
NT,2030,52,118,103,0.00015790876915053784
NT,2030,52,119,103,0.00015686645409234874
NT,2030,52,120,103,0.00015686645409234874
NT,2030,52,121,103,0.00015686645409234874
NT,2030,52,122,103,0.00015686645409234874
NT,2030,52,123,103,0.00015686645409234874
NT,2030,52,124,103,0.00015686645409234874
NT,2030,52,125,103,0.00015686645409234874
NT,2030,52,126,103,0.00015686645409234874
NT,2030,52,127,103,0.00015686645409234874
NT,2030,52,128,103,0.00015790876915053784
NT,2030,52,129,103,0.00015686645409234874
NT,2030,52,130,103,0.00011659044137032564
NT,2030,52,131,103,0.00011535489132366168
NT,2030,52,132,103,0.00011597265347024286
NT,2030,52,133,103,0.00011597748818262095
NT,2030,52,134,103,0.00011598232309654861
NT,2030,52,135,103,0.0001159871582120365
NT,2030,52,136,103,0.00015790876915053784
NT,2030,52,137,103,0.0001583434840131725
NT,2030,52,138,103,0.0001596339705584126
NT,2030,52,139,103,0.0
NT,2030,52,140,103,0.0
NT,2030,52,141,103,0.0
NT,2030,52,142,103,0.0
NT,2030,52,143,103,0.0
NT,2030,52,144,103,0.0
NT,2030,52,145,103,0.0
NT,2030,52,146,103,0.0
NT,2030,52,147,103,0.0
NT,2030,52,148,103,0.0
NT,2030,52,149,103,0.0
NT,2030,52,150,103,0.0
NT,2030,52,151,103,0.0
NT,2030,52,152,103,0.0
NT,2030,52,153,103,0.0
NT,2030,52,154,103,0.0
NT,2030,52,155,103,0.0
NT,2030,52,156,103,0.0
NT,2030,52,157,103,0.0
NT,2030,52,158,103,0.0
NT,2030,52,159,103,0.0
NT,2030,52,160,103,0.0
NT,2030,52,161,103,-8.721182071795201e-15
NT,2030,52,162,103,0.0
NT,2030,52,163,103,0.0
NT,2030,52,164,103,0.0
NT,2030,52,165,103,0.0
NT,2030,52,166,103,-8.721182071795201e-15
NT,2030,52,167,103,0.0
NT,2040,11,0,103,0.0
NT,2040,11,1,103,5.2583620127130576e-05
NT,2040,11,2,103,5.258581225321625e-05
NT,2040,11,3,103,5.2588004470689103e-05
NT,2040,11,4,103,5.259019677955338e-05
NT,2040,11,5,103,5.263625638351332e-05
NT,2040,11,6,103,5.278116133772453e-05
NT,2040,11,7,103,5.278116133772453e-05
NT,2040,11,8,103,5.278116133772453e-05
NT,2040,11,9,103,3.1710235509173665e-05
NT,2040,11,10,103,5.2637097252227245e-05
NT,2040,11,11,103,5.263625638351332e-05
NT,2040,11,12,103,5.260773854095193e-05
NT,2040,11,13,103,5.2609931672497706e-05
NT,2040,11,14,103,5.261212489547005e-05
NT,2040,11,15,103,5.26143182098732e-05
NT,2040,11,16,103,5.261651161571463e-05
NT,2040,11,17,103,5.263625638351332e-05
NT,2040,11,18,103,5.278116133772453e-05
NT,2040,11,19,103,5.278116133772559e-05
NT,2040,11,20,103,5.286036290955348e-05
NT,2040,11,21,103,5.286036290955348e-05
NT,2040,11,22,103,5.278116133772453e-05
NT,2040,11,23,103,5.278116133772453e-05
NT,2040,11,24,103,4.5357537107486545e-05
NT,2040,11,25,103,0.0
NT,2040,11,26,103,0.0
NT,2040,11,27,103,0.0
NT,2040,11,28,103,0.0
NT,2040,11,29,103,0.0
NT,2040,11,30,103,0.19705662677506458
NT,2040,11,31,103,0.1970648417471575
NT,2040,11,32,103,0.19707305706172468
NT,2040,11,33,103,0.18563118005782125
NT,2040,11,34,103,0.19651640510292145
NT,2040,11,35,103,0.18618783201662445
NT,2040,11,36,103,0.19135211855977077
NT,2040,11,37,103,0.0
NT,2040,11,38,103,0.0
NT,2040,11,39,103,0.1817705538004615
NT,2040,11,40,103,0.1817781315208954
NT,2040,11,41,103,0.19714701030627815
NT,2040,11,42,103,0.19715522904631416
NT,2040,11,43,103,0.19716344812898362
NT,2040,11,44,103,0.19717166755429089
NT,2040,11,45,103,0.1971798873222534
NT,2040,11,46,103,0.19718810743287987
NT,2040,11,47,103,0.18785424547573704
NT,2040,11,48,103,5.321132351947122e-05
NT,2040,11,49,103,5.278116133772453e-05
NT,2040,11,50,103,5.278116133772453e-05
NT,2040,11,51,103,5.2637097252227245e-05
NT,2040,11,52,103,5.2637097252227245e-05
NT,2040,11,53,103,5.2637097252227245e-05
NT,2040,11,54,103,5.278116133772559e-05
NT,2040,11,55,103,5.286036290955348e-05
NT,2040,11,56,103,5.278116133772453e-05
NT,2040,11,57,103,5.2637097252227245e-05
NT,2040,11,58,103,5.263625638351332e-05
NT,2040,11,59,103,5.263490298824045e-05
NT,2040,11,60,103,5.2637097252227245e-05
NT,2040,11,61,103,5.2639291607689576e-05
NT,2040,11,62,103,5.264148605462957e-05
NT,2040,11,63,103,5.264368059305361e-05
NT,2040,11,64,103,5.264587522296277e-05
NT,2040,11,65,103,5.278116133772453e-05
NT,2040,11,66,103,5.3394893929155414e-05
NT,2040,11,67,103,5.366876911150342e-05
NT,2040,11,68,103,5.366876911150342e-05
NT,2040,11,69,103,5.343038717442978e-05
NT,2040,11,70,103,5.3394893929155414e-05
NT,2040,11,71,103,5.321132351947122e-05
NT,2040,11,72,103,5.3019537925701814e-05
NT,2040,11,73,103,5.286036290955348e-05
NT,2040,11,74,103,5.286036290955348e-05
NT,2040,11,75,103,5.3019537925701814e-05
NT,2040,11,76,103,5.321132351947122e-05
NT,2040,11,77,103,5.3397119875934067e-05
NT,2040,11,78,103,0.0
NT,2040,11,79,103,0.0
NT,2040,11,80,103,0.0
NT,2040,11,81,103,0.0
NT,2040,11,82,103,0.0
NT,2040,11,83,103,0.0
NT,2040,11,84,103,0.0
NT,2040,11,85,103,0.0
NT,2040,11,86,103,0.0
NT,2040,11,87,103,0.0
NT,2040,11,88,103,0.0
NT,2040,11,89,103,0.0
NT,2040,11,90,103,0.20739772551745622
NT,2040,11,91,103,0.20740637159323128
NT,2040,11,92,103,0.20741501802944626
NT,2040,11,93,103,0.2074236648261273
NT,2040,11,94,103,0.0
NT,2040,11,95,103,0.19361331479002766
NT,2040,11,96,103,0.18798625942155442
NT,2040,11,97,103,0.191371697659814
NT,2040,11,98,103,0.1913325394597254
NT,2040,11,99,103,0.18731227418200228
NT,2040,11,100,103,0.19131744840674306
NT,2040,11,101,103,0.19135646948976898
NT,2040,11,102,103,0.20750150221922747
NT,2040,11,103,103,0.2075101526212888
NT,2040,11,104,103,0.20624426710353355
NT,2040,11,105,103,0.0
NT,2040,11,106,103,0.0
NT,2040,11,107,103,0.0
NT,2040,11,108,103,0.0
NT,2040,11,109,103,0.0
NT,2040,11,110,103,0.0
NT,2040,11,111,103,0.0
NT,2040,11,112,103,0.0
NT,2040,11,113,103,0.2173527324021525
NT,2040,11,114,103,0.21736179348606863
NT,2040,11,115,103,0.21737085494773403
NT,2040,11,116,103,0.2173799167871487
NT,2040,11,117,103,0.2173889790043432
NT,2040,11,118,103,0.21739804159932183
NT,2040,11,119,103,0.21740710457211082
NT,2040,11,120,103,0.1828151454941836
NT,2040,11,121,103,0.18282276676194767
NT,2040,11,122,103,0.0
NT,2040,11,123,103,0.04563192852850092
NT,2040,11,124,103,0.18949413904224674
NT,2040,11,125,103,0.1918479457497254
NT,2040,11,126,103,0.1918479457497254
NT,2040,11,127,103,0.1918479457497254
NT,2040,11,128,103,0.19477396375151354
NT,2040,11,129,103,0.19374280253745046
NT,2040,11,130,103,0.0
NT,2040,11,131,103,0.0
NT,2040,11,132,103,0.0
NT,2040,11,133,103,0.0
NT,2040,11,134,103,0.0
NT,2040,11,135,103,0.18292949787723115
NT,2040,11,136,103,0.18293712391217212
NT,2040,11,137,103,0.19840399255709093
NT,2040,11,138,103,0.19841226369869175
NT,2040,11,139,103,0.19842053518510192
NT,2040,11,140,103,0.19842880701633456
NT,2040,11,141,103,0.19843707919241146
NT,2040,11,142,103,0.1984453517133326
NT,2040,11,143,103,0.19794503545088488
NT,2040,11,144,103,0.1912381540550591
NT,2040,11,145,103,0.18892702738317263
NT,2040,11,146,103,0.19238658445107754
NT,2040,11,147,103,0.1918479457497254
NT,2040,11,148,103,0.19238658445107754
NT,2040,11,149,103,0.19281387795166888
NT,2040,11,150,103,0.19095302012334622
NT,2040,11,151,103,0.19135211855977077
NT,2040,11,152,103,0.19465694007112344
NT,2040,11,153,103,0.1985363722079745
NT,2040,11,154,103,0.198544648868263
NT,2040,11,155,103,0.0
NT,2040,11,156,103,0.0
NT,2040,11,157,103,0.0
NT,2040,11,158,103,0.18223689045630914
NT,2040,11,159,103,0.18224448761756606
NT,2040,11,160,103,0.1822520850955349
NT,2040,11,161,103,0.18780959739235983
NT,2040,11,162,103,0.19766927561937922
NT,2040,11,163,103,0.19767751613181356
NT,2040,11,164,103,0.19677296958381565
NT,2040,11,165,103,0.1976939981873058
NT,2040,11,166,103,0.19770223973038548
NT,2040,11,167,103,5.321132351947122e-05
NT,2040,21,0,103,0.0
NT,2040,21,1,103,0.0
NT,2040,21,2,103,0.0
NT,2040,21,3,103,0.0
NT,2040,21,4,103,0.0
NT,2040,21,5,103,0.0
NT,2040,21,6,103,0.0
NT,2040,21,7,103,0.0
NT,2040,21,8,103,0.0
NT,2040,21,9,103,0.0
NT,2040,21,10,103,0.0
NT,2040,21,11,103,0.0
NT,2040,21,12,103,0.0
NT,2040,21,13,103,0.0
NT,2040,21,14,103,0.0
NT,2040,21,15,103,0.0
NT,2040,21,16,103,0.19204082387248284
NT,2040,21,17,103,0.19204882974387047
NT,2040,21,18,103,0.20069362542300564
NT,2040,21,19,103,0.20771157509951185
NT,2040,21,20,103,0.20736544590393113
NT,2040,21,21,103,0.1920808565670718
NT,2040,21,22,103,0.19423988168414325
NT,2040,21,23,103,0.16536899623446802
NT,2040,21,24,103,0.07905858414635968
NT,2040,21,25,103,0.07981723946834678
NT,2040,21,26,103,0.0805759264174543
NT,2040,21,27,103,0.0
NT,2040,21,28,103,0.0
NT,2040,21,29,103,0.0
NT,2040,21,30,103,0.0
NT,2040,21,31,103,0.0
NT,2040,21,32,103,0.0
NT,2040,21,33,103,0.0
NT,2040,21,34,103,0.0
NT,2040,21,35,103,0.0
NT,2040,21,36,103,0.0
NT,2040,21,37,103,0.0
NT,2040,21,38,103,0.0
NT,2040,21,39,103,0.0
NT,2040,21,40,103,0.0
NT,2040,21,41,103,0.0
NT,2040,21,42,103,0.0
NT,2040,21,43,103,0.0
NT,2040,21,44,103,0.0
NT,2040,21,45,103,0.0
NT,2040,21,46,103,0.0
NT,2040,21,47,103,0.0
NT,2040,21,48,103,0.0
NT,2040,21,49,103,0.0
NT,2040,21,50,103,0.0
NT,2040,21,51,103,0.0
NT,2040,21,52,103,0.0
NT,2040,21,53,103,0.0
NT,2040,21,54,103,0.0
NT,2040,21,55,103,0.0
NT,2040,21,56,103,0.0
NT,2040,21,57,103,0.0
NT,2040,21,58,103,0.0
NT,2040,21,59,103,0.0
NT,2040,21,60,103,0.0
NT,2040,21,61,103,0.0
NT,2040,21,62,103,0.0
NT,2040,21,63,103,0.0
NT,2040,21,64,103,0.0
NT,2040,21,65,103,0.0
NT,2040,21,66,103,0.0
NT,2040,21,67,103,0.0
NT,2040,21,68,103,0.0
NT,2040,21,69,103,0.0
NT,2040,21,70,103,0.0
NT,2040,21,71,103,0.0
NT,2040,21,72,103,0.0
NT,2040,21,73,103,0.0
NT,2040,21,74,103,0.0
NT,2040,21,75,103,0.0
NT,2040,21,76,103,0.0
NT,2040,21,77,103,0.0
NT,2040,21,78,103,0.0
NT,2040,21,79,103,0.0
NT,2040,21,80,103,0.0
NT,2040,21,81,103,0.0
NT,2040,21,82,103,0.0
NT,2040,21,83,103,0.0
NT,2040,21,84,103,0.0
NT,2040,21,85,103,0.0
NT,2040,21,86,103,0.0
NT,2040,21,87,103,0.0
NT,2040,21,88,103,0.0
NT,2040,21,89,103,0.0
NT,2040,21,90,103,0.0
NT,2040,21,91,103,0.0
NT,2040,21,92,103,0.0
NT,2040,21,93,103,0.0
NT,2040,21,94,103,0.0
NT,2040,21,95,103,0.0
NT,2040,21,96,103,0.0
NT,2040,21,97,103,0.0
NT,2040,21,98,103,0.0
NT,2040,21,99,103,0.0
NT,2040,21,100,103,0.0
NT,2040,21,101,103,0.0
NT,2040,21,102,103,0.0
NT,2040,21,103,103,0.0
NT,2040,21,104,103,0.0
NT,2040,21,105,103,0.0
NT,2040,21,106,103,0.0
NT,2040,21,107,103,0.0
NT,2040,21,108,103,0.0
NT,2040,21,109,103,0.0
NT,2040,21,110,103,0.0
NT,2040,21,111,103,0.0
NT,2040,21,112,103,0.0
NT,2040,21,113,103,0.0
NT,2040,21,114,103,0.0
NT,2040,21,115,103,0.0
NT,2040,21,116,103,0.19333541471653928
NT,2040,21,117,103,0.19334347455732256
NT,2040,21,118,103,0.0
NT,2040,21,119,103,0.0
NT,2040,21,120,103,0.15783908837380725
NT,2040,21,121,103,0.17459469197093275
NT,2040,21,122,103,0.0
NT,2040,21,123,103,0.0
NT,2040,21,124,103,0.0
NT,2040,21,125,103,0.0
NT,2040,21,126,103,0.0
NT,2040,21,127,103,0.0
NT,2040,21,128,103,0.0
NT,2040,21,129,103,0.0
NT,2040,21,130,103,0.0
NT,2040,21,131,103,0.0
NT,2040,21,132,103,0.0
NT,2040,21,133,103,0.0
NT,2040,21,134,103,0.0
NT,2040,21,135,103,0.0
NT,2040,21,136,103,0.0
NT,2040,21,137,103,0.0
NT,2040,21,138,103,0.0
NT,2040,21,139,103,0.0
NT,2040,21,140,103,0.0
NT,2040,21,141,103,0.0
NT,2040,21,142,103,0.0
NT,2040,21,143,103,0.0
NT,2040,21,144,103,0.0
NT,2040,21,145,103,0.10943797420780617
NT,2040,21,146,103,0.17068368284641883
NT,2040,21,147,103,0.0
NT,2040,21,148,103,0.19409921842977212
NT,2040,21,149,103,0.1947347915312417
NT,2040,21,150,103,0.0
NT,2040,21,151,103,0.0
NT,2040,21,152,103,0.0
NT,2040,21,153,103,0.0
NT,2040,21,154,103,0.0
NT,2040,21,155,103,0.0
NT,2040,21,156,103,0.0
NT,2040,21,157,103,0.0
NT,2040,21,158,103,0.0
NT,2040,21,159,103,0.1796363163521893
NT,2040,21,160,103,0.17964380509971456
NT,2040,21,161,103,0.17965129415943415
NT,2040,21,162,103,0.0
NT,2040,21,163,103,0.0
NT,2040,21,164,103,0.0
NT,2040,21,165,103,0.0
NT,2040,21,166,103,0.0
NT,2040,21,167,103,0.0
NT,2040,42,0,103,0.0
NT,2040,42,1,103,0.0
NT,2040,42,2,103,0.0
NT,2040,42,3,103,0.0
NT,2040,42,4,103,0.0
NT,2040,42,5,103,0.0
NT,2040,42,6,103,0.0
NT,2040,42,7,103,0.0
NT,2040,42,8,103,0.0
NT,2040,42,9,103,0.0
NT,2040,42,10,103,0.0
NT,2040,42,11,103,0.0
NT,2040,42,12,103,0.0
NT,2040,42,13,103,0.0
NT,2040,42,14,103,0.0
NT,2040,42,15,103,0.0
NT,2040,42,16,103,0.0
NT,2040,42,17,103,0.0
NT,2040,42,18,103,0.0
NT,2040,42,19,103,0.0
NT,2040,42,20,103,0.0
NT,2040,42,21,103,0.0
NT,2040,42,22,103,0.0
NT,2040,42,23,103,0.0
NT,2040,42,24,103,0.0
NT,2040,42,25,103,0.0
NT,2040,42,26,103,0.0
NT,2040,42,27,103,0.0
NT,2040,42,28,103,0.0
NT,2040,42,29,103,0.0
NT,2040,42,30,103,0.0
NT,2040,42,31,103,0.0
NT,2040,42,32,103,0.0
NT,2040,42,33,103,0.0
NT,2040,42,34,103,0.0
NT,2040,42,35,103,0.0
NT,2040,42,36,103,0.0
NT,2040,42,37,103,0.0
NT,2040,42,38,103,0.0
NT,2040,42,39,103,0.0
NT,2040,42,40,103,0.0
NT,2040,42,41,103,0.0
NT,2040,42,42,103,0.0
NT,2040,42,43,103,0.0
NT,2040,42,44,103,0.0
NT,2040,42,45,103,0.0
NT,2040,42,46,103,0.0
NT,2040,42,47,103,0.0
NT,2040,42,48,103,0.0
NT,2040,42,49,103,0.0
NT,2040,42,50,103,0.0
NT,2040,42,51,103,0.0
NT,2040,42,52,103,0.0
NT,2040,42,53,103,0.0
NT,2040,42,54,103,0.0
NT,2040,42,55,103,0.0
NT,2040,42,56,103,0.0
NT,2040,42,57,103,0.0
NT,2040,42,58,103,0.0
NT,2040,42,59,103,0.0
NT,2040,42,60,103,0.0
NT,2040,42,61,103,0.0
NT,2040,42,62,103,0.0
NT,2040,42,63,103,0.0
NT,2040,42,64,103,0.0
NT,2040,42,65,103,0.0
NT,2040,42,66,103,0.0
NT,2040,42,67,103,0.0
NT,2040,42,68,103,0.0
NT,2040,42,69,103,0.0
NT,2040,42,70,103,0.0
NT,2040,42,71,103,0.0
NT,2040,42,72,103,0.0
NT,2040,42,73,103,0.0
NT,2040,42,74,103,0.0
NT,2040,42,75,103,0.0
NT,2040,42,76,103,0.0
NT,2040,42,77,103,0.0
NT,2040,42,78,103,0.0
NT,2040,42,79,103,0.0
NT,2040,42,80,103,0.0
NT,2040,42,81,103,0.0
NT,2040,42,82,103,0.0
NT,2040,42,83,103,0.0
NT,2040,42,84,103,0.0
NT,2040,42,85,103,0.0
NT,2040,42,86,103,0.0
NT,2040,42,87,103,0.0
NT,2040,42,88,103,0.0
NT,2040,42,89,103,0.0
NT,2040,42,90,103,0.0
NT,2040,42,91,103,0.0
NT,2040,42,92,103,0.0
NT,2040,42,93,103,0.0
NT,2040,42,94,103,0.0
NT,2040,42,95,103,0.0
NT,2040,42,96,103,0.0
NT,2040,42,97,103,0.0
NT,2040,42,98,103,0.0
NT,2040,42,99,103,0.0
NT,2040,42,100,103,0.0
NT,2040,42,101,103,0.0
NT,2040,42,102,103,0.0
NT,2040,42,103,103,0.0
NT,2040,42,104,103,0.0
NT,2040,42,105,103,0.0
NT,2040,42,106,103,0.0
NT,2040,42,107,103,0.0
NT,2040,42,108,103,0.0
NT,2040,42,109,103,0.0
NT,2040,42,110,103,0.0
NT,2040,42,111,103,0.0
NT,2040,42,112,103,0.0
NT,2040,42,113,103,0.0
NT,2040,42,114,103,0.0
NT,2040,42,115,103,0.0
NT,2040,42,116,103,0.0
NT,2040,42,117,103,0.0
NT,2040,42,118,103,0.0
NT,2040,42,119,103,0.0
NT,2040,42,120,103,0.0
NT,2040,42,121,103,0.0
NT,2040,42,122,103,0.0
NT,2040,42,123,103,0.0
NT,2040,42,124,103,0.0
NT,2040,42,125,103,0.0
NT,2040,42,126,103,0.0
NT,2040,42,127,103,0.0
NT,2040,42,128,103,0.0
NT,2040,42,129,103,0.0
NT,2040,42,130,103,0.0
NT,2040,42,131,103,0.0
NT,2040,42,132,103,0.0
NT,2040,42,133,103,0.0
NT,2040,42,134,103,0.0
NT,2040,42,135,103,0.0
NT,2040,42,136,103,0.0
NT,2040,42,137,103,0.0
NT,2040,42,138,103,0.0
NT,2040,42,139,103,0.0
NT,2040,42,140,103,0.0
NT,2040,42,141,103,0.0
NT,2040,42,142,103,0.0
NT,2040,42,143,103,0.0
NT,2040,42,144,103,0.0
NT,2040,42,145,103,0.0
NT,2040,42,146,103,0.0
NT,2040,42,147,103,0.0
NT,2040,42,148,103,0.0
NT,2040,42,149,103,0.0
NT,2040,42,150,103,0.0
NT,2040,42,151,103,0.0
NT,2040,42,152,103,0.0
NT,2040,42,153,103,0.0
NT,2040,42,154,103,0.0
NT,2040,42,155,103,0.0
NT,2040,42,156,103,0.0
NT,2040,42,157,103,0.0
NT,2040,42,158,103,0.0
NT,2040,42,159,103,0.0
NT,2040,42,160,103,0.0
NT,2040,42,161,103,0.0
NT,2040,42,162,103,0.0
NT,2040,42,163,103,0.0
NT,2040,42,164,103,0.0
NT,2040,42,165,103,0.0
NT,2040,42,166,103,0.0
NT,2040,42,167,103,0.0
NT,2040,52,0,103,0.0
NT,2040,52,1,103,0.0
NT,2040,52,2,103,0.0
NT,2040,52,3,103,0.0
NT,2040,52,4,103,0.0
NT,2040,52,5,103,0.0
NT,2040,52,6,103,0.0
NT,2040,52,7,103,0.0
NT,2040,52,8,103,0.0
NT,2040,52,9,103,0.0
NT,2040,52,10,103,0.0
NT,2040,52,11,103,0.0
NT,2040,52,12,103,0.0
NT,2040,52,13,103,0.0
NT,2040,52,14,103,0.0
NT,2040,52,15,103,0.0
NT,2040,52,16,103,0.0
NT,2040,52,17,103,0.0
NT,2040,52,18,103,0.0
NT,2040,52,19,103,0.0
NT,2040,52,20,103,0.0
NT,2040,52,21,103,0.0
NT,2040,52,22,103,0.0
NT,2040,52,23,103,4.535753710751848e-05
NT,2040,52,24,103,4.5357537107486545e-05
NT,2040,52,25,103,3.1710235509173665e-05
NT,2040,52,26,103,3.1630579369242984e-05
NT,2040,52,27,103,3.1630579369242984e-05
NT,2040,52,28,103,0.0
NT,2040,52,29,103,0.0
NT,2040,52,30,103,3.1630579369242984e-05
NT,2040,52,31,103,3.1630579369242984e-05
NT,2040,52,32,103,3.1630579369242984e-05
NT,2040,52,33,103,3.1630579369242984e-05
NT,2040,52,34,103,8.578563376250854e-08
NT,2040,52,35,103,0.0
NT,2040,52,36,103,0.0
NT,2040,52,37,103,0.0
NT,2040,52,38,103,5.2288818030783626e-05
NT,2040,52,39,103,5.2288818030783626e-05
NT,2040,52,40,103,5.2288818030783626e-05
NT,2040,52,41,103,5.2288818030783626e-05
NT,2040,52,42,103,5.2288818030783626e-05
NT,2040,52,43,103,5.2288818030783626e-05
NT,2040,52,44,103,5.2288818030783626e-05
NT,2040,52,45,103,5.2288818030783626e-05
NT,2040,52,46,103,5.2288818030783626e-05
NT,2040,52,47,103,5.2288818030783626e-05
NT,2040,52,48,103,5.2288818030783626e-05
NT,2040,52,49,103,3.886348045677628e-05
NT,2040,52,50,103,3.886348045677628e-05
NT,2040,52,51,103,3.886348045677628e-05
NT,2040,52,52,103,3.886348045677628e-05
NT,2040,52,53,103,3.886348045677628e-05
NT,2040,52,54,103,3.886348045677628e-05
NT,2040,52,55,103,3.886348045677628e-05
NT,2040,52,56,103,5.2288818030783626e-05
NT,2040,52,57,103,5.2288818030783626e-05
NT,2040,52,58,103,5.2288818030783626e-05
NT,2040,52,59,103,5.2288818030783626e-05
NT,2040,52,60,103,5.2288818030783626e-05
NT,2040,52,61,103,5.2288818030783626e-05
NT,2040,52,62,103,4.012068589141561e-05
NT,2040,52,63,103,4.032667618716528e-05
NT,2040,52,64,103,5.2288818030783626e-05
NT,2040,52,65,103,5.2288818030783626e-05
NT,2040,52,66,103,5.2288818030783626e-05
NT,2040,52,67,103,5.2460307016047726e-05
NT,2040,52,68,103,5.263625638351332e-05
NT,2040,52,69,103,5.263625638351332e-05
NT,2040,52,70,103,5.2460307016047726e-05
NT,2040,52,71,103,5.2288818030783626e-05
NT,2040,52,72,103,5.1914979126015513e-05
NT,2040,52,73,103,5.1502040986758505e-05
NT,2040,52,74,103,4.259313628771754e-05
NT,2040,52,75,103,5.1914979126015513e-05
NT,2040,52,76,103,5.212146110677387e-05
NT,2040,52,77,103,5.2288818030783626e-05
NT,2040,52,78,103,5.2637097252227245e-05
NT,2040,52,79,103,4.5357537107486545e-05
NT,2040,52,80,103,0.0
NT,2040,52,81,103,0.0
NT,2040,52,82,103,0.0
NT,2040,52,83,103,0.0
NT,2040,52,84,103,0.0
NT,2040,52,85,103,0.0
NT,2040,52,86,103,0.0
NT,2040,52,87,103,0.0
NT,2040,52,88,103,0.0
NT,2040,52,89,103,0.0
NT,2040,52,90,103,0.0
NT,2040,52,91,103,0.0
NT,2040,52,92,103,0.0
NT,2040,52,93,103,0.0
NT,2040,52,94,103,4.5357537107486545e-05
NT,2040,52,95,103,4.5357537107486545e-05
NT,2040,52,96,103,5.278116133772453e-05
NT,2040,52,97,103,5.263625638351332e-05
NT,2040,52,98,103,5.2460307016047726e-05
NT,2040,52,99,103,5.2288818030783626e-05
NT,2040,52,100,103,5.2288818030783626e-05
NT,2040,52,101,103,5.263625638351332e-05
NT,2040,52,102,103,5.278116133772453e-05
NT,2040,52,103,103,5.278116133772453e-05
NT,2040,52,104,103,5.278116133772453e-05
NT,2040,52,105,103,5.278116133772453e-05
NT,2040,52,106,103,4.5357537107486545e-05
NT,2040,52,107,103,5.278116133772453e-05
NT,2040,52,108,103,5.278116133772453e-05
NT,2040,52,109,103,5.263625638351332e-05
NT,2040,52,110,103,5.2637097252227245e-05
NT,2040,52,111,103,5.278116133772453e-05
NT,2040,52,112,103,5.278116133772559e-05
NT,2040,52,113,103,5.278116133772453e-05
NT,2040,52,114,103,5.278116133772453e-05
NT,2040,52,115,103,5.278116133772453e-05
NT,2040,52,116,103,5.278116133772559e-05
NT,2040,52,117,103,5.278116133772453e-05
NT,2040,52,118,103,5.278116133772559e-05
NT,2040,52,119,103,5.263625638351332e-05
NT,2040,52,120,103,5.2288818030783626e-05
NT,2040,52,121,103,5.2288818030783626e-05
NT,2040,52,122,103,5.2290997867047024e-05
NT,2040,52,123,103,5.229317779418552e-05
NT,2040,52,124,103,5.2295357812200184e-05
NT,2040,52,125,103,5.2297537921098463e-05
NT,2040,52,126,103,5.263625638351332e-05
NT,2040,52,127,103,5.2637097252227245e-05
NT,2040,52,128,103,5.278116133772453e-05
NT,2040,52,129,103,5.263625638351332e-05
NT,2040,52,130,103,5.2308439828936734e-05
NT,2040,52,131,103,5.2310620483202726e-05
NT,2040,52,132,103,5.2312801228376814e-05
NT,2040,52,133,103,5.231498206446114e-05
NT,2040,52,134,103,5.231716299145995e-05
NT,2040,52,135,103,5.2460307016047726e-05
NT,2040,52,136,103,5.278116133772453e-05
NT,2040,52,137,103,0.18500777262062867
NT,2040,52,138,103,0.19181995592638212
NT,2040,52,139,103,0.19236653515802865
NT,2040,52,140,103,0.0
NT,2040,52,141,103,0.12144864401826508
NT,2040,52,142,103,0.19239059451028848
NT,2040,52,143,103,0.0
NT,2040,52,144,103,0.0
NT,2040,52,145,103,0.0
NT,2040,52,146,103,0.0
NT,2040,52,147,103,0.0
NT,2040,52,148,103,0.0
NT,2040,52,149,103,0.0
NT,2040,52,150,103,0.0
NT,2040,52,151,103,0.0
NT,2040,52,152,103,0.0
NT,2040,52,153,103,0.0
NT,2040,52,154,103,0.0
NT,2040,52,155,103,0.0
NT,2040,52,156,103,0.0
NT,2040,52,157,103,0.0
NT,2040,52,158,103,0.0
NT,2040,52,159,103,0.0
NT,2040,52,160,103,0.1772576167323534
NT,2040,52,161,103,0.17726500631574335
NT,2040,52,162,103,0.17727239620719157
NT,2040,52,163,103,0.17727978640670686
NT,2040,52,164,103,0.17728717691431534
NT,2040,52,165,103,0.17729456773001917
NT,2040,52,166,103,0.17730195885383368
NT,2040,52,167,103,0.0
GA,2040,11,0,103,0.0
GA,2040,11,1,103,5.2288818030783626e-05
GA,2040,11,2,103,5.2288818030783626e-05
GA,2040,11,3,103,5.2288818030783626e-05
GA,2040,11,4,103,5.2288818030783626e-05
GA,2040,11,5,103,5.263625638351332e-05
GA,2040,11,6,103,5.278116133772559e-05
GA,2040,11,7,103,5.278116133772453e-05
GA,2040,11,8,103,5.2637097252227245e-05
GA,2040,11,9,103,5.2637097252227245e-05
GA,2040,11,10,103,5.2460307016047726e-05
GA,2040,11,11,103,5.1875848723999914e-05
GA,2040,11,12,103,5.208232907347458e-05
GA,2040,11,13,103,5.2288818030783626e-05
GA,2040,11,14,103,5.2290997867047024e-05
GA,2040,11,15,103,5.229317779418552e-05
GA,2040,11,16,103,5.2295357812200184e-05
GA,2040,11,17,103,5.2297537921098463e-05
GA,2040,11,18,103,5.2637097252227245e-05
GA,2040,11,19,103,5.278116133772453e-05
GA,2040,11,20,103,5.278116133772559e-05
GA,2040,11,21,103,5.278116133772453e-05
GA,2040,11,22,103,5.2637097252227245e-05
GA,2040,11,23,103,5.2637097252227245e-05
GA,2040,11,24,103,5.2637097252227245e-05
GA,2040,11,25,103,0.0
GA,2040,11,26,103,0.0
GA,2040,11,27,103,0.0
GA,2040,11,28,103,0.0
GA,2040,11,29,103,0.0
GA,2040,11,30,103,5.77590576837894e-05
GA,2040,11,31,103,5.776146556550001e-05
GA,2040,11,32,103,5.776387354758938e-05
GA,2040,11,33,103,0.0
GA,2040,11,34,103,5.3280794236632616e-05
GA,2040,11,35,103,5.326968967472806e-05
GA,2040,11,36,103,5.327191040194418e-05
GA,2040,11,37,103,0.0
GA,2040,11,38,103,5.327635213411605e-05
GA,2040,11,39,103,5.327857313908032e-05
GA,2040,11,40,103,5.3280794236632616e-05
GA,2040,11,41,103,0.19134414162109437
GA,2040,11,42,103,0.19135211844892674
GA,2040,11,43,103,0.1913600956092956
GA,2040,11,44,103,0.1913680731022184
GA,2040,11,45,103,0.19137605092771473
GA,2040,11,46,103,0.1913840290857912
GA,2040,11,47,103,5.321132351947122e-05
GA,2040,11,48,103,5.278116133772453e-05
GA,2040,11,49,103,5.278116133772453e-05
GA,2040,11,50,103,5.263625638351332e-05
GA,2040,11,51,103,5.263625638351332e-05
GA,2040,11,52,103,5.263625638351332e-05
GA,2040,11,53,103,5.263625638351332e-05
GA,2040,11,54,103,5.2637097252227245e-05
GA,2040,11,55,103,5.278116133772559e-05
GA,2040,11,56,103,5.278116133772453e-05
GA,2040,11,57,103,5.263625638351332e-05
GA,2040,11,58,103,5.245593331882431e-05
GA,2040,11,59,103,5.2458120121853685e-05
GA,2040,11,60,103,5.2460307016047726e-05
GA,2040,11,61,103,5.2462494001411765e-05
GA,2040,11,62,103,5.246468107794474e-05
GA,2040,11,63,103,5.2466868245656214e-05
GA,2040,11,64,103,5.2469055504545135e-05
GA,2040,11,65,103,5.2637097252227245e-05
GA,2040,11,66,103,5.286036290955348e-05
GA,2040,11,67,103,5.3394893929155414e-05
GA,2040,11,68,103,5.3394893929155414e-05
GA,2040,11,69,103,5.321132351947122e-05
GA,2040,11,70,103,5.286036290955348e-05
GA,2040,11,71,103,5.278403969530086e-05
GA,2040,11,72,103,5.278403969530086e-05
GA,2040,11,73,103,5.278403969530086e-05
GA,2040,11,74,103,5.278403969530086e-05
GA,2040,11,75,103,5.278403969530086e-05
GA,2040,11,76,103,5.278403969530086e-05
GA,2040,11,77,103,5.321132351947122e-05
GA,2040,11,78,103,0.0
GA,2040,11,79,103,0.0
GA,2040,11,80,103,0.0
GA,2040,11,81,103,0.0
GA,2040,11,82,103,0.0
GA,2040,11,83,103,0.0
GA,2040,11,84,103,0.0
GA,2040,11,85,103,0.0
GA,2040,11,86,103,0.0
GA,2040,11,87,103,0.0
GA,2040,11,88,103,0.0
GA,2040,11,89,103,0.0
GA,2040,11,90,103,8.721182071795201e-15
GA,2040,11,91,103,0.0
GA,2040,11,92,103,0.0
GA,2040,11,93,103,0.0
GA,2040,11,94,103,0.0
GA,2040,11,95,103,0.0
GA,2040,11,96,103,0.0
GA,2040,11,97,103,0.19135211855977077
GA,2040,11,98,103,0.0
GA,2040,11,99,103,0.005707652215816268
GA,2040,11,100,103,0.1251671682774059
GA,2040,11,101,103,0.198219743348706
GA,2040,11,102,103,0.2024224148744573
GA,2040,11,103,103,0.20243085353758164
GA,2040,11,104,103,0.202439292552501
GA,2040,11,105,103,0.0
GA,2040,11,106,103,0.0
GA,2040,11,107,103,0.0
GA,2040,11,108,103,0.0
GA,2040,11,109,103,0.0
GA,2040,11,110,103,0.0
GA,2040,11,111,103,0.0
GA,2040,11,112,103,0.20055336216033468
GA,2040,11,113,103,0.2046758654956713
GA,2040,11,114,103,0.2046843981015113
GA,2040,11,115,103,0.20469293106305994
GA,2040,11,116,103,0.20470146438033254
GA,2040,11,117,103,0.20470999805334653
GA,2040,11,118,103,0.20471853208211496
GA,2040,11,119,103,0.20472706646665967
GA,2040,11,120,103,0.19285426482578047
GA,2040,11,121,103,0.18369121940026664
GA,2040,11,122,103,0.19922184490115227
GA,2040,11,123,103,0.18987213149640592
GA,2040,11,124,103,0.17962702021257346
GA,2040,11,125,103,0.19135211855977077
GA,2040,11,126,103,0.19135211855977077
GA,2040,11,127,103,0.19281387795166888
GA,2040,11,128,103,0.19374280253745046
GA,2040,11,129,103,0.0
GA,2040,11,130,103,0.0
GA,2040,11,131,103,0.0
GA,2040,11,132,103,0.0
GA,2040,11,133,103,0.0
GA,2040,11,134,103,0.0
GA,2040,11,135,103,0.0
GA,2040,11,136,103,0.0
GA,2040,11,137,103,0.1949115081369876
GA,2040,11,138,103,0.19491963368255485
GA,2040,11,139,103,0.19492775956685937
GA,2040,11,140,103,0.19493588578993165
GA,2040,11,141,103,0.1949440123517717
GA,2040,11,142,103,0.19495213925239044
GA,2040,11,143,103,0.19496026649180528
GA,2040,11,144,103,0.19453748968919377
GA,2040,11,145,103,0.18520159457311103
GA,2040,11,146,103,0.19281387795166888
GA,2040,11,147,103,0.19135211855977077
GA,2040,11,148,103,0.19135211855977077
GA,2040,11,149,103,0.19234377293967567
GA,2040,11,150,103,0.19036046417987246
GA,2040,11,151,103,0.19161618222087592
GA,2040,11,152,103,0.19503342689475842
GA,2040,11,153,103,0.1950415575229281
GA,2040,11,154,103,0.19504968849003126
GA,2040,11,155,103,0.0
GA,2040,11,156,103,0.0
GA,2040,11,157,103,0.0
GA,2040,11,158,103,0.17578135748816412
GA,2040,11,159,103,0.1757886855286904
GA,2040,11,160,103,0.17579601387471097
GA,2040,11,161,103,0.1758033425262411
GA,2040,11,162,103,0.19066706809512277
GA,2040,11,163,103,0.19067501669685155
GA,2040,11,164,103,0.190682965629946
GA,2040,11,165,103,0.190690914894417
GA,2040,11,166,103,5.3280794236632616e-05
GA,2040,11,167,103,4.535753710751848e-05
GA,2040,21,0,103,0.0
GA,2040,21,1,103,0.0
GA,2040,21,2,103,0.0
GA,2040,21,3,103,0.0
GA,2040,21,4,103,0.0
GA,2040,21,5,103,0.0
GA,2040,21,6,103,0.0
GA,2040,21,7,103,0.0
GA,2040,21,8,103,0.0
GA,2040,21,9,103,0.0
GA,2040,21,10,103,0.0
GA,2040,21,11,103,0.0
GA,2040,21,12,103,0.0
GA,2040,21,13,103,0.0
GA,2040,21,14,103,0.0
GA,2040,21,15,103,0.0
GA,2040,21,16,103,0.19135211855977077
GA,2040,21,17,103,0.19112668421134943
GA,2040,21,18,103,0.19628223936004185
GA,2040,21,19,103,0.20624721303561988
GA,2040,21,20,103,0.20078329173101467
GA,2040,21,21,103,0.19115855725390807
GA,2040,21,22,103,0.1930172229210322
GA,2040,21,23,103,0.19117449576836448
GA,2040,21,24,103,0.007748896129783445
GA,2040,21,25,103,0.007748896129783445
GA,2040,21,26,103,0.0
GA,2040,21,27,103,0.0
GA,2040,21,28,103,0.0
GA,2040,21,29,103,0.0
GA,2040,21,30,103,0.0
GA,2040,21,31,103,0.0
GA,2040,21,32,103,0.0
GA,2040,21,33,103,0.0
GA,2040,21,34,103,0.0
GA,2040,21,35,103,0.0
GA,2040,21,36,103,0.0
GA,2040,21,37,103,0.0
GA,2040,21,38,103,0.0
GA,2040,21,39,103,0.0
GA,2040,21,40,103,0.0
GA,2040,21,41,103,0.0
GA,2040,21,42,103,0.0
GA,2040,21,43,103,0.0
GA,2040,21,44,103,0.0
GA,2040,21,45,103,0.0
GA,2040,21,46,103,0.0
GA,2040,21,47,103,0.0
GA,2040,21,48,103,0.0
GA,2040,21,49,103,0.0
GA,2040,21,50,103,0.0
GA,2040,21,51,103,0.0
GA,2040,21,52,103,0.0
GA,2040,21,53,103,0.0
GA,2040,21,54,103,0.0
GA,2040,21,55,103,0.0
GA,2040,21,56,103,0.0
GA,2040,21,57,103,0.0
GA,2040,21,58,103,0.0
GA,2040,21,59,103,0.0
GA,2040,21,60,103,0.0
GA,2040,21,61,103,0.0
GA,2040,21,62,103,0.0
GA,2040,21,63,103,0.0
GA,2040,21,64,103,0.0
GA,2040,21,65,103,0.0
GA,2040,21,66,103,0.0
GA,2040,21,67,103,0.0
GA,2040,21,68,103,0.0
GA,2040,21,69,103,0.0
GA,2040,21,70,103,0.0
GA,2040,21,71,103,0.0
GA,2040,21,72,103,0.0
GA,2040,21,73,103,0.0
GA,2040,21,74,103,0.0
GA,2040,21,75,103,0.0
GA,2040,21,76,103,0.0
GA,2040,21,77,103,0.0
GA,2040,21,78,103,0.0
GA,2040,21,79,103,0.0
GA,2040,21,80,103,0.0
GA,2040,21,81,103,0.0
GA,2040,21,82,103,0.0
GA,2040,21,83,103,0.0
GA,2040,21,84,103,0.0
GA,2040,21,85,103,0.0
GA,2040,21,86,103,0.0
GA,2040,21,87,103,0.0
GA,2040,21,88,103,0.0
GA,2040,21,89,103,0.0
GA,2040,21,90,103,0.0
GA,2040,21,91,103,0.0
GA,2040,21,92,103,0.0
GA,2040,21,93,103,0.0
GA,2040,21,94,103,0.0
GA,2040,21,95,103,0.0
GA,2040,21,96,103,0.0
GA,2040,21,97,103,0.0
GA,2040,21,98,103,0.0
GA,2040,21,99,103,0.0
GA,2040,21,100,103,0.0
GA,2040,21,101,103,0.0
GA,2040,21,102,103,0.0
GA,2040,21,103,103,0.0
GA,2040,21,104,103,0.0
GA,2040,21,105,103,0.0
GA,2040,21,106,103,0.0
GA,2040,21,107,103,0.0
GA,2040,21,108,103,0.0
GA,2040,21,109,103,0.0
GA,2040,21,110,103,0.0
GA,2040,21,111,103,0.0
GA,2040,21,112,103,0.0
GA,2040,21,113,103,0.0
GA,2040,21,114,103,0.0
GA,2040,21,115,103,0.0
GA,2040,21,116,103,0.0
GA,2040,21,117,103,0.14263460593684418
GA,2040,21,118,103,0.0
GA,2040,21,119,103,0.0
GA,2040,21,120,103,0.0
GA,2040,21,121,103,0.0
GA,2040,21,122,103,0.0
GA,2040,21,123,103,0.0
GA,2040,21,124,103,0.0
GA,2040,21,125,103,0.0
GA,2040,21,126,103,0.0
GA,2040,21,127,103,0.0
GA,2040,21,128,103,0.0
GA,2040,21,129,103,0.0
GA,2040,21,130,103,0.0
GA,2040,21,131,103,0.0
GA,2040,21,132,103,0.0
GA,2040,21,133,103,0.0
GA,2040,21,134,103,0.0
GA,2040,21,135,103,0.0
GA,2040,21,136,103,0.0
GA,2040,21,137,103,0.0
GA,2040,21,138,103,0.0
GA,2040,21,139,103,0.0
GA,2040,21,140,103,0.0
GA,2040,21,141,103,0.0
GA,2040,21,142,103,0.0
GA,2040,21,143,103,0.0
GA,2040,21,144,103,0.007748896129783445
GA,2040,21,145,103,0.007748896129783445
GA,2040,21,146,103,0.007748896129783445
GA,2040,21,147,103,0.0
GA,2040,21,148,103,0.0
GA,2040,21,149,103,0.0
GA,2040,21,150,103,0.0
GA,2040,21,151,103,0.0
GA,2040,21,152,103,0.0
GA,2040,21,153,103,0.0
GA,2040,21,154,103,0.0
GA,2040,21,155,103,0.0
GA,2040,21,156,103,0.0
GA,2040,21,157,103,0.0
GA,2040,21,158,103,0.0
GA,2040,21,159,103,0.0
GA,2040,21,160,103,0.0
GA,2040,21,161,103,0.17641660156737898
GA,2040,21,162,103,0.046493376778729015
GA,2040,21,163,103,0.0
GA,2040,21,164,103,0.0
GA,2040,21,165,103,0.0
GA,2040,21,166,103,0.0
GA,2040,21,167,103,0.0
GA,2040,42,0,103,0.0
GA,2040,42,1,103,0.0
GA,2040,42,2,103,0.0
GA,2040,42,3,103,0.0
GA,2040,42,4,103,0.0
GA,2040,42,5,103,0.0
GA,2040,42,6,103,0.0
GA,2040,42,7,103,0.0
GA,2040,42,8,103,0.0
GA,2040,42,9,103,0.0
GA,2040,42,10,103,0.0
GA,2040,42,11,103,0.0
GA,2040,42,12,103,0.0
GA,2040,42,13,103,0.0
GA,2040,42,14,103,0.0
GA,2040,42,15,103,0.0
GA,2040,42,16,103,0.0
GA,2040,42,17,103,0.0
GA,2040,42,18,103,0.0
GA,2040,42,19,103,0.0
GA,2040,42,20,103,0.0
GA,2040,42,21,103,0.0
GA,2040,42,22,103,0.0
GA,2040,42,23,103,0.0
GA,2040,42,24,103,0.0
GA,2040,42,25,103,0.0
GA,2040,42,26,103,0.0
GA,2040,42,27,103,0.0
GA,2040,42,28,103,0.0
GA,2040,42,29,103,0.0
GA,2040,42,30,103,0.0
GA,2040,42,31,103,0.0
GA,2040,42,32,103,0.0
GA,2040,42,33,103,0.0
GA,2040,42,34,103,0.0
GA,2040,42,35,103,0.0
GA,2040,42,36,103,0.0
GA,2040,42,37,103,0.0
GA,2040,42,38,103,0.0
GA,2040,42,39,103,0.0
GA,2040,42,40,103,0.0
GA,2040,42,41,103,0.0
GA,2040,42,42,103,0.0
GA,2040,42,43,103,0.0
GA,2040,42,44,103,0.0
GA,2040,42,45,103,0.0
GA,2040,42,46,103,0.0
GA,2040,42,47,103,0.0
GA,2040,42,48,103,0.0
GA,2040,42,49,103,0.0
GA,2040,42,50,103,0.0
GA,2040,42,51,103,0.0
GA,2040,42,52,103,0.0
GA,2040,42,53,103,0.0
GA,2040,42,54,103,0.0
GA,2040,42,55,103,0.0
GA,2040,42,56,103,0.0
GA,2040,42,57,103,0.0
GA,2040,42,58,103,0.0
GA,2040,42,59,103,0.0
GA,2040,42,60,103,0.0
GA,2040,42,61,103,0.0
GA,2040,42,62,103,0.0
GA,2040,42,63,103,0.0
GA,2040,42,64,103,0.0
GA,2040,42,65,103,0.0
GA,2040,42,66,103,0.0
GA,2040,42,67,103,0.0
GA,2040,42,68,103,0.0
GA,2040,42,69,103,0.0
GA,2040,42,70,103,0.0
GA,2040,42,71,103,0.0
GA,2040,42,72,103,0.0
GA,2040,42,73,103,0.0
GA,2040,42,74,103,0.0
GA,2040,42,75,103,0.0
GA,2040,42,76,103,0.0
GA,2040,42,77,103,0.0
GA,2040,42,78,103,0.0
GA,2040,42,79,103,0.0
GA,2040,42,80,103,0.0
GA,2040,42,81,103,0.0
GA,2040,42,82,103,0.0
GA,2040,42,83,103,0.0
GA,2040,42,84,103,0.0
GA,2040,42,85,103,0.0
GA,2040,42,86,103,0.0
GA,2040,42,87,103,0.0
GA,2040,42,88,103,0.0
GA,2040,42,89,103,0.0
GA,2040,42,90,103,0.0
GA,2040,42,91,103,0.0
GA,2040,42,92,103,0.0
GA,2040,42,93,103,0.0
GA,2040,42,94,103,0.0
GA,2040,42,95,103,0.0
GA,2040,42,96,103,0.0
GA,2040,42,97,103,0.0
GA,2040,42,98,103,0.0
GA,2040,42,99,103,0.0
GA,2040,42,100,103,0.0
GA,2040,42,101,103,0.0
GA,2040,42,102,103,0.0
GA,2040,42,103,103,0.0
GA,2040,42,104,103,0.0
GA,2040,42,105,103,0.0
GA,2040,42,106,103,0.0
GA,2040,42,107,103,0.0
GA,2040,42,108,103,0.0
GA,2040,42,109,103,0.0
GA,2040,42,110,103,0.0
GA,2040,42,111,103,0.0
GA,2040,42,112,103,0.0
GA,2040,42,113,103,0.0
GA,2040,42,114,103,0.0
GA,2040,42,115,103,0.0
GA,2040,42,116,103,0.0
GA,2040,42,117,103,0.0
GA,2040,42,118,103,0.0
GA,2040,42,119,103,0.1901327409520534
GA,2040,42,120,103,0.0
GA,2040,42,121,103,0.0
GA,2040,42,122,103,0.0
GA,2040,42,123,103,0.0
GA,2040,42,124,103,0.0
GA,2040,42,125,103,0.0
GA,2040,42,126,103,0.0
GA,2040,42,127,103,0.0
GA,2040,42,128,103,0.0
GA,2040,42,129,103,0.0
GA,2040,42,130,103,0.0
GA,2040,42,131,103,0.0
GA,2040,42,132,103,0.0
GA,2040,42,133,103,0.0
GA,2040,42,134,103,0.0
GA,2040,42,135,103,0.0
GA,2040,42,136,103,0.0
GA,2040,42,137,103,0.0
GA,2040,42,138,103,0.0
GA,2040,42,139,103,0.0
GA,2040,42,140,103,0.0
GA,2040,42,141,103,0.0
GA,2040,42,142,103,0.0
GA,2040,42,143,103,0.0
GA,2040,42,144,103,0.0
GA,2040,42,145,103,0.0
GA,2040,42,146,103,0.0
GA,2040,42,147,103,0.0
GA,2040,42,148,103,0.0
GA,2040,42,149,103,0.0
GA,2040,42,150,103,0.0
GA,2040,42,151,103,0.0
GA,2040,42,152,103,0.0
GA,2040,42,153,103,0.0
GA,2040,42,154,103,0.0
GA,2040,42,155,103,0.0
GA,2040,42,156,103,0.0
GA,2040,42,157,103,0.0
GA,2040,42,158,103,0.0
GA,2040,42,159,103,0.0
GA,2040,42,160,103,0.0
GA,2040,42,161,103,0.0
GA,2040,42,162,103,0.0
GA,2040,42,163,103,0.0
GA,2040,42,164,103,0.0
GA,2040,42,165,103,0.0
GA,2040,42,166,103,0.0
GA,2040,42,167,103,0.0
GA,2040,52,0,103,0.0
GA,2040,52,1,103,0.0
GA,2040,52,2,103,0.0
GA,2040,52,3,103,0.0
GA,2040,52,4,103,0.0
GA,2040,52,5,103,0.0
GA,2040,52,6,103,0.0
GA,2040,52,7,103,0.0
GA,2040,52,8,103,0.0
GA,2040,52,9,103,0.0
GA,2040,52,10,103,0.0
GA,2040,52,11,103,0.0
GA,2040,52,12,103,0.0
GA,2040,52,13,103,0.0
GA,2040,52,14,103,0.0
GA,2040,52,15,103,0.0
GA,2040,52,16,103,0.0
GA,2040,52,17,103,0.0
GA,2040,52,18,103,0.0
GA,2040,52,19,103,0.0
GA,2040,52,20,103,0.0
GA,2040,52,21,103,0.0
GA,2040,52,22,103,4.5357537107486545e-05
GA,2040,52,23,103,4.5357537107486545e-05
GA,2040,52,24,103,3.1710235509173665e-05
GA,2040,52,25,103,3.1630579369242984e-05
GA,2040,52,26,103,0.0
GA,2040,52,27,103,0.0
GA,2040,52,28,103,0.0
GA,2040,52,29,103,0.0
GA,2040,52,30,103,0.0
GA,2040,52,31,103,0.0
GA,2040,52,32,103,8.578563376250854e-08
GA,2040,52,33,103,0.0
GA,2040,52,34,103,0.0
GA,2040,52,35,103,0.0
GA,2040,52,36,103,0.0
GA,2040,52,37,103,5.2288818030783626e-05
GA,2040,52,38,103,5.2288818030783626e-05
GA,2040,52,39,103,5.2288818030783626e-05
GA,2040,52,40,103,5.2288818030783626e-05
GA,2040,52,41,103,5.2288818030783626e-05
GA,2040,52,42,103,5.2288818030783626e-05
GA,2040,52,43,103,5.2288818030783626e-05
GA,2040,52,44,103,5.2288818030783626e-05
GA,2040,52,45,103,5.2288818030783626e-05
GA,2040,52,46,103,5.2288818030783626e-05
GA,2040,52,47,103,5.2288818030783626e-05
GA,2040,52,48,103,3.886348045677628e-05
GA,2040,52,49,103,3.886348045677628e-05
GA,2040,52,50,103,3.886348045677628e-05
GA,2040,52,51,103,3.886348045677628e-05
GA,2040,52,52,103,3.886348045677628e-05
GA,2040,52,53,103,3.886348045677628e-05
GA,2040,52,54,103,3.886348045677628e-05
GA,2040,52,55,103,3.886348045677628e-05
GA,2040,52,56,103,3.886348045677628e-05
GA,2040,52,57,103,3.886348045677628e-05
GA,2040,52,58,103,5.2288818030783626e-05
GA,2040,52,59,103,5.2288818030783626e-05
GA,2040,52,60,103,5.2288818030783626e-05
GA,2040,52,61,103,3.886348045677628e-05
GA,2040,52,62,103,3.886348045677628e-05
GA,2040,52,63,103,3.886348045677628e-05
GA,2040,52,64,103,3.886348045677628e-05
GA,2040,52,65,103,5.2288818030783626e-05
GA,2040,52,66,103,5.2288818030783626e-05
GA,2040,52,67,103,5.2288818030783626e-05
GA,2040,52,68,103,5.2288818030783626e-05
GA,2040,52,69,103,5.2288818030783626e-05
GA,2040,52,70,103,5.2288818030783626e-05
GA,2040,52,71,103,5.2288818030783626e-05
GA,2040,52,72,103,3.886348045677628e-05
GA,2040,52,73,103,3.886348045677628e-05
GA,2040,52,74,103,3.886348045677628e-05
GA,2040,52,75,103,3.886348045677628e-05
GA,2040,52,76,103,3.906941834166354e-05
GA,2040,52,77,103,5.1914979126015513e-05
GA,2040,52,78,103,5.260759632651384e-05
GA,2040,52,79,103,4.5357537107486545e-05
GA,2040,52,80,103,0.0
GA,2040,52,81,103,0.0
GA,2040,52,82,103,0.0
GA,2040,52,83,103,0.0
GA,2040,52,84,103,0.0
GA,2040,52,85,103,0.0
GA,2040,52,86,103,0.0
GA,2040,52,87,103,0.0
GA,2040,52,88,103,0.0
GA,2040,52,89,103,0.0
GA,2040,52,90,103,0.0
GA,2040,52,91,103,0.0
GA,2040,52,92,103,0.0
GA,2040,52,93,103,0.0
GA,2040,52,94,103,4.5357537107486545e-05
GA,2040,52,95,103,4.5357537107486545e-05
GA,2040,52,96,103,5.2637097252227245e-05
GA,2040,52,97,103,5.2288818030783626e-05
GA,2040,52,98,103,5.2288818030783626e-05
GA,2040,52,99,103,4.380835993862028e-05
GA,2040,52,100,103,5.2288818030783626e-05
GA,2040,52,101,103,5.2288818030783626e-05
GA,2040,52,102,103,5.263625638351332e-05
GA,2040,52,103,103,5.278116133772559e-05
GA,2040,52,104,103,5.278116133772453e-05
GA,2040,52,105,103,5.278116133772453e-05
GA,2040,52,106,103,5.278116133772453e-05
GA,2040,52,107,103,5.263625638351332e-05
GA,2040,52,108,103,5.263625638351332e-05
GA,2040,52,109,103,5.2288818030783626e-05
GA,2040,52,110,103,5.2288818030783626e-05
GA,2040,52,111,103,5.263625638351332e-05
GA,2040,52,112,103,5.278116133772559e-05
GA,2040,52,113,103,5.278116133772453e-05
GA,2040,52,114,103,5.278116133772453e-05
GA,2040,52,115,103,5.278116133772453e-05
GA,2040,52,116,103,5.278116133772453e-05
GA,2040,52,117,103,5.2637097252227245e-05
GA,2040,52,118,103,5.263625638351332e-05
GA,2040,52,119,103,5.2288818030783626e-05
GA,2040,52,120,103,5.2288818030783626e-05
GA,2040,52,121,103,5.2288818030783626e-05
GA,2040,52,122,103,5.2288818030783626e-05
GA,2040,52,123,103,5.2288818030783626e-05
GA,2040,52,124,103,5.2288818030783626e-05
GA,2040,52,125,103,5.2288818030783626e-05
GA,2040,52,126,103,5.2288818030783626e-05
GA,2040,52,127,103,5.263625638351332e-05
GA,2040,52,128,103,5.2637097252227245e-05
GA,2040,52,129,103,5.2460307016047726e-05
GA,2040,52,130,103,5.020282256808224e-05
GA,2040,52,131,103,5.040923317180466e-05
GA,2040,52,132,103,5.04113346512163e-05
GA,2040,52,133,103,5.041343621823367e-05
GA,2040,52,134,103,5.041553787286208e-05
GA,2040,52,135,103,5.2297537921098463e-05
GA,2040,52,136,103,5.278116133772453e-05
GA,2040,52,137,103,5.3280794236632616e-05
GA,2040,52,138,103,5.3280794236632616e-05
GA,2040,52,139,103,0.0
GA,2040,52,140,103,0.0
GA,2040,52,141,103,0.0
GA,2040,52,142,103,0.0
GA,2040,52,143,103,0.0
GA,2040,52,144,103,0.0
GA,2040,52,145,103,0.0
GA,2040,52,146,103,0.0
GA,2040,52,147,103,0.0
GA,2040,52,148,103,0.0
GA,2040,52,149,103,0.0
GA,2040,52,150,103,0.0
GA,2040,52,151,103,0.0
GA,2040,52,152,103,0.0
GA,2040,52,153,103,0.0
GA,2040,52,154,103,0.0
GA,2040,52,155,103,0.0
GA,2040,52,156,103,0.0
GA,2040,52,157,103,0.0
GA,2040,52,158,103,0.0
GA,2040,52,159,103,0.0
GA,2040,52,160,103,0.0
GA,2040,52,161,103,8.721182071795201e-15
GA,2040,52,162,103,0.0
GA,2040,52,163,103,0.0
GA,2040,52,164,103,0.0
GA,2040,52,165,103,0.0
GA,2040,52,166,103,0.0
GA,2040,52,167,103,0.0
DE,2040,11,0,103,5.2000871697840534e-05
DE,2040,11,1,103,5.260335255213261e-05
DE,2040,11,2,103,5.260554550083272e-05
DE,2040,11,3,103,5.260773854095193e-05
DE,2040,11,4,103,5.2609931672497706e-05
DE,2040,11,5,103,5.2637097252227245e-05
DE,2040,11,6,103,5.278116133772453e-05
DE,2040,11,7,103,5.278116133772453e-05
DE,2040,11,8,103,5.278116133772453e-05
DE,2040,11,9,103,4.5357537107486545e-05
DE,2040,11,10,103,5.2637097252227245e-05
DE,2040,11,11,103,5.2637097252227245e-05
DE,2040,11,12,103,5.262748001658423e-05
DE,2040,11,13,103,5.262967397112024e-05
DE,2040,11,14,103,5.2631868017116875e-05
DE,2040,11,15,103,5.263406215457839e-05
DE,2040,11,16,103,5.263625638351332e-05
DE,2040,11,17,103,5.263845070392059e-05
DE,2040,11,18,103,5.278116133772453e-05
DE,2040,11,19,103,5.278116133772559e-05
DE,2040,11,20,103,5.321132351947122e-05
DE,2040,11,21,103,5.321132351947122e-05
DE,2040,11,22,103,5.286036290955348e-05
DE,2040,11,23,103,5.278116133772453e-05
DE,2040,11,24,103,4.535753710751848e-05
DE,2040,11,25,103,0.0
DE,2040,11,26,103,0.0
DE,2040,11,27,103,0.0
DE,2040,11,28,103,0.0
DE,2040,11,29,103,0.0
DE,2040,11,30,103,0.19870475957698558
DE,2040,11,31,103,0.19871304325707126
DE,2040,11,32,103,0.19872132728249398
DE,2040,11,33,103,0.18605184161966332
DE,2040,11,34,103,0.19651640510292145
DE,2040,11,35,103,0.18618783201662445
DE,2040,11,36,103,0.1918479457497254
DE,2040,11,37,103,0.0
DE,2040,11,38,103,0.0
DE,2040,11,39,103,0.1832908376754288
DE,2040,11,40,103,0.18329847877404024
DE,2040,11,41,103,0.19879589905366135
DE,2040,11,42,103,0.19880418653320414
DE,2040,11,43,103,0.19881247435824093
DE,2040,11,44,103,0.19882076252878697
DE,2040,11,45,103,0.198829051044851
DE,2040,11,46,103,0.19883733990644822
DE,2040,11,47,103,0.19884562911360049
DE,2040,11,48,103,5.321132351947122e-05
DE,2040,11,49,103,5.278116133772559e-05
DE,2040,11,50,103,5.278116133772453e-05
DE,2040,11,51,103,5.278116133772453e-05
DE,2040,11,52,103,5.2637097252227245e-05
DE,2040,11,53,103,5.278116133772559e-05
DE,2040,11,54,103,5.278116133772453e-05
DE,2040,11,55,103,5.321132351947122e-05
DE,2040,11,56,103,5.278116133772559e-05
DE,2040,11,57,103,5.2637097252227245e-05
DE,2040,11,58,103,5.263625638351332e-05
DE,2040,11,59,103,5.263625638351332e-05
DE,2040,11,60,103,5.263845070392059e-05
DE,2040,11,61,103,5.264064511580551e-05
DE,2040,11,62,103,5.2642839619171296e-05
DE,2040,11,63,103,5.2645034214022195e-05
DE,2040,11,64,103,5.2647228900361406e-05
DE,2040,11,65,103,5.278116133772453e-05
DE,2040,11,66,103,5.3394893929155414e-05
DE,2040,11,67,103,5.366876911150342e-05
DE,2040,11,68,103,5.748542761678099e-05
DE,2040,11,69,103,5.366876911150342e-05
DE,2040,11,70,103,5.3394893929155414e-05
DE,2040,11,71,103,5.3394893929155414e-05
DE,2040,11,72,103,5.321132351947122e-05
DE,2040,11,73,103,5.3019537925701814e-05
DE,2040,11,74,103,5.3019537925701814e-05
DE,2040,11,75,103,5.302174822449634e-05
DE,2040,11,76,103,5.321132351947122e-05
DE,2040,11,77,103,5.366876911150342e-05
DE,2040,11,78,103,0.0
DE,2040,11,79,103,0.0
DE,2040,11,80,103,0.0
DE,2040,11,81,103,0.0
DE,2040,11,82,103,0.0
DE,2040,11,83,103,0.0
DE,2040,11,84,103,0.0
DE,2040,11,85,103,0.0
DE,2040,11,86,103,0.0
DE,2040,11,87,103,0.0
DE,2040,11,88,103,0.0
DE,2040,11,89,103,0.0
DE,2040,11,90,103,0.20768340846560718
DE,2040,11,91,103,0.20769206645104374
DE,2040,11,92,103,0.20770072479742605
DE,2040,11,93,103,0.20770938350474757
DE,2040,11,94,103,0.0
DE,2040,11,95,103,0.0
DE,2040,11,96,103,0.19154903787245423
DE,2040,11,97,103,0.19155702324206958
DE,2040,11,98,103,0.19156500894459647
DE,2040,11,99,103,0.19157299498002173
DE,2040,11,100,103,0.19158098134838034
DE,2040,11,101,103,0.19158896804967224
DE,2040,11,102,103,0.20778732811606881
DE,2040,11,103,103,0.20779599043375258
DE,2040,11,104,103,0.20780465311255214
DE,2040,11,105,103,0.0
DE,2040,11,106,103,0.0
DE,2040,11,107,103,0.0
DE,2040,11,108,103,0.0
DE,2040,11,109,103,0.0
DE,2040,11,110,103,0.0
DE,2040,11,111,103,0.0
DE,2040,11,112,103,0.0
DE,2040,11,113,103,0.2231661101770697
DE,2040,11,114,103,0.22317541361130677
DE,2040,11,115,103,0.2231847174333792
DE,2040,11,116,103,0.22319402164333052
DE,2040,11,117,103,0.2232033262411608
DE,2040,11,118,103,0.22321263122686563
DE,2040,11,119,103,0.22322193660048867
DE,2040,11,120,103,0.18334997838016676
DE,2040,11,121,103,0.18335762194426072
DE,2040,11,122,103,0.0
DE,2040,11,123,103,0.09210619231266812
DE,2040,11,124,103,0.18852820684030108
DE,2040,11,125,103,0.19281387795166888
DE,2040,11,126,103,0.1918479457497254
DE,2040,11,127,103,0.1918479457497254
DE,2040,11,128,103,0.19474574235555586
DE,2040,11,129,103,0.19374280253745046
DE,2040,11,130,103,0.0
DE,2040,11,131,103,0.0
DE,2040,11,132,103,0.0
DE,2040,11,133,103,0.0
DE,2040,11,134,103,0.0
DE,2040,11,135,103,0.1834646653056088
DE,2040,11,136,103,0.1834723136508074
DE,2040,11,137,103,0.19898443122723158
DE,2040,11,138,103,0.19899272656637562
DE,2040,11,139,103,0.19900102225134286
DE,2040,11,140,103,0.19900931828214422
DE,2040,11,141,103,0.19901761465879275
DE,2040,11,142,103,0.19902591138130377
DE,2040,11,143,103,0.1990342084496925
DE,2040,11,144,103,0.19067104239598717
DE,2040,11,145,103,0.18949413904224674
DE,2040,11,146,103,0.19238658445107754
DE,2040,11,147,103,0.19238658445107754
DE,2040,11,148,103,0.19281387795166888
DE,2040,11,149,103,0.19407182166527248
DE,2040,11,150,103,0.19135211855977077
DE,2040,11,151,103,0.1918479457497254
DE,2040,11,152,103,0.19212035591242074
DE,2040,11,153,103,0.19911719815997445
DE,2040,11,154,103,0.1991254990339687
DE,2040,11,155,103,0.0
DE,2040,11,156,103,0.0
DE,2040,11,157,103,0.18363300257426543
DE,2040,11,158,103,0.18364065793717688
DE,2040,11,159,103,0.18364831361922687
DE,2040,11,160,103,0.18365596962043507
DE,2040,11,161,103,0.18615328988019314
DE,2040,11,162,103,0.19919191848485962
DE,2040,11,163,103,0.19920022247381594
DE,2040,11,164,103,0.1992085268089552
DE,2040,11,165,103,0.1992168314902818
DE,2040,11,166,103,0.19922513651782187
DE,2040,11,167,103,5.3280794236632616e-05
DE,2040,21,0,103,0.0
DE,2040,21,1,103,0.0
DE,2040,21,2,103,0.0
DE,2040,21,3,103,0.0
DE,2040,21,4,103,0.0
DE,2040,21,5,103,0.0
DE,2040,21,6,103,0.0
DE,2040,21,7,103,0.0
DE,2040,21,8,103,0.0
DE,2040,21,9,103,0.0
DE,2040,21,10,103,0.0
DE,2040,21,11,103,0.0
DE,2040,21,12,103,0.0
DE,2040,21,13,103,0.0
DE,2040,21,14,103,0.0
DE,2040,21,15,103,0.0
DE,2040,21,16,103,0.19281387795166888
DE,2040,21,17,103,0.1927335152795917
DE,2040,21,18,103,0.20565483780689728
DE,2040,21,19,103,0.2090373579699934
DE,2040,21,20,103,0.20861727356092588
DE,2040,21,21,103,0.19281387795166888
DE,2040,21,22,103,0.19331095475061946
DE,2040,21,23,103,0.14317697308183253
DE,2040,21,24,103,0.1439383013957707
DE,2040,21,25,103,0.1446996614482555
DE,2040,21,26,103,0.1454610532406038
DE,2040,21,27,103,0.0
DE,2040,21,28,103,0.0
DE,2040,21,29,103,0.0
DE,2040,21,30,103,0.0
DE,2040,21,31,103,0.0
DE,2040,21,32,103,0.0
DE,2040,21,33,103,0.0
DE,2040,21,34,103,0.0
DE,2040,21,35,103,0.0
DE,2040,21,36,103,0.0
DE,2040,21,37,103,0.0
DE,2040,21,38,103,0.0
DE,2040,21,39,103,0.0
DE,2040,21,40,103,0.0
DE,2040,21,41,103,0.0
DE,2040,21,42,103,0.0
DE,2040,21,43,103,0.0
DE,2040,21,44,103,0.0
DE,2040,21,45,103,0.0
DE,2040,21,46,103,0.0
DE,2040,21,47,103,0.0
DE,2040,21,48,103,0.0
DE,2040,21,49,103,0.0
DE,2040,21,50,103,0.0
DE,2040,21,51,103,0.0
DE,2040,21,52,103,0.0
DE,2040,21,53,103,0.0
DE,2040,21,54,103,0.0
DE,2040,21,55,103,0.0
DE,2040,21,56,103,0.0
DE,2040,21,57,103,0.0
DE,2040,21,58,103,0.0
DE,2040,21,59,103,0.0
DE,2040,21,60,103,0.0
DE,2040,21,61,103,0.0
DE,2040,21,62,103,0.0
DE,2040,21,63,103,0.0
DE,2040,21,64,103,0.0
DE,2040,21,65,103,0.0
DE,2040,21,66,103,0.0
DE,2040,21,67,103,0.0
DE,2040,21,68,103,0.0
DE,2040,21,69,103,0.0
DE,2040,21,70,103,0.0
DE,2040,21,71,103,0.0
DE,2040,21,72,103,0.0
DE,2040,21,73,103,0.0
DE,2040,21,74,103,0.0
DE,2040,21,75,103,0.0
DE,2040,21,76,103,0.0
DE,2040,21,77,103,0.0
DE,2040,21,78,103,0.0
DE,2040,21,79,103,0.0
DE,2040,21,80,103,0.0
DE,2040,21,81,103,0.0
DE,2040,21,82,103,0.0
DE,2040,21,83,103,0.0
DE,2040,21,84,103,0.0
DE,2040,21,85,103,0.0
DE,2040,21,86,103,0.0
DE,2040,21,87,103,0.0
DE,2040,21,88,103,0.0
DE,2040,21,89,103,0.0
DE,2040,21,90,103,0.0
DE,2040,21,91,103,0.0
DE,2040,21,92,103,0.0
DE,2040,21,93,103,0.0
DE,2040,21,94,103,0.0
DE,2040,21,95,103,0.0
DE,2040,21,96,103,0.0
DE,2040,21,97,103,0.0
DE,2040,21,98,103,0.0
DE,2040,21,99,103,0.0
DE,2040,21,100,103,0.0
DE,2040,21,101,103,0.0
DE,2040,21,102,103,0.0
DE,2040,21,103,103,0.0
DE,2040,21,104,103,0.0
DE,2040,21,105,103,0.0
DE,2040,21,106,103,0.0
DE,2040,21,107,103,0.0
DE,2040,21,108,103,0.0
DE,2040,21,109,103,0.0
DE,2040,21,110,103,0.0
DE,2040,21,111,103,0.0
DE,2040,21,112,103,0.0
DE,2040,21,113,103,0.0
DE,2040,21,114,103,0.0
DE,2040,21,115,103,0.0
DE,2040,21,116,103,0.19471178411669346
DE,2040,21,117,103,0.1944128670306978
DE,2040,21,118,103,0.0
DE,2040,21,119,103,0.0
DE,2040,21,120,103,0.0
DE,2040,21,121,103,0.1922776800856155
DE,2040,21,122,103,0.11463966205199583
DE,2040,21,123,103,0.0
DE,2040,21,124,103,0.0
DE,2040,21,125,103,0.0
DE,2040,21,126,103,0.0
DE,2040,21,127,103,0.0
DE,2040,21,128,103,0.0
DE,2040,21,129,103,0.0
DE,2040,21,130,103,0.0
DE,2040,21,131,103,0.0
DE,2040,21,132,103,0.0
DE,2040,21,133,103,0.0
DE,2040,21,134,103,0.0
DE,2040,21,135,103,0.0
DE,2040,21,136,103,0.0
DE,2040,21,137,103,0.0
DE,2040,21,138,103,0.0
DE,2040,21,139,103,0.0
DE,2040,21,140,103,0.0
DE,2040,21,141,103,0.0
DE,2040,21,142,103,0.0
DE,2040,21,143,103,0.0
DE,2040,21,144,103,0.0
DE,2040,21,145,103,0.17068368284641883
DE,2040,21,146,103,0.19249446967550476
DE,2040,21,147,103,0.0999505050344773
DE,2040,21,148,103,0.19458101298498104
DE,2040,21,149,103,0.19497814476516806
DE,2040,21,150,103,0.0
DE,2040,21,151,103,0.0
DE,2040,21,152,103,0.0
DE,2040,21,153,103,0.0
DE,2040,21,154,103,0.0
DE,2040,21,155,103,0.0
DE,2040,21,156,103,0.0
DE,2040,21,157,103,0.0
DE,2040,21,158,103,0.0
DE,2040,21,159,103,0.17986080155162965
DE,2040,21,160,103,0.17986829965758286
DE,2040,21,161,103,0.1798757980761163
DE,2040,21,162,103,0.0
DE,2040,21,163,103,0.0
DE,2040,21,164,103,0.0
DE,2040,21,165,103,0.0
DE,2040,21,166,103,0.0
DE,2040,21,167,103,0.0
DE,2040,42,0,103,0.0
DE,2040,42,1,103,0.0
DE,2040,42,2,103,0.0
DE,2040,42,3,103,0.0
DE,2040,42,4,103,0.0
DE,2040,42,5,103,0.0
DE,2040,42,6,103,0.0
DE,2040,42,7,103,0.0
DE,2040,42,8,103,0.0
DE,2040,42,9,103,0.0
DE,2040,42,10,103,0.0
DE,2040,42,11,103,0.0
DE,2040,42,12,103,0.0
DE,2040,42,13,103,0.0
DE,2040,42,14,103,0.0
DE,2040,42,15,103,0.0
DE,2040,42,16,103,0.0
DE,2040,42,17,103,0.0
DE,2040,42,18,103,0.0
DE,2040,42,19,103,0.0
DE,2040,42,20,103,0.0
DE,2040,42,21,103,0.0
DE,2040,42,22,103,0.0
DE,2040,42,23,103,0.0
DE,2040,42,24,103,0.0
DE,2040,42,25,103,0.0
DE,2040,42,26,103,0.0
DE,2040,42,27,103,0.0
DE,2040,42,28,103,0.0
DE,2040,42,29,103,0.0
DE,2040,42,30,103,0.0
DE,2040,42,31,103,0.0
DE,2040,42,32,103,0.0
DE,2040,42,33,103,0.0
DE,2040,42,34,103,0.0
DE,2040,42,35,103,0.0
DE,2040,42,36,103,0.0
DE,2040,42,37,103,0.0
DE,2040,42,38,103,0.0
DE,2040,42,39,103,0.0
DE,2040,42,40,103,0.0
DE,2040,42,41,103,0.0
DE,2040,42,42,103,0.0
DE,2040,42,43,103,0.0
DE,2040,42,44,103,0.0
DE,2040,42,45,103,0.0
DE,2040,42,46,103,0.0
DE,2040,42,47,103,0.0
DE,2040,42,48,103,0.0
DE,2040,42,49,103,0.0
DE,2040,42,50,103,0.0
DE,2040,42,51,103,0.0
DE,2040,42,52,103,0.0
DE,2040,42,53,103,0.0
DE,2040,42,54,103,0.0
DE,2040,42,55,103,0.0
DE,2040,42,56,103,0.0
DE,2040,42,57,103,0.0
DE,2040,42,58,103,0.0
DE,2040,42,59,103,0.0
DE,2040,42,60,103,0.0
DE,2040,42,61,103,0.0
DE,2040,42,62,103,0.0
DE,2040,42,63,103,0.0
DE,2040,42,64,103,0.0
DE,2040,42,65,103,0.0
DE,2040,42,66,103,0.0
DE,2040,42,67,103,0.0
DE,2040,42,68,103,0.0
DE,2040,42,69,103,0.0
DE,2040,42,70,103,0.0
DE,2040,42,71,103,0.0
DE,2040,42,72,103,0.0
DE,2040,42,73,103,0.0
DE,2040,42,74,103,0.0
DE,2040,42,75,103,0.0
DE,2040,42,76,103,0.0
DE,2040,42,77,103,0.0
DE,2040,42,78,103,0.0
DE,2040,42,79,103,0.0
DE,2040,42,80,103,0.0
DE,2040,42,81,103,0.0
DE,2040,42,82,103,0.0
DE,2040,42,83,103,0.0
DE,2040,42,84,103,0.0
DE,2040,42,85,103,0.0
DE,2040,42,86,103,0.0
DE,2040,42,87,103,0.0
DE,2040,42,88,103,0.0
DE,2040,42,89,103,0.0
DE,2040,42,90,103,0.0
DE,2040,42,91,103,0.0
DE,2040,42,92,103,0.0
DE,2040,42,93,103,0.0
DE,2040,42,94,103,0.0
DE,2040,42,95,103,0.0
DE,2040,42,96,103,0.0
DE,2040,42,97,103,0.0
DE,2040,42,98,103,0.0
DE,2040,42,99,103,0.0
DE,2040,42,100,103,0.0
DE,2040,42,101,103,0.0
DE,2040,42,102,103,0.0
DE,2040,42,103,103,0.0
DE,2040,42,104,103,0.0
DE,2040,42,105,103,0.0
DE,2040,42,106,103,0.0
DE,2040,42,107,103,0.0
DE,2040,42,108,103,0.0
DE,2040,42,109,103,0.0
DE,2040,42,110,103,0.0
DE,2040,42,111,103,0.0
DE,2040,42,112,103,0.0
DE,2040,42,113,103,0.0
DE,2040,42,114,103,0.0
DE,2040,42,115,103,0.0
DE,2040,42,116,103,0.0
DE,2040,42,117,103,0.0
DE,2040,42,118,103,0.0
DE,2040,42,119,103,0.18321611456232284
DE,2040,42,120,103,0.0
DE,2040,42,121,103,0.0
DE,2040,42,122,103,0.0
DE,2040,42,123,103,0.0
DE,2040,42,124,103,0.0
DE,2040,42,125,103,0.0
DE,2040,42,126,103,0.0
DE,2040,42,127,103,0.0
DE,2040,42,128,103,0.0
DE,2040,42,129,103,0.0
DE,2040,42,130,103,0.0
DE,2040,42,131,103,0.0
DE,2040,42,132,103,0.0
DE,2040,42,133,103,0.0
DE,2040,42,134,103,0.0
DE,2040,42,135,103,0.0
DE,2040,42,136,103,0.0
DE,2040,42,137,103,0.0
DE,2040,42,138,103,0.0
DE,2040,42,139,103,0.0
DE,2040,42,140,103,0.0
DE,2040,42,141,103,0.0
DE,2040,42,142,103,0.0
DE,2040,42,143,103,0.0
DE,2040,42,144,103,0.0
DE,2040,42,145,103,0.0
DE,2040,42,146,103,0.0
DE,2040,42,147,103,0.0
DE,2040,42,148,103,0.0
DE,2040,42,149,103,0.0
DE,2040,42,150,103,0.0
DE,2040,42,151,103,0.0
DE,2040,42,152,103,0.0
DE,2040,42,153,103,0.0
DE,2040,42,154,103,0.0
DE,2040,42,155,103,0.0
DE,2040,42,156,103,0.0
DE,2040,42,157,103,0.0
DE,2040,42,158,103,0.0
DE,2040,42,159,103,0.0
DE,2040,42,160,103,0.0
DE,2040,42,161,103,0.0
DE,2040,42,162,103,0.0
DE,2040,42,163,103,0.0
DE,2040,42,164,103,0.0
DE,2040,42,165,103,0.0
DE,2040,42,166,103,0.0
DE,2040,42,167,103,0.0
DE,2040,52,0,103,0.0
DE,2040,52,1,103,0.0
DE,2040,52,2,103,0.0
DE,2040,52,3,103,0.0
DE,2040,52,4,103,0.0
DE,2040,52,5,103,0.0
DE,2040,52,6,103,0.0
DE,2040,52,7,103,0.0
DE,2040,52,8,103,0.0
DE,2040,52,9,103,0.0
DE,2040,52,10,103,0.0
DE,2040,52,11,103,0.0
DE,2040,52,12,103,0.0
DE,2040,52,13,103,0.0
DE,2040,52,14,103,0.0
DE,2040,52,15,103,0.0
DE,2040,52,16,103,0.0
DE,2040,52,17,103,0.0
DE,2040,52,18,103,0.0
DE,2040,52,19,103,0.0
DE,2040,52,20,103,0.0
DE,2040,52,21,103,0.0
DE,2040,52,22,103,0.0
DE,2040,52,23,103,4.5357537107486545e-05
DE,2040,52,24,103,4.5357537107486545e-05
DE,2040,52,25,103,3.1710235509173665e-05
DE,2040,52,26,103,3.1630579369242984e-05
DE,2040,52,27,103,3.1630579369242984e-05
DE,2040,52,28,103,3.1630579369242984e-05
DE,2040,52,29,103,3.1630579369242984e-05
DE,2040,52,30,103,3.1630579369242984e-05
DE,2040,52,31,103,3.1630579369242984e-05
DE,2040,52,32,103,3.1630579369242984e-05
DE,2040,52,33,103,3.1630579369242984e-05
DE,2040,52,34,103,3.1630579369242984e-05
DE,2040,52,35,103,8.578563376250854e-08
DE,2040,52,36,103,0.0
DE,2040,52,37,103,0.0
DE,2040,52,38,103,5.2288818030783626e-05
DE,2040,52,39,103,5.2288818030783626e-05
DE,2040,52,40,103,5.2288818030783626e-05
DE,2040,52,41,103,5.263625638351332e-05
DE,2040,52,42,103,5.2460307016047726e-05
DE,2040,52,43,103,5.2288818030783626e-05
DE,2040,52,44,103,5.2288818030783626e-05
DE,2040,52,45,103,5.2288818030783626e-05
DE,2040,52,46,103,5.2288818030783626e-05
DE,2040,52,47,103,5.2288818030783626e-05
DE,2040,52,48,103,5.2288818030783626e-05
DE,2040,52,49,103,3.886348045677628e-05
DE,2040,52,50,103,3.886348045677628e-05
DE,2040,52,51,103,3.906941834166354e-05
DE,2040,52,52,103,3.927536481176781e-05
DE,2040,52,53,103,3.948131986744786e-05
DE,2040,52,54,103,3.96872835090614e-05
DE,2040,52,55,103,5.2288818030783626e-05
DE,2040,52,56,103,5.2288818030783626e-05
DE,2040,52,57,103,5.2288818030783626e-05
DE,2040,52,58,103,5.2288818030783626e-05
DE,2040,52,59,103,5.2288818030783626e-05
DE,2040,52,60,103,5.2288818030783626e-05
DE,2040,52,61,103,5.2288818030783626e-05
DE,2040,52,62,103,5.2288818030783626e-05
DE,2040,52,63,103,4.15413427096359e-05
DE,2040,52,64,103,5.2288818030783626e-05
DE,2040,52,65,103,5.2288818030783626e-05
DE,2040,52,66,103,5.2288818030783626e-05
DE,2040,52,67,103,5.263625638351332e-05
DE,2040,52,68,103,5.263625638351332e-05
DE,2040,52,69,103,5.263625638351332e-05
DE,2040,52,70,103,5.2637097252227245e-05
DE,2040,52,71,103,5.2288818030783626e-05
DE,2040,52,72,103,5.2288818030783626e-05
DE,2040,52,73,103,5.1914979126015513e-05
DE,2040,52,74,103,5.1914979126015513e-05
DE,2040,52,75,103,5.212146110677387e-05
DE,2040,52,76,103,5.2288818030783626e-05
DE,2040,52,77,103,5.2288818030783626e-05
DE,2040,52,78,103,5.278116133772453e-05
DE,2040,52,79,103,0.0
DE,2040,52,80,103,0.0
DE,2040,52,81,103,0.0
DE,2040,52,82,103,0.0
DE,2040,52,83,103,0.0
DE,2040,52,84,103,0.0
DE,2040,52,85,103,0.0
DE,2040,52,86,103,0.0
DE,2040,52,87,103,0.0
DE,2040,52,88,103,0.0
DE,2040,52,89,103,0.0
DE,2040,52,90,103,0.0
DE,2040,52,91,103,0.0
DE,2040,52,92,103,0.0
DE,2040,52,93,103,0.0
DE,2040,52,94,103,0.0
DE,2040,52,95,103,4.5357537107486545e-05
DE,2040,52,96,103,5.278116133772559e-05
DE,2040,52,97,103,5.2637097252227245e-05
DE,2040,52,98,103,5.263625638351332e-05
DE,2040,52,99,103,5.2460307016047726e-05
DE,2040,52,100,103,5.2460307016047726e-05
DE,2040,52,101,103,5.263625638351332e-05
DE,2040,52,102,103,5.278116133772559e-05
DE,2040,52,103,103,5.278116133772453e-05
DE,2040,52,104,103,5.278116133772453e-05
DE,2040,52,105,103,5.278116133772453e-05
DE,2040,52,106,103,4.535753710751848e-05
DE,2040,52,107,103,5.278116133772453e-05
DE,2040,52,108,103,5.278116133772453e-05
DE,2040,52,109,103,5.2637097252227245e-05
DE,2040,52,110,103,5.2637097252227245e-05
DE,2040,52,111,103,5.278116133772453e-05
DE,2040,52,112,103,5.278116133772453e-05
DE,2040,52,113,103,5.278116133772453e-05
DE,2040,52,114,103,5.278116133772453e-05
DE,2040,52,115,103,5.278116133772453e-05
DE,2040,52,116,103,5.278116133772453e-05
DE,2040,52,117,103,5.278116133772559e-05
DE,2040,52,118,103,5.278116133772453e-05
DE,2040,52,119,103,5.263625638351332e-05
DE,2040,52,120,103,5.2460307016047726e-05
DE,2040,52,121,103,5.230167137296615e-05
DE,2040,52,122,103,5.230385174506592e-05
DE,2040,52,123,103,5.230603220806101e-05
DE,2040,52,124,103,5.2308212761955685e-05
DE,2040,52,125,103,5.2310393406754214e-05
DE,2040,52,126,103,5.263625638351332e-05
DE,2040,52,127,103,5.2637097252227245e-05
DE,2040,52,128,103,5.278116133772559e-05
DE,2040,52,129,103,5.2637097252227245e-05
DE,2040,52,130,103,5.263625638351332e-05
DE,2040,52,131,103,5.23234791847422e-05
DE,2040,52,132,103,5.2325660465975156e-05
DE,2040,52,133,103,5.232784183813964e-05
DE,2040,52,134,103,5.233002330124097e-05
DE,2040,52,135,103,5.263625638351332e-05
DE,2040,52,136,103,5.278116133772453e-05
DE,2040,52,137,103,0.19184753026249712
DE,2040,52,138,103,0.19185552807578504
DE,2040,52,139,103,0.0
DE,2040,52,140,103,0.0
DE,2040,52,141,103,0.10461352823730995
DE,2040,52,142,103,0.1924262724820568
DE,2040,52,143,103,0.19243429442217005
DE,2040,52,144,103,0.10983994769966282
DE,2040,52,145,103,0.0
DE,2040,52,146,103,0.0
DE,2040,52,147,103,0.0
DE,2040,52,148,103,0.0
DE,2040,52,149,103,0.1209666734809722
DE,2040,52,150,103,0.0
DE,2040,52,151,103,0.0
DE,2040,52,152,103,0.0
DE,2040,52,153,103,0.0
DE,2040,52,154,103,0.0
DE,2040,52,155,103,0.0
DE,2040,52,156,103,0.0
DE,2040,52,157,103,0.0
DE,2040,52,158,103,0.0
DE,2040,52,159,103,0.0
DE,2040,52,160,103,0.1988522079921199
DE,2040,52,161,103,0.1988604978191084
DE,2040,52,162,103,0.198868787991665
DE,2040,52,163,103,0.19887707850982897
DE,2040,52,164,103,0.19888536937361992
DE,2040,52,165,103,0.19889366058303787
DE,2040,52,166,103,0.1989019521381046
DE,2040,52,167,103,0.0
GA,2050,11,0,103,0.0
GA,2050,11,1,103,7.865438428997632e-05
GA,2050,11,2,103,7.865766326405974e-05
GA,2050,11,3,103,7.866094237483855e-05
GA,2050,11,4,103,7.86642216223191e-05
GA,2050,11,5,103,7.895438457526892e-05
GA,2050,11,6,103,7.917174200658732e-05
GA,2050,11,7,103,7.917174200658732e-05
GA,2050,11,8,103,7.917174200658732e-05
GA,2050,11,9,103,4.75653532637605e-05
GA,2050,11,10,103,7.895564587834035e-05
GA,2050,11,11,103,7.895438457526892e-05
GA,2050,11,12,103,7.869046052407213e-05
GA,2050,11,13,103,7.869374100211659e-05
GA,2050,11,14,103,7.86970216169171e-05
GA,2050,11,15,103,7.87003023684822e-05
GA,2050,11,16,103,7.870358325681717e-05
GA,2050,11,17,103,7.895438457526892e-05
GA,2050,11,18,103,7.917174200658732e-05
GA,2050,11,19,103,7.917174200658732e-05
GA,2050,11,20,103,7.929054436433128e-05
GA,2050,11,21,103,7.929054436433128e-05
GA,2050,11,22,103,7.917174200658732e-05
GA,2050,11,23,103,7.917174200658732e-05
GA,2050,11,24,103,6.803630566122929e-05
GA,2050,11,25,103,0.0
GA,2050,11,26,103,0.0
GA,2050,11,27,103,0.0
GA,2050,11,28,103,0.0
GA,2050,11,29,103,0.0
GA,2050,11,30,103,0.29306887441470875
GA,2050,11,31,103,0.29308109198213717
GA,2050,11,32,103,0.2930933100589001
GA,2050,11,33,103,0.23954435420382836
GA,2050,11,34,103,0.2931177477405078
GA,2050,11,35,103,0.27889537944744713
GA,2050,11,36,103,0.2860065635939731
GA,2050,11,37,103,0.0
GA,2050,11,38,103,0.0
GA,2050,11,39,103,0.2703349411580466
GA,2050,11,40,103,0.27034621098456374
GA,2050,11,41,103,0.2932032956731621
GA,2050,11,42,103,0.29321551884439917
GA,2050,11,43,103,0.2932277425252018
GA,2050,11,44,103,0.29323996671559616
GA,2050,11,45,103,0.293252191415591
GA,2050,11,46,103,0.29326441662521247
GA,2050,11,47,103,0.2771266929536006
GA,2050,11,48,103,7.929054436433128e-05
GA,2050,11,49,103,7.917174200658732e-05
GA,2050,11,50,103,7.895564587834035e-05
GA,2050,11,51,103,7.895564587834035e-05
GA,2050,11,52,103,7.895564587834035e-05
GA,2050,11,53,103,7.895564587834035e-05
GA,2050,11,54,103,7.917174200658732e-05
GA,2050,11,55,103,7.917174200658732e-05
GA,2050,11,56,103,7.917174200658732e-05
GA,2050,11,57,103,7.895564587834035e-05
GA,2050,11,58,103,7.895438457526892e-05
GA,2050,11,59,103,7.894906322358952e-05
GA,2050,11,60,103,7.895235448236174e-05
GA,2050,11,61,103,7.89556458783414e-05
GA,2050,11,62,103,7.895893741153384e-05
GA,2050,11,63,103,7.896222908194435e-05
GA,2050,11,64,103,7.896552088957935e-05
GA,2050,11,65,103,7.917174200658732e-05
GA,2050,11,66,103,7.98169852792063e-05
GA,2050,11,67,103,8.014558076164467e-05
GA,2050,11,68,103,8.014558076164467e-05
GA,2050,11,69,103,8.009234089373206e-05
GA,2050,11,70,103,8.009234089373206e-05
GA,2050,11,71,103,7.98169852792063e-05
GA,2050,11,72,103,7.929054436433128e-05
GA,2050,11,73,103,7.917605954295076e-05
GA,2050,11,74,103,7.929054436433128e-05
GA,2050,11,75,103,7.952930688855378e-05
GA,2050,11,76,103,7.952930688855378e-05
GA,2050,11,77,103,8.009234089373206e-05
GA,2050,11,78,103,0.0
GA,2050,11,79,103,0.0
GA,2050,11,80,103,0.0
GA,2050,11,81,103,0.0
GA,2050,11,82,103,0.0
GA,2050,11,83,103,0.0
GA,2050,11,84,103,0.0
GA,2050,11,85,103,0.0
GA,2050,11,86,103,0.0
GA,2050,11,87,103,0.0
GA,2050,11,88,103,0.0
GA,2050,11,89,103,0.0
GA,2050,11,90,103,0.1370099408589427
GA,2050,11,91,103,0.13701565258180592
GA,2050,11,92,103,0.13702136454278357
GA,2050,11,93,103,0.13702707674188438
GA,2050,11,94,103,0.0
GA,2050,11,95,103,0.29230632809238044
GA,2050,11,96,103,0.27399604398253097
GA,2050,11,97,103,0.28702817783966056
GA,2050,11,98,103,0.2762620522467393
GA,2050,11,99,103,0.11685044639261583
GA,2050,11,100,103,0.12638707693679624
GA,2050,11,101,103,0.2869504126212732
GA,2050,11,102,103,0.30937315359923095
GA,2050,11,103,103,0.3093860508657026
GA,2050,11,104,103,0.30904934941041284
GA,2050,11,105,103,0.0
GA,2050,11,106,103,0.0
GA,2050,11,107,103,0.0
GA,2050,11,108,103,0.0
GA,2050,11,109,103,0.0
GA,2050,11,110,103,0.0
GA,2050,11,111,103,0.0
GA,2050,11,112,103,0.0
GA,2050,11,113,103,0.32293820360275327
GA,2050,11,114,103,0.3229516663742263
GA,2050,11,115,103,0.3229651297069336
GA,2050,11,116,103,0.32297859360090125
GA,2050,11,117,103,0.3229920580561598
GA,2050,11,118,103,0.3230055230727268
GA,2050,11,119,103,0.3230189886506239
GA,2050,11,120,103,0.273343501394735
GA,2050,11,121,103,0.2733548966432664
GA,2050,11,122,103,0.0
GA,2050,11,123,103,0.2860065635939731
GA,2050,11,124,103,0.28424120856336904
GA,2050,11,125,103,0.2877719186245859
GA,2050,11,126,103,0.28702817783966056
GA,2050,11,127,103,0.28851565940950696
GA,2050,11,128,103,0.2906142038061735
GA,2050,11,129,103,0.17394704361377142
GA,2050,11,130,103,0.0
GA,2050,11,131,103,0.0
GA,2050,11,132,103,0.0
GA,2050,11,133,103,0.0
GA,2050,11,134,103,0.0
GA,2050,11,135,103,0.2735144800119268
GA,2050,11,136,103,0.273525882388289
GA,2050,11,137,103,0.29665180020863346
GA,2050,11,138,103,0.2966641671424565
GA,2050,11,139,103,0.29667653459182347
GA,2050,11,140,103,0.29668890255677804
GA,2050,11,141,103,0.29670127103733757
GA,2050,11,142,103,0.29671364003350653
GA,2050,11,143,103,0.2967260095453197
GA,2050,11,144,103,0.2860065635939731
GA,2050,11,145,103,0.28424120856336904
GA,2050,11,146,103,0.2885798766766185
GA,2050,11,147,103,0.2877719186245859
GA,2050,11,148,103,0.2877719186245859
GA,2050,11,149,103,0.28922081692749463
GA,2050,11,150,103,0.2863230203216685
GA,2050,11,151,103,0.28702817783966056
GA,2050,11,152,103,0.29055507995511554
GA,2050,11,153,103,0.2968497330286295
GA,2050,11,154,103,0.2968621082139379
GA,2050,11,155,103,0.0
GA,2050,11,156,103,0.0
GA,2050,11,157,103,0.0
GA,2050,11,158,103,0.2694320098465708
GA,2050,11,159,103,0.26944324203134984
GA,2050,11,160,103,0.26945447468437345
GA,2050,11,161,103,0.28733373167853066
GA,2050,11,162,103,0.2922483481894824
GA,2050,11,163,103,0.29226053155051174
GA,2050,11,164,103,0.29227271541943217
GA,2050,11,165,103,0.29228489979628736
GA,2050,11,166,103,0.29226053104258576
GA,2050,11,167,103,7.98169852792063e-05
GA,2050,21,0,103,0.0
GA,2050,21,1,103,0.0
GA,2050,21,2,103,0.0
GA,2050,21,3,103,0.0
GA,2050,21,4,103,0.0
GA,2050,21,5,103,0.0
GA,2050,21,6,103,0.0
GA,2050,21,7,103,0.0
GA,2050,21,8,103,0.0
GA,2050,21,9,103,0.0
GA,2050,21,10,103,0.0
GA,2050,21,11,103,0.0
GA,2050,21,12,103,0.0
GA,2050,21,13,103,0.0
GA,2050,21,14,103,0.0
GA,2050,21,15,103,0.0
GA,2050,21,16,103,0.28717089579242056
GA,2050,21,17,103,0.28874170451325604
GA,2050,21,18,103,0.2988541296461478
GA,2050,21,19,103,0.31060436986767354
GA,2050,21,20,103,0.307907704322768
GA,2050,21,21,103,0.2872307592346422
GA,2050,21,22,103,0.29170372214444756
GA,2050,21,23,103,0.19592025981200256
GA,2050,21,24,103,0.03421714888487283
GA,2050,21,25,103,0.03535161458867587
GA,2050,21,26,103,0.03648612758652919
GA,2050,21,27,103,0.0
GA,2050,21,28,103,0.0
GA,2050,21,29,103,0.0
GA,2050,21,30,103,0.0
GA,2050,21,31,103,0.0
GA,2050,21,32,103,0.0
GA,2050,21,33,103,0.0
GA,2050,21,34,103,0.0
GA,2050,21,35,103,0.0
GA,2050,21,36,103,0.0
GA,2050,21,37,103,0.0
GA,2050,21,38,103,0.0
GA,2050,21,39,103,0.0
GA,2050,21,40,103,0.0
GA,2050,21,41,103,0.0
GA,2050,21,42,103,0.0
GA,2050,21,43,103,0.0
GA,2050,21,44,103,0.0
GA,2050,21,45,103,0.0
GA,2050,21,46,103,0.0
GA,2050,21,47,103,0.0
GA,2050,21,48,103,0.0
GA,2050,21,49,103,0.0
GA,2050,21,50,103,0.0
GA,2050,21,51,103,0.0
GA,2050,21,52,103,0.0
GA,2050,21,53,103,0.0
GA,2050,21,54,103,0.0
GA,2050,21,55,103,0.0
GA,2050,21,56,103,0.0
GA,2050,21,57,103,0.0
GA,2050,21,58,103,0.0
GA,2050,21,59,103,0.0
GA,2050,21,60,103,0.0
GA,2050,21,61,103,0.0
GA,2050,21,62,103,0.0
GA,2050,21,63,103,0.0
GA,2050,21,64,103,0.0
GA,2050,21,65,103,0.0
GA,2050,21,66,103,0.0
GA,2050,21,67,103,0.0
GA,2050,21,68,103,0.0
GA,2050,21,69,103,0.0
GA,2050,21,70,103,0.0
GA,2050,21,71,103,0.0
GA,2050,21,72,103,0.0
GA,2050,21,73,103,0.0
GA,2050,21,74,103,0.0
GA,2050,21,75,103,0.0
GA,2050,21,76,103,0.0
GA,2050,21,77,103,0.0
GA,2050,21,78,103,0.0
GA,2050,21,79,103,0.0
GA,2050,21,80,103,0.0
GA,2050,21,81,103,0.0
GA,2050,21,82,103,0.0
GA,2050,21,83,103,0.0
GA,2050,21,84,103,0.0
GA,2050,21,85,103,0.0
GA,2050,21,86,103,0.0
GA,2050,21,87,103,0.0
GA,2050,21,88,103,0.0
GA,2050,21,89,103,0.0
GA,2050,21,90,103,0.0
GA,2050,21,91,103,0.0
GA,2050,21,92,103,0.0
GA,2050,21,93,103,0.0
GA,2050,21,94,103,0.0
GA,2050,21,95,103,0.0
GA,2050,21,96,103,0.0
GA,2050,21,97,103,0.0
GA,2050,21,98,103,0.0
GA,2050,21,99,103,0.0
GA,2050,21,100,103,0.0
GA,2050,21,101,103,-8.721182071795201e-15
GA,2050,21,102,103,0.0
GA,2050,21,103,103,0.0
GA,2050,21,104,103,0.0
GA,2050,21,105,103,0.0
GA,2050,21,106,103,0.0
GA,2050,21,107,103,0.0
GA,2050,21,108,103,0.0
GA,2050,21,109,103,0.0
GA,2050,21,110,103,0.0
GA,2050,21,111,103,0.0
GA,2050,21,112,103,0.0
GA,2050,21,113,103,0.0
GA,2050,21,114,103,0.0
GA,2050,21,115,103,0.0
GA,2050,21,116,103,0.2891946360298988
GA,2050,21,117,103,0.289206692086595
GA,2050,21,118,103,0.0
GA,2050,21,119,103,0.0
GA,2050,21,120,103,0.266318832131373
GA,2050,21,121,103,0.2066771480064875
GA,2050,21,122,103,0.0
GA,2050,21,123,103,0.0
GA,2050,21,124,103,0.0
GA,2050,21,125,103,0.0
GA,2050,21,126,103,0.0
GA,2050,21,127,103,0.0
GA,2050,21,128,103,0.0
GA,2050,21,129,103,0.0
GA,2050,21,130,103,0.0
GA,2050,21,131,103,0.0
GA,2050,21,132,103,0.0
GA,2050,21,133,103,0.0
GA,2050,21,134,103,0.0
GA,2050,21,135,103,0.0
GA,2050,21,136,103,0.0
GA,2050,21,137,103,0.0
GA,2050,21,138,103,0.0
GA,2050,21,139,103,0.0
GA,2050,21,140,103,0.0
GA,2050,21,141,103,0.0
GA,2050,21,142,103,0.0
GA,2050,21,143,103,0.0
GA,2050,21,144,103,0.0
GA,2050,21,145,103,0.09370182485052543
GA,2050,21,146,103,0.16415696131169183
GA,2050,21,147,103,0.0
GA,2050,21,148,103,0.2913694588535772
GA,2050,21,149,103,0.11203500612615455
GA,2050,21,150,103,0.0
GA,2050,21,151,103,0.0
GA,2050,21,152,103,0.0
GA,2050,21,153,103,0.0
GA,2050,21,154,103,0.0
GA,2050,21,155,103,0.0
GA,2050,21,156,103,0.0
GA,2050,21,157,103,0.0
GA,2050,21,158,103,0.0
GA,2050,21,159,103,0.2687897620487989
GA,2050,21,160,103,0.26880096745928733
GA,2050,21,161,103,0.2688121733369259
GA,2050,21,162,103,0.2915395590432531
GA,2050,21,163,103,0.0
GA,2050,21,164,103,0.0
GA,2050,21,165,103,0.0
GA,2050,21,166,103,0.0
GA,2050,21,167,103,0.0
GA,2050,42,0,103,0.0
GA,2050,42,1,103,0.0
GA,2050,42,2,103,0.0
GA,2050,42,3,103,0.0
GA,2050,42,4,103,0.0
GA,2050,42,5,103,0.0
GA,2050,42,6,103,0.0
GA,2050,42,7,103,0.0
GA,2050,42,8,103,0.0
GA,2050,42,9,103,0.0
GA,2050,42,10,103,0.0
GA,2050,42,11,103,0.0
GA,2050,42,12,103,0.0
GA,2050,42,13,103,0.0
GA,2050,42,14,103,0.0
GA,2050,42,15,103,0.0
GA,2050,42,16,103,0.0
GA,2050,42,17,103,0.0
GA,2050,42,18,103,0.0
GA,2050,42,19,103,0.0
GA,2050,42,20,103,0.0
GA,2050,42,21,103,0.0
GA,2050,42,22,103,0.0
GA,2050,42,23,103,0.0
GA,2050,42,24,103,0.0
GA,2050,42,25,103,0.0
GA,2050,42,26,103,0.0
GA,2050,42,27,103,0.0
GA,2050,42,28,103,0.0
GA,2050,42,29,103,0.0
GA,2050,42,30,103,0.0
GA,2050,42,31,103,0.0
GA,2050,42,32,103,0.0
GA,2050,42,33,103,0.0
GA,2050,42,34,103,0.0
GA,2050,42,35,103,0.0
GA,2050,42,36,103,0.0
GA,2050,42,37,103,0.0
GA,2050,42,38,103,0.0
GA,2050,42,39,103,0.0
GA,2050,42,40,103,0.0
GA,2050,42,41,103,0.0
GA,2050,42,42,103,0.0
GA,2050,42,43,103,0.0
GA,2050,42,44,103,0.0
GA,2050,42,45,103,0.0
GA,2050,42,46,103,0.0
GA,2050,42,47,103,0.0
GA,2050,42,48,103,0.0
GA,2050,42,49,103,0.0
GA,2050,42,50,103,0.0
GA,2050,42,51,103,0.0
GA,2050,42,52,103,0.0
GA,2050,42,53,103,0.0
GA,2050,42,54,103,0.0
GA,2050,42,55,103,0.0
GA,2050,42,56,103,0.0
GA,2050,42,57,103,0.0
GA,2050,42,58,103,0.0
GA,2050,42,59,103,0.0
GA,2050,42,60,103,0.0
GA,2050,42,61,103,0.0
GA,2050,42,62,103,0.0
GA,2050,42,63,103,0.0
GA,2050,42,64,103,0.0
GA,2050,42,65,103,0.0
GA,2050,42,66,103,0.0
GA,2050,42,67,103,0.0
GA,2050,42,68,103,0.0
GA,2050,42,69,103,0.0
GA,2050,42,70,103,0.0
GA,2050,42,71,103,0.0
GA,2050,42,72,103,0.0
GA,2050,42,73,103,0.0
GA,2050,42,74,103,0.0
GA,2050,42,75,103,0.0
GA,2050,42,76,103,0.0
GA,2050,42,77,103,0.0
GA,2050,42,78,103,0.0
GA,2050,42,79,103,0.0
GA,2050,42,80,103,0.0
GA,2050,42,81,103,0.0
GA,2050,42,82,103,0.0
GA,2050,42,83,103,0.0
GA,2050,42,84,103,0.0
GA,2050,42,85,103,0.0
GA,2050,42,86,103,0.0
GA,2050,42,87,103,0.0
GA,2050,42,88,103,0.0
GA,2050,42,89,103,0.0
GA,2050,42,90,103,0.0
GA,2050,42,91,103,0.0
GA,2050,42,92,103,0.0
GA,2050,42,93,103,0.0
GA,2050,42,94,103,0.0
GA,2050,42,95,103,0.0
GA,2050,42,96,103,0.0
GA,2050,42,97,103,0.0
GA,2050,42,98,103,0.0
GA,2050,42,99,103,0.0
GA,2050,42,100,103,0.0
GA,2050,42,101,103,0.0
GA,2050,42,102,103,0.0
GA,2050,42,103,103,0.0
GA,2050,42,104,103,0.0
GA,2050,42,105,103,0.0
GA,2050,42,106,103,0.0
GA,2050,42,107,103,0.0
GA,2050,42,108,103,0.0
GA,2050,42,109,103,0.0
GA,2050,42,110,103,0.0
GA,2050,42,111,103,0.0
GA,2050,42,112,103,0.0
GA,2050,42,113,103,0.0
GA,2050,42,114,103,0.0
GA,2050,42,115,103,0.0
GA,2050,42,116,103,0.0
GA,2050,42,117,103,0.0
GA,2050,42,118,103,0.0
GA,2050,42,119,103,0.17167049708388032
GA,2050,42,120,103,0.0
GA,2050,42,121,103,0.0
GA,2050,42,122,103,0.0
GA,2050,42,123,103,0.0
GA,2050,42,124,103,0.0
GA,2050,42,125,103,0.0
GA,2050,42,126,103,0.0
GA,2050,42,127,103,0.0
GA,2050,42,128,103,0.0
GA,2050,42,129,103,0.0
GA,2050,42,130,103,0.0
GA,2050,42,131,103,0.0
GA,2050,42,132,103,0.0
GA,2050,42,133,103,0.0
GA,2050,42,134,103,0.0
GA,2050,42,135,103,0.0
GA,2050,42,136,103,0.0
GA,2050,42,137,103,0.0
GA,2050,42,138,103,0.0
GA,2050,42,139,103,0.0
GA,2050,42,140,103,0.0
GA,2050,42,141,103,0.0
GA,2050,42,142,103,0.0
GA,2050,42,143,103,0.0
GA,2050,42,144,103,0.0
GA,2050,42,145,103,0.0
GA,2050,42,146,103,0.0
GA,2050,42,147,103,0.0
GA,2050,42,148,103,0.0
GA,2050,42,149,103,0.0
GA,2050,42,150,103,0.0
GA,2050,42,151,103,0.0
GA,2050,42,152,103,0.0
GA,2050,42,153,103,0.0
GA,2050,42,154,103,0.0
GA,2050,42,155,103,0.0
GA,2050,42,156,103,0.0
GA,2050,42,157,103,0.0
GA,2050,42,158,103,0.0
GA,2050,42,159,103,0.0
GA,2050,42,160,103,0.0
GA,2050,42,161,103,0.0
GA,2050,42,162,103,0.0
GA,2050,42,163,103,0.0
GA,2050,42,164,103,0.0
GA,2050,42,165,103,0.0
GA,2050,42,166,103,0.0
GA,2050,42,167,103,0.0
GA,2050,52,0,103,0.0
GA,2050,52,1,103,0.0
GA,2050,52,2,103,0.0
GA,2050,52,3,103,0.0
GA,2050,52,4,103,0.0
GA,2050,52,5,103,0.0
GA,2050,52,6,103,0.0
GA,2050,52,7,103,0.0
GA,2050,52,8,103,0.0
GA,2050,52,9,103,0.0
GA,2050,52,10,103,0.0
GA,2050,52,11,103,0.0
GA,2050,52,12,103,0.0
GA,2050,52,13,103,0.0
GA,2050,52,14,103,0.0
GA,2050,52,15,103,0.0
GA,2050,52,16,103,0.0
GA,2050,52,17,103,0.0
GA,2050,52,18,103,0.0
GA,2050,52,19,103,0.0
GA,2050,52,20,103,0.0
GA,2050,52,21,103,0.0
GA,2050,52,22,103,0.0
GA,2050,52,23,103,6.803630566122929e-05
GA,2050,52,24,103,6.803630566122929e-05
GA,2050,52,25,103,4.7445869053865543e-05
GA,2050,52,26,103,4.7445869053865543e-05
GA,2050,52,27,103,2.2444140737550077e-05
GA,2050,52,28,103,0.0
GA,2050,52,29,103,0.0
GA,2050,52,30,103,4.7445869053865543e-05
GA,2050,52,31,103,4.7445869053865543e-05
GA,2050,52,32,103,4.7445869053865543e-05
GA,2050,52,33,103,4.7445869053865543e-05
GA,2050,52,34,103,1.2867845064269821e-07
GA,2050,52,35,103,0.0
GA,2050,52,36,103,0.0
GA,2050,52,37,103,7.843322704617437e-05
GA,2050,52,38,103,7.843322704617437e-05
GA,2050,52,39,103,7.843322704617437e-05
GA,2050,52,40,103,7.843322704617437e-05
GA,2050,52,41,103,7.843322704617437e-05
GA,2050,52,42,103,7.843322704617437e-05
GA,2050,52,43,103,7.843322704617437e-05
GA,2050,52,44,103,7.843322704617437e-05
GA,2050,52,45,103,7.843322704617437e-05
GA,2050,52,46,103,7.843322704617437e-05
GA,2050,52,47,103,7.843322704617437e-05
GA,2050,52,48,103,7.843322704617437e-05
GA,2050,52,49,103,5.829522068516282e-05
GA,2050,52,50,103,5.829522068516282e-05
GA,2050,52,51,103,5.829522068516282e-05
GA,2050,52,52,103,5.829522068516282e-05
GA,2050,52,53,103,5.829522068516282e-05
GA,2050,52,54,103,5.829522068516282e-05
GA,2050,52,55,103,5.829522068516282e-05
GA,2050,52,56,103,7.843322704617437e-05
GA,2050,52,57,103,7.843322704617437e-05
GA,2050,52,58,103,7.843322704617437e-05
GA,2050,52,59,103,7.843322704617437e-05
GA,2050,52,60,103,7.843322704617437e-05
GA,2050,52,61,103,7.843322704617437e-05
GA,2050,52,62,103,5.92541497875059e-05
GA,2050,52,63,103,5.9563096591040564e-05
GA,2050,52,64,103,7.843322704617437e-05
GA,2050,52,65,103,7.843322704617437e-05
GA,2050,52,66,103,7.843322704617437e-05
GA,2050,52,67,103,7.869046052407213e-05
GA,2050,52,68,103,7.895438457526892e-05
GA,2050,52,69,103,7.869046052407213e-05
GA,2050,52,70,103,7.869046052407213e-05
GA,2050,52,71,103,7.843322704617437e-05
GA,2050,52,72,103,7.787246868902166e-05
GA,2050,52,73,103,7.719437077065564e-05
GA,2050,52,74,103,6.296236159456423e-05
GA,2050,52,75,103,6.327146298745148e-05
GA,2050,52,76,103,7.812349361021081e-05
GA,2050,52,77,103,7.843322704617437e-05
GA,2050,52,78,103,7.895564587834035e-05
GA,2050,52,79,103,6.803630566122929e-05
GA,2050,52,80,103,0.0
GA,2050,52,81,103,0.0
GA,2050,52,82,103,0.0
GA,2050,52,83,103,0.0
GA,2050,52,84,103,0.0
GA,2050,52,85,103,0.0
GA,2050,52,86,103,0.0
GA,2050,52,87,103,0.0
GA,2050,52,88,103,0.0
GA,2050,52,89,103,0.0
GA,2050,52,90,103,0.0
GA,2050,52,91,103,0.0
GA,2050,52,92,103,0.0
GA,2050,52,93,103,0.0
GA,2050,52,94,103,6.803630566122929e-05
GA,2050,52,95,103,6.803630566122929e-05
GA,2050,52,96,103,7.895564587834035e-05
GA,2050,52,97,103,7.895438457526892e-05
GA,2050,52,98,103,7.843322704617437e-05
GA,2050,52,99,103,7.843322704617437e-05
GA,2050,52,100,103,7.843322704617437e-05
GA,2050,52,101,103,7.895438457526892e-05
GA,2050,52,102,103,7.895564587834035e-05
GA,2050,52,103,103,7.917174200658732e-05
GA,2050,52,104,103,7.917174200658732e-05
GA,2050,52,105,103,7.917174200658732e-05
GA,2050,52,106,103,7.917174200658732e-05
GA,2050,52,107,103,7.917174200658732e-05
GA,2050,52,108,103,7.895564587834035e-05
GA,2050,52,109,103,7.895438457526892e-05
GA,2050,52,110,103,7.895438457526892e-05
GA,2050,52,111,103,7.895564587834035e-05
GA,2050,52,112,103,7.917174200658732e-05
GA,2050,52,113,103,7.917174200658732e-05
GA,2050,52,114,103,7.917174200658732e-05
GA,2050,52,115,103,7.917174200658732e-05
GA,2050,52,116,103,7.917174200658732e-05
GA,2050,52,117,103,7.917174200658732e-05
GA,2050,52,118,103,7.917174200658732e-05
GA,2050,52,119,103,7.895438457526892e-05
GA,2050,52,120,103,7.843322704617437e-05
GA,2050,52,121,103,7.843322704617437e-05
GA,2050,52,122,103,7.843322704617437e-05
GA,2050,52,123,103,7.843322704617437e-05
GA,2050,52,124,103,7.843322704617437e-05
GA,2050,52,125,103,7.843649680057054e-05
GA,2050,52,126,103,7.843976669127668e-05
GA,2050,52,127,103,7.895564587834035e-05
GA,2050,52,128,103,7.917174200658732e-05
GA,2050,52,129,103,7.895438457526892e-05
GA,2050,52,130,103,7.845284761732572e-05
GA,2050,52,131,103,7.84561181896723e-05
GA,2050,52,132,103,7.845938889836295e-05
GA,2050,52,133,103,7.846265974340404e-05
GA,2050,52,134,103,7.846593072480196e-05
GA,2050,52,135,103,7.846920184256203e-05
GA,2050,52,136,103,7.917174200658625e-05
GA,2050,52,137,103,7.992119135494999e-05
GA,2050,52,138,103,0.2870405670478012
GA,2050,52,139,103,-1.3081773107692803e-14
GA,2050,52,140,103,-1.3081773107692803e-14
GA,2050,52,141,103,0.0
GA,2050,52,142,103,0.0
GA,2050,52,143,103,-1.3081773107692803e-14
GA,2050,52,144,103,0.0
GA,2050,52,145,103,0.0
GA,2050,52,146,103,0.0
GA,2050,52,147,103,0.0
GA,2050,52,148,103,0.0
GA,2050,52,149,103,0.0
GA,2050,52,150,103,-1.7442364143590402e-14
GA,2050,52,151,103,-8.721182071795201e-15
GA,2050,52,152,103,0.0
GA,2050,52,153,103,0.0
GA,2050,52,154,103,0.0
GA,2050,52,155,103,0.0
GA,2050,52,156,103,0.0
GA,2050,52,157,103,0.0
GA,2050,52,158,103,0.0
GA,2050,52,159,103,0.0
GA,2050,52,160,103,0.1609799320191691
GA,2050,52,161,103,0.16098664301220048
GA,2050,52,162,103,0.160993354285003
GA,2050,52,163,103,0.16100006583758977
GA,2050,52,164,103,0.16100677766997387
GA,2050,52,165,103,0.161013489782164
GA,2050,52,166,103,0.16102020217415583
GA,2050,52,167,103,0.0
DE,2050,11,0,103,7.800130754675973e-05
DE,2050,11,1,103,7.895438457526892e-05
DE,2050,11,2,103,7.895438457526892e-05
DE,2050,11,3,103,7.895438457526892e-05
DE,2050,11,4,103,7.895438457526892e-05
DE,2050,11,5,103,7.917174200658625e-05
DE,2050,11,6,103,7.917174200658732e-05
DE,2050,11,7,103,7.917174200658625e-05
DE,2050,11,8,103,6.803630566122929e-05
DE,2050,11,9,103,6.803630566122929e-05
DE,2050,11,10,103,6.803630566122929e-05
DE,2050,11,11,103,6.803630566122929e-05
DE,2050,11,12,103,7.895438457526892e-05
DE,2050,11,13,103,7.895438457526892e-05
DE,2050,11,14,103,7.895767605587981e-05
DE,2050,11,15,103,7.896096767370561e-05
DE,2050,11,16,103,7.896425942875589e-05
DE,2050,11,17,103,7.896755132103383e-05
DE,2050,11,18,103,7.917174200658732e-05
DE,2050,11,19,103,7.98169852792063e-05
DE,2050,11,20,103,7.992119135494999e-05
DE,2050,11,21,103,7.992119135494999e-05
DE,2050,11,22,103,7.98169852792063e-05
DE,2050,11,23,103,7.98169852792063e-05
DE,2050,11,24,103,7.98169852792063e-05
DE,2050,11,25,103,0.0
DE,2050,11,26,103,0.0
DE,2050,11,27,103,0.0
DE,2050,11,28,103,0.0
DE,2050,11,29,103,0.0
DE,2050,11,30,103,0.303348956782277
DE,2050,11,31,103,0.3033616029097131
DE,2050,11,32,103,0.3033742495643534
DE,2050,11,33,103,0.2797475965255416
DE,2050,11,34,103,0.2963519876451369
DE,2050,11,35,103,0.2849849493482944
DE,2050,11,36,103,0.28702817783966056
DE,2050,11,37,103,0.08207848065584372
DE,2050,11,38,103,0.008086359665928397
DE,2050,11,39,103,0.27981757716804717
DE,2050,11,40,103,0.2798292423103242
DE,2050,11,41,103,0.3014377140406059
DE,2050,11,42,103,0.30350074511139447
DE,2050,11,43,103,0.3035133975666543
DE,2050,11,44,103,0.3035260505493668
DE,2050,11,45,103,0.3035387040595626
DE,2050,11,46,103,0.30355135809725914
DE,2050,11,47,103,0.30356401266248684
DE,2050,11,48,103,0.18800297683088432
DE,2050,11,49,103,7.98169852792063e-05
DE,2050,11,50,103,7.917174200658625e-05
DE,2050,11,51,103,7.917174200658732e-05
DE,2050,11,52,103,7.917174200658732e-05
DE,2050,11,53,103,7.917174200658732e-05
DE,2050,11,54,103,7.98169852792063e-05
DE,2050,11,55,103,7.992119135494999e-05
DE,2050,11,56,103,7.98169852792063e-05
DE,2050,11,57,103,7.917174200658732e-05
DE,2050,11,58,103,7.915524136084607e-05
DE,2050,11,59,103,7.91585412148521e-05
DE,2050,11,60,103,7.916184120642221e-05
DE,2050,11,61,103,7.916514133556493e-05
DE,2050,11,62,103,7.916844160228557e-05
DE,2050,11,63,103,7.917174200658625e-05
DE,2050,11,64,103,7.917504254847551e-05
DE,2050,11,65,103,7.917936026483364e-05
DE,2050,11,66,103,8.050315366725619e-05
DE,2050,11,67,103,8.72731010317454e-05
DE,2050,11,68,103,8.727673930619257e-05
DE,2050,11,69,103,8.728037773231399e-05
DE,2050,11,70,103,8.728401631011394e-05
DE,2050,11,71,103,8.048637553422594e-05
DE,2050,11,72,103,8.048973088106239e-05
DE,2050,11,73,103,8.049308636777842e-05
DE,2050,11,74,103,8.049644199437724e-05
DE,2050,11,75,103,0.0
DE,2050,11,76,103,8.050315366725619e-05
DE,2050,11,77,103,0.0
DE,2050,11,78,103,0.0
DE,2050,11,79,103,0.0
DE,2050,11,80,103,0.0
DE,2050,11,81,103,0.0
DE,2050,11,82,103,0.0
DE,2050,11,83,103,0.0
DE,2050,11,84,103,0.0
DE,2050,11,85,103,0.0
DE,2050,11,86,103,0.0
DE,2050,11,87,103,0.0
DE,2050,11,88,103,0.0
DE,2050,11,89,103,0.0
DE,2050,11,90,103,0.34681795286218436
DE,2050,11,91,103,0.346832411141778
DE,2050,11,92,103,0.3468468700241143
DE,2050,11,93,103,0.3468613295092151
DE,2050,11,94,103,0.0
DE,2050,11,95,103,0.28919670397154007
DE,2050,11,96,103,0.2892087601144408
DE,2050,11,97,103,0.289220816759952
DE,2050,11,98,103,0.28923287390809105
DE,2050,11,99,103,0.28924493155887104
DE,2050,11,100,103,0.2892569897123051
DE,2050,11,101,103,0.28926904836844125
DE,2050,11,102,103,0.3137260108398905
DE,2050,11,103,103,0.3137390895699292
DE,2050,11,104,103,0.31375216884521184
DE,2050,11,105,103,0.0
DE,2050,11,106,103,0.0
DE,2050,11,107,103,0.0
DE,2050,11,108,103,0.0
DE,2050,11,109,103,0.0
DE,2050,11,110,103,0.0
DE,2050,11,111,103,0.0
DE,2050,11,112,103,0.0
DE,2050,11,113,103,0.0
DE,2050,11,114,103,0.43496621226813903
DE,2050,11,115,103,0.4349843453061224
DE,2050,11,116,103,0.4350024791000491
DE,2050,11,117,103,0.4350206136499191
DE,2050,11,118,103,0.43503874895579353
DE,2050,11,119,103,0.0
DE,2050,11,120,103,0.27766420427504596
DE,2050,11,121,103,0.0
DE,2050,11,122,103,0.0
DE,2050,11,123,103,0.0
DE,2050,11,124,103,0.27771050865707214
DE,2050,11,125,103,0.2914576625227853
DE,2050,11,126,103,0.2897707450895661
DE,2050,11,127,103,0.2886708887654319
DE,2050,11,128,103,0.2896394976284171
DE,2050,11,129,103,0.2915889099839386
DE,2050,11,130,103,0.0
DE,2050,11,131,103,0.2777915599072084
DE,2050,11,132,103,0.02901237998524652
DE,2050,11,133,103,0.0
DE,2050,11,134,103,0.27782630339826303
DE,2050,11,135,103,0.2778378855275586
DE,2050,11,136,103,0.27784946813970246
DE,2050,11,137,103,0.3013409341411062
DE,2050,11,138,103,0.3013534965573299
DE,2050,11,139,103,0.30136605949726936
DE,2050,11,140,103,0.3013786229609245
DE,2050,11,141,103,0.3013911869483346
DE,2050,11,142,103,0.3014037514595258
DE,2050,11,143,103,0.30141631649450246
DE,2050,11,144,103,0.291937172220906
DE,2050,11,145,103,0.28056748462145276
DE,2050,11,146,103,0.2885798766766185
DE,2050,11,147,103,0.2883439542679198
DE,2050,11,148,103,0.2915889099839386
DE,2050,11,149,103,0.29227271541943217
DE,2050,11,150,103,0.28766014883242186
DE,2050,11,151,103,0.2877719186245859
DE,2050,11,152,103,0.2921167985629612
DE,2050,11,153,103,0.30154199565777723
DE,2050,11,154,103,0.30155456645593337
DE,2050,11,155,103,0.29611096824752564
DE,2050,11,156,103,0.28717826348846914
DE,2050,11,157,103,0.2780928145663581
DE,2050,11,158,103,0.27810440780608214
DE,2050,11,159,103,0.27811600152909044
DE,2050,11,160,103,0.2781275957354354
DE,2050,11,161,103,0.2781391904251213
DE,2050,11,162,103,0.29894875432495394
DE,2050,11,163,103,0.3016677272244896
DE,2050,11,164,103,0.3016803032641852
DE,2050,11,165,103,0.3016928798281678
DE,2050,11,166,103,0.3017054569164417
DE,2050,11,167,103,0.23426351499847628
DE,2050,21,0,103,0.0
DE,2050,21,1,103,0.0
DE,2050,21,2,103,0.0
DE,2050,21,3,103,0.0
DE,2050,21,4,103,0.0
DE,2050,21,5,103,0.0
DE,2050,21,6,103,0.0
DE,2050,21,7,103,0.0
DE,2050,21,8,103,0.0
DE,2050,21,9,103,0.0
DE,2050,21,10,103,0.0
DE,2050,21,11,103,0.0
DE,2050,21,12,103,0.0
DE,2050,21,13,103,0.0
DE,2050,21,14,103,0.0
DE,2050,21,15,103,0.0
DE,2050,21,16,103,0.0
DE,2050,21,17,103,0.29319107301146885
DE,2050,21,18,103,0.31708936200791815
DE,2050,21,19,103,0.3179928887500241
DE,2050,21,20,103,0.3180061453593113
DE,2050,21,21,103,0.29236492368885564
DE,2050,21,22,103,0.0
DE,2050,21,23,103,0.0
DE,2050,21,24,103,0.0
DE,2050,21,25,103,0.0
DE,2050,21,26,103,0.0
DE,2050,21,27,103,0.0
DE,2050,21,28,103,0.0
DE,2050,21,29,103,0.0
DE,2050,21,30,103,0.0
DE,2050,21,31,103,0.0
DE,2050,21,32,103,0.0
DE,2050,21,33,103,0.0
DE,2050,21,34,103,0.0
DE,2050,21,35,103,0.0
DE,2050,21,36,103,0.0
DE,2050,21,37,103,0.0
DE,2050,21,38,103,0.0
DE,2050,21,39,103,0.0
DE,2050,21,40,103,0.0
DE,2050,21,41,103,0.0
DE,2050,21,42,103,0.0
DE,2050,21,43,103,0.0
DE,2050,21,44,103,0.0
DE,2050,21,45,103,0.0
DE,2050,21,46,103,0.0
DE,2050,21,47,103,0.0
DE,2050,21,48,103,0.0
DE,2050,21,49,103,0.0
DE,2050,21,50,103,0.0
DE,2050,21,51,103,0.0
DE,2050,21,52,103,0.0
DE,2050,21,53,103,0.0
DE,2050,21,54,103,0.0
DE,2050,21,55,103,0.0
DE,2050,21,56,103,0.0
DE,2050,21,57,103,0.0
DE,2050,21,58,103,0.0
DE,2050,21,59,103,0.0
DE,2050,21,60,103,0.0
DE,2050,21,61,103,0.0
DE,2050,21,62,103,0.0
DE,2050,21,63,103,0.0
DE,2050,21,64,103,0.0
DE,2050,21,65,103,0.0
DE,2050,21,66,103,0.0
DE,2050,21,67,103,0.0
DE,2050,21,68,103,0.0
DE,2050,21,69,103,0.0
DE,2050,21,70,103,0.0
DE,2050,21,71,103,0.0
DE,2050,21,72,103,0.0
DE,2050,21,73,103,0.0
DE,2050,21,74,103,0.0
DE,2050,21,75,103,0.0
DE,2050,21,76,103,0.0
DE,2050,21,77,103,0.0
DE,2050,21,78,103,0.0
DE,2050,21,79,103,0.0
DE,2050,21,80,103,0.0
DE,2050,21,81,103,0.0
DE,2050,21,82,103,0.0
DE,2050,21,83,103,0.0
DE,2050,21,84,103,0.0
DE,2050,21,85,103,0.0
DE,2050,21,86,103,0.0
DE,2050,21,87,103,0.0
DE,2050,21,88,103,0.0
DE,2050,21,89,103,0.0
DE,2050,21,90,103,0.0
DE,2050,21,91,103,0.0
DE,2050,21,92,103,0.296964195694443
DE,2050,21,93,103,0.0
DE,2050,21,94,103,0.0
DE,2050,21,95,103,0.0
DE,2050,21,96,103,0.0
DE,2050,21,97,103,0.0
DE,2050,21,98,103,0.0
DE,2050,21,99,103,0.0
DE,2050,21,100,103,0.0
DE,2050,21,101,103,0.0
DE,2050,21,102,103,0.0
DE,2050,21,103,103,0.0
DE,2050,21,104,103,0.0
DE,2050,21,105,103,0.0
DE,2050,21,106,103,0.0
DE,2050,21,107,103,0.0
DE,2050,21,108,103,0.0
DE,2050,21,109,103,0.0
DE,2050,21,110,103,0.0
DE,2050,21,111,103,0.0
DE,2050,21,112,103,0.0
DE,2050,21,113,103,0.0
DE,2050,21,114,103,0.0
DE,2050,21,115,103,0.2960727827294617
DE,2050,21,116,103,0.29608512552497573
DE,2050,21,117,103,0.2892892763565507
DE,2050,21,118,103,0.0
DE,2050,21,119,103,0.0
DE,2050,21,120,103,0.0
DE,2050,21,121,103,0.0
DE,2050,21,122,103,0.0
DE,2050,21,123,103,0.0
DE,2050,21,124,103,0.0
DE,2050,21,125,103,0.0
DE,2050,21,126,103,0.0
DE,2050,21,127,103,0.0
DE,2050,21,128,103,0.0
DE,2050,21,129,103,0.0
DE,2050,21,130,103,0.0
DE,2050,21,131,103,0.0
DE,2050,21,132,103,0.0
DE,2050,21,133,103,0.0
DE,2050,21,134,103,0.0
DE,2050,21,135,103,0.0
DE,2050,21,136,103,0.0
DE,2050,21,137,103,0.0
DE,2050,21,138,103,0.0
DE,2050,21,139,103,0.0
DE,2050,21,140,103,0.0
DE,2050,21,141,103,0.0
DE,2050,21,142,103,0.0
DE,2050,21,143,103,0.0
DE,2050,21,144,103,0.0
DE,2050,21,145,103,0.2921081397024826
DE,2050,21,146,103,0.0
DE,2050,21,147,103,0.0
DE,2050,21,148,103,0.0
DE,2050,21,149,103,0.29227271541943217
DE,2050,21,150,103,0.0
DE,2050,21,151,103,0.0
DE,2050,21,152,103,0.0
DE,2050,21,153,103,0.0
DE,2050,21,154,103,0.0
DE,2050,21,155,103,0.0
DE,2050,21,156,103,0.0
DE,2050,21,157,103,0.0
DE,2050,21,158,103,0.0
DE,2050,21,159,103,0.2733293145923398
DE,2050,21,160,103,0.2733407092494442
DE,2050,21,161,103,0.2733521043815739
DE,2050,21,162,103,0.0
DE,2050,21,163,103,0.0
DE,2050,21,164,103,0.0
DE,2050,21,165,103,0.0
DE,2050,21,166,103,0.0
DE,2050,21,167,103,0.0
DE,2050,42,0,103,0.0
DE,2050,42,1,103,0.0
DE,2050,42,2,103,0.0
DE,2050,42,3,103,0.0
DE,2050,42,4,103,0.0
DE,2050,42,5,103,0.0
DE,2050,42,6,103,0.0
DE,2050,42,7,103,0.0
DE,2050,42,8,103,0.0
DE,2050,42,9,103,0.0
DE,2050,42,10,103,0.0
DE,2050,42,11,103,0.0
DE,2050,42,12,103,0.0
DE,2050,42,13,103,0.0
DE,2050,42,14,103,0.0
DE,2050,42,15,103,0.0
DE,2050,42,16,103,0.0
DE,2050,42,17,103,0.0
DE,2050,42,18,103,0.0
DE,2050,42,19,103,0.0
DE,2050,42,20,103,0.0
DE,2050,42,21,103,0.0
DE,2050,42,22,103,0.0
DE,2050,42,23,103,0.0
DE,2050,42,24,103,0.0
DE,2050,42,25,103,0.0
DE,2050,42,26,103,0.0
DE,2050,42,27,103,0.0
DE,2050,42,28,103,0.0
DE,2050,42,29,103,0.0
DE,2050,42,30,103,0.0
DE,2050,42,31,103,0.0
DE,2050,42,32,103,0.0
DE,2050,42,33,103,0.0
DE,2050,42,34,103,0.0
DE,2050,42,35,103,0.0
DE,2050,42,36,103,0.0
DE,2050,42,37,103,0.0
DE,2050,42,38,103,0.0
DE,2050,42,39,103,0.0
DE,2050,42,40,103,0.0
DE,2050,42,41,103,0.0
DE,2050,42,42,103,0.0
DE,2050,42,43,103,0.0
DE,2050,42,44,103,0.0
DE,2050,42,45,103,0.0
DE,2050,42,46,103,0.0
DE,2050,42,47,103,0.0
DE,2050,42,48,103,0.0
DE,2050,42,49,103,0.0
DE,2050,42,50,103,0.0
DE,2050,42,51,103,0.0
DE,2050,42,52,103,0.0
DE,2050,42,53,103,0.0
DE,2050,42,54,103,0.0
DE,2050,42,55,103,0.0
DE,2050,42,56,103,0.0
DE,2050,42,57,103,0.0
DE,2050,42,58,103,0.0
DE,2050,42,59,103,0.0
DE,2050,42,60,103,0.0
DE,2050,42,61,103,0.0
DE,2050,42,62,103,0.0
DE,2050,42,63,103,0.0
DE,2050,42,64,103,0.0
DE,2050,42,65,103,0.0
DE,2050,42,66,103,0.0
DE,2050,42,67,103,0.0
DE,2050,42,68,103,0.0
DE,2050,42,69,103,0.0
DE,2050,42,70,103,0.0
DE,2050,42,71,103,0.0
DE,2050,42,72,103,0.0
DE,2050,42,73,103,0.0
DE,2050,42,74,103,0.0
DE,2050,42,75,103,0.0
DE,2050,42,76,103,0.0
DE,2050,42,77,103,0.0
DE,2050,42,78,103,0.0
DE,2050,42,79,103,0.0
DE,2050,42,80,103,0.0
DE,2050,42,81,103,0.0
DE,2050,42,82,103,0.0
DE,2050,42,83,103,0.0
DE,2050,42,84,103,0.0
DE,2050,42,85,103,0.0
DE,2050,42,86,103,0.0
DE,2050,42,87,103,0.0
DE,2050,42,88,103,0.0
DE,2050,42,89,103,0.0
DE,2050,42,90,103,0.0
DE,2050,42,91,103,0.0
DE,2050,42,92,103,0.0
DE,2050,42,93,103,0.0
DE,2050,42,94,103,0.0
DE,2050,42,95,103,0.0
DE,2050,42,96,103,0.0
DE,2050,42,97,103,0.0
DE,2050,42,98,103,0.0
DE,2050,42,99,103,0.0
DE,2050,42,100,103,0.0
DE,2050,42,101,103,0.0
DE,2050,42,102,103,0.0
DE,2050,42,103,103,0.0
DE,2050,42,104,103,0.0
DE,2050,42,105,103,0.0
DE,2050,42,106,103,0.0
DE,2050,42,107,103,0.0
DE,2050,42,108,103,0.0
DE,2050,42,109,103,0.0
DE,2050,42,110,103,0.0
DE,2050,42,111,103,0.0
DE,2050,42,112,103,0.0
DE,2050,42,113,103,0.0
DE,2050,42,114,103,0.0
DE,2050,42,115,103,0.0
DE,2050,42,116,103,0.0
DE,2050,42,117,103,0.0
DE,2050,42,118,103,0.037213340235789406
DE,2050,42,119,103,0.2779835461899064
DE,2050,42,120,103,0.0
DE,2050,42,121,103,0.0
DE,2050,42,122,103,0.0
DE,2050,42,123,103,0.0
DE,2050,42,124,103,0.0
DE,2050,42,125,103,0.0
DE,2050,42,126,103,0.0
DE,2050,42,127,103,0.0
DE,2050,42,128,103,0.0
DE,2050,42,129,103,0.0
DE,2050,42,130,103,0.0
DE,2050,42,131,103,0.0
DE,2050,42,132,103,0.0
DE,2050,42,133,103,0.0
DE,2050,42,134,103,0.0
DE,2050,42,135,103,0.0
DE,2050,42,136,103,0.0
DE,2050,42,137,103,0.0
DE,2050,42,138,103,0.0
DE,2050,42,139,103,0.0
DE,2050,42,140,103,0.0
DE,2050,42,141,103,0.0
DE,2050,42,142,103,0.0
DE,2050,42,143,103,0.0
DE,2050,42,144,103,0.0
DE,2050,42,145,103,0.0
DE,2050,42,146,103,0.0
DE,2050,42,147,103,0.0
DE,2050,42,148,103,0.0
DE,2050,42,149,103,0.0
DE,2050,42,150,103,0.0
DE,2050,42,151,103,0.0
DE,2050,42,152,103,0.0
DE,2050,42,153,103,0.0
DE,2050,42,154,103,0.0
DE,2050,42,155,103,0.0
DE,2050,42,156,103,0.0
DE,2050,42,157,103,0.0
DE,2050,42,158,103,0.0
DE,2050,42,159,103,0.0
DE,2050,42,160,103,0.0
DE,2050,42,161,103,0.0
DE,2050,42,162,103,0.0
DE,2050,42,163,103,0.0
DE,2050,42,164,103,0.0
DE,2050,42,165,103,0.0
DE,2050,42,166,103,0.0
DE,2050,42,167,103,0.0
DE,2050,52,0,103,0.0
DE,2050,52,1,103,0.0
DE,2050,52,2,103,0.0
DE,2050,52,3,103,0.0
DE,2050,52,4,103,0.0
DE,2050,52,5,103,0.0
DE,2050,52,6,103,0.0
DE,2050,52,7,103,0.0
DE,2050,52,8,103,0.0
DE,2050,52,9,103,0.0
DE,2050,52,10,103,0.0
DE,2050,52,11,103,0.0
DE,2050,52,12,103,0.0
DE,2050,52,13,103,0.0
DE,2050,52,14,103,0.0
DE,2050,52,15,103,0.0
DE,2050,52,16,103,0.0
DE,2050,52,17,103,0.0
DE,2050,52,18,103,0.0
DE,2050,52,19,103,0.0
DE,2050,52,20,103,0.0
DE,2050,52,21,103,0.0
DE,2050,52,22,103,0.0
DE,2050,52,23,103,6.803630566122929e-05
DE,2050,52,24,103,6.803630566122929e-05
DE,2050,52,25,103,6.803630566122929e-05
DE,2050,52,26,103,4.75653532637605e-05
DE,2050,52,27,103,4.7445869053865543e-05
DE,2050,52,28,103,4.7445869053865543e-05
DE,2050,52,29,103,4.7445869053865543e-05
DE,2050,52,30,103,4.7445869053865543e-05
DE,2050,52,31,103,4.75653532637605e-05
DE,2050,52,32,103,4.75653532637605e-05
DE,2050,52,33,103,4.75653532637605e-05
DE,2050,52,34,103,4.75653532637605e-05
DE,2050,52,35,103,4.7445869053865543e-05
DE,2050,52,36,103,4.7445869053865543e-05
DE,2050,52,37,103,4.7445869053865543e-05
DE,2050,52,38,103,7.895438457526892e-05
DE,2050,52,39,103,7.843322704617437e-05
DE,2050,52,40,103,7.895438457526892e-05
DE,2050,52,41,103,7.895438457526892e-05
DE,2050,52,42,103,7.895438457526892e-05
DE,2050,52,43,103,7.895438457526892e-05
DE,2050,52,44,103,7.843322704617437e-05
DE,2050,52,45,103,7.843322704617437e-05
DE,2050,52,46,103,7.843322704617437e-05
DE,2050,52,47,103,7.843322704617437e-05
DE,2050,52,48,103,7.843322704617437e-05
DE,2050,52,49,103,7.843322704617437e-05
DE,2050,52,50,103,7.440769934105546e-05
DE,2050,52,51,103,7.471727787156512e-05
DE,2050,52,52,103,7.502686930790186e-05
DE,2050,52,53,103,7.533647365060653e-05
DE,2050,52,54,103,7.843322704617437e-05
DE,2050,52,55,103,7.843322704617437e-05
DE,2050,52,56,103,7.843322704617437e-05
DE,2050,52,57,103,7.843322704617437e-05
DE,2050,52,58,103,7.843322704617437e-05
DE,2050,52,59,103,7.843322704617437e-05
DE,2050,52,60,103,7.843322704617437e-05
DE,2050,52,61,103,7.843322704617437e-05
DE,2050,52,62,103,7.843322704617437e-05
DE,2050,52,63,103,7.843322704617437e-05
DE,2050,52,64,103,7.843649680057054e-05
DE,2050,52,65,103,7.843976669127668e-05
DE,2050,52,66,103,7.895438457526892e-05
DE,2050,52,67,103,7.895438457526892e-05
DE,2050,52,68,103,7.895564587834035e-05
DE,2050,52,69,103,7.895564587834035e-05
DE,2050,52,70,103,7.895564587834035e-05
DE,2050,52,71,103,7.869046052407213e-05
DE,2050,52,72,103,7.84626597434051e-05
DE,2050,52,73,103,7.846593072480089e-05
DE,2050,52,74,103,7.846920184256203e-05
DE,2050,52,75,103,7.847247309668851e-05
DE,2050,52,76,103,7.847574448718992e-05
DE,2050,52,77,103,7.891139448977183e-05
DE,2050,52,78,103,7.917174200658732e-05
DE,2050,52,79,103,0.0
DE,2050,52,80,103,0.0
DE,2050,52,81,103,0.0
DE,2050,52,82,103,0.0
DE,2050,52,83,103,0.0
DE,2050,52,84,103,0.0
DE,2050,52,85,103,0.0
DE,2050,52,86,103,0.0
DE,2050,52,87,103,0.0
DE,2050,52,88,103,0.0
DE,2050,52,89,103,0.0
DE,2050,52,90,103,0.0
DE,2050,52,91,103,0.0
DE,2050,52,92,103,0.0
DE,2050,52,93,103,0.0
DE,2050,52,94,103,0.0
DE,2050,52,95,103,6.803630566122929e-05
DE,2050,52,96,103,6.803630566122929e-05
DE,2050,52,97,103,7.895564587834035e-05
DE,2050,52,98,103,7.895564587834035e-05
DE,2050,52,99,103,7.895438457526892e-05
DE,2050,52,100,103,7.895438457526892e-05
DE,2050,52,101,103,7.895564587834035e-05
DE,2050,52,102,103,7.917174200658732e-05
DE,2050,52,103,103,7.917174200658732e-05
DE,2050,52,104,103,7.917174200658625e-05
DE,2050,52,105,103,6.803630566122929e-05
DE,2050,52,106,103,6.803630566122929e-05
DE,2050,52,107,103,7.917174200658732e-05
DE,2050,52,108,103,7.917174200658625e-05
DE,2050,52,109,103,7.917174200658732e-05
DE,2050,52,110,103,7.917174200658732e-05
DE,2050,52,111,103,7.917174200658732e-05
DE,2050,52,112,103,7.917174200658732e-05
DE,2050,52,113,103,7.929054436433128e-05
DE,2050,52,114,103,7.929054436433128e-05
DE,2050,52,115,103,7.929054436433128e-05
DE,2050,52,116,103,7.917174200658625e-05
DE,2050,52,117,103,7.917174200658732e-05
DE,2050,52,118,103,7.917174200658732e-05
DE,2050,52,119,103,7.917174200658732e-05
DE,2050,52,120,103,7.895438457526892e-05
DE,2050,52,121,103,7.895438457526892e-05
DE,2050,52,122,103,7.869046052407213e-05
DE,2050,52,123,103,7.862965377458416e-05
DE,2050,52,124,103,7.863293171769334e-05
DE,2050,52,125,103,7.863620979745425e-05
DE,2050,52,126,103,7.895564587834035e-05
DE,2050,52,127,103,7.917174200658732e-05
DE,2050,52,128,103,7.917174200658732e-05
DE,2050,52,129,103,7.917174200658732e-05
DE,2050,52,130,103,7.895564587834035e-05
DE,2050,52,131,103,7.86558811460349e-05
DE,2050,52,132,103,7.865916018251971e-05
DE,2050,52,133,103,7.866243935570308e-05
DE,2050,52,134,103,7.869046052407213e-05
DE,2050,52,135,103,7.895438457526892e-05
DE,2050,52,136,103,7.929054436433128e-05
DE,2050,52,137,103,0.2937159577140865
DE,2050,52,138,103,0.0
DE,2050,52,139,103,8.721182071795201e-15
DE,2050,52,140,103,8.721182071795201e-15
DE,2050,52,141,103,0.0
DE,2050,52,142,103,0.0
DE,2050,52,143,103,0.28702817783966056
DE,2050,52,144,103,0.0
DE,2050,52,145,103,0.0
DE,2050,52,146,103,0.266318832131373
DE,2050,52,147,103,0.2518715133895076
DE,2050,52,148,103,0.18337611424836997
DE,2050,52,149,103,0.28702817783966056
DE,2050,52,150,103,0.2947002703614687
DE,2050,52,151,103,0.29471255593916046
DE,2050,52,152,103,0.0
DE,2050,52,153,103,0.0
DE,2050,52,154,103,0.0
DE,2050,52,155,103,0.0
DE,2050,52,156,103,0.0
DE,2050,52,157,103,0.0
DE,2050,52,158,103,0.0
DE,2050,52,159,103,0.0
DE,2050,52,160,103,0.2996349187071694
DE,2050,52,161,103,0.29964741000236705
DE,2050,52,162,103,0.2996599018183108
DE,2050,52,163,103,0.2996723941550225
DE,2050,52,164,103,0.29968488701251955
DE,2050,52,165,103,0.2996973803908151
DE,2050,52,166,103,0.2997098742899484
DE,2050,52,167,103,0.0
NT,2025,11,0,104,0.0
NT,2025,11,1,104,0.0
NT,2025,11,2,104,4.171871494100657e-05
NT,2025,11,3,104,4.171871494100657e-05
NT,2025,11,4,104,4.171871494100657e-05
NT,2025,11,5,104,0.0
NT,2025,11,6,104,0.0
NT,2025,11,7,104,0.0
NT,2025,11,8,104,0.0
NT,2025,11,9,104,5.550531258135636e-06
NT,2025,11,10,104,4.931258083008644e-06
NT,2025,11,11,104,4.3119590913878084e-06
NT,2025,11,12,104,3.692634282191498e-06
NT,2025,11,13,104,3.0732836543465983e-06
NT,2025,11,14,104,3.0734117745709216e-06
NT,2025,11,15,104,3.073539900139524e-06
NT,2025,11,16,104,0.0
NT,2025,11,17,104,0.0
NT,2025,11,18,104,0.0
NT,2025,11,19,104,0.0
NT,2025,11,20,104,0.0
NT,2025,11,21,104,2.3962245978681007e-07
NT,2025,11,22,104,0.0
NT,2025,11,23,104,0.0
NT,2025,11,24,104,0.0
NT,2025,11,25,104,2.3962245978681007e-07
NT,2025,11,26,104,4.199659006051567e-05
NT,2025,11,27,104,4.2111531815605785e-05
NT,2025,11,28,104,4.2113828317683176e-05
NT,2025,11,29,104,4.2113828317683176e-05
NT,2025,11,30,104,4.245473738257979e-05
NT,2025,11,31,104,4.262951766102816e-05
NT,2025,11,32,104,4.2113828317683176e-05
NT,2025,11,33,104,4.129358240937119e-05
NT,2025,11,34,104,4.129358240937119e-05
NT,2025,11,35,104,4.129358240937119e-05
NT,2025,11,36,104,0.0
NT,2025,11,37,104,0.0
NT,2025,11,38,104,0.0
NT,2025,11,39,104,0.0
NT,2025,11,40,104,0.0
NT,2025,11,41,104,0.0
NT,2025,11,42,104,0.0
NT,2025,11,43,104,0.0
NT,2025,11,44,104,0.0
NT,2025,11,45,104,0.0
NT,2025,11,46,104,0.0
NT,2025,11,47,104,0.0
NT,2025,11,48,104,0.0
NT,2025,11,49,104,0.0
NT,2025,11,50,104,0.0
NT,2025,11,51,104,0.0
NT,2025,11,52,104,0.0
NT,2025,11,53,104,0.0
NT,2025,11,54,104,0.0
NT,2025,11,55,104,2.3962245978681007e-07
NT,2025,11,56,104,0.0
NT,2025,11,57,104,0.0
NT,2025,11,58,104,0.0
NT,2025,11,59,104,2.4539072067757373e-06
NT,2025,11,60,104,4.160564263492879e-05
NT,2025,11,61,104,4.160546234702912e-05
NT,2025,11,62,104,4.160564263492879e-05
NT,2025,11,63,104,4.160737710688754e-05
NT,2025,11,64,104,0.0
NT,2025,11,65,104,0.0
NT,2025,11,66,104,4.1293582409469135e-05
NT,2025,11,67,104,4.2113828317683176e-05
NT,2025,11,68,104,4.2113828317683176e-05
NT,2025,11,69,104,4.2113828317683176e-05
NT,2025,11,70,104,4.2113828317683176e-05
NT,2025,11,71,104,4.199659006051567e-05
NT,2025,11,72,104,4.197305270096659e-05
NT,2025,11,73,104,4.197305270096659e-05
NT,2025,11,74,104,4.197305270096659e-05
NT,2025,11,75,104,4.197305270096659e-05
NT,2025,11,76,104,4.199659006051567e-05
NT,2025,11,77,104,4.2113828317683176e-05
NT,2025,11,78,104,0.00016387695161145684
NT,2025,11,79,104,0.00021618903356506909
NT,2025,11,80,104,0.00016387695161145684
NT,2025,11,81,104,4.197305270096659e-05
NT,2025,11,82,104,4.164034581592523e-05
NT,2025,11,83,104,4.164208173460374e-05
NT,2025,11,84,104,4.164381772564933e-05
NT,2025,11,85,104,4.164555378906412e-05
NT,2025,11,86,104,4.164728992485237e-05
NT,2025,11,87,104,4.1715566355221174e-05
NT,2025,11,88,104,4.2111531815605785e-05
NT,2025,11,89,104,0.00010922378765080758
NT,2025,11,90,104,0.7921640908473844
NT,2025,11,91,104,0.7921971148872752
NT,2025,11,92,104,0.7922301403038745
NT,2025,11,93,104,0.7836958404832965
NT,2025,11,94,104,0.7922961952674771
NT,2025,11,95,104,0.7887271783979248
NT,2025,11,96,104,0.75799480323367
NT,2025,11,97,104,0.7306534319862269
NT,2025,11,98,104,0.7665814824243046
NT,2025,11,99,104,0.7307143527760336
NT,2025,11,100,104,0.7672562317536624
NT,2025,11,101,104,0.4032381981107205
NT,2025,11,102,104,0.3808386439919571
NT,2025,11,103,104,0.38085452053916413
NT,2025,11,104,104,0.3808703977482216
NT,2025,11,105,104,0.3864504070069004
NT,2025,11,106,104,0.14345146248974555
NT,2025,11,107,104,0.1434574427492208
NT,2025,11,108,104,0.14346342325801717
NT,2025,11,109,104,0.14346940401612598
NT,2025,11,110,104,0.1434753850235734
NT,2025,11,111,104,0.14348136628034197
NT,2025,11,112,104,8.721182071795201e-15
NT,2025,11,113,104,1.7442364143590402e-14
NT,2025,11,114,104,0.0
NT,2025,11,115,104,0.0
NT,2025,11,116,104,0.0
NT,2025,11,117,104,0.16036148693068353
NT,2025,11,118,104,0.0
NT,2025,11,119,104,0.0
NT,2025,11,120,104,0.0
NT,2025,11,121,104,0.0
NT,2025,11,122,104,0.0
NT,2025,11,123,104,0.0
NT,2025,11,124,104,0.0
NT,2025,11,125,104,0.0
NT,2025,11,126,104,0.0
NT,2025,11,127,104,0.0
NT,2025,11,128,104,0.0
NT,2025,11,129,104,0.0
NT,2025,11,130,104,0.0
NT,2025,11,131,104,0.0
NT,2025,11,132,104,0.0
NT,2025,11,133,104,0.0
NT,2025,11,134,104,0.0
NT,2025,11,135,104,0.0
NT,2025,11,136,104,0.0
NT,2025,11,137,104,0.0
NT,2025,11,138,104,-8.721182071795201e-15
NT,2025,11,139,104,0.0
NT,2025,11,140,104,0.0
NT,2025,11,141,104,0.0
NT,2025,11,142,104,0.0
NT,2025,11,143,104,0.0
NT,2025,11,144,104,0.0
NT,2025,11,145,104,0.0
NT,2025,11,146,104,0.15267058595305968
NT,2025,11,147,104,0.15255430565030234
NT,2025,11,148,104,0.1526705859530684
NT,2025,11,149,104,0.0
NT,2025,11,150,104,0.0
NT,2025,11,151,104,0.0
NT,2025,11,152,104,0.0
NT,2025,11,153,104,0.0
NT,2025,11,154,104,0.0
NT,2025,11,155,104,0.0
NT,2025,11,156,104,0.0
NT,2025,11,157,104,2.3962245978681007e-07
NT,2025,11,158,104,0.0
NT,2025,11,159,104,0.0
NT,2025,11,160,104,0.0
NT,2025,11,161,104,0.0
NT,2025,11,162,104,0.0
NT,2025,11,163,104,0.0
NT,2025,11,164,104,0.0
NT,2025,11,165,104,0.0
NT,2025,11,166,104,0.0
NT,2025,11,167,104,0.0
NT,2025,21,0,104,0.0
NT,2025,21,1,104,0.3021179195746199
NT,2025,21,2,104,0.15777540020511605
NT,2025,21,3,104,0.15778197760641327
NT,2025,21,4,104,0.15778855528189573
NT,2025,21,5,104,0.15991596381694362
NT,2025,21,6,104,0.1711363104968058
NT,2025,21,7,104,0.15941110674250436
NT,2025,21,8,104,0.14872671960660575
NT,2025,21,9,104,0.14873291978303613
NT,2025,21,10,104,0.15594754346290368
NT,2025,21,11,104,0.15430796954712592
NT,2025,21,12,104,0.15268390280550803
NT,2025,21,13,104,0.0
NT,2025,21,14,104,0.0
NT,2025,21,15,104,0.0
NT,2025,21,16,104,0.0
NT,2025,21,17,104,0.0
NT,2025,21,18,104,0.0
NT,2025,21,19,104,0.0
NT,2025,21,20,104,0.0
NT,2025,21,21,104,0.0
NT,2025,21,22,104,0.0
NT,2025,21,23,104,0.0
NT,2025,21,24,104,0.0
NT,2025,21,25,104,0.0
NT,2025,21,26,104,0.0
NT,2025,21,27,104,0.0
NT,2025,21,28,104,0.0
NT,2025,21,29,104,0.16143572654677696
NT,2025,21,30,104,0.16144245654111428
NT,2025,21,31,104,0.16144918681604692
NT,2025,21,32,104,0.15734227556183947
NT,2025,21,33,104,0.14698464048131252
NT,2025,21,34,104,0.15939573118893885
NT,2025,21,35,104,0.0
NT,2025,21,36,104,0.0
NT,2025,21,37,104,0.1470091522218902
NT,2025,21,38,104,0.14701528079572385
NT,2025,21,39,104,0.14702140962502708
NT,2025,21,40,104,0.1470275387098435
NT,2025,21,41,104,0.1470336680501644
NT,2025,21,42,104,0.0
NT,2025,21,43,104,0.15947163863667113
NT,2025,21,44,104,0.15655194846096168
NT,2025,21,45,104,0.15043992389167227
NT,2025,21,46,104,0.1534959361763257
NT,2025,21,47,104,0.15105895978730996
NT,2025,21,48,104,0.15105895978730996
NT,2025,21,49,104,0.15105895978730996
NT,2025,21,50,104,0.3956552930755182
NT,2025,21,51,104,0.3911639449177329
NT,2025,21,52,104,0.39119813213884636
NT,2025,21,53,104,0.4119302640515742
NT,2025,21,54,104,0.4119474367581199
NT,2025,21,55,104,0.4119646101805787
NT,2025,21,56,104,0.00021729791882792044
NT,2025,21,57,104,4.2113828317683176e-05
NT,2025,21,58,104,4.2113828317683176e-05
NT,2025,21,59,104,4.129358240937119e-05
NT,2025,21,60,104,4.209573505355575e-05
NT,2025,21,61,104,3.6278225598754834e-05
NT,2025,21,62,104,4.129358240937119e-05
NT,2025,21,63,104,4.129358240937119e-05
NT,2025,21,64,104,4.129358240937119e-05
NT,2025,21,65,104,4.129358240937119e-05
NT,2025,21,66,104,4.129358240937119e-05
NT,2025,21,67,104,4.2113828317683176e-05
NT,2025,21,68,104,4.1293582409469135e-05
NT,2025,21,69,104,4.129358240937119e-05
NT,2025,21,70,104,4.192061962510739e-05
NT,2025,21,71,104,4.2115043012117406e-05
NT,2025,21,72,104,4.2116798720154504e-05
NT,2025,21,73,104,4.2118554501382675e-05
NT,2025,21,74,104,4.2120310355806176e-05
NT,2025,21,75,104,4.2122066283422884e-05
NT,2025,21,76,104,0.00011056124723549513
NT,2025,21,77,104,4.5685284343784006e-05
NT,2025,21,78,104,4.568718888940294e-05
NT,2025,21,79,104,0.00011797004320794738
NT,2025,21,80,104,4.2113828317683176e-05
NT,2025,21,81,104,4.1293582409469135e-05
NT,2025,21,82,104,4.1293582409469135e-05
NT,2025,21,83,104,4.129358240937119e-05
NT,2025,21,84,104,4.129358240937119e-05
NT,2025,21,85,104,4.1293582409469135e-05
NT,2025,21,86,104,4.1293582409469135e-05
NT,2025,21,87,104,4.1486783047722416e-05
NT,2025,21,88,104,4.211382831768105e-05
NT,2025,21,89,104,4.211558397507951e-05
NT,2025,21,90,104,4.2117339705669034e-05
NT,2025,21,91,104,4.245473738257979e-05
NT,2025,21,92,104,4.245473738257979e-05
NT,2025,21,93,104,4.212260733660748e-05
NT,2025,21,94,104,4.5683966675401994e-05
NT,2025,21,95,104,4.262951766102816e-05
NT,2025,21,96,104,4.212787562636991e-05
NT,2025,21,97,104,4.262951766102816e-05
NT,2025,21,98,104,4.569158511455641e-05
NT,2025,21,99,104,4.569348992284772e-05
NT,2025,21,100,104,4.569539481054948e-05
NT,2025,21,101,104,4.569729977766169e-05
NT,2025,21,102,104,4.569920482418861e-05
NT,2025,21,103,104,4.57011099501345e-05
NT,2025,21,104,104,4.2113828317683176e-05
NT,2025,21,105,104,4.1293582409469135e-05
NT,2025,21,106,104,4.1293582409469135e-05
NT,2025,21,107,104,4.1293582409469135e-05
NT,2025,21,108,104,4.2111531815605785e-05
NT,2025,21,109,104,4.2113287377265e-05
NT,2025,21,110,104,4.254768298100912e-05
NT,2025,21,111,104,4.2549456725106535e-05
NT,2025,21,112,104,4.255123054315089e-05
NT,2025,21,113,104,4.212031035580192e-05
NT,2025,21,114,104,4.262951766102816e-05
NT,2025,21,115,104,0.013025880484696873
NT,2025,21,116,104,0.013026423512589227
NT,2025,21,117,104,0.013026966563120133
NT,2025,21,118,104,0.013027509636289049
NT,2025,21,119,104,0.013028052732098153
NT,2025,21,120,104,0.013028595850547445
NT,2025,21,121,104,0.013029138991638562
NT,2025,21,122,104,0.013029682155373682
NT,2025,21,123,104,0.013030225341751717
NT,2025,21,124,104,0.013030768550773756
NT,2025,21,125,104,0.013031311782441435
NT,2025,21,126,104,0.013031855036755842
NT,2025,21,127,104,0.03364988170945382
NT,2025,21,128,104,4.2113828317683176e-05
NT,2025,21,129,104,4.2113828317683176e-05
NT,2025,21,130,104,4.129358240937119e-05
NT,2025,21,131,104,4.210680641993833e-05
NT,2025,21,132,104,4.210856178460231e-05
NT,2025,21,133,104,4.211031722244671e-05
NT,2025,21,134,104,4.2112072733471534e-05
NT,2025,21,135,104,4.211382831768105e-05
NT,2025,21,136,104,4.211558397507951e-05
NT,2025,21,137,104,4.211733970567116e-05
NT,2025,21,138,104,0.15102118061487674
NT,2025,21,139,104,-1.7442364143590402e-14
NT,2025,21,140,104,0.0
NT,2025,21,141,104,0.0
NT,2025,21,142,104,0.0
NT,2025,21,143,104,0.0
NT,2025,21,144,104,0.0
NT,2025,21,145,104,0.0
NT,2025,21,146,104,0.0
NT,2025,21,147,104,0.0
NT,2025,21,148,104,0.0
NT,2025,21,149,104,0.0
NT,2025,21,150,104,0.0
NT,2025,21,151,104,0.0
NT,2025,21,152,104,0.0
NT,2025,21,153,104,0.0
NT,2025,21,154,104,2.3960248208816703e-07
NT,2025,21,155,104,2.3961247073095664e-07
NT,2025,21,156,104,2.3962245978681007e-07
NT,2025,21,157,104,2.396324492599856e-07
NT,2025,21,158,104,2.3964243915048345e-07
NT,2025,21,159,104,0.0
NT,2025,21,160,104,0.0
NT,2025,21,161,104,0.0
NT,2025,21,162,104,0.0
NT,2025,21,163,104,0.0
NT,2025,21,164,104,0.0
NT,2025,21,165,104,0.0
NT,2025,21,166,104,0.0
NT,2025,21,167,104,0.0
NT,2025,42,0,104,0.0
NT,2025,42,1,104,0.3003179921110854
NT,2025,42,2,104,0.4126504688020709
NT,2025,42,3,104,0.41266767153278594
NT,2025,42,4,104,0.41268487498064377
NT,2025,42,5,104,0.4155921282556435
NT,2025,42,6,104,0.44759499049759055
NT,2025,42,7,104,0.44761365000891623
NT,2025,42,8,104,0.14979127457320965
NT,2025,42,9,104,0.14881044374680566
NT,2025,42,10,104,0.14881664741356646
NT,2025,42,11,104,0.16139871653381616
NT,2025,42,12,104,0.14882905552293316
NT,2025,42,13,104,0.14883525996558264
NT,2025,42,14,104,0.14884146466687626
NT,2025,42,15,104,0.15327645490776987
NT,2025,42,16,104,0.16143236159634072
NT,2025,42,17,104,0.1614390914504153
NT,2025,42,18,104,0.16144582158506773
NT,2025,42,19,104,0.16145255200028932
NT,2025,42,20,104,0.1614592826960975
NT,2025,42,21,104,0.0
NT,2025,42,22,104,0.0
NT,2025,42,23,104,0.0
NT,2025,42,24,104,0.0
NT,2025,42,25,104,0.0
NT,2025,42,26,104,0.0
NT,2025,42,27,104,0.0
NT,2025,42,28,104,0.0
NT,2025,42,29,104,0.0
NT,2025,42,30,104,0.0
NT,2025,42,31,104,0.0
NT,2025,42,32,104,0.0
NT,2025,42,33,104,0.0
NT,2025,42,34,104,0.0
NT,2025,42,35,104,0.14559202876575472
NT,2025,42,36,104,0.14559809826197834
NT,2025,42,37,104,0.14560416801125578
NT,2025,42,38,104,0.14561023801353468
NT,2025,42,39,104,0.1456163082688936
NT,2025,42,40,104,0.0
NT,2025,42,41,104,0.13215907886663955
NT,2025,42,42,104,0.13216458836491318
NT,2025,42,43,104,0.13217009809287658
NT,2025,42,44,104,0.0
NT,2025,42,45,104,0.0
NT,2025,42,46,104,0.0
NT,2025,42,47,104,0.0
NT,2025,42,48,104,0.0
NT,2025,42,49,104,0.0
NT,2025,42,50,104,0.0
NT,2025,42,51,104,0.0
NT,2025,42,52,104,0.0
NT,2025,42,53,104,0.0
NT,2025,42,54,104,0.0
NT,2025,42,55,104,0.1322362327470566
NT,2025,42,56,104,0.0
NT,2025,42,57,104,0.1470005816952386
NT,2025,42,58,104,0.15121168961032547
NT,2025,42,59,104,0.1534959361763257
NT,2025,42,60,104,0.14701896711126272
NT,2025,42,61,104,0.14702509609423317
NT,2025,42,62,104,0.14703122533273427
NT,2025,42,63,104,0.3813468749310842
NT,2025,42,64,104,0.42328676160939793
NT,2025,42,65,104,0.16394327021363805
NT,2025,42,66,104,0.22076601952019775
NT,2025,42,67,104,0.42333970223806017
NT,2025,42,68,104,0.4124503665056891
NT,2025,42,69,104,0.4033777903120097
NT,2025,42,70,104,0.15939573118893885
NT,2025,42,71,104,0.15260532237589108
NT,2025,42,72,104,0.15552341679215104
NT,2025,42,73,104,0.15552341679215104
NT,2025,42,74,104,0.15552341679215104
NT,2025,42,75,104,0.15358201257072135
NT,2025,42,76,104,0.15895769816833719
NT,2025,42,77,104,0.16402530337875523
NT,2025,42,78,104,0.16403214132838437
NT,2025,42,79,104,0.1640389795630828
NT,2025,42,80,104,0.16337912800649662
NT,2025,42,81,104,0.15127000196835566
NT,2025,42,82,104,0.15127630817011514
NT,2025,42,83,104,0.15128261463476594
NT,2025,42,84,104,0.1512889213623342
NT,2025,42,85,104,0.15129522835280249
NT,2025,42,86,104,0.15130153560618825
NT,2025,42,87,104,0.15343423311686857
NT,2025,42,88,104,0.16410053650525658
NT,2025,42,89,104,0.16410737759124083
NT,2025,42,90,104,0.16411421896241646
NT,2025,42,91,104,0.1641210606188009
NT,2025,42,92,104,0.42378113171735093
NT,2025,42,93,104,0.4217260324466984
NT,2025,42,94,104,0.15417542811577706
NT,2025,42,95,104,0.15417672258542164
NT,2025,42,96,104,0.1538402417539607
NT,2025,42,97,104,0.1534959361763257
NT,2025,42,98,104,0.1534959361763257
NT,2025,42,99,104,0.1534959361763257
NT,2025,42,100,104,0.15756785997542488
NT,2025,42,101,104,0.15310611531951807
NT,2025,42,102,104,0.15311249806588034
NT,2025,42,103,104,0.15311888107831717
NT,2025,42,104,104,0.0
NT,2025,42,105,104,0.0
NT,2025,42,106,104,0.0
NT,2025,42,107,104,0.0
NT,2025,42,108,104,0.0
NT,2025,42,109,104,0.0
NT,2025,42,110,104,0.0
NT,2025,42,111,104,0.0
NT,2025,42,112,104,0.0
NT,2025,42,113,104,0.0
NT,2025,42,114,104,0.0
NT,2025,42,115,104,0.0
NT,2025,42,116,104,0.0
NT,2025,42,117,104,0.0
NT,2025,42,118,104,0.0
NT,2025,42,119,104,0.0
NT,2025,42,120,104,0.0
NT,2025,42,121,104,0.0
NT,2025,42,122,104,0.0
NT,2025,42,123,104,0.0
NT,2025,42,124,104,0.0
NT,2025,42,125,104,0.0
NT,2025,42,126,104,0.0
NT,2025,42,127,104,0.0
NT,2025,42,128,104,0.0
NT,2025,42,129,104,0.0
NT,2025,42,130,104,0.0
NT,2025,42,131,104,0.0
NT,2025,42,132,104,0.0
NT,2025,42,133,104,0.0
NT,2025,42,134,104,0.0
NT,2025,42,135,104,0.0
NT,2025,42,136,104,0.0
NT,2025,42,137,104,0.0
NT,2025,42,138,104,0.0
NT,2025,42,139,104,0.0
NT,2025,42,140,104,0.0
NT,2025,42,141,104,0.0
NT,2025,42,142,104,0.0
NT,2025,42,143,104,0.0
NT,2025,42,144,104,0.0
NT,2025,42,145,104,0.0
NT,2025,42,146,104,0.0
NT,2025,42,147,104,0.0
NT,2025,42,148,104,0.0
NT,2025,42,149,104,0.0
NT,2025,42,150,104,1.7442364143590402e-14
NT,2025,42,151,104,0.0
NT,2025,42,152,104,0.0
NT,2025,42,153,104,0.0
NT,2025,42,154,104,0.0
NT,2025,42,155,104,0.0
NT,2025,42,156,104,0.0
NT,2025,42,157,104,0.0
NT,2025,42,158,104,0.0
NT,2025,42,159,104,0.0
NT,2025,42,160,104,0.0
NT,2025,42,161,104,0.0
NT,2025,42,162,104,0.0
NT,2025,42,163,104,0.0
NT,2025,42,164,104,0.0
NT,2025,42,165,104,0.0
NT,2025,42,166,104,0.0
NT,2025,42,167,104,0.0
NT,2025,52,0,104,0.0
NT,2025,52,1,104,0.0
NT,2025,52,2,104,0.0
NT,2025,52,3,104,0.0
NT,2025,52,4,104,0.0
NT,2025,52,5,104,0.0
NT,2025,52,6,104,0.0
NT,2025,52,7,104,0.0
NT,2025,52,8,104,0.0
NT,2025,52,9,104,0.0
NT,2025,52,10,104,0.0
NT,2025,52,11,104,0.0
NT,2025,52,12,104,0.0
NT,2025,52,13,104,0.0
NT,2025,52,14,104,0.0
NT,2025,52,15,104,0.0
NT,2025,52,16,104,0.0
NT,2025,52,17,104,0.0
NT,2025,52,18,104,0.0
NT,2025,52,19,104,0.0
NT,2025,52,20,104,0.0
NT,2025,52,21,104,0.0
NT,2025,52,22,104,0.0
NT,2025,52,23,104,0.0
NT,2025,52,24,104,0.0
NT,2025,52,25,104,0.0
NT,2025,52,26,104,0.0
NT,2025,52,27,104,0.0
NT,2025,52,28,104,0.0
NT,2025,52,29,104,0.0
NT,2025,52,30,104,0.0
NT,2025,52,31,104,0.0
NT,2025,52,32,104,0.0
NT,2025,52,33,104,0.0
NT,2025,52,34,104,0.0
NT,2025,52,35,104,0.0
NT,2025,52,36,104,0.0
NT,2025,52,37,104,0.0
NT,2025,52,38,104,0.0
NT,2025,52,39,104,0.0
NT,2025,52,40,104,0.0
NT,2025,52,41,104,0.0
NT,2025,52,42,104,0.0
NT,2025,52,43,104,0.0
NT,2025,52,44,104,0.0
NT,2025,52,45,104,2.4539072067757373e-06
NT,2025,52,46,104,2.4539072067757373e-06
NT,2025,52,47,104,2.4539072067757373e-06
NT,2025,52,48,104,4.1669856111419234e-05
NT,2025,52,49,104,4.160564263492879e-05
NT,2025,52,50,104,4.1669856111419234e-05
NT,2025,52,51,104,4.1669856111419234e-05
NT,2025,52,52,104,4.1669856111419234e-05
NT,2025,52,53,104,4.1669856111419234e-05
NT,2025,52,54,104,4.1669856111419234e-05
NT,2025,52,55,104,4.1669856111419234e-05
NT,2025,52,56,104,2.4539072067757373e-06
NT,2025,52,57,104,0.0
NT,2025,52,58,104,0.0
NT,2025,52,59,104,0.0
NT,2025,52,60,104,0.0
NT,2025,52,61,104,0.0
NT,2025,52,62,104,4.160564263492879e-05
NT,2025,52,63,104,4.160564263492879e-05
NT,2025,52,64,104,4.160564263492879e-05
NT,2025,52,65,104,0.0
NT,2025,52,66,104,0.0
NT,2025,52,67,104,4.171871494100657e-05
NT,2025,52,68,104,4.171871494100657e-05
NT,2025,52,69,104,4.171871494100657e-05
NT,2025,52,70,104,4.171871494100657e-05
NT,2025,52,71,104,4.160564263492879e-05
NT,2025,52,72,104,4.160564263492879e-05
NT,2025,52,73,104,4.160546234702912e-05
NT,2025,52,74,104,4.1669856111419234e-05
NT,2025,52,75,104,4.1669856111419234e-05
NT,2025,52,76,104,4.1669856111419234e-05
NT,2025,52,77,104,4.160564263492879e-05
NT,2025,52,78,104,4.1715566355221174e-05
NT,2025,52,79,104,4.197305270096659e-05
NT,2025,52,80,104,4.199659006051567e-05
NT,2025,52,81,104,4.160546234702912e-05
NT,2025,52,82,104,4.160546234702912e-05
NT,2025,52,83,104,4.160564263492879e-05
NT,2025,52,84,104,4.160564263492879e-05
NT,2025,52,85,104,4.160564263492879e-05
NT,2025,52,86,104,4.160546234702912e-05
NT,2025,52,87,104,4.669825196289906e-05
NT,2025,52,88,104,4.2111531815605785e-05
NT,2025,52,89,104,4.129358240937119e-05
NT,2025,52,90,104,4.129358240937119e-05
NT,2025,52,91,104,4.129358240937119e-05
NT,2025,52,92,104,4.129358240937119e-05
NT,2025,52,93,104,4.129358240937119e-05
NT,2025,52,94,104,4.1293582409469135e-05
NT,2025,52,95,104,2.3962245978681007e-07
NT,2025,52,96,104,0.0
NT,2025,52,97,104,2.4539072067757373e-06
NT,2025,52,98,104,3.771718791144193e-05
NT,2025,52,99,104,3.709925571221574e-05
NT,2025,52,100,104,3.648129775239131e-05
NT,2025,52,101,104,0.0
NT,2025,52,102,104,0.0
NT,2025,52,103,104,0.0
NT,2025,52,104,104,0.0
NT,2025,52,105,104,0.0
NT,2025,52,106,104,0.0
NT,2025,52,107,104,0.0
NT,2025,52,108,104,0.0
NT,2025,52,109,104,0.0
NT,2025,52,110,104,0.0
NT,2025,52,111,104,0.0
NT,2025,52,112,104,0.0
NT,2025,52,113,104,0.0
NT,2025,52,114,104,0.0
NT,2025,52,115,104,0.0
NT,2025,52,116,104,0.0
NT,2025,52,117,104,0.0
NT,2025,52,118,104,0.0
NT,2025,52,119,104,0.0
NT,2025,52,120,104,0.0
NT,2025,52,121,104,0.0
NT,2025,52,122,104,0.0
NT,2025,52,123,104,0.0
NT,2025,52,124,104,0.0
NT,2025,52,125,104,0.0
NT,2025,52,126,104,0.0
NT,2025,52,127,104,0.0
NT,2025,52,128,104,0.0
NT,2025,52,129,104,0.0
NT,2025,52,130,104,0.0
NT,2025,52,131,104,1.545345912482702e-05
NT,2025,52,132,104,1.5454103354543777e-05
NT,2025,52,133,104,1.5454747611124586e-05
NT,2025,52,134,104,1.54553918945588e-05
NT,2025,52,135,104,3.0734117745709216e-06
NT,2025,52,136,104,0.0
NT,2025,52,137,104,0.0
NT,2025,52,138,104,0.0
NT,2025,52,139,104,0.0
NT,2025,52,140,104,0.0
NT,2025,52,141,104,0.0
NT,2025,52,142,104,0.0
NT,2025,52,143,104,0.0
NT,2025,52,144,104,4.245473738257979e-05
NT,2025,52,145,104,4.2113828317683176e-05
NT,2025,52,146,104,4.2113828317683176e-05
NT,2025,52,147,104,4.245473738257979e-05
NT,2025,52,148,104,4.245473738257979e-05
NT,2025,52,149,104,4.262951766102816e-05
NT,2025,52,150,104,4.5151518915705275e-05
NT,2025,52,151,104,4.5153401209509205e-05
NT,2025,52,152,104,4.5155283581784605e-05
NT,2025,52,153,104,2.3962245978681007e-07
NT,2025,52,154,104,0.0
NT,2025,52,155,104,1.5468928052879966e-05
NT,2025,52,156,104,1.5469572927472355e-05
NT,2025,52,157,104,1.5470217828952212e-05
NT,2025,52,158,104,0.0
NT,2025,52,159,104,4.129358240937119e-05
NT,2025,52,160,104,0.0
NT,2025,52,161,104,0.0
NT,2025,52,162,104,0.0
NT,2025,52,163,104,0.0
NT,2025,52,164,104,0.0
NT,2025,52,165,104,0.0
NT,2025,52,166,104,0.0
NT,2025,52,167,104,0.0
NT,2030,11,0,104,0.0
NT,2030,11,1,104,0.0
NT,2030,11,2,104,0.0
NT,2030,11,3,104,0.0
NT,2030,11,4,104,0.0
NT,2030,11,5,104,0.0
NT,2030,11,6,104,2.3962245978681007e-07
NT,2030,11,7,104,2.3962245978681007e-07
NT,2030,11,8,104,0.0
NT,2030,11,9,104,0.0
NT,2030,11,10,104,0.0
NT,2030,11,11,104,0.0
NT,2030,11,12,104,0.0
NT,2030,11,13,104,0.0
NT,2030,11,14,104,0.0
NT,2030,11,15,104,0.0
NT,2030,11,16,104,0.0
NT,2030,11,17,104,0.0
NT,2030,11,18,104,0.0
NT,2030,11,19,104,0.0
NT,2030,11,20,104,2.3962245978681007e-07
NT,2030,11,21,104,2.3962245978681007e-07
NT,2030,11,22,104,0.0
NT,2030,11,23,104,0.0
NT,2030,11,24,104,2.3962245978681007e-07
NT,2030,11,25,104,2.3962245978681007e-07
NT,2030,11,26,104,4.2113828317683176e-05
NT,2030,11,27,104,4.2113828317683176e-05
NT,2030,11,28,104,4.2113828317683176e-05
NT,2030,11,29,104,4.2113828317683176e-05
NT,2030,11,30,104,4.262951766102816e-05
NT,2030,11,31,104,4.5272340574569614e-05
NT,2030,11,32,104,4.245473738257979e-05
NT,2030,11,33,104,4.2113828317683176e-05
NT,2030,11,34,104,4.2174722913100157e-05
NT,2030,11,35,104,0.0
NT,2030,11,36,104,0.0
NT,2030,11,37,104,0.0
NT,2030,11,38,104,0.0
NT,2030,11,39,104,0.0
NT,2030,11,40,104,0.0
NT,2030,11,41,104,0.0
NT,2030,11,42,104,0.0
NT,2030,11,43,104,0.0
NT,2030,11,44,104,0.0
NT,2030,11,45,104,0.0
NT,2030,11,46,104,0.0
NT,2030,11,47,104,0.0
NT,2030,11,48,104,0.0
NT,2030,11,49,104,0.0
NT,2030,11,50,104,0.0
NT,2030,11,51,104,0.0
NT,2030,11,52,104,0.0
NT,2030,11,53,104,0.0
NT,2030,11,54,104,0.0
NT,2030,11,55,104,2.3962245978681007e-07
NT,2030,11,56,104,2.3962245978681007e-07
NT,2030,11,57,104,0.0
NT,2030,11,58,104,0.0
NT,2030,11,59,104,0.0
NT,2030,11,60,104,2.4539072067757373e-06
NT,2030,11,61,104,4.160737710688968e-05
NT,2030,11,62,104,3.692942168513719e-06
NT,2030,11,63,104,4.312498389672985e-06
NT,2030,11,64,104,0.0
NT,2030,11,65,104,2.3962245978681007e-07
NT,2030,11,66,104,4.2113828317683176e-05
NT,2030,11,67,104,6.386366395757194e-05
NT,2030,11,68,104,6.386366395757194e-05
NT,2030,11,69,104,4.2113828317683176e-05
NT,2030,11,70,104,4.2113828317683176e-05
NT,2030,11,71,104,4.2113828317683176e-05
NT,2030,11,72,104,4.2111531815605785e-05
NT,2030,11,73,104,4.199659006051567e-05
NT,2030,11,74,104,4.199659006051567e-05
NT,2030,11,75,104,4.2111531815605785e-05
NT,2030,11,76,104,4.211153181560791e-05
NT,2030,11,77,104,4.2113828317683176e-05
NT,2030,11,78,104,0.00021618903356506909
NT,2030,11,79,104,0.00021729791882792044
NT,2030,11,80,104,0.00021618903356506909
NT,2030,11,81,104,4.211153181560791e-05
NT,2030,11,82,104,4.1715566355221174e-05
NT,2030,11,83,104,4.164555378906412e-05
NT,2030,11,84,104,4.16472899248545e-05
NT,2030,11,85,104,4.164902613302047e-05
NT,2030,11,86,104,4.165076241356417e-05
NT,2030,11,87,104,4.1729516742211364e-05
NT,2030,11,88,104,4.2113828317683176e-05
NT,2030,11,89,104,0.00021618903356506909
NT,2030,11,90,104,0.8054601363837245
NT,2030,11,91,104,0.40983544720317056
NT,2030,11,92,104,0.8055272944446112
NT,2030,11,93,104,0.7946609868309292
NT,2030,11,94,104,0.8055944581050114
NT,2030,11,95,104,0.783727515556847
NT,2030,11,96,104,0.7494354492917709
NT,2030,11,97,104,0.3900368915708858
NT,2030,11,98,104,0.3827394841844692
NT,2030,11,99,104,0.37802794016783303
NT,2030,11,100,104,0.3819634096489583
NT,2030,11,101,104,0.41000633302874245
NT,2030,11,102,104,0.1587996250803309
NT,2030,11,103,104,0.15880624517989017
NT,2030,11,104,104,0.15881286555542254
NT,2030,11,105,104,0.14644458948069233
NT,2030,11,106,104,0.14645069451880274
NT,2030,11,107,104,0.1464567998114234
NT,2030,11,108,104,0.14646290535856304
NT,2030,11,109,104,0.1464690111602391
NT,2030,11,110,104,0.1464751172164603
NT,2030,11,111,104,0.1464812235272005
NT,2030,11,112,104,0.16139198845630742
NT,2030,11,113,104,1.7442364143590402e-14
NT,2030,11,114,104,1.7442364143590402e-14
NT,2030,11,115,104,8.721182071795201e-15
NT,2030,11,116,104,0.0
NT,2030,11,117,104,8.721182071795201e-15
NT,2030,11,118,104,1.7442364143590402e-14
NT,2030,11,119,104,0.0
NT,2030,11,120,104,0.0
NT,2030,11,121,104,0.0
NT,2030,11,122,104,0.0
NT,2030,11,123,104,0.0
NT,2030,11,124,104,0.0
NT,2030,11,125,104,0.0
NT,2030,11,126,104,0.0
NT,2030,11,127,104,0.0
NT,2030,11,128,104,0.0
NT,2030,11,129,104,0.0
NT,2030,11,130,104,0.0
NT,2030,11,131,104,0.0
NT,2030,11,132,104,0.0
NT,2030,11,133,104,0.0
NT,2030,11,134,104,0.0
NT,2030,11,135,104,0.0
NT,2030,11,136,104,0.0
NT,2030,11,137,104,0.0
NT,2030,11,138,104,0.0
NT,2030,11,139,104,0.0
NT,2030,11,140,104,0.0
NT,2030,11,141,104,0.0
NT,2030,11,142,104,0.0
NT,2030,11,143,104,0.0
NT,2030,11,144,104,0.0
NT,2030,11,145,104,0.0
NT,2030,11,146,104,0.0
NT,2030,11,147,104,0.0
NT,2030,11,148,104,0.15267058595305968
NT,2030,11,149,104,0.0
NT,2030,11,150,104,0.0
NT,2030,11,151,104,0.0
NT,2030,11,152,104,0.0
NT,2030,11,153,104,0.0
NT,2030,11,154,104,0.0
NT,2030,11,155,104,0.0
NT,2030,11,156,104,0.0
NT,2030,11,157,104,0.0
NT,2030,11,158,104,0.0
NT,2030,11,159,104,0.0
NT,2030,11,160,104,0.0
NT,2030,11,161,104,0.0
NT,2030,11,162,104,0.0
NT,2030,11,163,104,0.0
NT,2030,11,164,104,0.0
NT,2030,11,165,104,0.0
NT,2030,11,166,104,0.0
NT,2030,11,167,104,0.0
NT,2030,21,0,104,0.0
NT,2030,21,1,104,0.3021179195746199
NT,2030,21,2,104,0.1584931140485934
NT,2030,21,3,104,0.1584997213701994
NT,2030,21,4,104,0.15850632896728137
NT,2030,21,5,104,0.16118114322937935
NT,2030,21,6,104,0.1719148025748338
NT,2030,21,7,104,0.16368043647605052
NT,2030,21,8,104,0.14920958730912487
NT,2030,21,9,104,0.14921580761552608
NT,2030,21,10,104,0.1558928036850786
NT,2030,21,11,104,0.15470500156517702
NT,2030,21,12,104,0.15255430565030234
NT,2030,21,13,104,0.1534959361763257
NT,2030,21,14,104,0.0
NT,2030,21,15,104,0.0
NT,2030,21,16,104,0.0
NT,2030,21,17,104,0.0
NT,2030,21,18,104,0.0
NT,2030,21,19,104,0.0
NT,2030,21,20,104,0.0
NT,2030,21,21,104,0.0
NT,2030,21,22,104,0.0
NT,2030,21,23,104,0.0
NT,2030,21,24,104,0.0
NT,2030,21,25,104,0.0
NT,2030,21,26,104,0.0
NT,2030,21,27,104,0.0
NT,2030,21,28,104,0.0
NT,2030,21,29,104,0.1619598562968673
NT,2030,21,30,104,0.16196660814136757
NT,2030,21,31,104,0.16197336026731785
NT,2030,21,32,104,0.1569836281921447
NT,2030,21,33,104,0.14873291978303613
NT,2030,21,34,104,0.15939573118893885
NT,2030,21,35,104,0.0
NT,2030,21,36,104,0.0
NT,2030,21,37,104,0.0
NT,2030,21,38,104,0.11094163903880803
NT,2030,21,39,104,0.0
NT,2030,21,40,104,0.11469640061291786
NT,2030,21,41,104,0.0
NT,2030,21,42,104,0.07707478466015333
NT,2030,21,43,104,0.16136844203141015
NT,2030,21,44,104,0.15573952443300845
NT,2030,21,45,104,0.15039494604663234
NT,2030,21,46,104,0.15267058595305968
NT,2030,21,47,104,0.15267058595305968
NT,2030,21,48,104,0.15129588586576898
NT,2030,21,49,104,0.15195505940240114
NT,2030,21,50,104,0.39720946061495177
NT,2030,21,51,104,0.3956552930755182
NT,2030,21,52,104,0.3956552930755182
NT,2030,21,53,104,0.4168298858898384
NT,2030,21,54,104,0.41684726285370677
NT,2030,21,55,104,0.41686464054197403
NT,2030,21,56,104,0.5628477818052737
NT,2030,21,57,104,0.00016387695161145684
NT,2030,21,58,104,4.2113828317683176e-05
NT,2030,21,59,104,4.1293582409469135e-05
NT,2030,21,60,104,4.129358240937119e-05
NT,2030,21,61,104,4.1293582409469135e-05
NT,2030,21,62,104,4.1486783047724544e-05
NT,2030,21,63,104,4.2113828317683176e-05
NT,2030,21,64,104,4.211558397507951e-05
NT,2030,21,65,104,4.2117339705669034e-05
NT,2030,21,66,104,4.211909550945177e-05
NT,2030,21,67,104,4.262951766102816e-05
NT,2030,21,68,104,4.245473738257979e-05
NT,2030,21,69,104,4.212436335998685e-05
NT,2030,21,70,104,4.212611945657433e-05
NT,2030,21,71,104,4.212787562636991e-05
NT,2030,21,72,104,4.212963186937573e-05
NT,2030,21,73,104,4.2131388185600296e-05
NT,2030,21,74,104,4.245473738257979e-05
NT,2030,21,75,104,4.262951766102816e-05
NT,2030,21,76,104,4.5697299777659564e-05
NT,2030,21,77,104,4.569920482418861e-05
NT,2030,21,78,104,4.57011099501345e-05
NT,2030,21,79,104,4.5703015155501494e-05
NT,2030,21,80,104,0.00011056124723549513
NT,2030,21,81,104,4.2113828317683176e-05
NT,2030,21,82,104,4.1293582409469135e-05
NT,2030,21,83,104,4.1293582409469135e-05
NT,2030,21,84,104,4.1293582409469135e-05
NT,2030,21,85,104,4.1293582409469135e-05
NT,2030,21,86,104,4.192061962520534e-05
NT,2030,21,87,104,4.254768298110919e-05
NT,2030,21,88,104,4.254945672520661e-05
NT,2030,21,89,104,4.255123054324883e-05
NT,2030,21,90,104,4.216125676621643e-05
NT,2030,21,91,104,4.262951766102816e-05
NT,2030,21,92,104,4.262951766102816e-05
NT,2030,21,93,104,4.262951766102816e-05
NT,2030,21,94,104,0.15101173759341116
NT,2030,21,95,104,0.15101803302853997
NT,2030,21,96,104,0.15102432872611532
NT,2030,21,97,104,0.1510306246861459
NT,2030,21,98,104,0.1510369209086579
NT,2030,21,99,104,0.15104321739363388
NT,2030,21,100,104,0.1510495141411
NT,2030,21,101,104,0.15105581115106498
NT,2030,21,102,104,0.15106210842353754
NT,2030,21,103,104,0.15106840595857
NT,2030,21,104,104,0.025676858094790023
NT,2030,21,105,104,4.2113828317683176e-05
NT,2030,21,106,104,4.2113828317683176e-05
NT,2030,21,107,104,4.148678304772667e-05
NT,2030,21,108,104,4.2113828317683176e-05
NT,2030,21,109,104,4.274089972814588e-05
NT,2030,21,110,104,4.336799728019854e-05
NT,2030,21,111,104,4.336980522187132e-05
NT,2030,21,112,104,4.3371613238917595e-05
NT,2030,21,113,104,4.249114153473437e-05
NT,2030,21,114,104,0.1510337722724478
NT,2030,21,115,104,0.0
NT,2030,21,116,104,0.0
NT,2030,21,117,104,0.0
NT,2030,21,118,104,0.0
NT,2030,21,119,104,0.0
NT,2030,21,120,104,0.0
NT,2030,21,121,104,0.15107785226104892
NT,2030,21,122,104,0.15108415045240267
NT,2030,21,123,104,0.15109044890629014
NT,2030,21,124,104,0.15109674762277242
NT,2030,21,125,104,0.15110304660184076
NT,2030,21,126,104,0.1511093458434952
NT,2030,21,127,104,0.39018325468513876
NT,2030,21,128,104,0.00010922378765080758
NT,2030,21,129,104,4.2113828317683176e-05
NT,2030,21,130,104,4.2113828317683176e-05
NT,2030,21,131,104,4.129358240937119e-05
NT,2030,21,132,104,4.211153181560791e-05
NT,2030,21,133,104,4.2113287377265e-05
NT,2030,21,134,104,4.254768298110919e-05
NT,2030,21,135,104,4.3174772478268726e-05
NT,2030,21,136,104,4.255123054324883e-05
NT,2030,21,137,104,4.248882445745516e-05
NT,2030,21,138,104,0.1510369205586856
NT,2030,21,139,104,0.0
NT,2030,21,140,104,0.0
NT,2030,21,141,104,0.0
NT,2030,21,142,104,0.0
NT,2030,21,143,104,0.0
NT,2030,21,144,104,0.0
NT,2030,21,145,104,0.0
NT,2030,21,146,104,0.0
NT,2030,21,147,104,0.0
NT,2030,21,148,104,0.0
NT,2030,21,149,104,0.0
NT,2030,21,150,104,0.0
NT,2030,21,151,104,0.0
NT,2030,21,152,104,0.0
NT,2030,21,153,104,0.0
NT,2030,21,154,104,2.5078874829647374e-06
NT,2030,21,155,104,0.0
NT,2030,21,156,104,0.0
NT,2030,21,157,104,0.0
NT,2030,21,158,104,0.0
NT,2030,21,159,104,0.0
NT,2030,21,160,104,0.0
NT,2030,21,161,104,0.0
NT,2030,21,162,104,0.0
NT,2030,21,163,104,0.0
NT,2030,21,164,104,0.0
NT,2030,21,165,104,0.0
NT,2030,21,166,104,0.0
NT,2030,21,167,104,0.0
NT,2030,42,0,104,0.0
NT,2030,42,1,104,0.30337099308089815
NT,2030,42,2,104,0.15869744650923315
NT,2030,42,3,104,0.15870406234914908
NT,2030,42,4,104,0.15871067846487238
NT,2030,42,5,104,0.16964417885250166
NT,2030,42,6,104,0.17213643854206379
NT,2030,42,7,104,0.17214361463179742
NT,2030,42,8,104,0.15232182808775252
NT,2030,42,9,104,0.1501852568513105
NT,2030,42,10,104,0.15019151783179613
NT,2030,42,11,104,0.1628898287498337
NT,2030,42,12,104,0.15020404057581613
NT,2030,42,13,104,0.15021030233936794
NT,2030,42,14,104,0.15021656436394476
NT,2030,42,15,104,0.15190135521069262
NT,2030,42,16,104,0.16292378464855223
NT,2030,42,17,104,0.1629305766776606
NT,2030,42,18,104,0.16293736898991085
NT,2030,42,19,104,0.16294416158532915
NT,2030,42,20,104,0.16295095446393296
NT,2030,42,21,104,0.15105895978730996
NT,2030,42,22,104,0.0
NT,2030,42,23,104,0.0
NT,2030,42,24,104,0.0
NT,2030,42,25,104,0.0
NT,2030,42,26,104,0.0
NT,2030,42,27,104,0.0
NT,2030,42,28,104,0.0
NT,2030,42,29,104,0.0
NT,2030,42,30,104,0.0
NT,2030,42,31,104,0.0
NT,2030,42,32,104,0.0
NT,2030,42,33,104,0.0
NT,2030,42,34,104,0.0
NT,2030,42,35,104,0.14755934807416116
NT,2030,42,36,104,0.14756549958475598
NT,2030,42,37,104,0.147571651351771
NT,2030,42,38,104,0.1475778033752847
NT,2030,42,39,104,0.14758395565524476
NT,2030,42,40,104,0.0
NT,2030,42,41,104,0.16006847653964926
NT,2030,42,42,104,0.1600751495355587
NT,2030,42,43,104,0.16008182280967384
NT,2030,42,44,104,0.0
NT,2030,42,45,104,0.0
NT,2030,42,46,104,0.0
NT,2030,42,47,104,0.0
NT,2030,42,48,104,0.0
NT,2030,42,49,104,0.0
NT,2030,42,50,104,0.0
NT,2030,42,51,104,0.0
NT,2030,42,52,104,0.0
NT,2030,42,53,104,0.0
NT,2030,42,54,104,0.0
NT,2030,42,55,104,0.16016192380183047
NT,2030,42,56,104,0.15100043358906115
NT,2030,42,57,104,0.14769474056281306
NT,2030,42,58,104,0.15250328892473103
NT,2030,42,59,104,0.15260532237589108
NT,2030,42,60,104,0.14771321279753316
NT,2030,42,61,104,0.14771937072250507
NT,2030,42,62,104,0.14772552890418497
NT,2030,42,63,104,0.38314765226001474
NT,2030,42,64,104,0.42985993259548416
NT,2030,42,65,104,0.16648912622631418
NT,2030,42,66,104,0.16649606688875818
NT,2030,42,67,104,0.4299136953330112
NT,2030,42,68,104,0.42687984443569577
NT,2030,42,69,104,0.39821750539045275
NT,2030,42,70,104,0.4123432523279393
NT,2030,42,71,104,0.39963963197688784
NT,2030,42,72,104,0.1558966360808358
NT,2030,42,73,104,0.1558966360808358
NT,2030,42,74,104,0.4043237519591395
NT,2030,42,75,104,0.15407191820077806
NT,2030,42,76,104,0.16068370508726182
NT,2030,42,77,104,0.1665724332749175
NT,2030,42,78,104,0.16657937741031933
NT,2030,42,79,104,0.16658632183515107
NT,2030,42,80,104,0.16245073435963842
NT,2030,42,81,104,0.15361905626956185
NT,2030,42,82,104,0.15362546039958233
NT,2030,42,83,104,0.15363186479660176
NT,2030,42,84,104,0.1536382694605853
NT,2030,42,85,104,0.15364467439159404
NT,2030,42,86,104,0.153651079589593
NT,2030,42,87,104,0.15365748505463458
NT,2030,42,88,104,0.16664883468791677
NT,2030,42,89,104,0.16665578200833794
NT,2030,42,90,104,0.16666272961837209
NT,2030,42,91,104,0.16666967751805414
NT,2030,42,92,104,0.1666766257073841
NT,2030,42,93,104,0.42906793153711387
NT,2030,42,94,104,0.20174986534816836
NT,2030,42,95,104,0.1538368529615569
NT,2030,42,96,104,0.15474240103229966
NT,2030,42,97,104,0.1537215543936227
NT,2030,42,98,104,0.1539393344563469
NT,2030,42,99,104,0.1537343714667844
NT,2030,42,100,104,0.15805890069488718
NT,2030,42,101,104,0.0
NT,2030,42,102,104,-1.7442364143590402e-14
NT,2030,42,103,104,0.0
NT,2030,42,104,104,0.0
NT,2030,42,105,104,0.0
NT,2030,42,106,104,0.0
NT,2030,42,107,104,0.0
NT,2030,42,108,104,0.0
NT,2030,42,109,104,0.0
NT,2030,42,110,104,0.0
NT,2030,42,111,104,0.0
NT,2030,42,112,104,0.0
NT,2030,42,113,104,0.0
NT,2030,42,114,104,0.0
NT,2030,42,115,104,0.0
NT,2030,42,116,104,0.0
NT,2030,42,117,104,0.0
NT,2030,42,118,104,0.0
NT,2030,42,119,104,0.0
NT,2030,42,120,104,0.0
NT,2030,42,121,104,0.0
NT,2030,42,122,104,0.0
NT,2030,42,123,104,0.0
NT,2030,42,124,104,0.0
NT,2030,42,125,104,0.0
NT,2030,42,126,104,0.0
NT,2030,42,127,104,0.0
NT,2030,42,128,104,0.0
NT,2030,42,129,104,0.0
NT,2030,42,130,104,0.0
NT,2030,42,131,104,0.0
NT,2030,42,132,104,0.0
NT,2030,42,133,104,0.0
NT,2030,42,134,104,0.0
NT,2030,42,135,104,0.0
NT,2030,42,136,104,0.0
NT,2030,42,137,104,0.0
NT,2030,42,138,104,0.0
NT,2030,42,139,104,0.0
NT,2030,42,140,104,0.0
NT,2030,42,141,104,0.0
NT,2030,42,142,104,0.0
NT,2030,42,143,104,0.0
NT,2030,42,144,104,0.0
NT,2030,42,145,104,0.0
NT,2030,42,146,104,0.0
NT,2030,42,147,104,0.0
NT,2030,42,148,104,0.0
NT,2030,42,149,104,0.0
NT,2030,42,150,104,0.0
NT,2030,42,151,104,0.0
NT,2030,42,152,104,0.0
NT,2030,42,153,104,0.0
NT,2030,42,154,104,0.0
NT,2030,42,155,104,0.0
NT,2030,42,156,104,0.0
NT,2030,42,157,104,0.0
NT,2030,42,158,104,0.0
NT,2030,42,159,104,0.0
NT,2030,42,160,104,0.0
NT,2030,42,161,104,0.0
NT,2030,42,162,104,0.0
NT,2030,42,163,104,0.0
NT,2030,42,164,104,0.0
NT,2030,42,165,104,0.0
NT,2030,42,166,104,0.0
NT,2030,42,167,104,0.0
NT,2030,52,0,104,0.0
NT,2030,52,1,104,0.0
NT,2030,52,2,104,0.0
NT,2030,52,3,104,0.0
NT,2030,52,4,104,0.0
NT,2030,52,5,104,0.0
NT,2030,52,6,104,0.0
NT,2030,52,7,104,0.0
NT,2030,52,8,104,0.0
NT,2030,52,9,104,0.0
NT,2030,52,10,104,0.0
NT,2030,52,11,104,0.0
NT,2030,52,12,104,0.0
NT,2030,52,13,104,0.0
NT,2030,52,14,104,0.0
NT,2030,52,15,104,0.0
NT,2030,52,16,104,0.0
NT,2030,52,17,104,0.0
NT,2030,52,18,104,0.0
NT,2030,52,19,104,0.0
NT,2030,52,20,104,0.0
NT,2030,52,21,104,0.0
NT,2030,52,22,104,0.0
NT,2030,52,23,104,0.0
NT,2030,52,24,104,0.0
NT,2030,52,25,104,0.0
NT,2030,52,26,104,0.0
NT,2030,52,27,104,0.0
NT,2030,52,28,104,0.0
NT,2030,52,29,104,0.0
NT,2030,52,30,104,0.0
NT,2030,52,31,104,0.0
NT,2030,52,32,104,0.0
NT,2030,52,33,104,0.0
NT,2030,52,34,104,0.0
NT,2030,52,35,104,0.0
NT,2030,52,36,104,0.0
NT,2030,52,37,104,0.0
NT,2030,52,38,104,0.0
NT,2030,52,39,104,0.0
NT,2030,52,40,104,0.0
NT,2030,52,41,104,0.0
NT,2030,52,42,104,0.0
NT,2030,52,43,104,0.0
NT,2030,52,44,104,0.0
NT,2030,52,45,104,0.0
NT,2030,52,46,104,0.0
NT,2030,52,47,104,2.4539072067757373e-06
NT,2030,52,48,104,2.4539072067757373e-06
NT,2030,52,49,104,4.1669856111419234e-05
NT,2030,52,50,104,4.1669856111419234e-05
NT,2030,52,51,104,4.1669856111419234e-05
NT,2030,52,52,104,4.1669856111419234e-05
NT,2030,52,53,104,4.1669856111419234e-05
NT,2030,52,54,104,4.1669856111419234e-05
NT,2030,52,55,104,4.1669856111419234e-05
NT,2030,52,56,104,2.4539072067757373e-06
NT,2030,52,57,104,0.0
NT,2030,52,58,104,0.0
NT,2030,52,59,104,0.0
NT,2030,52,60,104,0.0
NT,2030,52,61,104,0.0
NT,2030,52,62,104,0.0
NT,2030,52,63,104,0.0
NT,2030,52,64,104,0.0
NT,2030,52,65,104,0.0
NT,2030,52,66,104,0.0
NT,2030,52,67,104,0.0
NT,2030,52,68,104,0.0
NT,2030,52,69,104,4.171871494100657e-05
NT,2030,52,70,104,4.171871494100657e-05
NT,2030,52,71,104,4.160564263492879e-05
NT,2030,52,72,104,4.160564263492879e-05
NT,2030,52,73,104,4.160564263492879e-05
NT,2030,52,74,104,4.160546234702912e-05
NT,2030,52,75,104,4.160564263492879e-05
NT,2030,52,76,104,4.160564263492879e-05
NT,2030,52,77,104,4.160564263492879e-05
NT,2030,52,78,104,4.1715566355221174e-05
NT,2030,52,79,104,4.199659006051567e-05
NT,2030,52,80,104,4.2111531815605785e-05
NT,2030,52,81,104,4.1715566355221174e-05
NT,2030,52,82,104,4.160546234702912e-05
NT,2030,52,83,104,4.160564263492879e-05
NT,2030,52,84,104,4.160546234702912e-05
NT,2030,52,85,104,4.160564263492879e-05
NT,2030,52,86,104,4.160893134821983e-05
NT,2030,52,87,104,4.197305270096659e-05
NT,2030,52,88,104,4.129358240937119e-05
NT,2030,52,89,104,4.129358240937119e-05
NT,2030,52,90,104,4.129358240937119e-05
NT,2030,52,91,104,4.129358240937119e-05
NT,2030,52,92,104,4.129358240937119e-05
NT,2030,52,93,104,4.129358240937119e-05
NT,2030,52,94,104,4.1293582409469135e-05
NT,2030,52,95,104,4.1293582409469135e-05
NT,2030,52,96,104,0.0
NT,2030,52,97,104,0.0
NT,2030,52,98,104,2.4539072067757373e-06
NT,2030,52,99,104,2.4539072067757373e-06
NT,2030,52,100,104,2.4539072067757373e-06
NT,2030,52,101,104,0.0
NT,2030,52,102,104,0.0
NT,2030,52,103,104,0.0
NT,2030,52,104,104,0.0
NT,2030,52,105,104,0.0
NT,2030,52,106,104,0.0
NT,2030,52,107,104,0.0
NT,2030,52,108,104,0.0
NT,2030,52,109,104,0.0
NT,2030,52,110,104,0.0
NT,2030,52,111,104,0.0
NT,2030,52,112,104,0.0
NT,2030,52,113,104,0.0
NT,2030,52,114,104,0.0
NT,2030,52,115,104,0.0
NT,2030,52,116,104,0.0
NT,2030,52,117,104,0.0
NT,2030,52,118,104,0.0
NT,2030,52,119,104,0.0
NT,2030,52,120,104,0.0
NT,2030,52,121,104,0.0
NT,2030,52,122,104,0.0
NT,2030,52,123,104,0.0
NT,2030,52,124,104,0.0
NT,2030,52,125,104,0.0
NT,2030,52,126,104,0.0
NT,2030,52,127,104,0.0
NT,2030,52,128,104,0.0
NT,2030,52,129,104,0.0
NT,2030,52,130,104,0.0
NT,2030,52,131,104,0.0
NT,2030,52,132,104,1.1368472482657901e-05
NT,2030,52,133,104,1.1368946415892111e-05
NT,2030,52,134,104,3.0734117745709216e-06
NT,2030,52,135,104,0.0
NT,2030,52,136,104,0.0
NT,2030,52,137,104,0.0
NT,2030,52,138,104,0.0
NT,2030,52,139,104,0.0
NT,2030,52,140,104,4.262951766102816e-05
NT,2030,52,141,104,4.262951766102816e-05
NT,2030,52,142,104,4.563769649767161e-05
NT,2030,52,143,104,4.262951766102816e-05
NT,2030,52,144,104,4.262951766102816e-05
NT,2030,52,145,104,4.245473738257979e-05
NT,2030,52,146,104,4.245473738257979e-05
NT,2030,52,147,104,4.245473738257979e-05
NT,2030,52,148,104,4.262951766102816e-05
NT,2030,52,149,104,4.565101609573872e-05
NT,2030,52,150,104,4.565291921277437e-05
NT,2030,52,151,104,4.565482240915021e-05
NT,2030,52,152,104,4.5656725684864106e-05
NT,2030,52,153,104,4.129358240937119e-05
NT,2030,52,154,104,3.815878839506689e-05
NT,2030,52,155,104,4.210451030076895e-05
NT,2030,52,156,104,4.2106265569714975e-05
NT,2030,52,157,104,4.00395863940433e-05
NT,2030,52,158,104,4.066657133271676e-05
NT,2030,52,159,104,4.129358240937119e-05
NT,2030,52,160,104,0.0
NT,2030,52,161,104,0.0
NT,2030,52,162,104,0.0
NT,2030,52,163,104,0.0
NT,2030,52,164,104,0.0
NT,2030,52,165,104,0.0
NT,2030,52,166,104,0.0
NT,2030,52,167,104,0.0
NT,2040,11,0,104,0.0
NT,2040,11,1,104,0.0
NT,2040,11,2,104,0.0
NT,2040,11,3,104,0.0
NT,2040,11,4,104,0.0
NT,2040,11,5,104,0.0
NT,2040,11,6,104,0.0
NT,2040,11,7,104,0.0
NT,2040,11,8,104,0.0
NT,2040,11,9,104,7.987415326227002e-08
NT,2040,11,10,104,7.987415326227002e-08
NT,2040,11,11,104,0.0
NT,2040,11,12,104,0.0
NT,2040,11,13,104,0.0
NT,2040,11,14,104,0.0
NT,2040,11,15,104,0.0
NT,2040,11,16,104,0.0
NT,2040,11,17,104,0.0
NT,2040,11,18,104,0.0
NT,2040,11,19,104,0.0
NT,2040,11,20,104,0.0
NT,2040,11,21,104,0.0
NT,2040,11,22,104,0.0
NT,2040,11,23,104,1.3764527469791107e-05
NT,2040,11,24,104,1.3764527469791107e-05
NT,2040,11,25,104,1.4037942772560704e-05
NT,2040,11,26,104,3.640944700462809e-05
NT,2040,11,27,104,3.6539626259119565e-05
NT,2040,11,28,104,3.6539626259119565e-05
NT,2040,11,29,104,0.12225497266529955
NT,2040,11,30,104,0.05240731224041922
NT,2040,11,31,104,0.05240949701651422
NT,2040,11,32,104,0.05241168188369326
NT,2040,11,33,104,0.049368708751684955
NT,2040,11,34,104,0.0
NT,2040,11,35,104,0.0
NT,2040,11,36,104,0.0
NT,2040,11,37,104,0.0
NT,2040,11,38,104,0.0
NT,2040,11,39,104,0.0
NT,2040,11,40,104,0.0
NT,2040,11,41,104,0.0
NT,2040,11,42,104,0.0
NT,2040,11,43,104,0.0
NT,2040,11,44,104,0.0
NT,2040,11,45,104,0.0
NT,2040,11,46,104,0.0
NT,2040,11,47,104,0.0
NT,2040,11,48,104,0.0
NT,2040,11,49,104,0.0
NT,2040,11,50,104,0.0
NT,2040,11,51,104,0.0
NT,2040,11,52,104,0.0
NT,2040,11,53,104,0.0
NT,2040,11,54,104,0.0
NT,2040,11,55,104,0.0
NT,2040,11,56,104,1.3764527469791107e-05
NT,2040,11,57,104,7.987415326227002e-08
NT,2040,11,58,104,0.0
NT,2040,11,59,104,0.0
NT,2040,11,60,104,7.987415326227002e-08
NT,2040,11,61,104,2.883160674421204e-07
NT,2040,11,62,104,4.967666712259538e-07
NT,2040,11,63,104,7.052259649799919e-07
NT,2040,11,64,104,9.136939490640686e-07
NT,2040,11,65,104,1.3764527469791107e-05
NT,2040,11,66,104,7.2063011188356e-05
NT,2040,11,67,104,7.243263960930682e-05
NT,2040,11,68,104,7.243263960930682e-05
NT,2040,11,69,104,7.211091371129547e-05
NT,2040,11,70,104,7.2063011188356e-05
NT,2040,11,71,104,5.462565053715299e-05
NT,2040,11,72,104,3.640792921693515e-05
NT,2040,11,73,104,2.1287887985856963e-05
NT,2040,11,74,104,2.1287887985856963e-05
NT,2040,11,75,104,3.640792921693515e-05
NT,2040,11,76,104,5.462565053715299e-05
NT,2040,11,77,104,7.206601537875519e-05
NT,2040,11,78,104,7.812318113757735e-05
NT,2040,11,79,104,7.564017566102965e-05
NT,2040,11,80,104,7.812969493151612e-05
NT,2040,11,81,104,7.2063011188356e-05
NT,2040,11,82,104,7.2063011188356e-05
NT,2040,11,83,104,7.121732822906764e-05
NT,2040,11,84,104,7.142873574866521e-05
NT,2040,11,85,104,7.164015208150163e-05
NT,2040,11,86,104,7.18515772279421e-05
NT,2040,11,87,104,7.2063011188356e-05
NT,2040,11,88,104,7.206901969439362e-05
NT,2040,11,89,104,0.18925665674048528
NT,2040,11,90,104,0.27675756120036765
NT,2040,11,91,104,0.27676909877553146
NT,2040,11,92,104,0.27678063683167725
NT,2040,11,93,104,0.2799438818799438
NT,2040,11,94,104,0.2770002764531255
NT,2040,11,95,104,0.26130510697222786
NT,2040,11,96,104,0.25820538988621666
NT,2040,11,97,104,0.25827976749784276
NT,2040,11,98,104,0.25822691866524267
NT,2040,11,99,104,0.2552889288279505
NT,2040,11,100,104,0.25529957141055043
NT,2040,11,101,104,0.2582592151995289
NT,2040,11,102,104,0.2626720046589317
NT,2040,11,103,104,0.2626829550300256
NT,2040,11,104,104,0.14162565295508736
NT,2040,11,105,104,0.05035435803100265
NT,2040,11,106,104,0.050356457222760706
NT,2040,11,107,104,0.050358556502031464
NT,2040,11,108,104,0.050360655868817106
NT,2040,11,109,104,0.050362755323113274
NT,2040,11,110,104,0.05036485486494176
NT,2040,11,111,104,0.05036695449428731
NT,2040,11,112,104,0.050369054211169544
NT,2040,11,113,104,0.0
NT,2040,11,114,104,0.0
NT,2040,11,115,104,0.0
NT,2040,11,116,104,0.0
NT,2040,11,117,104,0.0
NT,2040,11,118,104,0.0
NT,2040,11,119,104,0.0
NT,2040,11,120,104,0.0
NT,2040,11,121,104,0.0
NT,2040,11,122,104,0.0
NT,2040,11,123,104,0.0
NT,2040,11,124,104,0.0
NT,2040,11,125,104,0.0
NT,2040,11,126,104,0.0
NT,2040,11,127,104,0.0
NT,2040,11,128,104,0.0
NT,2040,11,129,104,0.0
NT,2040,11,130,104,0.0
NT,2040,11,131,104,0.0
NT,2040,11,132,104,0.0
NT,2040,11,133,104,0.0
NT,2040,11,134,104,0.0
NT,2040,11,135,104,0.0
NT,2040,11,136,104,0.0
NT,2040,11,137,104,0.0
NT,2040,11,138,104,0.0
NT,2040,11,139,104,0.0
NT,2040,11,140,104,0.0
NT,2040,11,141,104,0.0
NT,2040,11,142,104,0.0
NT,2040,11,143,104,0.0
NT,2040,11,144,104,0.0
NT,2040,11,145,104,0.0
NT,2040,11,146,104,0.05116531205877305
NT,2040,11,147,104,0.0
NT,2040,11,148,104,0.05116531205877305
NT,2040,11,149,104,0.0
NT,2040,11,150,104,0.0
NT,2040,11,151,104,0.0
NT,2040,11,152,104,0.0
NT,2040,11,153,104,0.0
NT,2040,11,154,104,0.0
NT,2040,11,155,104,0.0
NT,2040,11,156,104,0.0
NT,2040,11,157,104,0.0
NT,2040,11,158,104,0.0
NT,2040,11,159,104,0.0
NT,2040,11,160,104,0.0
NT,2040,11,161,104,0.0
NT,2040,11,162,104,0.0
NT,2040,11,163,104,0.0
NT,2040,11,164,104,0.0
NT,2040,11,165,104,0.0
NT,2040,11,166,104,0.0
NT,2040,11,167,104,0.0
NT,2040,21,0,104,0.0
NT,2040,21,1,104,0.2677094653968054
NT,2040,21,2,104,0.06666643345656323
NT,2040,21,3,104,0.05268897035183079
NT,2040,21,4,104,0.05269116686978957
NT,2040,21,5,104,0.05714607104284294
NT,2040,21,6,104,0.057148453370133856
NT,2040,21,7,104,0.05715083579673288
NT,2040,21,8,104,0.05105632672305496
NT,2040,21,9,104,0.05105845517875254
NT,2040,21,10,104,0.05286821451669149
NT,2040,21,11,104,0.05359589750252332
NT,2040,21,12,104,0.051841138930714105
NT,2040,21,13,104,0.052545651098882304
NT,2040,21,14,104,0.05127895098718709
NT,2040,21,15,104,0.0
NT,2040,21,16,104,0.0
NT,2040,21,17,104,0.0
NT,2040,21,18,104,0.0
NT,2040,21,19,104,0.0
NT,2040,21,20,104,0.0
NT,2040,21,21,104,0.0
NT,2040,21,22,104,0.0
NT,2040,21,23,104,0.0
NT,2040,21,24,104,0.0
NT,2040,21,25,104,0.0
NT,2040,21,26,104,0.05109465250455953
NT,2040,21,27,104,0.05109678255799075
NT,2040,21,28,104,0.05109891270022323
NT,2040,21,29,104,0.055419195832103606
NT,2040,21,30,104,0.05542150616875753
NT,2040,21,31,104,0.05542381660172383
NT,2040,21,32,104,0.05484103605932239
NT,2040,21,33,104,0.05097029798104769
NT,2040,21,34,104,0.054845608622842004
NT,2040,21,35,104,0.052984393308306045
NT,2040,21,36,104,0.0503529865957729
NT,2040,21,37,104,0.0503529865957729
NT,2040,21,38,104,0.0503529865957729
NT,2040,21,39,104,0.002991322286994882
NT,2040,21,40,104,0.050350887519529076
NT,2040,21,41,104,0.05089019528820606
NT,2040,21,42,104,0.0508923168181535
NT,2040,21,43,104,0.05411412397448277
NT,2040,21,44,104,0.05313191039631731
NT,2040,21,45,104,0.05083895494894714
NT,2040,21,46,104,0.05090080382239324
NT,2040,21,47,104,0.05080206661114311
NT,2040,21,48,104,0.05072101915713468
NT,2040,21,49,104,0.1322233366165015
NT,2040,21,50,104,0.13258297046012282
NT,2040,21,51,104,0.13118722492355672
NT,2040,21,52,104,0.13112138492639344
NT,2040,21,53,104,0.14106918046206174
NT,2040,21,54,104,0.14107506140806012
NT,2040,21,55,104,0.27728156094147266
NT,2040,21,56,104,0.26889024857904625
NT,2040,21,57,104,0.12065631846441105
NT,2040,21,58,104,0.12066134843120947
NT,2040,21,59,104,0.12066637860769563
NT,2040,21,60,104,0.12067140899387607
NT,2040,21,61,104,0.12067643958977696
NT,2040,21,62,104,0.12068147039538958
NT,2040,21,63,104,0.12068650141073137
NT,2040,21,64,104,0.1206915326358023
NT,2040,21,65,104,0.1217525483571862
NT,2040,21,66,104,0.0511407889478365
NT,2040,21,67,104,0.051142920924626314
NT,2040,21,68,104,0.05114505299028934
NT,2040,21,69,104,0.0503529865957729
NT,2040,21,70,104,0.05085143521676817
NT,2040,21,71,104,0.04985453797477544
NT,2040,21,72,104,0.04862098575089264
NT,2040,21,73,104,0.05083442964157556
NT,2040,21,74,104,0.05086844079196079
NT,2040,21,75,104,0.05027896407873506
NT,2040,21,76,104,0.05116211271570261
NT,2040,21,77,104,0.051164245581446874
NT,2040,21,78,104,0.05116637853610577
NT,2040,21,79,104,0.051168511579681476
NT,2040,21,80,104,0.05117064471217835
NT,2040,21,81,104,0.12653953801879048
NT,2040,21,82,104,0.05073106096838772
NT,2040,21,83,104,0.12078716577346636
NT,2040,21,84,104,0.12079220119507637
NT,2040,21,85,104,0.12079723682660087
NT,2040,21,86,104,0.1208022726680573
NT,2040,21,87,104,0.12080730871944785
NT,2040,21,88,104,0.12081234498078341
NT,2040,21,89,104,0.12081738145206836
NT,2040,21,90,104,0.05136195382387715
NT,2040,21,91,104,0.051364095020667945
NT,2040,21,92,104,0.05136623630672876
NT,2040,21,93,104,0.05058494536664985
NT,2040,21,94,104,0.051370519146645185
NT,2040,21,95,104,0.05116531205877305
NT,2040,21,96,104,0.0503529865957729
NT,2040,21,97,104,0.0503529865957729
NT,2040,21,98,104,0.050601413208431485
NT,2040,21,99,104,0.05106797125377098
NT,2040,21,100,104,0.05138336980910169
NT,2040,21,101,104,0.051385511898692976
NT,2040,21,102,104,0.05138765407758916
NT,2040,21,103,104,0.05138979634577936
NT,2040,21,104,104,0.051391938703280994
NT,2040,21,105,104,0.1281178258515968
NT,2040,21,106,104,0.05116531205877305
NT,2040,21,107,104,0.12130952530477215
NT,2040,21,108,104,0.12131458250270068
NT,2040,21,109,104,0.12131963991145722
NT,2040,21,110,104,0.12132469753105272
NT,2040,21,111,104,0.12132975536149587
NT,2040,21,112,104,0.12133481340277795
NT,2040,21,113,104,0.0508893101907171
NT,2040,21,114,104,0.0
NT,2040,21,115,104,0.0
NT,2040,21,116,104,0.0
NT,2040,21,117,104,0.0
NT,2040,21,118,104,0.0
NT,2040,21,119,104,0.0513838949881465
NT,2040,21,120,104,0.05079610964855936
NT,2040,21,121,104,0.05085143521676817
NT,2040,21,122,104,0.05085143521676817
NT,2040,21,123,104,0.05139261527073084
NT,2040,21,124,104,0.09397083882301109
NT,2040,21,125,104,0.05143694884753922
NT,2040,21,126,104,0.05143909317075605
NT,2040,21,127,104,0.051441237583365
NT,2040,21,128,104,0.13282771752646275
NT,2040,21,129,104,0.1208423062350392
NT,2040,21,130,104,0.1310592159432305
NT,2040,21,131,104,0.120852381885704
NT,2040,21,132,104,0.12085742002606839
NT,2040,21,133,104,0.12086245837646718
NT,2040,21,134,104,0.12086749693689822
NT,2040,21,135,104,0.12087253570738327
NT,2040,21,136,104,0.12087757468792454
NT,2040,21,137,104,0.048703301294657435
NT,2040,21,138,104,0.0
NT,2040,21,139,104,0.0
NT,2040,21,140,104,0.0
NT,2040,21,141,104,0.0
NT,2040,21,142,104,0.0
NT,2040,21,143,104,0.0
NT,2040,21,144,104,0.0
NT,2040,21,145,104,0.0
NT,2040,21,146,104,0.0
NT,2040,21,147,104,0.0
NT,2040,21,148,104,0.0
NT,2040,21,149,104,0.0
NT,2040,21,150,104,0.0
NT,2040,21,151,104,0.0
NT,2040,21,152,104,0.0
NT,2040,21,153,104,0.0
NT,2040,21,154,104,0.0
NT,2040,21,155,104,0.0
NT,2040,21,156,104,0.0
NT,2040,21,157,104,0.0
NT,2040,21,158,104,0.0
NT,2040,21,159,104,0.0
NT,2040,21,160,104,0.0
NT,2040,21,161,104,0.0
NT,2040,21,162,104,0.0
NT,2040,21,163,104,0.0
NT,2040,21,164,104,0.0
NT,2040,21,165,104,0.0
NT,2040,21,166,104,0.0
NT,2040,21,167,104,0.0
NT,2040,42,0,104,0.0
NT,2040,42,1,104,0.08977502685646283
NT,2040,42,2,104,0.061283932930855864
NT,2040,42,3,104,0.061286487758911476
NT,2040,42,4,104,0.06128904269347888
NT,2040,42,5,104,0.06647087540430482
NT,2040,42,6,104,0.06647364646760313
NT,2040,42,7,104,0.0664764176464266
NT,2040,42,8,104,0.05213273239193599
NT,2040,42,9,104,0.05155519965864099
NT,2040,42,10,104,0.05155734891154524
NT,2040,42,11,104,0.05591639165936052
NT,2040,42,12,104,0.051561647686144914
NT,2040,42,13,104,0.05156379720785125
NT,2040,42,14,104,0.05156594681917427
NT,2040,42,15,104,0.051568096520107444
NT,2040,42,16,104,0.05592804795089799
NT,2040,42,17,104,0.05593037950076767
NT,2040,42,18,104,0.05593271114783494
NT,2040,42,19,104,0.05593504289212158
NT,2040,42,20,104,0.05593737473358836
NT,2040,42,21,104,0.053413993553028234
NT,2040,42,22,104,0.05161502992390748
NT,2040,42,23,104,0.0
NT,2040,42,24,104,0.0
NT,2040,42,25,104,0.0
NT,2040,42,26,104,0.0
NT,2040,42,27,104,0.0
NT,2040,42,28,104,0.0
NT,2040,42,29,104,0.0
NT,2040,42,30,104,0.0
NT,2040,42,31,104,0.05457265317658816
NT,2040,42,32,104,0.05186528024601009
NT,2040,42,33,104,0.0
NT,2040,42,34,104,0.0
NT,2040,42,35,104,0.0
NT,2040,42,36,104,0.0
NT,2040,42,37,104,0.0
NT,2040,42,38,104,0.0
NT,2040,42,39,104,0.0
NT,2040,42,40,104,0.0
NT,2040,42,41,104,0.05451252849991306
NT,2040,42,42,104,0.054514801039066356
NT,2040,42,43,104,0.054517073672957855
NT,2040,42,44,104,0.053632809742028456
NT,2040,42,45,104,0.05034983804703624
NT,2040,42,46,104,0.0503519370503579
NT,2040,42,47,104,0.0503540361411879
NT,2040,42,48,104,0.0
NT,2040,42,49,104,0.0
NT,2040,42,50,104,0.05028388365646064
NT,2040,42,51,104,0.05028597991025086
NT,2040,42,52,104,0.050288076251436054
NT,2040,42,53,104,0.0
NT,2040,42,54,104,0.05454207889968697
NT,2040,42,55,104,0.05454435267075303
NT,2040,42,56,104,0.05154307056368234
NT,2040,42,57,104,0.05037503186299608
NT,2040,42,58,104,0.05158949456644914
NT,2040,42,59,104,0.05194250826776431
NT,2040,42,60,104,0.050304850127354375
NT,2040,42,61,104,0.05030694725520327
NT,2040,42,62,104,0.05030904447047984
NT,2040,42,63,104,0.050311141773186255
NT,2040,42,64,104,0.14814624116963873
NT,2040,42,65,104,0.05737854676783969
NT,2040,42,66,104,0.05738093878666192
NT,2040,42,67,104,0.057383330905197795
NT,2040,42,68,104,0.1481709466233509
NT,2040,42,69,104,0.05291654826251095
NT,2040,42,70,104,0.052918754267820736
NT,2040,42,71,104,0.05292096036510846
NT,2040,42,72,104,0.052923166554363237
NT,2040,42,73,104,0.0529253728356025
NT,2040,42,74,104,0.052927579208810985
NT,2040,42,75,104,0.052929785673979976
NT,2040,42,76,104,0.05293199223114218
NT,2040,42,77,104,0.057407257576132034
NT,2040,42,78,104,0.05740965079185365
NT,2040,42,79,104,0.05741204410734996
NT,2040,42,80,104,0.05691647058341951
NT,2040,42,81,104,0.05661596046964044
NT,2040,42,82,104,0.056618320697475605
NT,2040,42,83,104,0.05662068102369661
NT,2040,42,84,104,0.05662304144832962
NT,2040,42,85,104,0.05662540197135718
NT,2040,42,86,104,0.05662776259279457
NT,2040,42,87,104,0.05249697007071979
NT,2040,42,88,104,0.05743358843716148
NT,2040,42,89,104,0.05743598275057904
NT,2040,42,90,104,0.057438377163819256
NT,2040,42,91,104,0.0574407716768734
NT,2040,42,92,104,0.05744316628975455
NT,2040,42,93,104,0.05744556100246271
NT,2040,42,94,104,0.052979149429313095
NT,2040,42,95,104,0.05225710416089204
NT,2040,42,96,104,0.052259282675064946
NT,2040,42,97,104,0.05226146128003626
NT,2040,42,98,104,0.05226363997584958
NT,2040,42,99,104,0.05226581876248094
NT,2040,42,100,104,0.052267997639947765
NT,2040,42,101,104,0.056687123930666765
NT,2040,42,102,104,0.056689487125192985
NT,2040,42,103,104,0.056691850418229314
NT,2040,42,104,104,0.0
NT,2040,42,105,104,0.0
NT,2040,42,106,104,0.0
NT,2040,42,107,104,0.0
NT,2040,42,108,104,0.0
NT,2040,42,109,104,0.0
NT,2040,42,110,104,0.0
NT,2040,42,111,104,0.0
NT,2040,42,112,104,0.0
NT,2040,42,113,104,0.0
NT,2040,42,114,104,0.0
NT,2040,42,115,104,0.0
NT,2040,42,116,104,0.0
NT,2040,42,117,104,0.0
NT,2040,42,118,104,0.0
NT,2040,42,119,104,0.0
NT,2040,42,120,104,0.0
NT,2040,42,121,104,0.0
NT,2040,42,122,104,0.0
NT,2040,42,123,104,0.0
NT,2040,42,124,104,0.0
NT,2040,42,125,104,0.0
NT,2040,42,126,104,0.0
NT,2040,42,127,104,0.0
NT,2040,42,128,104,0.0
NT,2040,42,129,104,0.0
NT,2040,42,130,104,0.0
NT,2040,42,131,104,0.0
NT,2040,42,132,104,0.0
NT,2040,42,133,104,0.0
NT,2040,42,134,104,0.0
NT,2040,42,135,104,0.0
NT,2040,42,136,104,0.0
NT,2040,42,137,104,0.0
NT,2040,42,138,104,0.0
NT,2040,42,139,104,0.0
NT,2040,42,140,104,0.0
NT,2040,42,141,104,0.0
NT,2040,42,142,104,0.0
NT,2040,42,143,104,0.0
NT,2040,42,144,104,0.0
NT,2040,42,145,104,0.0
NT,2040,42,146,104,0.0
NT,2040,42,147,104,0.0
NT,2040,42,148,104,0.0
NT,2040,42,149,104,0.0
NT,2040,42,150,104,0.0
NT,2040,42,151,104,0.0
NT,2040,42,152,104,0.0
NT,2040,42,153,104,0.0
NT,2040,42,154,104,0.0
NT,2040,42,155,104,0.0
NT,2040,42,156,104,0.0
NT,2040,42,157,104,0.0
NT,2040,42,158,104,0.0
NT,2040,42,159,104,0.0
NT,2040,42,160,104,0.0
NT,2040,42,161,104,0.0
NT,2040,42,162,104,0.0
NT,2040,42,163,104,0.0
NT,2040,42,164,104,0.0
NT,2040,42,165,104,0.0
NT,2040,42,166,104,0.0
NT,2040,42,167,104,0.0
NT,2040,52,0,104,0.0
NT,2040,52,1,104,0.0
NT,2040,52,2,104,0.0
NT,2040,52,3,104,0.0
NT,2040,52,4,104,0.0
NT,2040,52,5,104,0.0
NT,2040,52,6,104,0.0
NT,2040,52,7,104,0.0
NT,2040,52,8,104,0.0
NT,2040,52,9,104,0.0
NT,2040,52,10,104,0.0
NT,2040,52,11,104,0.0
NT,2040,52,12,104,0.0
NT,2040,52,13,104,0.0
NT,2040,52,14,104,0.0
NT,2040,52,15,104,0.0
NT,2040,52,16,104,0.0
NT,2040,52,17,104,0.0
NT,2040,52,18,104,0.0
NT,2040,52,19,104,0.0
NT,2040,52,20,104,0.0
NT,2040,52,21,104,0.0
NT,2040,52,22,104,0.0
NT,2040,52,23,104,0.0
NT,2040,52,24,104,0.0
NT,2040,52,25,104,0.0
NT,2040,52,26,104,0.0
NT,2040,52,27,104,0.0
NT,2040,52,28,104,0.0
NT,2040,52,29,104,0.0
NT,2040,52,30,104,0.0
NT,2040,52,31,104,0.0
NT,2040,52,32,104,0.0
NT,2040,52,33,104,0.0
NT,2040,52,34,104,0.0
NT,2040,52,35,104,0.0
NT,2040,52,36,104,0.0
NT,2040,52,37,104,0.0
NT,2040,52,38,104,0.0
NT,2040,52,39,104,0.0
NT,2040,52,40,104,0.0
NT,2040,52,41,104,0.0
NT,2040,52,42,104,0.0
NT,2040,52,43,104,0.0
NT,2040,52,44,104,0.0
NT,2040,52,45,104,0.0
NT,2040,52,46,104,0.0
NT,2040,52,47,104,0.0
NT,2040,52,48,104,0.0
NT,2040,52,49,104,0.0
NT,2040,52,50,104,8.179690689252458e-07
NT,2040,52,51,104,8.179690689252458e-07
NT,2040,52,52,104,8.179690689252458e-07
NT,2040,52,53,104,8.179690689252458e-07
NT,2040,52,54,104,8.179690689252458e-07
NT,2040,52,55,104,0.0
NT,2040,52,56,104,0.0
NT,2040,52,57,104,0.0
NT,2040,52,58,104,0.0
NT,2040,52,59,104,0.0
NT,2040,52,60,104,0.0
NT,2040,52,61,104,0.0
NT,2040,52,62,104,0.0
NT,2040,52,63,104,0.0
NT,2040,52,64,104,0.0
NT,2040,52,65,104,0.0
NT,2040,52,66,104,0.0
NT,2040,52,67,104,0.0
NT,2040,52,68,104,0.0
NT,2040,52,69,104,0.0
NT,2040,52,70,104,0.0
NT,2040,52,71,104,0.0
NT,2040,52,72,104,1.3905188785074079e-05
NT,2040,52,73,104,1.3904029487900295e-05
NT,2040,52,74,104,4.764291525131913e-06
NT,2040,52,75,104,1.3905188785074079e-05
NT,2040,52,76,104,1.3905768469906787e-05
NT,2040,52,77,104,1.386710740812849e-05
NT,2040,52,78,104,1.3998863353504514e-05
NT,2040,52,79,104,1.3764527469791107e-05
NT,2040,52,80,104,1.4037942772560704e-05
NT,2040,52,81,104,1.403717727186895e-05
NT,2040,52,82,104,1.3998863353504514e-05
NT,2040,52,83,104,1.6793311695381253e-05
NT,2040,52,84,104,1.6793311695381253e-05
NT,2040,52,85,104,1.6793311695381253e-05
NT,2040,52,86,104,1.3998863353504514e-05
NT,2040,52,87,104,1.403717727186895e-05
NT,2040,52,88,104,1.3764527469791107e-05
NT,2040,52,89,104,1.3764527469791107e-05
NT,2040,52,90,104,0.0
NT,2040,52,91,104,0.0
NT,2040,52,92,104,0.0
NT,2040,52,93,104,0.0
NT,2040,52,94,104,0.0
NT,2040,52,95,104,1.3764527469791107e-05
NT,2040,52,96,104,1.3764527469791107e-05
NT,2040,52,97,104,0.0
NT,2040,52,98,104,0.0
NT,2040,52,99,104,0.0
NT,2040,52,100,104,0.0
NT,2040,52,101,104,0.0
NT,2040,52,102,104,0.0
NT,2040,52,103,104,0.0
NT,2040,52,104,104,0.0
NT,2040,52,105,104,0.0
NT,2040,52,106,104,0.0
NT,2040,52,107,104,0.0
NT,2040,52,108,104,0.0
NT,2040,52,109,104,0.0
NT,2040,52,110,104,0.0
NT,2040,52,111,104,0.0
NT,2040,52,112,104,0.0
NT,2040,52,113,104,0.0
NT,2040,52,114,104,0.0
NT,2040,52,115,104,0.0
NT,2040,52,116,104,0.0
NT,2040,52,117,104,0.0
NT,2040,52,118,104,0.0
NT,2040,52,119,104,0.0
NT,2040,52,120,104,0.0
NT,2040,52,121,104,0.0
NT,2040,52,122,104,0.0
NT,2040,52,123,104,0.0
NT,2040,52,124,104,0.0
NT,2040,52,125,104,0.0
NT,2040,52,126,104,0.0
NT,2040,52,127,104,0.0
NT,2040,52,128,104,0.0
NT,2040,52,129,104,0.0
NT,2040,52,130,104,0.0
NT,2040,52,131,104,0.0
NT,2040,52,132,104,0.0
NT,2040,52,133,104,0.0
NT,2040,52,134,104,0.0
NT,2040,52,135,104,0.0
NT,2040,52,136,104,0.0
NT,2040,52,137,104,0.0
NT,2040,52,138,104,0.0
NT,2040,52,139,104,0.05115997993886862
NT,2040,52,140,104,0.05116211271570043
NT,2040,52,141,104,0.051164245581444695
NT,2040,52,142,104,0.051166378536101405
NT,2040,52,143,104,0.051168511579681476
NT,2040,52,144,104,0.05116211253786681
NT,2040,52,145,104,0.04845506790556107
NT,2040,52,146,104,0.04918965089079349
NT,2040,52,147,104,0.04990980469075354
NT,2040,52,148,104,0.051131179092891985
NT,2040,52,149,104,0.05118131170865475
NT,2040,52,150,104,0.051183445374774594
NT,2040,52,151,104,0.0511855791298396
NT,2040,52,152,104,0.0511877129738563
NT,2040,52,153,104,0.05100499134164456
NT,2040,52,154,104,0.0
NT,2040,52,155,104,0.04720517198400694
NT,2040,52,156,104,0.04720713989128498
NT,2040,52,157,104,0.04720910788060536
NT,2040,52,158,104,0.04721107595197026
NT,2040,52,159,104,0.047213044105373136
NT,2040,52,160,104,0.0
NT,2040,52,161,104,0.0
NT,2040,52,162,104,0.0
NT,2040,52,163,104,0.0
NT,2040,52,164,104,0.0
NT,2040,52,165,104,0.0
NT,2040,52,166,104,0.0
NT,2040,52,167,104,0.0
GA,2040,11,0,104,0.0
GA,2040,11,1,104,0.0
GA,2040,11,2,104,0.0
GA,2040,11,3,104,0.0
GA,2040,11,4,104,0.0
GA,2040,11,5,104,0.0
GA,2040,11,6,104,0.0
GA,2040,11,7,104,0.0
GA,2040,11,8,104,0.0
GA,2040,11,9,104,7.987415326227002e-08
GA,2040,11,10,104,0.0
GA,2040,11,11,104,0.0
GA,2040,11,12,104,0.0
GA,2040,11,13,104,0.0
GA,2040,11,14,104,0.0
GA,2040,11,15,104,0.0
GA,2040,11,16,104,0.0
GA,2040,11,17,104,0.0
GA,2040,11,18,104,0.0
GA,2040,11,19,104,0.0
GA,2040,11,20,104,0.0
GA,2040,11,21,104,1.3764527469791107e-05
GA,2040,11,22,104,7.987415326227002e-08
GA,2040,11,23,104,7.987415326227002e-08
GA,2040,11,24,104,7.987415326227002e-08
GA,2040,11,25,104,1.3764527469791107e-05
GA,2040,11,26,104,1.4037942772560704e-05
GA,2040,11,27,104,1.4037942772560704e-05
GA,2040,11,28,104,1.4037942772560704e-05
GA,2040,11,29,104,1.4151579127527662e-05
GA,2040,11,30,104,1.5361051390582844e-05
GA,2040,11,31,104,0.0
GA,2040,11,32,104,1.5362332172062046e-05
GA,2040,11,33,104,0.0
GA,2040,11,34,104,0.0
GA,2040,11,35,104,0.0
GA,2040,11,36,104,0.0
GA,2040,11,37,104,0.0
GA,2040,11,38,104,0.0
GA,2040,11,39,104,0.0
GA,2040,11,40,104,0.0
GA,2040,11,41,104,0.0
GA,2040,11,42,104,0.0
GA,2040,11,43,104,0.0
GA,2040,11,44,104,0.0
GA,2040,11,45,104,0.0
GA,2040,11,46,104,0.0
GA,2040,11,47,104,0.0
GA,2040,11,48,104,0.0
GA,2040,11,49,104,0.0
GA,2040,11,50,104,0.0
GA,2040,11,51,104,0.0
GA,2040,11,52,104,0.0
GA,2040,11,53,104,0.0
GA,2040,11,54,104,7.987415326227002e-08
GA,2040,11,55,104,1.3764527469823046e-05
GA,2040,11,56,104,1.3764527469791107e-05
GA,2040,11,57,104,0.0
GA,2040,11,58,104,0.0
GA,2040,11,59,104,0.0
GA,2040,11,60,104,0.0
GA,2040,11,61,104,2.0774182817165935e-07
GA,2040,11,62,104,4.154923167645573e-07
GA,2040,11,63,104,0.0
GA,2040,11,64,104,0.0
GA,2040,11,65,104,7.987415326227002e-08
GA,2040,11,66,104,2.1287887985856963e-05
GA,2040,11,67,104,7.2063011188356e-05
GA,2040,11,68,104,7.2063011188356e-05
GA,2040,11,69,104,5.462565053715299e-05
GA,2040,11,70,104,2.1287887985856963e-05
GA,2040,11,71,104,1.4037942772560704e-05
GA,2040,11,72,104,1.4037942772560704e-05
GA,2040,11,73,104,1.4037942772560704e-05
GA,2040,11,74,104,1.4037942772560704e-05
GA,2040,11,75,104,1.4037942772560704e-05
GA,2040,11,76,104,1.4037942772560704e-05
GA,2040,11,77,104,5.462565053715299e-05
GA,2040,11,78,104,7.243263960930682e-05
GA,2040,11,79,104,7.703048741448365e-05
GA,2040,11,80,104,7.703369869093313e-05
GA,2040,11,81,104,7.2063011188356e-05
GA,2040,11,82,104,1.4037942772560704e-05
GA,2040,11,83,104,1.3998863353504514e-05
GA,2040,11,84,104,1.3999446943479642e-05
GA,2040,11,85,104,1.4000030557784013e-05
GA,2040,11,86,104,1.4000614196417631e-05
GA,2040,11,87,104,1.403717727186895e-05
GA,2040,11,88,104,1.4037942772560704e-05
GA,2040,11,89,104,7.243263960930682e-05
GA,2040,11,90,104,0.13893171137841667
GA,2040,11,91,104,0.1389375032167925
GA,2040,11,92,104,0.27308021262403304
GA,2040,11,93,104,0.2730915968964858
GA,2040,11,94,104,0.2731029816435236
GA,2040,11,95,104,0.2578262430931324
GA,2040,11,96,104,0.25552716080810445
GA,2040,11,97,104,0.2582533430815427
GA,2040,11,98,104,0.2536484391211986
GA,2040,11,99,104,0.13387777692037503
GA,2040,11,100,104,0.2536695879484905
GA,2040,11,101,104,0.2232218306389877
GA,2040,11,102,104,0.13900122937695214
GA,2040,11,103,104,0.1390070241134182
GA,2040,11,104,104,0.13901281909145663
GA,2040,11,105,104,0.12818656192119007
GA,2040,11,106,104,0.12819190581165749
GA,2040,11,107,104,0.049650029624775334
GA,2040,11,108,104,0.04965209945421676
GA,2040,11,109,104,0.049654169369949916
GA,2040,11,110,104,0.04965623937196827
GA,2040,11,111,104,0.0496583094602849
GA,2040,11,112,104,0.05333727083230514
GA,2040,11,113,104,0.0
GA,2040,11,114,104,0.0
GA,2040,11,115,104,0.0
GA,2040,11,116,104,0.0
GA,2040,11,117,104,0.0
GA,2040,11,118,104,0.0
GA,2040,11,119,104,0.0
GA,2040,11,120,104,0.0
GA,2040,11,121,104,0.0
GA,2040,11,122,104,0.0
GA,2040,11,123,104,0.0
GA,2040,11,124,104,0.0
GA,2040,11,125,104,0.0
GA,2040,11,126,104,0.0
GA,2040,11,127,104,0.0
GA,2040,11,128,104,0.0
GA,2040,11,129,104,0.0
GA,2040,11,130,104,0.0
GA,2040,11,131,104,0.0
GA,2040,11,132,104,0.0
GA,2040,11,133,104,0.0
GA,2040,11,134,104,0.0
GA,2040,11,135,104,0.0
GA,2040,11,136,104,0.0
GA,2040,11,137,104,8.721182071795201e-15
GA,2040,11,138,104,0.0
GA,2040,11,139,104,0.0
GA,2040,11,140,104,0.0
GA,2040,11,141,104,0.0
GA,2040,11,142,104,0.0
GA,2040,11,143,104,0.0
GA,2040,11,144,104,0.0
GA,2040,11,145,104,0.0
GA,2040,11,146,104,0.05127895098718709
GA,2040,11,147,104,0.0
GA,2040,11,148,104,0.0
GA,2040,11,149,104,0.0
GA,2040,11,150,104,0.0
GA,2040,11,151,104,0.0
GA,2040,11,152,104,0.0
GA,2040,11,153,104,0.0
GA,2040,11,154,104,0.0
GA,2040,11,155,104,0.0
GA,2040,11,156,104,0.0
GA,2040,11,157,104,0.0
GA,2040,11,158,104,0.0
GA,2040,11,159,104,0.0
GA,2040,11,160,104,0.0
GA,2040,11,161,104,0.0
GA,2040,11,162,104,0.0
GA,2040,11,163,104,0.0
GA,2040,11,164,104,0.0
GA,2040,11,165,104,0.0
GA,2040,11,166,104,0.0
GA,2040,11,167,104,0.0
GA,2040,21,0,104,0.0
GA,2040,21,1,104,0.10273987592183825
GA,2040,21,2,104,0.13579874271087197
GA,2040,21,3,104,0.05236261692951688
GA,2040,21,4,104,0.052364799842335705
GA,2040,21,5,104,0.05671167477208867
GA,2040,21,6,104,0.05679447808436522
GA,2040,21,7,104,0.05679684575431428
GA,2040,21,8,104,0.0506963807357448
GA,2040,21,9,104,0.05069849418587026
GA,2040,21,10,104,0.05245186270023174
GA,2040,21,11,104,0.05339663868101724
GA,2040,21,12,104,0.05192515300706549
GA,2040,21,13,104,0.05120263719631834
GA,2040,21,14,104,0.0
GA,2040,21,15,104,0.0
GA,2040,21,16,104,0.0
GA,2040,21,17,104,0.0
GA,2040,21,18,104,0.0
GA,2040,21,19,104,0.0
GA,2040,21,20,104,0.0
GA,2040,21,21,104,0.0
GA,2040,21,22,104,0.0
GA,2040,21,23,104,0.0
GA,2040,21,24,104,0.0
GA,2040,21,25,104,0.0
GA,2040,21,26,104,0.05009429312836203
GA,2040,21,27,104,0.05085143521676817
GA,2040,21,28,104,0.0508535551308659
GA,2040,21,29,104,0.055028491712944314
GA,2040,21,30,104,0.055030785761772526
GA,2040,21,31,104,0.055033079906237216
GA,2040,21,32,104,0.054009664686943994
GA,2040,21,33,104,0.0503529865957729
GA,2040,21,34,104,0.05381303051464709
GA,2040,21,35,104,0.05050347668130685
GA,2040,21,36,104,0.05033351662587374
GA,2040,21,37,104,0.0503529865957729
GA,2040,21,38,104,0.0503529865957729
GA,2040,21,39,104,0.0
GA,2040,21,40,104,0.050341910442384
GA,2040,21,41,104,0.05034400911521864
GA,2040,21,42,104,0.050883243209388064
GA,2040,21,43,104,0.05313191039631731
GA,2040,21,44,104,0.052164412051764295
GA,2040,21,45,104,0.05085143521676817
GA,2040,21,46,104,0.05089172870048091
GA,2040,21,47,104,0.05086844079196079
GA,2040,21,48,104,0.050794136157865
GA,2040,21,49,104,0.13188509769184303
GA,2040,21,50,104,0.13237557030548605
GA,2040,21,51,104,0.1313946250781957
GA,2040,21,52,104,0.13188509769184303
GA,2040,21,53,104,0.14104402918909859
GA,2040,21,54,104,0.1410499090865841
GA,2040,21,55,104,0.14105578922919154
GA,2040,21,56,104,0.2748390915834942
GA,2040,21,57,104,7.243263960930682e-05
GA,2040,21,58,104,7.243263960930682e-05
GA,2040,21,59,104,3.619798159726685e-05
GA,2040,21,60,104,3.640792921693622e-05
GA,2040,21,61,104,3.640944700462809e-05
GA,2040,21,62,104,3.641096485559325e-05
GA,2040,21,63,104,3.641248276983489e-05
GA,2040,21,64,104,3.641400074735726e-05
GA,2040,21,65,104,2.0305560636892074e-05
GA,2040,21,66,104,1.4227498951270851e-05
GA,2040,21,67,104,1.5430397809190448e-05
GA,2040,21,68,104,1.5431041077521442e-05
GA,2040,21,69,104,1.4229278389719953e-05
GA,2040,21,70,104,1.4229871585324462e-05
GA,2040,21,71,104,1.4230464805658505e-05
GA,2040,21,72,104,1.4231058050724209e-05
GA,2040,21,73,104,0.1198545154388895
GA,2040,21,74,104,0.05034354156204936
GA,2040,21,75,104,0.05034564030288524
GA,2040,21,76,104,0.05034773913120984
GA,2040,21,77,104,0.05034983804703406
GA,2040,21,78,104,0.05035193705035572
GA,2040,21,79,104,0.0503540361411879
GA,2040,21,80,104,0.12889273399091508
GA,2040,21,81,104,1.420983922034272e-05
GA,2040,21,82,104,1.4099398062540756e-05
GA,2040,21,83,104,3.6197981597265783e-05
GA,2040,21,84,104,3.640792921693515e-05
GA,2040,21,85,104,3.640944700462703e-05
GA,2040,21,86,104,3.6410964855592184e-05
GA,2040,21,87,104,3.6412482769833824e-05
GA,2040,21,88,104,3.641400074735726e-05
GA,2040,21,89,104,1.4151579127527662e-05
GA,2040,21,90,104,1.4227498951270851e-05
GA,2040,21,91,104,0.05113972300388038
GA,2040,21,92,104,0.05114185493623141
GA,2040,21,93,104,0.048764589453193896
GA,2040,21,94,104,0.05038668979602571
GA,2040,21,95,104,0.05114825126655644
GA,2040,21,96,104,0.04997104619897633
GA,2040,21,97,104,0.050734926992569464
GA,2040,21,98,104,0.0503529865957729
GA,2040,21,99,104,0.05115678095144581
GA,2040,21,100,104,0.05039929434729974
GA,2040,21,101,104,0.0504013954123808
GA,2040,21,102,104,0.05040349656505304
GA,2040,21,103,104,0.05116531205877305
GA,2040,21,104,104,0.05116744505788817
GA,2040,21,105,104,3.536630591800446e-05
GA,2040,21,106,104,3.557877122422257e-05
GA,2040,21,107,104,3.684606817313499e-05
GA,2040,21,108,104,3.6847604226132264e-05
GA,2040,21,109,104,3.684914034316188e-05
GA,2040,21,110,104,3.6850676524233425e-05
GA,2040,21,111,104,3.68522127693437e-05
GA,2040,21,112,104,3.685374907849802e-05
GA,2040,21,113,104,1.4398714993323543e-05
GA,2040,21,114,104,0.0
GA,2040,21,115,104,0.0
GA,2040,21,116,104,0.0
GA,2040,21,117,104,0.0
GA,2040,21,118,104,0.0
GA,2040,21,119,104,0.051071852993751755
GA,2040,21,120,104,0.050673725987240834
GA,2040,21,121,104,0.0503529865957729
GA,2040,21,122,104,0.05107824056891699
GA,2040,21,123,104,0.05108036993816057
GA,2040,21,124,104,0.05108249939617925
GA,2040,21,125,104,0.05108462894297084
GA,2040,21,126,104,0.051086758578539705
GA,2040,21,127,104,0.13191240834390985
GA,2040,21,128,104,0.13004339687755317
GA,2040,21,129,104,3.640792921693515e-05
GA,2040,21,130,104,3.5778112613599275e-05
GA,2040,21,131,104,3.5988042729609234e-05
GA,2040,21,132,104,3.619798159726685e-05
GA,2040,21,133,104,3.640792921693622e-05
GA,2040,21,134,104,3.640944700462809e-05
GA,2040,21,135,104,3.641096485559325e-05
GA,2040,21,136,104,3.6412482769833824e-05
GA,2040,21,137,104,1.4226312782598891e-05
GA,2040,21,138,104,0.0
GA,2040,21,139,104,0.0
GA,2040,21,140,104,0.0
GA,2040,21,141,104,0.0
GA,2040,21,142,104,0.0
GA,2040,21,143,104,0.0
GA,2040,21,144,104,0.0
GA,2040,21,145,104,0.0
GA,2040,21,146,104,0.0
GA,2040,21,147,104,0.0
GA,2040,21,148,104,0.0
GA,2040,21,149,104,0.0
GA,2040,21,150,104,0.0
GA,2040,21,151,104,0.0
GA,2040,21,152,104,0.0
GA,2040,21,153,104,0.0
GA,2040,21,154,104,0.0
GA,2040,21,155,104,0.0
GA,2040,21,156,104,0.0
GA,2040,21,157,104,0.0
GA,2040,21,158,104,0.0
GA,2040,21,159,104,0.0
GA,2040,21,160,104,0.0
GA,2040,21,161,104,0.0
GA,2040,21,162,104,0.0
GA,2040,21,163,104,0.0
GA,2040,21,164,104,0.0
GA,2040,21,165,104,0.0
GA,2040,21,166,104,0.0
GA,2040,21,167,104,0.0
GA,2040,42,0,104,0.0
GA,2040,42,1,104,0.26002459438059927
GA,2040,42,2,104,0.14043717128921027
GA,2040,42,3,104,0.1404430258877741
GA,2040,42,4,104,0.14044888073039807
GA,2040,42,5,104,0.15232347645557875
GA,2040,42,6,104,0.15232982657497415
GA,2040,42,7,104,0.1523361769591054
GA,2040,42,8,104,0.05083765791798295
GA,2040,42,9,104,0.05083977725773197
GA,2040,42,10,104,0.05084189668581785
GA,2040,42,11,104,0.05514044976724681
GA,2040,42,12,104,0.0508461358070852
GA,2040,42,13,104,0.05084825550027103
GA,2040,42,14,104,0.05085037528181333
GA,2040,42,15,104,0.050852495151720835
GA,2040,42,16,104,0.055151944306484034
GA,2040,42,17,104,0.05515424350184967
GA,2040,42,18,104,0.05515654279306545
GA,2040,42,19,104,0.055158842180148826
GA,2040,42,20,104,0.05516114166306928
GA,2040,42,21,104,0.05086844079196079
GA,2040,42,22,104,0.052653942511178435
GA,2040,42,23,104,0.0
GA,2040,42,24,104,0.0
GA,2040,42,25,104,0.0
GA,2040,42,26,104,0.0
GA,2040,42,27,104,0.0
GA,2040,42,28,104,0.0
GA,2040,42,29,104,0.0
GA,2040,42,30,104,0.0
GA,2040,42,31,104,0.0
GA,2040,42,32,104,0.05047823987837895
GA,2040,42,33,104,0.0
GA,2040,42,34,104,0.0
GA,2040,42,35,104,0.04982680910955062
GA,2040,42,36,104,0.04982888630864599
GA,2040,42,37,104,0.04983096359433397
GA,2040,42,38,104,0.04983304096662547
GA,2040,42,39,104,0.04983511842551177
GA,2040,42,40,104,0.04983719597100594
GA,2040,42,41,104,0.05405080416179186
GA,2040,42,42,104,0.05405305745241548
GA,2040,42,43,104,0.054055310836959705
GA,2040,42,44,104,0.05239747083671274
GA,2040,42,45,104,0.05028370566845683
GA,2040,42,46,104,0.05028580191483187
GA,2040,42,47,104,0.04985174121474743
GA,2040,42,48,104,0.0
GA,2040,42,49,104,0.0
GA,2040,42,50,104,0.0
GA,2040,42,51,104,0.04986005468848417
GA,2040,42,52,104,0.05006232978105905
GA,2040,42,53,104,0.0
GA,2040,42,54,104,0.05381303051464709
GA,2040,42,55,104,0.05408235878003044
GA,2040,42,56,104,0.0503529865957729
GA,2040,42,57,104,0.050308866393413136
GA,2040,42,58,104,0.05086901595239222
GA,2040,42,59,104,0.05120793004421881
GA,2040,42,60,104,0.049878765073720084
GA,2040,42,61,104,0.049880844438773345
GA,2040,42,62,104,0.0498829238905108
GA,2040,42,63,104,0.12937862073191503
GA,2040,42,64,104,0.14575452028741342
GA,2040,42,65,104,0.1457605965576539
GA,2040,42,66,104,0.14576667308120542
GA,2040,42,67,104,0.14577274985807678
GA,2040,42,68,104,0.14577882688827665
GA,2040,42,69,104,0.1347745839863791
GA,2040,42,70,104,0.13692036510385666
GA,2040,42,71,104,0.13445926343733658
GA,2040,42,72,104,0.13597135946961503
GA,2040,42,73,104,0.13597135946961503
GA,2040,42,74,104,0.1344536582817585
GA,2040,42,75,104,0.13445926343733658
GA,2040,42,76,104,0.13937374134005395
GA,2040,42,77,104,0.14583353156175227
GA,2040,42,78,104,0.1458396111258393
GA,2040,42,79,104,0.14584569094337693
GA,2040,42,80,104,0.14234956119704628
GA,2040,42,81,104,0.05183532173177965
GA,2040,42,82,104,0.05183748266251675
GA,2040,42,83,104,0.05183964368334148
GA,2040,42,84,104,0.051841804794249484
GA,2040,42,85,104,0.051843965995258194
GA,2040,42,86,104,0.0518461272863589
GA,2040,42,87,104,0.05184828866756249
GA,2040,42,88,104,0.05633091344876286
GA,2040,42,89,104,0.05633326179345328
GA,2040,42,90,104,0.056335610236025895
GA,2040,42,91,104,0.05633795877651994
GA,2040,42,92,104,0.05634030741491798
GA,2040,42,93,104,0.14466514758777807
GA,2040,42,94,104,0.05195471488698269
GA,2040,42,95,104,0.05195688079502921
GA,2040,42,96,104,0.05195904679336614
GA,2040,42,97,104,0.05196121288200218
GA,2040,42,98,104,0.051963379060935164
GA,2040,42,99,104,0.051965545330175986
GA,2040,42,100,104,0.05196771168971811
GA,2040,42,101,104,0.05636144956694296
GA,2040,42,102,104,0.04538183929393735
GA,2040,42,103,104,0.04538373118942666
GA,2040,42,104,104,0.0
GA,2040,42,105,104,0.0
GA,2040,42,106,104,0.0
GA,2040,42,107,104,0.0
GA,2040,42,108,104,0.0
GA,2040,42,109,104,0.0
GA,2040,42,110,104,0.0
GA,2040,42,111,104,0.0
GA,2040,42,112,104,0.0
GA,2040,42,113,104,0.0
GA,2040,42,114,104,0.0
GA,2040,42,115,104,0.0
GA,2040,42,116,104,0.0
GA,2040,42,117,104,0.0
GA,2040,42,118,104,0.0
GA,2040,42,119,104,0.0
GA,2040,42,120,104,0.0
GA,2040,42,121,104,0.0
GA,2040,42,122,104,0.0
GA,2040,42,123,104,0.0
GA,2040,42,124,104,0.0
GA,2040,42,125,104,0.0
GA,2040,42,126,104,0.0
GA,2040,42,127,104,0.0
GA,2040,42,128,104,0.0
GA,2040,42,129,104,0.0
GA,2040,42,130,104,0.0
GA,2040,42,131,104,0.0
GA,2040,42,132,104,0.0
GA,2040,42,133,104,0.0
GA,2040,42,134,104,0.0
GA,2040,42,135,104,0.0
GA,2040,42,136,104,0.0
GA,2040,42,137,104,0.0
GA,2040,42,138,104,0.0
GA,2040,42,139,104,0.0
GA,2040,42,140,104,0.0
GA,2040,42,141,104,0.0
GA,2040,42,142,104,0.0
GA,2040,42,143,104,0.0
GA,2040,42,144,104,0.0
GA,2040,42,145,104,0.0
GA,2040,42,146,104,0.0
GA,2040,42,147,104,0.0
GA,2040,42,148,104,0.0
GA,2040,42,149,104,0.0
GA,2040,42,150,104,0.0
GA,2040,42,151,104,0.0
GA,2040,42,152,104,0.0
GA,2040,42,153,104,0.0
GA,2040,42,154,104,0.0
GA,2040,42,155,104,0.0
GA,2040,42,156,104,0.0
GA,2040,42,157,104,0.0
GA,2040,42,158,104,0.0
GA,2040,42,159,104,0.0
GA,2040,42,160,104,0.0
GA,2040,42,161,104,0.0
GA,2040,42,162,104,0.0
GA,2040,42,163,104,0.0
GA,2040,42,164,104,0.0
GA,2040,42,165,104,0.0
GA,2040,42,166,104,0.0
GA,2040,42,167,104,0.0
GA,2040,52,0,104,0.0
GA,2040,52,1,104,0.0
GA,2040,52,2,104,0.0
GA,2040,52,3,104,1.3081773107692803e-14
GA,2040,52,4,104,0.0
GA,2040,52,5,104,0.0
GA,2040,52,6,104,0.0
GA,2040,52,7,104,0.0
GA,2040,52,8,104,0.0
GA,2040,52,9,104,0.0
GA,2040,52,10,104,0.0
GA,2040,52,11,104,0.0
GA,2040,52,12,104,0.0
GA,2040,52,13,104,0.0
GA,2040,52,14,104,0.0
GA,2040,52,15,104,0.0
GA,2040,52,16,104,0.0
GA,2040,52,17,104,0.0
GA,2040,52,18,104,0.0
GA,2040,52,19,104,0.0
GA,2040,52,20,104,0.0
GA,2040,52,21,104,0.0
GA,2040,52,22,104,0.0
GA,2040,52,23,104,0.0
GA,2040,52,24,104,0.0
GA,2040,52,25,104,0.0
GA,2040,52,26,104,0.0
GA,2040,52,27,104,0.0
GA,2040,52,28,104,0.0
GA,2040,52,29,104,0.0
GA,2040,52,30,104,0.0
GA,2040,52,31,104,0.0
GA,2040,52,32,104,0.0
GA,2040,52,33,104,0.0
GA,2040,52,34,104,0.0
GA,2040,52,35,104,0.0
GA,2040,52,36,104,0.0
GA,2040,52,37,104,0.0
GA,2040,52,38,104,0.0
GA,2040,52,39,104,0.0
GA,2040,52,40,104,0.0
GA,2040,52,41,104,0.0
GA,2040,52,42,104,0.0
GA,2040,52,43,104,0.0
GA,2040,52,44,104,0.0
GA,2040,52,45,104,0.0
GA,2040,52,46,104,0.0
GA,2040,52,47,104,0.0
GA,2040,52,48,104,0.0
GA,2040,52,49,104,8.179690689252458e-07
GA,2040,52,50,104,1.3889952037139035e-05
GA,2040,52,51,104,1.3868547544975555e-05
GA,2040,52,52,104,1.3868547544975555e-05
GA,2040,52,53,104,1.3889952037139035e-05
GA,2040,52,54,104,8.179690689252458e-07
GA,2040,52,55,104,8.179690689252458e-07
GA,2040,52,56,104,0.0
GA,2040,52,57,104,0.0
GA,2040,52,58,104,0.0
GA,2040,52,59,104,0.0
GA,2040,52,60,104,0.0
GA,2040,52,61,104,0.0
GA,2040,52,62,104,0.0
GA,2040,52,63,104,0.0
GA,2040,52,64,104,0.0
GA,2040,52,65,104,0.0
GA,2040,52,66,104,0.0
GA,2040,52,67,104,0.0
GA,2040,52,68,104,0.0
GA,2040,52,69,104,0.0
GA,2040,52,70,104,0.0
GA,2040,52,71,104,1.3906238313667793e-05
GA,2040,52,72,104,1.3868547544975555e-05
GA,2040,52,73,104,1.3868547544975555e-05
GA,2040,52,74,104,1.3889952037139035e-05
GA,2040,52,75,104,1.3868547544975555e-05
GA,2040,52,76,104,1.386912570229514e-05
GA,2040,52,77,104,1.3905188785074079e-05
GA,2040,52,78,104,1.3991017566989218e-05
GA,2040,52,79,104,1.403717727186895e-05
GA,2040,52,80,104,1.403717727186895e-05
GA,2040,52,81,104,1.3998863353504514e-05
GA,2040,52,82,104,1.556608398763302e-05
GA,2040,52,83,104,1.387317347845612e-05
GA,2040,52,84,104,1.3873751828623269e-05
GA,2040,52,85,104,1.3874330202901419e-05
GA,2040,52,86,104,1.556608398763302e-05
GA,2040,52,87,104,1.403717727186895e-05
GA,2040,52,88,104,1.3764527469823046e-05
GA,2040,52,89,104,1.3764527469823046e-05
GA,2040,52,90,104,1.3764527469791107e-05
GA,2040,52,91,104,1.3764527469791107e-05
GA,2040,52,92,104,1.3764527469791107e-05
GA,2040,52,93,104,1.3764527469791107e-05
GA,2040,52,94,104,1.3764527469791107e-05
GA,2040,52,95,104,1.3764527469791107e-05
GA,2040,52,96,104,7.987415326227002e-08
GA,2040,52,97,104,0.0
GA,2040,52,98,104,0.0
GA,2040,52,99,104,0.0
GA,2040,52,100,104,0.0
GA,2040,52,101,104,0.0
GA,2040,52,102,104,0.0
GA,2040,52,103,104,0.0
GA,2040,52,104,104,0.0
GA,2040,52,105,104,0.0
GA,2040,52,106,104,0.0
GA,2040,52,107,104,0.0
GA,2040,52,108,104,0.0
GA,2040,52,109,104,0.0
GA,2040,52,110,104,0.0
GA,2040,52,111,104,0.0
GA,2040,52,112,104,0.0
GA,2040,52,113,104,0.0
GA,2040,52,114,104,0.0
GA,2040,52,115,104,0.0
GA,2040,52,116,104,0.0
GA,2040,52,117,104,0.0
GA,2040,52,118,104,0.0
GA,2040,52,119,104,0.0
GA,2040,52,120,104,0.0
GA,2040,52,121,104,0.0
GA,2040,52,122,104,0.0
GA,2040,52,123,104,0.0
GA,2040,52,124,104,0.0
GA,2040,52,125,104,0.0
GA,2040,52,126,104,0.0
GA,2040,52,127,104,0.0
GA,2040,52,128,104,0.0
GA,2040,52,129,104,0.0
GA,2040,52,130,104,0.0
GA,2040,52,131,104,0.0
GA,2040,52,132,104,0.0
GA,2040,52,133,104,1.2809298664842707e-05
GA,2040,52,134,104,0.0
GA,2040,52,135,104,0.0
GA,2040,52,136,104,0.0
GA,2040,52,137,104,0.0
GA,2040,52,138,104,0.0
GA,2040,52,139,104,1.5400969116467405e-05
GA,2040,52,140,104,1.540161115796378e-05
GA,2040,52,141,104,1.5402253226226266e-05
GA,2040,52,142,104,1.540289532125592e-05
GA,2040,52,143,104,1.5403537443053817e-05
GA,2040,52,144,104,1.420983922034272e-05
GA,2040,52,145,104,1.420983922034272e-05
GA,2040,52,146,104,1.420983922034272e-05
GA,2040,52,147,104,1.420983922034272e-05
GA,2040,52,148,104,1.5406748453594533e-05
GA,2040,52,149,104,1.5407390736022083e-05
GA,2040,52,150,104,1.5408033045226385e-05
GA,2040,52,151,104,1.540867538120531e-05
GA,2040,52,152,104,1.5409317743964187e-05
GA,2040,52,153,104,1.420983922034272e-05
GA,2040,52,154,104,1.420983922034272e-05
GA,2040,52,155,104,1.420983922034272e-05
GA,2040,52,156,104,1.4210431605559704e-05
GA,2040,52,157,104,1.4211024015473217e-05
GA,2040,52,158,104,1.4211616450081133e-05
GA,2040,52,159,104,0.0
GA,2040,52,160,104,0.0
GA,2040,52,161,104,0.0
GA,2040,52,162,104,0.0
GA,2040,52,163,104,0.0
GA,2040,52,164,104,0.0
GA,2040,52,165,104,0.0
GA,2040,52,166,104,0.0
GA,2040,52,167,104,0.0
DE,2040,11,0,104,0.0
DE,2040,11,1,104,0.0
DE,2040,11,2,104,0.0
DE,2040,11,3,104,0.0
DE,2040,11,4,104,0.0
DE,2040,11,5,104,7.987415326227002e-08
DE,2040,11,6,104,0.0
DE,2040,11,7,104,0.0
DE,2040,11,8,104,0.0
DE,2040,11,9,104,1.3764527469791107e-05
DE,2040,11,10,104,7.987415326227002e-08
DE,2040,11,11,104,7.987415326227002e-08
DE,2040,11,12,104,0.0
DE,2040,11,13,104,0.0
DE,2040,11,14,104,0.0
DE,2040,11,15,104,0.0
DE,2040,11,16,104,0.0
DE,2040,11,17,104,0.0
DE,2040,11,18,104,0.0
DE,2040,11,19,104,0.0
DE,2040,11,20,104,0.0
DE,2040,11,21,104,0.0
DE,2040,11,22,104,0.0
DE,2040,11,23,104,1.230527488781218e-05
DE,2040,11,24,104,1.2096775469610239e-05
DE,2040,11,25,104,1.4043210623124533e-05
DE,2040,11,26,104,3.6539626259119565e-05
DE,2040,11,27,104,3.6539626259119565e-05
DE,2040,11,28,104,3.685374907849802e-05
DE,2040,11,29,104,0.12379722375336837
DE,2040,11,30,104,0.05284563401511642
DE,2040,11,31,104,0.05284783706413734
DE,2040,11,32,104,0.05285004020500322
DE,2040,11,33,104,0.04948058391254724
DE,2040,11,34,104,0.0
DE,2040,11,35,104,0.0
DE,2040,11,36,104,0.0
DE,2040,11,37,104,0.0
DE,2040,11,38,104,0.0
DE,2040,11,39,104,0.0
DE,2040,11,40,104,0.0
DE,2040,11,41,104,0.0
DE,2040,11,42,104,0.0
DE,2040,11,43,104,0.0
DE,2040,11,44,104,0.0
DE,2040,11,45,104,0.0
DE,2040,11,46,104,0.0
DE,2040,11,47,104,0.0
DE,2040,11,48,104,0.0
DE,2040,11,49,104,0.0
DE,2040,11,50,104,0.0
DE,2040,11,51,104,0.0
DE,2040,11,52,104,0.0
DE,2040,11,53,104,0.0
DE,2040,11,54,104,0.0
DE,2040,11,55,104,0.0
DE,2040,11,56,104,1.3764527469823046e-05
DE,2040,11,57,104,7.987415326227002e-08
DE,2040,11,58,104,0.0
DE,2040,11,59,104,0.0
DE,2040,11,60,104,2.0843858435332932e-07
DE,2040,11,61,104,4.1688585817543787e-07
DE,2040,11,62,104,6.253418218272242e-07
DE,2040,11,63,104,8.338064756706513e-07
DE,2040,11,64,104,1.0422798200687471e-06
DE,2040,11,65,104,1.3764527469791107e-05
DE,2040,11,66,104,7.2063011188356e-05
DE,2040,11,67,104,7.243263960930682e-05
DE,2040,11,68,104,7.758369216000277e-05
DE,2040,11,69,104,7.243263960930682e-05
DE,2040,11,70,104,7.2063011188356e-05
DE,2040,11,71,104,7.2063011188356e-05
DE,2040,11,72,104,5.462565053715299e-05
DE,2040,11,73,104,3.640792921693515e-05
DE,2040,11,74,104,3.640792921693515e-05
DE,2040,11,75,104,3.661788558898142e-05
DE,2040,11,76,104,5.462565053715299e-05
DE,2040,11,77,104,7.243263960930682e-05
DE,2040,11,78,104,7.812969493151612e-05
DE,2040,11,79,104,7.60986526212258e-05
DE,2040,11,80,104,7.813620926856461e-05
DE,2040,11,81,104,7.2063011188356e-05
DE,2040,11,82,104,7.2063011188356e-05
DE,2040,11,83,104,7.164015208150163e-05
DE,2040,11,84,104,7.18515772279421e-05
DE,2040,11,85,104,7.2063011188356e-05
DE,2040,11,86,104,7.206601537875519e-05
DE,2040,11,87,104,7.206901969439362e-05
DE,2040,11,88,104,7.207202413527662e-05
DE,2040,11,89,104,0.2500806507448248
DE,2040,11,90,104,0.2802944380365242
DE,2040,11,91,104,0.280306123058363
DE,2040,11,92,104,0.2803178085673386
DE,2040,11,93,104,0.2803294945634512
DE,2040,11,94,104,0.27738183442545816
DE,2040,11,95,104,0.26053793631637917
DE,2040,11,96,104,0.2585191100414215
DE,2040,11,97,104,0.2585298872850531
DE,2040,11,98,104,0.2585406649779695
DE,2040,11,99,104,0.2585514431201838
DE,2040,11,100,104,0.2585622217117308
DE,2040,11,101,104,0.25857300075261713
DE,2040,11,102,104,0.26303382594940755
DE,2040,11,103,104,0.26304479140425463
DE,2040,11,104,104,0.26305575731621156
DE,2040,11,105,104,0.05042371935798705
DE,2040,11,106,104,0.050425821441307535
DE,2040,11,107,104,0.05042792361225627
DE,2040,11,108,104,0.05043002587083981
DE,2040,11,109,104,0.050432128217064685
DE,2040,11,110,104,0.05043423065093308
DE,2040,11,111,104,0.05043633317244936
DE,2040,11,112,104,0.050438435781611335
DE,2040,11,113,104,0.0
DE,2040,11,114,104,0.0
DE,2040,11,115,104,0.0
DE,2040,11,116,104,0.0
DE,2040,11,117,104,0.0
DE,2040,11,118,104,-8.721182071795201e-15
DE,2040,11,119,104,0.0
DE,2040,11,120,104,0.0
DE,2040,11,121,104,0.0
DE,2040,11,122,104,0.0
DE,2040,11,123,104,0.0
DE,2040,11,124,104,0.0
DE,2040,11,125,104,0.0
DE,2040,11,126,104,0.0
DE,2040,11,127,104,0.0
DE,2040,11,128,104,0.0
DE,2040,11,129,104,0.0
DE,2040,11,130,104,0.0
DE,2040,11,131,104,0.0
DE,2040,11,132,104,0.0
DE,2040,11,133,104,0.0
DE,2040,11,134,104,0.0
DE,2040,11,135,104,0.0
DE,2040,11,136,104,0.0
DE,2040,11,137,104,0.0
DE,2040,11,138,104,0.0
DE,2040,11,139,104,0.0
DE,2040,11,140,104,0.0
DE,2040,11,141,104,0.0
DE,2040,11,142,104,0.0
DE,2040,11,143,104,0.0
DE,2040,11,144,104,0.0
DE,2040,11,145,104,0.0
DE,2040,11,146,104,0.05116531205877305
DE,2040,11,147,104,0.05116531205877305
DE,2040,11,148,104,0.05127895098718709
DE,2040,11,149,104,0.0
DE,2040,11,150,104,0.0
DE,2040,11,151,104,0.0
DE,2040,11,152,104,0.0
DE,2040,11,153,104,0.0
DE,2040,11,154,104,0.0
DE,2040,11,155,104,0.0
DE,2040,11,156,104,0.0
DE,2040,11,157,104,0.0
DE,2040,11,158,104,0.0
DE,2040,11,159,104,0.0
DE,2040,11,160,104,0.0
DE,2040,11,161,104,0.0
DE,2040,11,162,104,0.0
DE,2040,11,163,104,0.0
DE,2040,11,164,104,0.0
DE,2040,11,165,104,0.0
DE,2040,11,166,104,0.0
DE,2040,11,167,104,0.0
DE,2040,21,0,104,0.0
DE,2040,21,1,104,0.26726735205760854
DE,2040,21,2,104,0.053262255957113425
DE,2040,21,3,104,0.0532644763744295
DE,2040,21,4,104,0.05326669688431001
DE,2040,21,5,104,0.057770260656602596
DE,2040,21,6,104,0.05777266900534987
DE,2040,21,7,104,0.05777507745448667
DE,2040,21,8,104,0.05127681333976042
DE,2040,21,9,104,0.05127895098718709
DE,2040,21,10,104,0.053678653371231455
DE,2040,21,11,104,0.05474694729531875
DE,2040,21,12,104,0.05196554536027932
DE,2040,21,13,104,0.0526414501594445
DE,2040,21,14,104,0.05128964056111197
DE,2040,21,15,104,0.0
DE,2040,21,16,104,0.0
DE,2040,21,17,104,0.0
DE,2040,21,18,104,0.0
DE,2040,21,19,104,0.04072992106975331
DE,2040,21,20,104,0.0
DE,2040,21,21,104,0.0
DE,2040,21,22,104,0.0
DE,2040,21,23,104,0.0
DE,2040,21,24,104,0.0
DE,2040,21,25,104,0.0
DE,2040,21,26,104,0.051276813310058254
DE,2040,21,27,104,0.05127895095748275
DE,2040,21,28,104,0.05128108869402246
DE,2040,21,29,104,0.05561677434293664
DE,2040,21,30,104,0.05561909291631097
DE,2040,21,31,104,0.05562141158635961
DE,2040,21,32,104,0.05503655333585973
DE,2040,21,33,104,0.050781126621730635
DE,2040,21,34,104,0.055041142201318116
DE,2040,21,35,104,0.05258491882797823
DE,2040,21,36,104,0.0504742913387025
DE,2040,21,37,104,0.0504763955302859
DE,2040,21,38,104,0.05047849980958695
DE,2040,21,39,104,0.05085143521676817
DE,2040,21,40,104,0.05077391501493067
DE,2040,21,41,104,0.05088913457482685
DE,2040,21,42,104,0.05089125606054918
DE,2040,21,43,104,0.05475545832369191
DE,2040,21,44,104,0.05381303051464709
DE,2040,21,45,104,0.05085143521676817
DE,2040,21,46,104,0.05089974288789936
DE,2040,21,47,104,0.05084818012346721
DE,2040,21,48,104,0.05692534806327212
DE,2040,21,49,104,0.13240315353831872
DE,2040,21,50,104,0.13269914901201826
DE,2040,21,51,104,0.13055299052519218
DE,2040,21,52,104,0.13123207803082237
DE,2040,21,53,104,0.14106624013206595
DE,2040,21,54,104,0.14107212095549249
DE,2040,21,55,104,0.2772757815126347
DE,2040,21,56,104,0.26889602800788637
DE,2040,21,57,104,0.12191874746195648
DE,2040,21,58,104,0.12192383005737785
DE,2040,21,59,104,0.1219289128646825
DE,2040,21,60,104,0.12193399588388136
DE,2040,21,61,104,0.12193907911497878
DE,2040,21,62,104,0.12194416255799222
DE,2040,21,63,104,0.12194924621293037
DE,2040,21,64,104,0.12195433007979542
DE,2040,21,65,104,0.1230264472257042
DE,2040,21,66,104,0.051675875843796355
DE,2040,21,67,104,0.051678030127497034
DE,2040,21,68,104,0.051680184500999725
DE,2040,21,69,104,0.05002268593254316
DE,2040,21,70,104,0.05085143521676817
DE,2040,21,71,104,0.050184838638013894
DE,2040,21,72,104,0.04935608935378452
DE,2040,21,73,104,0.05085143521676817
DE,2040,21,74,104,0.05085143521676817
DE,2040,21,75,104,0.04915730502317423
DE,2040,21,76,104,0.05169742272258919
DE,2040,21,77,104,0.05169957790453674
DE,2040,21,78,104,0.05170173317633208
DE,2040,21,79,104,0.05170388853798613
DE,2040,21,80,104,0.05170604398948143
DE,2040,21,81,104,0.12525248881756945
DE,2040,21,82,104,0.05126186087392248
DE,2040,21,83,104,0.12205096382850719
DE,2040,21,84,104,0.12205605193582028
DE,2040,21,85,104,0.12206114025523687
DE,2040,21,86,104,0.12206622878678096
DE,2040,21,87,104,0.12207131753045908
DE,2040,21,88,104,0.12207640648627777
DE,2040,21,89,104,0.04769510371009701
DE,2040,21,90,104,0.05172760344724724
DE,2040,21,91,104,0.05172975988738011
DE,2040,21,92,104,0.05173191641741527
DE,2040,21,93,104,0.05059870770013301
DE,2040,21,94,104,0.051736229747192525
DE,2040,21,95,104,0.050594394370351396
DE,2040,21,96,104,0.0503529865957729
DE,2040,21,97,104,0.051079298362708254
DE,2040,21,98,104,0.050807760511060694
DE,2040,21,99,104,0.0503529865957729
DE,2040,21,100,104,0.051749171894482665
DE,2040,21,101,104,0.05175132923377812
DE,2040,21,102,104,0.05175348666300423
DE,2040,21,103,104,0.05175564418216534
DE,2040,21,104,104,0.05175780179127673
DE,2040,21,105,104,0.09038640294988722
DE,2040,21,106,104,0.05176211727933505
DE,2040,21,107,104,0.12217313696547684
DE,2040,21,108,104,0.12217823016598424
DE,2040,21,109,104,0.12218332357881753
DE,2040,21,110,104,0.12218841720398982
DE,2040,21,111,104,0.12219351104150325
DE,2040,21,112,104,0.12219860509136875
DE,2040,21,113,104,0.05059382646332928
DE,2040,21,114,104,0.029161553859318377
DE,2040,21,115,104,0.029162769557338732
DE,2040,21,116,104,0.02916398530604224
DE,2040,21,117,104,0.0
DE,2040,21,118,104,0.051788017764962106
DE,2040,21,119,104,0.05117036003659593
DE,2040,21,120,104,0.05056652154732347
DE,2040,21,121,104,0.05113634888621724
DE,2040,21,122,104,0.05085143521676817
DE,2040,21,123,104,0.05147918890077793
DE,2040,21,124,104,0.05116531205877305
DE,2040,21,125,104,0.05180313236614114
DE,2040,21,126,104,0.05180529195495431
DE,2040,21,127,104,0.1337677515051454
DE,2040,21,128,104,0.13377332806638537
DE,2040,21,129,104,0.12118459147851596
DE,2040,21,130,104,0.131430440533663
DE,2040,21,131,104,0.12100340686551608
DE,2040,21,132,104,0.1210084513018675
DE,2040,21,133,104,0.1210134959485128
DE,2040,21,134,104,0.1210185408054585
DE,2040,21,135,104,0.1210235858727155
DE,2040,21,136,104,0.12102863115029908
DE,2040,21,137,104,0.051281490322139064
DE,2040,21,138,104,0.0
DE,2040,21,139,104,0.0
DE,2040,21,140,104,0.0
DE,2040,21,141,104,0.0
DE,2040,21,142,104,0.0
DE,2040,21,143,104,0.0
DE,2040,21,144,104,0.0
DE,2040,21,145,104,0.0
DE,2040,21,146,104,0.0
DE,2040,21,147,104,0.0
DE,2040,21,148,104,0.0
DE,2040,21,149,104,0.0
DE,2040,21,150,104,0.0
DE,2040,21,151,104,0.0
DE,2040,21,152,104,0.0
DE,2040,21,153,104,0.0
DE,2040,21,154,104,0.0
DE,2040,21,155,104,0.0
DE,2040,21,156,104,0.0
DE,2040,21,157,104,0.0
DE,2040,21,158,104,0.0
DE,2040,21,159,104,0.0
DE,2040,21,160,104,0.0
DE,2040,21,161,104,0.0
DE,2040,21,162,104,0.0
DE,2040,21,163,104,0.0
DE,2040,21,164,104,0.0
DE,2040,21,165,104,0.0
DE,2040,21,166,104,0.0
DE,2040,21,167,104,0.0
DE,2040,42,0,104,0.0
DE,2040,42,1,104,0.22677025957824945
DE,2040,42,2,104,0.16326663199264943
DE,2040,42,3,104,0.16327343831449756
DE,2040,42,4,104,0.16328024492010676
DE,2040,42,5,104,0.17708517443075858
DE,2040,42,6,104,0.17709255682530428
DE,2040,42,7,104,0.17709993952761616
DE,2040,42,8,104,0.053451106423422864
DE,2040,42,9,104,0.051870685264648955
DE,2040,42,10,104,0.05187284766963648
DE,2040,42,11,104,0.05625856503518176
DE,2040,42,12,104,0.051877172750051014
DE,2040,42,13,104,0.05187933542549329
DE,2040,42,14,104,0.05188149819109079
DE,2040,42,15,104,0.051883661046843506
DE,2040,42,16,104,0.05627029265593305
DE,2040,42,17,104,0.056272638473442944
DE,2040,42,18,104,0.05627498438873037
DE,2040,42,19,104,0.05627733040183021
DE,2040,42,20,104,0.05627967651272503
DE,2040,42,21,104,0.05327275925470431
DE,2040,42,22,104,0.051717454091895224
DE,2040,42,23,104,0.050342492235376866
DE,2040,42,24,104,0.0
DE,2040,42,25,104,0.0
DE,2040,42,26,104,0.0
DE,2040,42,27,104,0.0
DE,2040,42,28,104,0.0
DE,2040,42,29,104,0.0
DE,2040,42,30,104,0.0
DE,2040,42,31,104,0.054614756889357095
DE,2040,42,32,104,0.05301130413993925
DE,2040,42,33,104,0.0
DE,2040,42,34,104,0.0
DE,2040,42,35,104,0.0
DE,2040,42,36,104,0.0
DE,2040,42,37,104,0.0
DE,2040,42,38,104,0.0
DE,2040,42,39,104,0.0
DE,2040,42,40,104,0.05008145860346527
DE,2040,42,41,104,0.054637529169994106
DE,2040,42,42,104,0.054639806920225936
DE,2040,42,43,104,0.05464208476542054
DE,2040,42,44,104,0.05436496263609214
DE,2040,42,45,104,0.050388683787445786
DE,2040,42,46,104,0.05039078441018848
DE,2040,42,47,104,0.0503928851204962
DE,2040,42,48,104,0.0
DE,2040,42,49,104,0.0
DE,2040,42,50,104,0.05039918777689894
DE,2040,42,51,104,0.050401288837532185
DE,2040,42,52,104,0.05040338998575663
DE,2040,42,53,104,0.0
DE,2040,42,54,104,0.0
DE,2040,42,55,104,0.054669426315671725
DE,2040,42,56,104,0.05163334380148134
DE,2040,42,57,104,0.0504138970408579
DE,2040,42,58,104,0.051841138930714105
DE,2040,42,59,104,0.051841138930714105
DE,2040,42,60,104,0.05042020232522533
DE,2040,42,61,104,0.05042230426192312
DE,2040,42,62,104,0.05042440628624917
DE,2040,42,63,104,0.05042650839819911
DE,2040,42,64,104,0.149947416194754
DE,2040,42,65,104,0.14995366726004486
DE,2040,42,66,104,0.14995991858593335
DE,2040,42,67,104,0.14996617017242822
DE,2040,42,68,104,0.14997242201954253
DE,2040,42,69,104,0.13829263579664194
DE,2040,42,70,104,0.13829840099297952
DE,2040,42,71,104,0.13830416642967508
DE,2040,42,72,104,0.13830993210670678
DE,2040,42,73,104,0.13831569802410734
DE,2040,42,74,104,0.13832146418187893
DE,2040,42,75,104,0.1383272305800303
DE,2040,42,76,104,0.05357554404645862
DE,2040,42,77,104,0.0581052200609582
DE,2040,42,78,104,0.058107642373621794
DE,2040,42,79,104,0.05811006478726359
DE,2040,42,80,104,0.05760846603685447
DE,2040,42,81,104,0.05312194405581484
DE,2040,42,82,104,0.05312415862375343
DE,2040,42,83,104,0.05312637328401663
DE,2040,42,84,104,0.05312858803660443
DE,2040,42,85,104,0.0531308028815234
DE,2040,42,86,104,0.05313301781877134
DE,2040,42,87,104,0.053135232848363516
DE,2040,42,88,104,0.06387197055839276
DE,2040,42,89,104,0.06387463327755229
DE,2040,42,90,104,0.06387729610771502
DE,2040,42,91,104,0.06387995904889839
DE,2040,42,92,104,0.06388262210108497
DE,2040,42,93,104,0.06387729599670745
DE,2040,42,94,104,0.0525172692831556
DE,2040,42,95,104,0.05196229597899069
DE,2040,42,96,104,0.05196446220307977
DE,2040,42,97,104,0.051966628517474515
DE,2040,42,98,104,0.05196879492218146
DE,2040,42,99,104,0.051970961417198425
DE,2040,42,100,104,0.05197312800253413
DE,2040,42,101,104,0.05611643831050608
DE,2040,42,102,104,0.0563696736778034
DE,2040,42,103,104,0.056372023638337
DE,2040,42,104,104,0.0
DE,2040,42,105,104,0.0
DE,2040,42,106,104,0.0
DE,2040,42,107,104,0.0
DE,2040,42,108,104,0.0
DE,2040,42,109,104,0.0
DE,2040,42,110,104,0.0
DE,2040,42,111,104,0.0
DE,2040,42,112,104,0.0
DE,2040,42,113,104,0.0
DE,2040,42,114,104,0.0
DE,2040,42,115,104,0.0
DE,2040,42,116,104,0.0
DE,2040,42,117,104,0.0
DE,2040,42,118,104,0.0
DE,2040,42,119,104,0.0
DE,2040,42,120,104,0.0
DE,2040,42,121,104,0.0
DE,2040,42,122,104,0.0
DE,2040,42,123,104,0.0
DE,2040,42,124,104,0.0
DE,2040,42,125,104,0.0
DE,2040,42,126,104,0.0
DE,2040,42,127,104,0.0
DE,2040,42,128,104,0.0
DE,2040,42,129,104,0.0
DE,2040,42,130,104,0.0
DE,2040,42,131,104,0.0
DE,2040,42,132,104,0.0
DE,2040,42,133,104,0.0
DE,2040,42,134,104,0.0
DE,2040,42,135,104,0.0
DE,2040,42,136,104,0.0
DE,2040,42,137,104,0.0
DE,2040,42,138,104,0.0
DE,2040,42,139,104,0.0
DE,2040,42,140,104,0.0
DE,2040,42,141,104,0.0
DE,2040,42,142,104,0.0
DE,2040,42,143,104,0.0
DE,2040,42,144,104,0.0
DE,2040,42,145,104,0.0
DE,2040,42,146,104,0.0
DE,2040,42,147,104,0.0
DE,2040,42,148,104,0.0
DE,2040,42,149,104,0.0
DE,2040,42,150,104,0.0
DE,2040,42,151,104,0.0
DE,2040,42,152,104,0.0
DE,2040,42,153,104,0.0
DE,2040,42,154,104,0.0
DE,2040,42,155,104,0.0
DE,2040,42,156,104,0.0
DE,2040,42,157,104,0.0
DE,2040,42,158,104,0.0
DE,2040,42,159,104,0.0
DE,2040,42,160,104,0.0
DE,2040,42,161,104,0.0
DE,2040,42,162,104,0.0
DE,2040,42,163,104,0.0
DE,2040,42,164,104,0.0
DE,2040,42,165,104,0.0
DE,2040,42,166,104,0.0
DE,2040,42,167,104,0.0
DE,2040,52,0,104,0.0
DE,2040,52,1,104,0.0
DE,2040,52,2,104,0.0
DE,2040,52,3,104,0.0
DE,2040,52,4,104,-1.3081773107692803e-14
DE,2040,52,5,104,0.0
DE,2040,52,6,104,0.0
DE,2040,52,7,104,0.0
DE,2040,52,8,104,0.0
DE,2040,52,9,104,0.0
DE,2040,52,10,104,0.0
DE,2040,52,11,104,0.0
DE,2040,52,12,104,0.0
DE,2040,52,13,104,0.0
DE,2040,52,14,104,0.0
DE,2040,52,15,104,0.0
DE,2040,52,16,104,0.0
DE,2040,52,17,104,0.0
DE,2040,52,18,104,0.0
DE,2040,52,19,104,0.0
DE,2040,52,20,104,0.0
DE,2040,52,21,104,0.0
DE,2040,52,22,104,0.0
DE,2040,52,23,104,0.0
DE,2040,52,24,104,0.0
DE,2040,52,25,104,0.0
DE,2040,52,26,104,0.0
DE,2040,52,27,104,0.0
DE,2040,52,28,104,0.0
DE,2040,52,29,104,0.0
DE,2040,52,30,104,0.0
DE,2040,52,31,104,0.0
DE,2040,52,32,104,0.0
DE,2040,52,33,104,0.0
DE,2040,52,34,104,0.0
DE,2040,52,35,104,0.0
DE,2040,52,36,104,0.0
DE,2040,52,37,104,0.0
DE,2040,52,38,104,0.0
DE,2040,52,39,104,0.0
DE,2040,52,40,104,0.0
DE,2040,52,41,104,0.0
DE,2040,52,42,104,0.0
DE,2040,52,43,104,0.0
DE,2040,52,44,104,0.0
DE,2040,52,45,104,0.0
DE,2040,52,46,104,0.0
DE,2040,52,47,104,0.0
DE,2040,52,48,104,0.0
DE,2040,52,49,104,0.0
DE,2040,52,50,104,8.179690689252458e-07
DE,2040,52,51,104,1.0244705915243503e-06
DE,2040,52,52,104,1.2309807228371967e-06
DE,2040,52,53,104,1.4374994632246834e-06
DE,2040,52,54,104,0.0
DE,2040,52,55,104,0.0
DE,2040,52,56,104,0.0
DE,2040,52,57,104,0.0
DE,2040,52,58,104,0.0
DE,2040,52,59,104,0.0
DE,2040,52,60,104,0.0
DE,2040,52,61,104,0.0
DE,2040,52,62,104,0.0
DE,2040,52,63,104,0.0
DE,2040,52,64,104,0.0
DE,2040,52,65,104,0.0
DE,2040,52,66,104,0.0
DE,2040,52,67,104,0.0
DE,2040,52,68,104,0.0
DE,2040,52,69,104,0.0
DE,2040,52,70,104,7.987415326227002e-08
DE,2040,52,71,104,0.0
DE,2040,52,72,104,1.3906238313667793e-05
DE,2040,52,73,104,1.3905188785074079e-05
DE,2040,52,74,104,1.3905188785074079e-05
DE,2040,52,75,104,1.3905768469906787e-05
DE,2040,52,76,104,1.386710740812849e-05
DE,2040,52,77,104,1.3660622770392603e-05
DE,2040,52,78,104,1.403717727186895e-05
DE,2040,52,79,104,1.3764527469791107e-05
DE,2040,52,80,104,1.4037942772560704e-05
DE,2040,52,81,104,1.403717727186895e-05
DE,2040,52,82,104,1.403717727186895e-05
DE,2040,52,83,104,1.6793311695381253e-05
DE,2040,52,84,104,1.6793311695381253e-05
DE,2040,52,85,104,1.6793311695381253e-05
DE,2040,52,86,104,1.403717727186895e-05
DE,2040,52,87,104,1.403717727186895e-05
DE,2040,52,88,104,1.3764527469823046e-05
DE,2040,52,89,104,1.4037942772560704e-05
DE,2040,52,90,104,0.0
DE,2040,52,91,104,0.0
DE,2040,52,92,104,0.0
DE,2040,52,93,104,0.0
DE,2040,52,94,104,0.0
DE,2040,52,95,104,0.0
DE,2040,52,96,104,1.3764527469823046e-05
DE,2040,52,97,104,7.987415326227002e-08
DE,2040,52,98,104,0.0
DE,2040,52,99,104,0.0
DE,2040,52,100,104,0.0
DE,2040,52,101,104,0.0
DE,2040,52,102,104,0.0
DE,2040,52,103,104,0.0
DE,2040,52,104,104,0.0
DE,2040,52,105,104,0.0
DE,2040,52,106,104,0.0
DE,2040,52,107,104,0.0
DE,2040,52,108,104,0.0
DE,2040,52,109,104,0.0
DE,2040,52,110,104,0.0
DE,2040,52,111,104,0.0
DE,2040,52,112,104,0.0
DE,2040,52,113,104,0.0
DE,2040,52,114,104,0.0
DE,2040,52,115,104,0.0
DE,2040,52,116,104,0.0
DE,2040,52,117,104,0.0
DE,2040,52,118,104,0.0
DE,2040,52,119,104,0.0
DE,2040,52,120,104,0.0
DE,2040,52,121,104,0.0
DE,2040,52,122,104,0.0
DE,2040,52,123,104,0.0
DE,2040,52,124,104,0.0
DE,2040,52,125,104,0.0
DE,2040,52,126,104,0.0
DE,2040,52,127,104,0.0
DE,2040,52,128,104,0.0
DE,2040,52,129,104,0.0
DE,2040,52,130,104,0.0
DE,2040,52,131,104,0.0
DE,2040,52,132,104,0.0
DE,2040,52,133,104,0.0
DE,2040,52,134,104,0.0
DE,2040,52,135,104,0.0
DE,2040,52,136,104,0.0
DE,2040,52,137,104,0.0
DE,2040,52,138,104,0.0
DE,2040,52,139,104,0.05116946732740316
DE,2040,52,140,104,0.0511716004997493
DE,2040,52,141,104,0.051173733761020974
DE,2040,52,142,104,0.051175867111224724
DE,2040,52,143,104,0.05117800055036708
DE,2040,52,144,104,0.05113364681247942
DE,2040,52,145,104,0.049595927848750845
DE,2040,52,146,104,0.049983800487519776
DE,2040,52,147,104,0.04990980469075354
DE,2040,52,148,104,0.05111219600838679
DE,2040,52,149,104,0.051190803053067335
DE,2040,52,150,104,0.05119293711486503
DE,2040,52,151,104,0.05119507126562532
DE,2040,52,152,104,0.051197205505352575
DE,2040,52,153,104,0.051103659405343435
DE,2040,52,154,104,0.0
DE,2040,52,155,104,0.04721392597116485
DE,2040,52,156,104,0.047215894243380754
DE,2040,52,157,104,0.04721786259765644
DE,2040,52,158,104,0.047219831033989725
DE,2040,52,159,104,0.04722179955238497
DE,2040,52,160,104,0.0
DE,2040,52,161,104,0.0
DE,2040,52,162,104,0.0
DE,2040,52,163,104,0.0
DE,2040,52,164,104,0.0
DE,2040,52,165,104,0.0
DE,2040,52,166,104,0.0
DE,2040,52,167,104,0.0
GA,2050,11,0,104,0.0
GA,2050,11,1,104,0.0
GA,2050,11,2,104,0.0
GA,2050,11,3,104,0.0
GA,2050,11,4,104,0.0
GA,2050,11,5,104,0.0
GA,2050,11,6,104,0.0
GA,2050,11,7,104,0.0
GA,2050,11,8,104,0.0
GA,2050,11,9,104,1.1981122989340503e-07
GA,2050,11,10,104,1.1981122989340503e-07
GA,2050,11,11,104,0.0
GA,2050,11,12,104,0.0
GA,2050,11,13,104,0.0
GA,2050,11,14,104,0.0
GA,2050,11,15,104,0.0
GA,2050,11,16,104,0.0
GA,2050,11,17,104,0.0
GA,2050,11,18,104,0.0
GA,2050,11,19,104,0.0
GA,2050,11,20,104,0.0
GA,2050,11,21,104,0.0
GA,2050,11,22,104,0.0
GA,2050,11,23,104,2.0646791204685595e-05
GA,2050,11,24,104,2.0646791204685595e-05
GA,2050,11,25,104,2.1056914158841588e-05
GA,2050,11,26,104,2.1056914158841588e-05
GA,2050,11,27,104,5.461189382540379e-05
GA,2050,11,28,104,5.480943938868095e-05
GA,2050,11,29,104,5.528062361774756e-05
GA,2050,11,30,104,0.07794181936815282
GA,2050,11,31,104,0.07678772243368058
GA,2050,11,32,104,0.0779483180404179
GA,2050,11,33,104,0.0746059876098888
GA,2050,11,34,104,0.0
GA,2050,11,35,104,0.0
GA,2050,11,36,104,0.0
GA,2050,11,37,104,0.0
GA,2050,11,38,104,0.0
GA,2050,11,39,104,0.0
GA,2050,11,40,104,0.0
GA,2050,11,41,104,0.0
GA,2050,11,42,104,0.0
GA,2050,11,43,104,0.0
GA,2050,11,44,104,0.0
GA,2050,11,45,104,0.0
GA,2050,11,46,104,0.0
GA,2050,11,47,104,0.0
GA,2050,11,48,104,0.0
GA,2050,11,49,104,0.0
GA,2050,11,50,104,0.0
GA,2050,11,51,104,0.0
GA,2050,11,52,104,0.0
GA,2050,11,53,104,0.0
GA,2050,11,54,104,0.0
GA,2050,11,55,104,0.0
GA,2050,11,56,104,2.0646791204685595e-05
GA,2050,11,57,104,1.1981122989340503e-07
GA,2050,11,58,104,0.0
GA,2050,11,59,104,0.0
GA,2050,11,60,104,0.0
GA,2050,11,61,104,1.1981122989340503e-07
GA,2050,11,62,104,4.324741011610514e-07
GA,2050,11,63,104,7.451500068389308e-07
GA,2050,11,64,104,1.0578389474689234e-06
GA,2050,11,65,104,2.0646791204685595e-05
GA,2050,11,66,104,8.193847580572842e-05
GA,2050,11,67,104,0.00010816637056694374
GA,2050,11,68,104,0.00010816637056694374
GA,2050,11,69,104,0.00010809451678253454
GA,2050,11,70,104,0.00010809451678253454
GA,2050,11,71,104,8.193847580572842e-05
GA,2050,11,72,104,3.193183197878597e-05
GA,2050,11,73,104,2.1056914158841588e-05
GA,2050,11,74,104,3.193183197878597e-05
GA,2050,11,75,104,5.461189382540379e-05
GA,2050,11,76,104,5.461189382540379e-05
GA,2050,11,77,104,0.00010809451678253454
GA,2050,11,78,104,0.00011586346001018085
GA,2050,11,79,104,5.89538213038982e-05
GA,2050,11,80,104,0.0001158731205320963
GA,2050,11,81,104,0.00010809451678253454
GA,2050,11,82,104,0.00010809451678253454
GA,2050,11,83,104,2.1056914158841588e-05
GA,2050,11,84,104,2.137044986407294e-05
GA,2050,11,85,104,2.168399864009927e-05
GA,2050,11,86,104,2.199756048746672e-05
GA,2050,11,87,104,2.2311135406722487e-05
GA,2050,11,88,104,0.0001080990230681328
GA,2050,11,89,104,0.2571713197959273
GA,2050,11,90,104,0.24528601478734705
GA,2050,11,91,104,0.24529624036462686
GA,2050,11,92,104,0.24530646636819803
GA,2050,11,93,104,0.41738069672627065
GA,2050,11,94,104,0.41544579864010933
GA,2050,11,95,104,0.39450353098738733
GA,2050,11,96,104,0.3871943465849049
GA,2050,11,97,104,0.38738001462231403
GA,2050,11,98,104,0.38722663027012755
GA,2050,11,99,104,0.22625869262593454
GA,2050,11,100,104,0.22626812498493526
GA,2050,11,101,104,0.38727506084508617
GA,2050,11,102,104,0.24540874985370326
GA,2050,11,103,104,0.24541898054761774
GA,2050,11,104,104,0.21222076385581626
GA,2050,11,105,104,0.0995558844058899
GA,2050,11,106,104,0.09956003472970572
GA,2050,11,107,104,0.07552790557553685
GA,2050,11,108,104,0.07553105421177748
GA,2050,11,109,104,0.09957248673932703
GA,2050,11,110,104,0.07553735187805502
GA,2050,11,111,104,0.07554050090809628
GA,2050,11,112,104,0.07554365006942185
GA,2050,11,113,104,0.0
GA,2050,11,114,104,0.0
GA,2050,11,115,104,0.0
GA,2050,11,116,104,0.0
GA,2050,11,117,104,0.0
GA,2050,11,118,104,0.0
GA,2050,11,119,104,0.0
GA,2050,11,120,104,0.0
GA,2050,11,121,104,0.0
GA,2050,11,122,104,0.0
GA,2050,11,123,104,0.0
GA,2050,11,124,104,0.0
GA,2050,11,125,104,0.0
GA,2050,11,126,104,0.0
GA,2050,11,127,104,0.0
GA,2050,11,128,104,0.0
GA,2050,11,129,104,0.0
GA,2050,11,130,104,0.0
GA,2050,11,131,104,0.0
GA,2050,11,132,104,0.0
GA,2050,11,133,104,0.0
GA,2050,11,134,104,0.0
GA,2050,11,135,104,0.0
GA,2050,11,136,104,0.0
GA,2050,11,137,104,0.0
GA,2050,11,138,104,0.0
GA,2050,11,139,104,0.0
GA,2050,11,140,104,0.0
GA,2050,11,141,104,0.0
GA,2050,11,142,104,0.0
GA,2050,11,143,104,0.0
GA,2050,11,144,104,0.0
GA,2050,11,145,104,0.0
GA,2050,11,146,104,0.07674796808816285
GA,2050,11,147,104,0.0
GA,2050,11,148,104,0.0
GA,2050,11,149,104,0.0
GA,2050,11,150,104,0.0
GA,2050,11,151,104,0.0
GA,2050,11,152,104,0.0
GA,2050,11,153,104,0.0
GA,2050,11,154,104,0.0
GA,2050,11,155,104,0.0
GA,2050,11,156,104,0.0
GA,2050,11,157,104,0.0
GA,2050,11,158,104,0.0
GA,2050,11,159,104,0.0
GA,2050,11,160,104,0.0
GA,2050,11,161,104,0.0
GA,2050,11,162,104,0.0
GA,2050,11,163,104,0.0
GA,2050,11,164,104,0.0
GA,2050,11,165,104,0.0
GA,2050,11,166,104,0.0
GA,2050,11,167,104,0.0
GA,2050,21,0,104,0.0
GA,2050,21,1,104,0.40156419809521027
GA,2050,21,2,104,0.16426391989086417
GA,2050,21,3,104,0.0789893755498176
GA,2050,21,4,104,0.07899266848914384
GA,2050,21,5,104,0.08567129774330655
GA,2050,21,6,104,0.08567486924116066
GA,2050,21,7,104,0.08567844088791152
GA,2050,21,8,104,0.07634778264993207
GA,2050,21,9,104,0.07635096546551871
GA,2050,21,10,104,0.07954567061531272
GA,2050,21,11,104,0.08071954577196627
GA,2050,21,12,104,0.07679100628536067
GA,2050,21,13,104,0.0789913437660544
GA,2050,21,14,104,0.07662540987383941
GA,2050,21,15,104,0.0
GA,2050,21,16,104,0.0
GA,2050,21,17,104,0.0
GA,2050,21,18,104,0.0
GA,2050,21,19,104,0.0
GA,2050,21,20,104,0.0
GA,2050,21,21,104,0.0
GA,2050,21,22,104,0.0
GA,2050,21,23,104,0.0
GA,2050,21,24,104,0.0
GA,2050,21,25,104,0.0
GA,2050,21,26,104,0.0
GA,2050,21,27,104,0.07640827884091814
GA,2050,21,28,104,0.07641146417850057
GA,2050,21,29,104,0.082871859171819
GA,2050,21,30,104,0.08287531396560976
GA,2050,21,31,104,0.08287876890342649
GA,2050,21,32,104,0.082007299978031
GA,2050,21,33,104,0.07627715282515117
GA,2050,21,34,104,0.08201413762399294
GA,2050,21,35,104,0.078520171619631
GA,2050,21,36,104,0.07552947989365498
GA,2050,21,37,104,0.07552947989365498
GA,2050,21,38,104,0.07552947989365498
GA,2050,21,39,104,0.07552790557553249
GA,2050,21,40,104,0.07553105421178184
GA,2050,21,41,104,0.07622233047025113
GA,2050,21,42,104,0.07634324894598736
GA,2050,21,43,104,0.08071954577196627
GA,2050,21,44,104,0.07969786559446942
GA,2050,21,45,104,0.07583403248139715
GA,2050,21,46,104,0.07635598024843826
GA,2050,21,47,104,0.07619832540186844
GA,2050,21,48,104,0.07610438393109054
GA,2050,21,49,104,0.19827572912136018
GA,2050,21,50,104,0.1989337314935916
GA,2050,21,51,104,0.19672156158193538
GA,2050,21,52,104,0.1978276465377591
GA,2050,21,53,104,0.34514289012940497
GA,2050,21,54,104,0.21162582500675217
GA,2050,21,55,104,0.41594835052856816
GA,2050,21,56,104,0.4123579368261831
GA,2050,21,57,104,0.33083216169453056
GA,2050,21,58,104,0.18127581063061943
GA,2050,21,59,104,5.52806236177465e-05
GA,2050,21,60,104,5.528292817754885e-05
GA,2050,21,61,104,5.528523283342154e-05
GA,2050,21,62,104,5.5287537585373076e-05
GA,2050,21,63,104,5.5289842433407727e-05
GA,2050,21,64,104,5.529214737752549e-05
GA,2050,21,65,104,5.577822818498013e-05
GA,2050,21,66,104,0.07625814202497354
GA,2050,21,67,104,0.07626132110359471
GA,2050,21,68,104,0.0762645003147386
GA,2050,21,69,104,0.07479445947257136
GA,2050,21,70,104,0.07627085913465996
GA,2050,21,71,104,0.0747881006526631
GA,2050,21,72,104,0.07253878816768332
GA,2050,21,73,104,0.07627072728520869
GA,2050,21,74,104,0.0762835783650893
GA,2050,21,75,104,0.0762643668746004
GA,2050,21,76,104,0.0762899387757063
GA,2050,21,77,104,0.07629311917988174
GA,2050,21,78,104,0.07629629971664094
GA,2050,21,79,104,0.07629948038597956
GA,2050,21,80,104,0.07630266118794554
GA,2050,21,81,104,0.18545964901355508
GA,2050,21,82,104,0.07564717971698048
GA,2050,21,83,104,5.4961845934093795e-05
GA,2050,21,84,104,5.528062361774756e-05
GA,2050,21,85,104,5.528292817754885e-05
GA,2050,21,86,104,5.528523283342154e-05
GA,2050,21,87,104,5.5287537585373076e-05
GA,2050,21,88,104,5.5289842433407727e-05
GA,2050,21,89,104,5.529214737752549e-05
GA,2050,21,90,104,0.0768281463779353
GA,2050,21,91,104,0.07683134921910893
GA,2050,21,92,104,0.07683455219381694
GA,2050,21,93,104,0.07627715282515117
GA,2050,21,94,104,0.07684095854379686
GA,2050,21,95,104,0.07684416191909056
GA,2050,21,96,104,0.07514633801257481
GA,2050,21,97,104,0.0759126217747526
GA,2050,21,98,104,0.07552947989365498
GA,2050,21,99,104,0.07680632883336068
GA,2050,21,100,104,0.07686018079883643
GA,2050,21,101,104,0.07686338497548467
GA,2050,21,102,104,0.07686658928569781
GA,2050,21,103,104,0.07686979372950203
GA,2050,21,104,104,0.07687299830688858
GA,2050,21,105,104,0.0739129978281784
GA,2050,21,106,104,0.07621261732904788
GA,2050,21,107,104,0.1814569982892632
GA,2050,21,108,104,0.18146456293807764
GA,2050,21,109,104,0.18147212790224565
GA,2050,21,110,104,0.1814796931817934
GA,2050,21,111,104,0.18148725877671656
GA,2050,21,112,104,0.18149482468704126
GA,2050,21,113,104,0.07561930921018731
GA,2050,21,114,104,0.0
GA,2050,21,115,104,0.0
GA,2050,21,116,104,0.0
GA,2050,21,117,104,0.0
GA,2050,21,118,104,0.0
GA,2050,21,119,104,0.07692108300209041
GA,2050,21,120,104,0.07627715282515117
GA,2050,21,121,104,0.07627715282515117
GA,2050,21,122,104,0.07627715282515117
GA,2050,21,123,104,0.07693391066643876
GA,2050,21,124,104,0.07693711791675424
GA,2050,21,125,104,0.0769403253007829
GA,2050,21,126,104,0.07694353281852472
GA,2050,21,127,104,0.19867783752566937
GA,2050,21,128,104,0.19868612008342396
GA,2050,21,129,104,0.18081630372926094
GA,2050,21,130,104,0.08574405137388404
GA,2050,21,131,104,0.1808313799220903
GA,2050,21,132,104,0.18083891848989142
GA,2050,21,133,104,0.18084645737195162
GA,2050,21,134,104,0.18085399656830578
GA,2050,21,135,104,0.18086153607894517
GA,2050,21,136,104,0.1808690759039134
GA,2050,21,137,104,0.07368611692821428
GA,2050,21,138,104,0.0
GA,2050,21,139,104,0.0
GA,2050,21,140,104,0.0
GA,2050,21,141,104,0.0
GA,2050,21,142,104,0.0
GA,2050,21,143,104,0.0
GA,2050,21,144,104,0.0
GA,2050,21,145,104,0.0
GA,2050,21,146,104,0.0
GA,2050,21,147,104,0.0
GA,2050,21,148,104,0.0
GA,2050,21,149,104,0.0
GA,2050,21,150,104,0.0
GA,2050,21,151,104,0.0
GA,2050,21,152,104,0.0
GA,2050,21,153,104,0.0
GA,2050,21,154,104,0.0
GA,2050,21,155,104,0.0
GA,2050,21,156,104,0.0
GA,2050,21,157,104,0.0
GA,2050,21,158,104,0.0
GA,2050,21,159,104,0.0
GA,2050,21,160,104,0.0
GA,2050,21,161,104,0.0
GA,2050,21,162,104,0.0
GA,2050,21,163,104,0.0
GA,2050,21,164,104,0.0
GA,2050,21,165,104,0.0
GA,2050,21,166,104,0.0
GA,2050,21,167,104,0.0
GA,2050,42,0,104,0.0
GA,2050,42,1,104,0.357788509977808
GA,2050,42,2,104,0.08833910882004316
GA,2050,42,3,104,0.08834279153463209
GA,2050,42,4,104,0.08834647440274437
GA,2050,42,5,104,0.09581594416157688
GA,2050,42,6,104,0.09581993857333232
GA,2050,42,7,104,0.09582393315161873
GA,2050,42,8,104,0.0778391725529
GA,2050,42,9,104,0.07696743273226624
GA,2050,42,10,104,0.07697064138004213
GA,2050,42,11,104,0.08347831338388734
GA,2050,42,12,104,0.07697705907693837
GA,2050,42,13,104,0.07698026812608924
GA,2050,42,14,104,0.0769834773089707
GA,2050,42,15,104,0.0769866866256482
GA,2050,42,16,104,0.08349571521416567
GA,2050,42,17,104,0.08349919601550687
GA,2050,42,18,104,0.08350267696192494
GA,2050,42,19,104,0.08350615805352453
GA,2050,42,20,104,0.08350963929020533
GA,2050,42,21,104,0.07938148765214065
GA,2050,42,22,104,0.0782422952964113
GA,2050,42,23,104,0.07545080494801368
GA,2050,42,24,104,0.0
GA,2050,42,25,104,0.0
GA,2050,42,26,104,0.0
GA,2050,42,27,104,0.0
GA,2050,42,28,104,0.0
GA,2050,42,29,104,0.0
GA,2050,42,30,104,0.0
GA,2050,42,31,104,0.08185386114925976
GA,2050,42,32,104,0.0775418700397009
GA,2050,42,33,104,0.0
GA,2050,42,34,104,0.0
GA,2050,42,35,104,0.0
GA,2050,42,36,104,0.06426245527620628
GA,2050,42,37,104,0.06426513427404518
GA,2050,42,38,104,0.06426781338356755
GA,2050,42,39,104,0.06427049260478207
GA,2050,42,40,104,0.06427317193767135
GA,2050,42,41,104,0.08188799110247388
GA,2050,42,42,104,0.08189140488039275
GA,2050,42,43,104,0.08189481880063695
GA,2050,42,44,104,0.07954427274331739
GA,2050,42,45,104,0.07552003453182095
GA,2050,42,46,104,0.07552318283993148
GA,2050,42,47,104,0.07552633127929143
GA,2050,42,48,104,0.07552947984990517
GA,2050,42,49,104,0.0
GA,2050,42,50,104,0.07553577738491583
GA,2050,42,51,104,0.07553892634932147
GA,2050,42,52,104,0.07554207544498963
GA,2050,42,53,104,0.0
GA,2050,42,54,104,0.0
GA,2050,42,55,104,0.08193579694620333
GA,2050,42,56,104,0.07635133428233754
GA,2050,42,57,104,0.07555782289272155
GA,2050,42,58,104,0.07692499090882025
GA,2050,42,59,104,0.07769376232403535
GA,2050,42,60,104,0.0755672729370062
GA,2050,42,61,104,0.07557042321441196
GA,2050,42,62,104,0.07557357362314564
GA,2050,42,63,104,0.19601105862609622
GA,2050,42,64,104,0.2210950683845187
GA,2050,42,65,104,0.21097670987829487
GA,2050,42,66,104,0.2109855051561444
GA,2050,42,67,104,0.21099430080065856
GA,2050,42,68,104,0.22113193907346934
GA,2050,42,69,104,0.20397829216938726
GA,2050,42,70,104,0.2039867956945285
GA,2050,42,71,104,0.19458649147400386
GA,2050,42,72,104,0.19929900751614932
GA,2050,42,73,104,0.19460271580447897
GA,2050,42,74,104,0.19461082847700809
GA,2050,42,75,104,0.19461894148772282
GA,2050,42,76,104,0.07899628333245022
GA,2050,42,77,104,0.08567521821242385
GA,2050,42,78,104,0.08567878987372601
GA,2050,42,79,104,0.08568236168390746
GA,2050,42,80,104,0.08392612973488624
GA,2050,42,81,104,0.07832745739669295
GA,2050,42,82,104,0.07833072274172817
GA,2050,42,83,104,0.07833398822288361
GA,2050,42,84,104,0.07833725384017669
GA,2050,42,85,104,0.07834051959360307
GA,2050,42,86,104,0.07834378548318455
GA,2050,42,87,104,0.07834705150889931
GA,2050,42,88,104,0.0849710954890924
GA,2050,42,89,104,0.08497463779664866
GA,2050,42,90,104,0.08497818025188504
GA,2050,42,91,104,0.08498172285478849
GA,2050,42,92,104,0.0849852656053895
GA,2050,42,93,104,0.08498880850367503
GA,2050,42,94,104,0.07828136763179877
GA,2050,42,95,104,0.07828463105541805
GA,2050,42,96,104,0.07828789461509213
GA,2050,42,97,104,0.07829115831081228
GA,2050,42,98,104,0.07829442214259597
GA,2050,42,99,104,0.07829768611044316
GA,2050,42,100,104,0.07830095021435389
GA,2050,42,101,104,0.08492109644732271
GA,2050,42,102,104,0.08492463667050773
GA,2050,42,103,104,0.08492817704127259
GA,2050,42,104,104,0.0
GA,2050,42,105,104,0.0
GA,2050,42,106,104,0.0
GA,2050,42,107,104,0.0
GA,2050,42,108,104,0.0
GA,2050,42,109,104,0.0
GA,2050,42,110,104,0.0
GA,2050,42,111,104,0.0
GA,2050,42,112,104,0.0
GA,2050,42,113,104,0.0
GA,2050,42,114,104,0.0
GA,2050,42,115,104,0.0
GA,2050,42,116,104,0.0
GA,2050,42,117,104,0.0
GA,2050,42,118,104,0.0
GA,2050,42,119,104,0.0
GA,2050,42,120,104,0.0
GA,2050,42,121,104,0.0
GA,2050,42,122,104,0.0
GA,2050,42,123,104,0.0
GA,2050,42,124,104,0.0
GA,2050,42,125,104,0.0
GA,2050,42,126,104,0.0
GA,2050,42,127,104,0.0
GA,2050,42,128,104,0.0
GA,2050,42,129,104,0.0
GA,2050,42,130,104,0.0
GA,2050,42,131,104,0.0
GA,2050,42,132,104,0.0
GA,2050,42,133,104,0.0
GA,2050,42,134,104,0.0
GA,2050,42,135,104,0.0
GA,2050,42,136,104,0.0
GA,2050,42,137,104,0.0
GA,2050,42,138,104,0.0
GA,2050,42,139,104,0.0
GA,2050,42,140,104,0.0
GA,2050,42,141,104,0.0
GA,2050,42,142,104,0.0
GA,2050,42,143,104,0.0
GA,2050,42,144,104,0.0
GA,2050,42,145,104,0.0
GA,2050,42,146,104,0.0
GA,2050,42,147,104,0.0
GA,2050,42,148,104,0.0
GA,2050,42,149,104,0.0
GA,2050,42,150,104,0.0
GA,2050,42,151,104,0.0
GA,2050,42,152,104,0.0
GA,2050,42,153,104,0.0
GA,2050,42,154,104,0.0
GA,2050,42,155,104,0.0
GA,2050,42,156,104,0.0
GA,2050,42,157,104,0.0
GA,2050,42,158,104,0.0
GA,2050,42,159,104,0.0
GA,2050,42,160,104,0.0
GA,2050,42,161,104,0.0
GA,2050,42,162,104,0.0
GA,2050,42,163,104,0.0
GA,2050,42,164,104,0.0
GA,2050,42,165,104,0.0
GA,2050,42,166,104,0.0
GA,2050,42,167,104,0.0
GA,2050,52,0,104,0.0
GA,2050,52,1,104,0.0
GA,2050,52,2,104,0.0
GA,2050,52,3,104,0.0
GA,2050,52,4,104,0.0
GA,2050,52,5,104,0.0
GA,2050,52,6,104,0.0
GA,2050,52,7,104,0.0
GA,2050,52,8,104,0.0
GA,2050,52,9,104,0.0
GA,2050,52,10,104,0.0
GA,2050,52,11,104,0.0
GA,2050,52,12,104,0.0
GA,2050,52,13,104,0.0
GA,2050,52,14,104,0.0
GA,2050,52,15,104,0.0
GA,2050,52,16,104,0.0
GA,2050,52,17,104,0.0
GA,2050,52,18,104,0.0
GA,2050,52,19,104,0.0
GA,2050,52,20,104,0.0
GA,2050,52,21,104,0.0
GA,2050,52,22,104,0.0
GA,2050,52,23,104,0.0
GA,2050,52,24,104,0.0
GA,2050,52,25,104,0.0
GA,2050,52,26,104,0.0
GA,2050,52,27,104,0.0
GA,2050,52,28,104,0.0
GA,2050,52,29,104,0.0
GA,2050,52,30,104,0.0
GA,2050,52,31,104,0.0
GA,2050,52,32,104,0.0
GA,2050,52,33,104,0.0
GA,2050,52,34,104,0.0
GA,2050,52,35,104,0.0
GA,2050,52,36,104,0.0
GA,2050,52,37,104,0.0
GA,2050,52,38,104,0.0
GA,2050,52,39,104,0.0
GA,2050,52,40,104,0.0
GA,2050,52,41,104,0.0
GA,2050,52,42,104,0.0
GA,2050,52,43,104,0.0
GA,2050,52,44,104,0.0
GA,2050,52,45,104,0.0
GA,2050,52,46,104,0.0
GA,2050,52,47,104,0.0
GA,2050,52,48,104,0.0
GA,2050,52,49,104,0.0
GA,2050,52,50,104,1.2269536033878687e-06
GA,2050,52,51,104,1.2269536033878687e-06
GA,2050,52,52,104,1.2269536033878687e-06
GA,2050,52,53,104,1.2269536033878687e-06
GA,2050,52,54,104,1.2269536033878687e-06
GA,2050,52,55,104,0.0
GA,2050,52,56,104,0.0
GA,2050,52,57,104,0.0
GA,2050,52,58,104,0.0
GA,2050,52,59,104,0.0
GA,2050,52,60,104,0.0
GA,2050,52,61,104,0.0
GA,2050,52,62,104,0.0
GA,2050,52,63,104,0.0
GA,2050,52,64,104,0.0
GA,2050,52,65,104,0.0
GA,2050,52,66,104,0.0
GA,2050,52,67,104,0.0
GA,2050,52,68,104,0.0
GA,2050,52,69,104,0.0
GA,2050,52,70,104,0.0
GA,2050,52,71,104,2.0859357470503286e-05
GA,2050,52,72,104,2.0857783177610587e-05
GA,2050,52,73,104,2.085587946147167e-05
GA,2050,52,74,104,6.2752453956928375e-06
GA,2050,52,75,104,6.275507000524394e-06
GA,2050,52,76,104,2.0858487913873996e-05
GA,2050,52,77,104,2.0859357470503286e-05
GA,2050,52,78,104,2.0998295030257834e-05
GA,2050,52,79,104,2.0646791204685595e-05
GA,2050,52,80,104,2.1056914158841588e-05
GA,2050,52,81,104,2.1055765907802893e-05
GA,2050,52,82,104,2.5189967543072946e-05
GA,2050,52,83,104,2.0864575571590733e-05
GA,2050,52,84,104,2.0865445382005146e-05
GA,2050,52,85,104,2.0866315228681872e-05
GA,2050,52,86,104,2.5189967543072946e-05
GA,2050,52,87,104,2.1055765907802893e-05
GA,2050,52,88,104,2.0646791204685595e-05
GA,2050,52,89,104,2.0646791204734567e-05
GA,2050,52,90,104,0.0
GA,2050,52,91,104,0.0
GA,2050,52,92,104,0.0
GA,2050,52,93,104,0.0
GA,2050,52,94,104,0.0
GA,2050,52,95,104,2.0646791204685595e-05
GA,2050,52,96,104,1.1981122989340503e-07
GA,2050,52,97,104,0.0
GA,2050,52,98,104,0.0
GA,2050,52,99,104,0.0
GA,2050,52,100,104,0.0
GA,2050,52,101,104,0.0
GA,2050,52,102,104,0.0
GA,2050,52,103,104,0.0
GA,2050,52,104,104,0.0
GA,2050,52,105,104,0.0
GA,2050,52,106,104,0.0
GA,2050,52,107,104,0.0
GA,2050,52,108,104,0.0
GA,2050,52,109,104,0.0
GA,2050,52,110,104,0.0
GA,2050,52,111,104,0.0
GA,2050,52,112,104,0.0
GA,2050,52,113,104,0.0
GA,2050,52,114,104,0.0
GA,2050,52,115,104,0.0
GA,2050,52,116,104,0.0
GA,2050,52,117,104,0.0
GA,2050,52,118,104,0.0
GA,2050,52,119,104,0.0
GA,2050,52,120,104,0.0
GA,2050,52,121,104,0.0
GA,2050,52,122,104,0.0
GA,2050,52,123,104,0.0
GA,2050,52,124,104,0.0
GA,2050,52,125,104,0.0
GA,2050,52,126,104,0.0
GA,2050,52,127,104,0.0
GA,2050,52,128,104,0.0
GA,2050,52,129,104,0.0
GA,2050,52,130,104,0.0
GA,2050,52,131,104,0.0
GA,2050,52,132,104,0.0
GA,2050,52,133,104,0.0
GA,2050,52,134,104,0.0
GA,2050,52,135,104,0.0
GA,2050,52,136,104,0.0
GA,2050,52,137,104,0.0
GA,2050,52,138,104,0.0
GA,2050,52,139,104,0.07655611002978668
GA,2050,52,140,104,0.07655930153020986
GA,2050,52,141,104,0.07656249316367904
GA,2050,52,142,104,0.0765656849302073
GA,2050,52,143,104,0.07656887682979026
GA,2050,52,144,104,0.07577342180382601
GA,2050,52,145,104,0.07320993601081818
GA,2050,52,146,104,0.07328646109918387
GA,2050,52,147,104,0.07565858912978861
GA,2050,52,148,104,0.07658483832380487
GA,2050,52,149,104,0.07658803102186439
GA,2050,52,150,104,0.07659122385302222
GA,2050,52,151,104,0.07659441681729146
GA,2050,52,152,104,0.07659760991465901
GA,2050,52,153,104,0.07532536071564944
GA,2050,52,154,104,0.0
GA,2050,52,155,104,0.0706381109746398
GA,2050,52,156,104,0.07064105576324835
GA,2050,52,157,104,0.0706440006746337
GA,2050,52,158,104,0.0706469457087784
GA,2050,52,159,104,0.07064989086568682
GA,2050,52,160,104,0.0
GA,2050,52,161,104,0.0
GA,2050,52,162,104,0.0
GA,2050,52,163,104,0.0
GA,2050,52,164,104,0.0
GA,2050,52,165,104,0.0
GA,2050,52,166,104,0.0
GA,2050,52,167,104,0.0
DE,2050,11,0,104,0.0
DE,2050,11,1,104,0.0
DE,2050,11,2,104,0.0
DE,2050,11,3,104,0.0
DE,2050,11,4,104,0.0
DE,2050,11,5,104,0.0
DE,2050,11,6,104,0.0
DE,2050,11,7,104,0.0
DE,2050,11,8,104,0.0
DE,2050,11,9,104,0.0
DE,2050,11,10,104,2.0646791204685595e-05
DE,2050,11,11,104,2.0646791204685595e-05
DE,2050,11,12,104,0.0
DE,2050,11,13,104,0.0
DE,2050,11,14,104,0.0
DE,2050,11,15,104,0.0
DE,2050,11,16,104,0.0
DE,2050,11,17,104,0.0
DE,2050,11,18,104,0.0
DE,2050,11,19,104,0.0
DE,2050,11,20,104,0.0
DE,2050,11,21,104,0.0
DE,2050,11,22,104,0.0
DE,2050,11,23,104,0.0
DE,2050,11,24,104,0.0
DE,2050,11,25,104,2.1227368691289896e-05
DE,2050,11,26,104,2.122825362596186e-05
DE,2050,11,27,104,5.528062361774756e-05
DE,2050,11,28,104,0.15064529562539986
DE,2050,11,29,104,0.20609884507593648
DE,2050,11,30,104,0.08067581261319876
DE,2050,11,31,104,0.08067917585736187
DE,2050,11,32,104,0.08068253924173541
DE,2050,11,33,104,0.07439901859456456
DE,2050,11,34,104,0.07881496503700935
DE,2050,11,35,104,0.0
DE,2050,11,36,104,0.0
DE,2050,11,37,104,0.0
DE,2050,11,38,104,0.0
DE,2050,11,39,104,0.0
DE,2050,11,40,104,0.0
DE,2050,11,41,104,0.0
DE,2050,11,42,104,0.0
DE,2050,11,43,104,0.0
DE,2050,11,44,104,0.0
DE,2050,11,45,104,0.0
DE,2050,11,46,104,0.0
DE,2050,11,47,104,0.0
DE,2050,11,48,104,0.0
DE,2050,11,49,104,0.0
DE,2050,11,50,104,0.0
DE,2050,11,51,104,0.0
DE,2050,11,52,104,0.0
DE,2050,11,53,104,0.0
DE,2050,11,54,104,0.0
DE,2050,11,55,104,0.0
DE,2050,11,56,104,0.0
DE,2050,11,57,104,2.0646791204685595e-05
DE,2050,11,58,104,1.9079394197535577e-05
DE,2050,11,59,104,1.9392847463155322e-05
DE,2050,11,60,104,1.9706313796135656e-05
DE,2050,11,61,104,2.001979319702165e-05
DE,2050,11,62,104,2.0333285666357316e-05
DE,2050,11,63,104,2.0646791204685595e-05
DE,2050,11,64,104,2.0960309812553696e-05
DE,2050,11,65,104,2.1057791987539754e-05
DE,2050,11,66,104,0.00010864895941396022
DE,2050,11,67,104,0.00011778584042956909
DE,2050,11,68,104,0.00011779075073077749
DE,2050,11,69,104,0.00011779566123668882
DE,2050,11,70,104,0.00011780057194731053
DE,2050,11,71,104,0.00010862631524895914
DE,2050,11,72,104,0.00010863084370437604
DE,2050,11,73,104,0.00010863537234857693
DE,2050,11,74,104,0.0001086399011815682
DE,2050,11,75,104,0.0001086444302033605
DE,2050,11,76,104,0.00010864895941396022
DE,2050,11,77,104,0.00011830340330944714
DE,2050,11,78,104,0.00011830833518701542
DE,2050,11,79,104,0.00011831326727018621
DE,2050,11,80,104,0.00011831819955896484
DE,2050,11,81,104,0.00011832313205336406
DE,2050,11,82,104,0.00010816637056694374
DE,2050,11,83,104,0.00010816637056694374
DE,2050,11,84,104,0.0001081708798480104
DE,2050,11,85,104,0.00010817538931706047
DE,2050,11,86,104,0.00010817989897410461
DE,2050,11,87,104,0.00010818440881914815
DE,2050,11,88,104,0.00010864895941396022
DE,2050,11,89,104,0.46311330728929234
DE,2050,11,90,104,0.4680737085195999
DE,2050,11,91,104,0.468093221755558
DE,2050,11,92,104,0.46811273580498874
DE,2050,11,93,104,0.4681322506679314
DE,2050,11,94,104,0.4090430943171058
DE,2050,11,95,104,0.3903067087573593
DE,2050,11,96,104,0.3903229800128566
DE,2050,11,97,104,0.39033925194667435
DE,2050,11,98,104,0.3903555245588518
DE,2050,11,99,104,0.39037179784940207
DE,2050,11,100,104,0.39038807181835566
DE,2050,11,101,104,0.39040434646575617
DE,2050,11,102,104,0.39713948718262243
DE,2050,11,103,104,0.397156043285601
DE,2050,11,104,104,0.3971726000787783
DE,2050,11,105,104,0.1974507811286875
DE,2050,11,106,104,0.07613501721946031
DE,2050,11,107,104,0.07613819116522105
DE,2050,11,108,104,0.07614136524328212
DE,2050,11,109,104,0.0761445394536697
DE,2050,11,110,104,0.07614771379637503
DE,2050,11,111,104,0.07615088827141996
DE,2050,11,112,104,0.07615406287880444
DE,2050,11,113,104,0.11445357912018078
DE,2050,11,114,104,0.0
DE,2050,11,115,104,8.721182071795201e-15
DE,2050,11,116,104,8.721182071795201e-15
DE,2050,11,117,104,8.721182071795201e-15
DE,2050,11,118,104,0.0
DE,2050,11,119,104,0.08985254481728576
DE,2050,11,120,104,0.0
DE,2050,11,121,104,0.0
DE,2050,11,122,104,0.0
DE,2050,11,123,104,0.0
DE,2050,11,124,104,0.0
DE,2050,11,125,104,0.0
DE,2050,11,126,104,0.0
DE,2050,11,127,104,0.0
DE,2050,11,128,104,0.0
DE,2050,11,129,104,0.0
DE,2050,11,130,104,0.0
DE,2050,11,131,104,0.0
DE,2050,11,132,104,0.0
DE,2050,11,133,104,0.0
DE,2050,11,134,104,0.0
DE,2050,11,135,104,0.0
DE,2050,11,136,104,0.0
DE,2050,11,137,104,0.0
DE,2050,11,138,104,0.0
DE,2050,11,139,104,0.0
DE,2050,11,140,104,0.0
DE,2050,11,141,104,0.0
DE,2050,11,142,104,0.0
DE,2050,11,143,104,0.0
DE,2050,11,144,104,0.07764084258191521
DE,2050,11,145,104,0.03872022076522862
DE,2050,11,146,104,0.07674796808816285
DE,2050,11,147,104,0.05433768892959948
DE,2050,11,148,104,0.0
DE,2050,11,149,104,0.0
DE,2050,11,150,104,0.0
DE,2050,11,151,104,0.0
DE,2050,11,152,104,0.0
DE,2050,11,153,104,0.0
DE,2050,11,154,104,0.0
DE,2050,11,155,104,0.0
DE,2050,11,156,104,0.0
DE,2050,11,157,104,0.0
DE,2050,11,158,104,0.0
DE,2050,11,159,104,0.0
DE,2050,11,160,104,0.0
DE,2050,11,161,104,0.0
DE,2050,11,162,104,0.0
DE,2050,11,163,104,0.0
DE,2050,11,164,104,0.0
DE,2050,11,165,104,0.0
DE,2050,11,166,104,0.0
DE,2050,11,167,104,0.0
DE,2050,21,0,104,0.0
DE,2050,21,1,104,0.3872330842596081
DE,2050,21,2,104,0.08453803133285176
DE,2050,21,3,104,0.0845415555866672
DE,2050,21,4,104,0.08454507998740404
DE,2050,21,5,104,0.09169315151479579
DE,2050,21,6,104,0.09169697405399509
DE,2050,21,7,104,0.09170079675255219
DE,2050,21,8,104,0.07794506863655666
DE,2050,21,9,104,0.0779483180404179
DE,2050,21,10,104,0.080034369491704
DE,2050,21,11,104,0.08295118347067515
DE,2050,21,12,104,0.07795806706480268
DE,2050,21,13,104,0.07850035945025285
DE,2050,21,14,104,0.07871820326881228
DE,2050,21,15,104,0.07796781730849595
DE,2050,21,16,104,0.0779710676607116
DE,2050,21,17,104,0.0779743181484239
DE,2050,21,18,104,0.0
DE,2050,21,19,104,0.08457037392594405
DE,2050,21,20,104,0.08457389952807168
DE,2050,21,21,104,0.07371357326160126
DE,2050,21,22,104,0.07777081170641593
DE,2050,21,23,104,0.07776108636945063
DE,2050,21,24,104,0.07776432810340288
DE,2050,21,25,104,0.07776756997248113
DE,2050,21,26,104,0.07777081197670281
DE,2050,21,27,104,0.07777405411608974
DE,2050,21,28,104,0.07777729639063319
DE,2050,21,29,104,0.08435316902438388
DE,2050,21,30,104,0.08435668557158288
DE,2050,21,31,104,0.08436020226538496
DE,2050,21,32,104,0.0834731560919645
DE,2050,21,33,104,0.0779483180404179
DE,2050,21,34,104,0.08348011595880463
DE,2050,21,35,104,0.08032648464060463
DE,2050,21,36,104,0.07629470941511213
DE,2050,21,37,104,0.07629789001816539
DE,2050,21,38,104,0.07630107075381988
DE,2050,21,39,104,0.07630425162205813
DE,2050,21,40,104,0.07630743262292376
DE,2050,21,41,104,0.07633847527144882
DE,2050,21,42,104,0.07634165769902572
DE,2050,21,43,104,0.08276593233699527
DE,2050,21,44,104,0.08276938271487218
DE,2050,21,45,104,0.10272678334097952
DE,2050,21,46,104,0.07731014773423077
DE,2050,21,47,104,0.07630266118794554
DE,2050,21,48,104,0.16500253048719882
DE,2050,21,49,104,0.19904872351802846
DE,2050,21,50,104,0.19904872351802846
DE,2050,21,51,104,0.1978276465377591
DE,2050,21,52,104,0.19666824553376075
DE,2050,21,53,104,0.41590500324614554
DE,2050,21,54,104,0.21330493756279992
DE,2050,21,55,104,0.4159396807829555
DE,2050,21,56,104,0.40230958452233956
DE,2050,21,57,104,0.18796469488720816
DE,2050,21,58,104,0.1967045683157777
DE,2050,21,59,104,0.18798036710219493
DE,2050,21,60,104,0.18798820369970537
DE,2050,21,61,104,0.18799604062391564
DE,2050,21,62,104,0.1880038778748214
DE,2050,21,63,104,0.1880117154524619
DE,2050,21,64,104,0.18801955335684148
DE,2050,21,65,104,0.07282188633594285
DE,2050,21,66,104,0.07897879165043627
DE,2050,21,67,104,0.07898208414853611
DE,2050,21,68,104,0.07898537678389864
DE,2050,21,69,104,0.07482399348508283
DE,2050,21,70,104,0.07702482575664299
DE,2050,21,71,104,0.07552947989365498
DE,2050,21,72,104,0.07627715282515117
DE,2050,21,73,104,0.07552947989365498
DE,2050,21,74,104,0.07552947989365498
DE,2050,21,75,104,0.0728522502984816
DE,2050,21,76,104,0.07845953736021902
DE,2050,21,77,104,0.07901501667974527
DE,2050,21,78,104,0.07901831068800937
DE,2050,21,79,104,0.07902160483360154
DE,2050,21,80,104,0.20404367970960352
DE,2050,21,81,104,0.10131799163436943
DE,2050,21,82,104,0.07839546000918993
DE,2050,21,83,104,0.07279667372573534
DE,2050,21,84,104,0.07279970850133631
DE,2050,21,85,104,0.07280274340345111
DE,2050,21,86,104,0.07280577843208846
DE,2050,21,87,104,0.07280881358725708
DE,2050,21,88,104,0.0728118488689526
DE,2050,21,89,104,0.07281488427718377
DE,2050,21,90,104,0.07883842032649588
DE,2050,21,91,104,0.07897448976693576
DE,2050,21,92,104,0.07897778208569758
DE,2050,21,93,104,0.07357605202979943
DE,2050,21,94,104,0.07898436713497438
DE,2050,21,95,104,0.07627715282515117
DE,2050,21,96,104,0.07627715282515117
DE,2050,21,97,104,0.07627715282515117
DE,2050,21,98,104,0.07552947989365498
DE,2050,21,99,104,0.07527358047931096
DE,2050,21,100,104,0.07900412557734467
DE,2050,21,101,104,0.07900741913156657
DE,2050,21,102,104,0.0790107128231035
DE,2050,21,103,104,0.0790140066519467
DE,2050,21,104,104,0.07901730061810928
DE,2050,21,105,104,0.07286346802207122
DE,2050,21,106,104,0.07902388896238821
DE,2050,21,107,104,0.07258118180706058
DE,2050,21,108,104,0.07258420759914633
DE,2050,21,109,104,0.07258723351738833
DE,2050,21,110,104,0.07259025956176479
DE,2050,21,111,104,0.07259328573230187
DE,2050,21,112,104,0.07259631202898212
DE,2050,21,113,104,0.07636681586796054
DE,2050,21,114,104,0.07873742790862856
DE,2050,21,115,104,0.07874071034466895
DE,2050,21,116,104,0.07874399291754468
DE,2050,21,117,104,0.0
DE,2050,21,118,104,0.07875055847383707
DE,2050,21,119,104,0.0763688417989788
DE,2050,21,120,104,0.07627715282515117
DE,2050,21,121,104,0.07627715282515117
DE,2050,21,122,104,0.07674796808816285
DE,2050,21,123,104,0.17061706572491284
DE,2050,21,124,104,0.19860473030747589
DE,2050,21,125,104,0.20033841582802006
DE,2050,21,126,104,0.07877682617374612
DE,2050,21,127,104,0.20341163055575084
DE,2050,21,128,104,0.19996615975626758
DE,2050,21,129,104,0.1874576258073774
DE,2050,21,130,104,0.07838972884291351
DE,2050,21,131,104,0.07260727283137072
DE,2050,21,132,104,0.18748107120056798
DE,2050,21,133,104,0.18748888698324626
DE,2050,21,134,104,0.18749670309173916
DE,2050,21,135,104,0.18750451952607725
DE,2050,21,136,104,0.10123601700378994
DE,2050,21,137,104,0.07473978677533598
DE,2050,21,138,104,0.0
DE,2050,21,139,104,0.0
DE,2050,21,140,104,-8.721182071795201e-15
DE,2050,21,141,104,0.0
DE,2050,21,142,104,0.0
DE,2050,21,143,104,0.0
DE,2050,21,144,104,0.0
DE,2050,21,145,104,0.0
DE,2050,21,146,104,0.0
DE,2050,21,147,104,0.0
DE,2050,21,148,104,0.0
DE,2050,21,149,104,0.0
DE,2050,21,150,104,0.0
DE,2050,21,151,104,0.0
DE,2050,21,152,104,0.0
DE,2050,21,153,104,0.0
DE,2050,21,154,104,0.0
DE,2050,21,155,104,0.0
DE,2050,21,156,104,0.0
DE,2050,21,157,104,0.0
DE,2050,21,158,104,0.0
DE,2050,21,159,104,0.0
DE,2050,21,160,104,0.0
DE,2050,21,161,104,0.0
DE,2050,21,162,104,0.0
DE,2050,21,163,104,0.0
DE,2050,21,164,104,0.0
DE,2050,21,165,104,0.0
DE,2050,21,166,104,0.0
DE,2050,21,167,104,0.0
DE,2050,42,0,104,0.0
DE,2050,42,1,104,0.3089508040303882
DE,2050,42,2,104,0.30896368368980487
DE,2050,42,3,104,0.30897656388612366
DE,2050,42,4,104,0.30898944461941436
DE,2050,42,5,104,0.33511371644786425
DE,2050,42,6,104,0.3351276867967474
DE,2050,42,7,104,0.33514165772805726
DE,2050,42,8,104,0.26702119118015755
DE,2050,42,9,104,0.07967959443953114
DE,2050,42,10,104,0.07968291615297608
DE,2050,42,11,104,0.08641990409191375
DE,2050,42,12,104,0.07968955999528202
DE,2050,42,13,104,0.07969288212416482
DE,2050,42,14,104,0.07969620439152693
DE,2050,42,15,104,0.07969952679742064
DE,2050,42,16,104,0.08657467343075402
DE,2050,42,17,104,0.0
DE,2050,42,18,104,0.0
DE,2050,42,19,104,0.0
DE,2050,42,20,104,0.0
DE,2050,42,21,104,0.08545905783216269
DE,2050,42,22,104,0.07627715282515117
DE,2050,42,23,104,0.0
DE,2050,42,24,104,0.0
DE,2050,42,25,104,0.0
DE,2050,42,26,104,0.0
DE,2050,42,27,104,0.0
DE,2050,42,28,104,0.0
DE,2050,42,29,104,0.0
DE,2050,42,30,104,0.0
DE,2050,42,31,104,0.08251693407411562
DE,2050,42,32,104,0.08029950988417199
DE,2050,42,33,104,0.07627715282515117
DE,2050,42,34,104,0.0791669168625273
DE,2050,42,35,104,0.07563141360206416
DE,2050,42,36,104,0.07563456655339307
DE,2050,42,37,104,0.07563771963615455
DE,2050,42,38,104,0.07564087285036605
DE,2050,42,39,104,0.07564402619603629
DE,2050,42,40,104,0.0756471796731609
DE,2050,42,41,104,0.08239919495329197
DE,2050,42,42,104,0.08240263004247886
DE,2050,42,43,104,0.08240606527487628
DE,2050,42,44,104,0.08240950065047549
DE,2050,42,45,104,0.07599148500883977
DE,2050,42,46,104,0.07599465297096261
DE,2050,42,47,104,0.07599782106515031
DE,2050,42,48,104,0.07627556292272544
DE,2050,42,49,104,0.07627874272759433
DE,2050,42,50,104,0.07600732614016796
DE,2050,42,51,104,0.07601049476266743
DE,2050,42,52,104,0.07601366351728407
DE,2050,42,53,104,0.08028190525618287
DE,2050,42,54,104,0.08244386228427224
DE,2050,42,55,104,0.08244729923556231
DE,2050,42,56,104,0.0789917923083833
DE,2050,42,57,104,0.07627715282515117
DE,2050,42,58,104,0.07691842648077846
DE,2050,42,59,104,0.07779783465136511
DE,2050,42,60,104,0.07603901831020055
DE,2050,42,61,104,0.07604218825389368
DE,2050,42,62,104,0.07604535832975633
DE,2050,42,63,104,0.0760485285377667
DE,2050,42,64,104,0.2612346295468921
DE,2050,42,65,104,0.2612455199961416
DE,2050,42,66,104,0.2612564108993896
DE,2050,42,67,104,0.26126730225666245
DE,2050,42,68,104,0.26127819406798614
DE,2050,42,69,104,0.2587590042873989
DE,2050,42,70,104,0.24094000728499573
DE,2050,42,71,104,0.24095005168426173
DE,2050,42,72,104,0.2409600965022753
DE,2050,42,73,104,0.24097014173901024
DE,2050,42,74,104,0.24098018739453198
DE,2050,42,75,104,0.24099023346884055
DE,2050,42,76,104,0.2430392789244781
DE,2050,42,77,104,0.1012294577830613
DE,2050,42,78,104,0.1012336778754485
DE,2050,42,79,104,0.10123789814376373
DE,2050,42,80,104,0.10124211858802008
DE,2050,42,81,104,0.2344505512410095
DE,2050,42,82,104,0.23446032510535286
DE,2050,42,83,104,0.23447009937713678
DE,2050,42,84,104,0.23447987405641357
DE,2050,42,85,104,0.23448964914316578
DE,2050,42,86,104,0.23449942463742393
DE,2050,42,87,104,0.23547621482186687
DE,2050,42,88,104,6.571586283166675
DE,2050,42,89,104,6.571860241971245
DE,2050,42,90,104,6.572134212196795
DE,2050,42,91,104,6.572408193844025
DE,2050,42,92,104,6.572682186912933
DE,2050,42,93,104,6.515947623221958
DE,2050,42,94,104,0.20254435495511056
DE,2050,42,95,104,0.2025527987017247
DE,2050,42,96,104,0.2025612428003432
DE,2050,42,97,104,0.07810555937254532
DE,2050,42,98,104,0.07810881546700528
DE,2050,42,99,104,0.07811207169721045
DE,2050,42,100,104,0.07811532806316517
DE,2050,42,101,104,0.08471978041525415
DE,2050,42,102,104,0.08472331224589302
DE,2050,42,103,104,0.08472684422377164
DE,2050,42,104,104,0.0
DE,2050,42,105,104,0.0
DE,2050,42,106,104,0.0
DE,2050,42,107,104,0.0
DE,2050,42,108,104,0.0
DE,2050,42,109,104,0.0
DE,2050,42,110,104,0.0
DE,2050,42,111,104,0.0
DE,2050,42,112,104,0.0
DE,2050,42,113,104,0.0
DE,2050,42,114,104,0.0
DE,2050,42,115,104,0.0
DE,2050,42,116,104,0.0
DE,2050,42,117,104,0.0
DE,2050,42,118,104,0.0
DE,2050,42,119,104,0.0
DE,2050,42,120,104,0.0
DE,2050,42,121,104,0.0
DE,2050,42,122,104,0.0
DE,2050,42,123,104,0.0
DE,2050,42,124,104,0.0
DE,2050,42,125,104,0.0
DE,2050,42,126,104,0.0
DE,2050,42,127,104,0.0
DE,2050,42,128,104,0.0
DE,2050,42,129,104,0.0
DE,2050,42,130,104,0.0
DE,2050,42,131,104,0.0
DE,2050,42,132,104,0.0
DE,2050,42,133,104,0.0
DE,2050,42,134,104,0.0
DE,2050,42,135,104,0.0
DE,2050,42,136,104,0.0
DE,2050,42,137,104,0.0
DE,2050,42,138,104,0.0
DE,2050,42,139,104,0.0
DE,2050,42,140,104,0.0
DE,2050,42,141,104,0.0
DE,2050,42,142,104,0.0
DE,2050,42,143,104,0.0
DE,2050,42,144,104,0.0
DE,2050,42,145,104,0.0
DE,2050,42,146,104,0.0
DE,2050,42,147,104,0.0
DE,2050,42,148,104,0.0
DE,2050,42,149,104,0.0
DE,2050,42,150,104,0.0
DE,2050,42,151,104,0.0
DE,2050,42,152,104,0.0
DE,2050,42,153,104,0.0
DE,2050,42,154,104,0.0
DE,2050,42,155,104,0.0
DE,2050,42,156,104,0.0
DE,2050,42,157,104,0.0
DE,2050,42,158,104,0.0
DE,2050,42,159,104,0.0
DE,2050,42,160,104,0.0
DE,2050,42,161,104,0.0
DE,2050,42,162,104,0.0
DE,2050,42,163,104,0.0
DE,2050,42,164,104,0.0
DE,2050,42,165,104,0.0
DE,2050,42,166,104,0.0
DE,2050,42,167,104,0.0
DE,2050,52,0,104,0.0
DE,2050,52,1,104,0.0
DE,2050,52,2,104,0.0
DE,2050,52,3,104,0.0
DE,2050,52,4,104,0.0
DE,2050,52,5,104,0.0
DE,2050,52,6,104,0.0
DE,2050,52,7,104,0.0
DE,2050,52,8,104,0.0
DE,2050,52,9,104,0.0
DE,2050,52,10,104,0.0
DE,2050,52,11,104,0.0
DE,2050,52,12,104,0.0
DE,2050,52,13,104,0.0
DE,2050,52,14,104,0.0
DE,2050,52,15,104,0.0
DE,2050,52,16,104,0.0
DE,2050,52,17,104,0.0
DE,2050,52,18,104,0.0
DE,2050,52,19,104,0.0
DE,2050,52,20,104,0.0
DE,2050,52,21,104,0.0
DE,2050,52,22,104,0.0
DE,2050,52,23,104,0.0
DE,2050,52,24,104,0.0
DE,2050,52,25,104,0.0
DE,2050,52,26,104,0.0
DE,2050,52,27,104,0.0
DE,2050,52,28,104,0.0
DE,2050,52,29,104,0.0
DE,2050,52,30,104,0.0
DE,2050,52,31,104,0.0
DE,2050,52,32,104,0.0
DE,2050,52,33,104,0.0
DE,2050,52,34,104,0.0
DE,2050,52,35,104,0.0
DE,2050,52,36,104,0.0
DE,2050,52,37,104,0.0
DE,2050,52,38,104,0.0
DE,2050,52,39,104,0.0
DE,2050,52,40,104,0.0
DE,2050,52,41,104,0.0
DE,2050,52,42,104,0.0
DE,2050,52,43,104,0.0
DE,2050,52,44,104,0.0
DE,2050,52,45,104,0.0
DE,2050,52,46,104,0.0
DE,2050,52,47,104,0.0
DE,2050,52,48,104,0.0
DE,2050,52,49,104,0.0
DE,2050,52,50,104,0.0
DE,2050,52,51,104,0.0
DE,2050,52,52,104,0.0
DE,2050,52,53,104,0.0
DE,2050,52,54,104,0.0
DE,2050,52,55,104,0.0
DE,2050,52,56,104,0.0
DE,2050,52,57,104,0.0
DE,2050,52,58,104,0.0
DE,2050,52,59,104,0.0
DE,2050,52,60,104,0.0
DE,2050,52,61,104,0.0
DE,2050,52,62,104,0.0
DE,2050,52,63,104,0.0
DE,2050,52,64,104,0.0
DE,2050,52,65,104,0.0
DE,2050,52,66,104,0.0
DE,2050,52,67,104,0.0
DE,2050,52,68,104,1.1981122989340503e-07
DE,2050,52,69,104,1.1981122989340503e-07
DE,2050,52,70,104,1.1981122989340503e-07
DE,2050,52,71,104,0.0
DE,2050,52,72,104,0.0
DE,2050,52,73,104,0.0
DE,2050,52,74,104,0.0
DE,2050,52,75,104,0.0
DE,2050,52,76,104,0.0
DE,2050,52,77,104,2.0986526350483295e-05
DE,2050,52,78,104,2.0646791204685595e-05
DE,2050,52,79,104,2.0646791204685595e-05
DE,2050,52,80,104,8.193847580572842e-05
DE,2050,52,81,104,2.1056914158841588e-05
DE,2050,52,82,104,2.1055765907802893e-05
DE,2050,52,83,104,2.0998295030257834e-05
DE,2050,52,84,104,2.0998295030257834e-05
DE,2050,52,85,104,2.1055765907802893e-05
DE,2050,52,86,104,2.1055765907802893e-05
DE,2050,52,87,104,2.0646791204685595e-05
DE,2050,52,88,104,2.0646791204734567e-05
DE,2050,52,89,104,2.131475883051408e-05
DE,2050,52,90,104,2.2408424630855837e-05
DE,2050,52,91,104,2.240935880183948e-05
DE,2050,52,92,104,0.0
DE,2050,52,93,104,0.0
DE,2050,52,94,104,0.0
DE,2050,52,95,104,0.0
DE,2050,52,96,104,2.0646791204685595e-05
DE,2050,52,97,104,1.1981122989340503e-07
DE,2050,52,98,104,1.1981122989340503e-07
DE,2050,52,99,104,0.0
DE,2050,52,100,104,0.0
DE,2050,52,101,104,1.1981122989340503e-07
DE,2050,52,102,104,0.0
DE,2050,52,103,104,0.0
DE,2050,52,104,104,0.0
DE,2050,52,105,104,0.0
DE,2050,52,106,104,0.0
DE,2050,52,107,104,0.0
DE,2050,52,108,104,0.0
DE,2050,52,109,104,0.0
DE,2050,52,110,104,0.0
DE,2050,52,111,104,0.0
DE,2050,52,112,104,0.0
DE,2050,52,113,104,0.0
DE,2050,52,114,104,0.0
DE,2050,52,115,104,0.0
DE,2050,52,116,104,0.0
DE,2050,52,117,104,0.0
DE,2050,52,118,104,0.0
DE,2050,52,119,104,0.0
DE,2050,52,120,104,0.0
DE,2050,52,121,104,0.0
DE,2050,52,122,104,0.0
DE,2050,52,123,104,0.0
DE,2050,52,124,104,0.0
DE,2050,52,125,104,0.0
DE,2050,52,126,104,0.0
DE,2050,52,127,104,0.0
DE,2050,52,128,104,0.0
DE,2050,52,129,104,0.0
DE,2050,52,130,104,0.0
DE,2050,52,131,104,0.0
DE,2050,52,132,104,0.0
DE,2050,52,133,104,0.0
DE,2050,52,134,104,0.0
DE,2050,52,135,104,0.0
DE,2050,52,136,104,0.0
DE,2050,52,137,104,0.0
DE,2050,52,138,104,0.0783364923206865
DE,2050,52,139,104,0.07833975804237213
DE,2050,52,140,104,0.07834302390018234
DE,2050,52,141,104,0.07834628989416072
DE,2050,52,142,104,0.07834955602428983
DE,2050,52,143,104,0.07633529297652984
DE,2050,52,144,104,0.07552947989365498
DE,2050,52,145,104,0.07552947989365498
DE,2050,52,146,104,0.07627715282515117
DE,2050,52,147,104,0.07623659291030292
DE,2050,52,148,104,0.07604429649828452
DE,2050,52,149,104,0.07633529297652984
DE,2050,52,150,104,0.07837568996752539
DE,2050,52,151,104,0.07837895732329456
DE,2050,52,152,104,0.07838222481527113
DE,2050,52,153,104,0.07348272212590977
DE,2050,52,154,104,0.0
DE,2050,52,155,104,0.07228387806237388
DE,2050,52,156,104,0.07228689146035608
DE,2050,52,157,104,0.07228990498396691
DE,2050,52,158,104,0.07229291863319764
DE,2050,52,159,104,0.07229593240806573
DE,2050,52,160,104,0.0
DE,2050,52,161,104,0.0
DE,2050,52,162,104,0.0
DE,2050,52,163,104,0.0
DE,2050,52,164,104,0.0
DE,2050,52,165,104,0.0
DE,2050,52,166,104,0.0
DE,2050,52,167,104,0.0
NT,2025,11,0,105,0.0
NT,2025,11,1,105,0.0
NT,2025,11,2,105,0.0
NT,2025,11,3,105,0.0
NT,2025,11,4,105,0.0
NT,2025,11,5,105,0.0
NT,2025,11,6,105,0.0
NT,2025,11,7,105,0.0
NT,2025,11,8,105,0.0
NT,2025,11,9,105,0.0
NT,2025,11,10,105,0.0
NT,2025,11,11,105,0.0
NT,2025,11,12,105,0.0
NT,2025,11,13,105,0.0
NT,2025,11,14,105,0.0
NT,2025,11,15,105,0.0
NT,2025,11,16,105,0.0
NT,2025,11,17,105,0.0
NT,2025,11,18,105,0.0
NT,2025,11,19,105,0.0
NT,2025,11,20,105,0.0
NT,2025,11,21,105,0.0
NT,2025,11,22,105,0.0
NT,2025,11,23,105,0.0
NT,2025,11,24,105,0.0
NT,2025,11,25,105,0.0
NT,2025,11,26,105,0.0
NT,2025,11,27,105,0.0
NT,2025,11,28,105,0.0
NT,2025,11,29,105,0.0
NT,2025,11,30,105,0.0
NT,2025,11,31,105,0.0
NT,2025,11,32,105,0.0
NT,2025,11,33,105,0.0
NT,2025,11,34,105,0.0
NT,2025,11,35,105,0.0
NT,2025,11,36,105,0.0
NT,2025,11,37,105,0.0
NT,2025,11,38,105,0.0
NT,2025,11,39,105,0.0
NT,2025,11,40,105,0.0
NT,2025,11,41,105,0.0
NT,2025,11,42,105,0.0
NT,2025,11,43,105,0.0
NT,2025,11,44,105,0.0
NT,2025,11,45,105,0.0
NT,2025,11,46,105,0.0
NT,2025,11,47,105,0.0
NT,2025,11,48,105,0.0
NT,2025,11,49,105,0.0
NT,2025,11,50,105,0.0
NT,2025,11,51,105,0.0
NT,2025,11,52,105,0.0
NT,2025,11,53,105,0.0
NT,2025,11,54,105,0.0
NT,2025,11,55,105,0.0
NT,2025,11,56,105,0.0
NT,2025,11,57,105,0.0
NT,2025,11,58,105,0.0
NT,2025,11,59,105,0.0
NT,2025,11,60,105,0.0
NT,2025,11,61,105,0.0
NT,2025,11,62,105,0.0
NT,2025,11,63,105,0.0
NT,2025,11,64,105,0.0
NT,2025,11,65,105,0.0
NT,2025,11,66,105,0.0
NT,2025,11,67,105,0.0
NT,2025,11,68,105,0.0
NT,2025,11,69,105,0.0
NT,2025,11,70,105,0.0
NT,2025,11,71,105,0.0
NT,2025,11,72,105,0.0
NT,2025,11,73,105,0.0
NT,2025,11,74,105,0.0
NT,2025,11,75,105,0.0
NT,2025,11,76,105,0.0
NT,2025,11,77,105,0.0
NT,2025,11,78,105,0.0
NT,2025,11,79,105,0.0
NT,2025,11,80,105,0.0
NT,2025,11,81,105,0.0
NT,2025,11,82,105,0.0
NT,2025,11,83,105,0.0
NT,2025,11,84,105,0.0
NT,2025,11,85,105,0.0
NT,2025,11,86,105,0.0
NT,2025,11,87,105,0.0
NT,2025,11,88,105,0.0
NT,2025,11,89,105,0.0
NT,2025,11,90,105,0.0
NT,2025,11,91,105,0.0
NT,2025,11,92,105,0.0
NT,2025,11,93,105,0.0
NT,2025,11,94,105,0.0
NT,2025,11,95,105,0.0
NT,2025,11,96,105,0.0
NT,2025,11,97,105,0.0
NT,2025,11,98,105,0.0
NT,2025,11,99,105,0.0
NT,2025,11,100,105,0.0
NT,2025,11,101,105,0.0
NT,2025,11,102,105,0.0
NT,2025,11,103,105,0.0
NT,2025,11,104,105,0.0
NT,2025,11,105,105,0.0
NT,2025,11,106,105,0.0
NT,2025,11,107,105,0.0
NT,2025,11,108,105,0.0
NT,2025,11,109,105,0.0
NT,2025,11,110,105,0.0
NT,2025,11,111,105,0.0
NT,2025,11,112,105,0.0
NT,2025,11,113,105,0.0
NT,2025,11,114,105,0.0
NT,2025,11,115,105,0.0
NT,2025,11,116,105,0.0
NT,2025,11,117,105,0.0
NT,2025,11,118,105,0.0
NT,2025,11,119,105,0.0
NT,2025,11,120,105,0.0
NT,2025,11,121,105,0.0
NT,2025,11,122,105,0.0
NT,2025,11,123,105,0.0
NT,2025,11,124,105,0.0
NT,2025,11,125,105,0.0
NT,2025,11,126,105,0.0
NT,2025,11,127,105,0.0
NT,2025,11,128,105,0.0
NT,2025,11,129,105,0.0
NT,2025,11,130,105,0.0
NT,2025,11,131,105,0.0
NT,2025,11,132,105,0.0
NT,2025,11,133,105,0.0
NT,2025,11,134,105,0.0
NT,2025,11,135,105,0.0
NT,2025,11,136,105,0.0
NT,2025,11,137,105,0.0
NT,2025,11,138,105,0.0
NT,2025,11,139,105,0.0
NT,2025,11,140,105,0.0
NT,2025,11,141,105,0.0
NT,2025,11,142,105,0.0
NT,2025,11,143,105,0.0
NT,2025,11,144,105,0.0
NT,2025,11,145,105,0.0
NT,2025,11,146,105,0.0
NT,2025,11,147,105,0.0
NT,2025,11,148,105,0.0
NT,2025,11,149,105,0.0
NT,2025,11,150,105,0.0
NT,2025,11,151,105,0.0
NT,2025,11,152,105,0.0
NT,2025,11,153,105,0.0
NT,2025,11,154,105,0.0
NT,2025,11,155,105,0.0
NT,2025,11,156,105,0.0
NT,2025,11,157,105,0.0
NT,2025,11,158,105,0.0
NT,2025,11,159,105,0.0
NT,2025,11,160,105,0.0
NT,2025,11,161,105,0.0
NT,2025,11,162,105,0.0
NT,2025,11,163,105,0.0
NT,2025,11,164,105,0.0
NT,2025,11,165,105,0.0
NT,2025,11,166,105,0.0
NT,2025,11,167,105,0.0
NT,2025,21,0,105,0.0
NT,2025,21,1,105,0.0
NT,2025,21,2,105,0.0
NT,2025,21,3,105,0.0
NT,2025,21,4,105,0.0
NT,2025,21,5,105,0.0
NT,2025,21,6,105,0.0
NT,2025,21,7,105,0.0
NT,2025,21,8,105,0.0
NT,2025,21,9,105,0.0
NT,2025,21,10,105,0.0
NT,2025,21,11,105,0.0
NT,2025,21,12,105,0.0
NT,2025,21,13,105,0.0
NT,2025,21,14,105,0.0
NT,2025,21,15,105,0.0
NT,2025,21,16,105,0.0
NT,2025,21,17,105,0.0
NT,2025,21,18,105,0.0
NT,2025,21,19,105,0.0
NT,2025,21,20,105,0.0
NT,2025,21,21,105,0.0
NT,2025,21,22,105,0.0
NT,2025,21,23,105,0.0
NT,2025,21,24,105,0.0
NT,2025,21,25,105,0.0
NT,2025,21,26,105,0.0
NT,2025,21,27,105,0.0
NT,2025,21,28,105,0.0
NT,2025,21,29,105,0.0
NT,2025,21,30,105,0.0
NT,2025,21,31,105,0.0
NT,2025,21,32,105,0.0
NT,2025,21,33,105,0.0
NT,2025,21,34,105,0.0
NT,2025,21,35,105,0.0
NT,2025,21,36,105,0.0
NT,2025,21,37,105,0.0
NT,2025,21,38,105,0.0
NT,2025,21,39,105,0.0
NT,2025,21,40,105,0.0
NT,2025,21,41,105,0.0
NT,2025,21,42,105,0.0
NT,2025,21,43,105,0.0
NT,2025,21,44,105,0.0
NT,2025,21,45,105,0.0
NT,2025,21,46,105,0.0
NT,2025,21,47,105,0.0
NT,2025,21,48,105,0.0
NT,2025,21,49,105,0.0
NT,2025,21,50,105,0.0
NT,2025,21,51,105,0.0
NT,2025,21,52,105,0.0
NT,2025,21,53,105,0.0
NT,2025,21,54,105,0.0
NT,2025,21,55,105,0.0
NT,2025,21,56,105,0.0
NT,2025,21,57,105,0.0
NT,2025,21,58,105,0.0
NT,2025,21,59,105,0.0
NT,2025,21,60,105,0.0
NT,2025,21,61,105,0.0
NT,2025,21,62,105,0.0
NT,2025,21,63,105,0.0
NT,2025,21,64,105,0.0
NT,2025,21,65,105,0.0
NT,2025,21,66,105,0.0
NT,2025,21,67,105,0.0
NT,2025,21,68,105,0.0
NT,2025,21,69,105,0.0
NT,2025,21,70,105,0.0
NT,2025,21,71,105,0.0
NT,2025,21,72,105,0.0
NT,2025,21,73,105,0.0
NT,2025,21,74,105,0.0
NT,2025,21,75,105,0.0
NT,2025,21,76,105,0.0
NT,2025,21,77,105,0.0
NT,2025,21,78,105,0.0
NT,2025,21,79,105,0.0
NT,2025,21,80,105,0.0
NT,2025,21,81,105,0.0
NT,2025,21,82,105,0.0
NT,2025,21,83,105,0.0
NT,2025,21,84,105,0.0
NT,2025,21,85,105,0.0
NT,2025,21,86,105,0.0
NT,2025,21,87,105,0.0
NT,2025,21,88,105,0.0
NT,2025,21,89,105,0.0
NT,2025,21,90,105,0.0
NT,2025,21,91,105,0.0
NT,2025,21,92,105,0.0
NT,2025,21,93,105,0.0
NT,2025,21,94,105,0.0
NT,2025,21,95,105,0.0
NT,2025,21,96,105,0.0
NT,2025,21,97,105,0.0
NT,2025,21,98,105,0.0
NT,2025,21,99,105,0.0
NT,2025,21,100,105,0.0
NT,2025,21,101,105,0.0
NT,2025,21,102,105,0.0
NT,2025,21,103,105,0.0
NT,2025,21,104,105,0.0
NT,2025,21,105,105,0.0
NT,2025,21,106,105,0.0
NT,2025,21,107,105,0.0
NT,2025,21,108,105,0.0
NT,2025,21,109,105,0.0
NT,2025,21,110,105,0.0
NT,2025,21,111,105,0.0
NT,2025,21,112,105,0.0
NT,2025,21,113,105,0.0
NT,2025,21,114,105,0.0
NT,2025,21,115,105,0.0
NT,2025,21,116,105,0.0
NT,2025,21,117,105,0.0
NT,2025,21,118,105,0.0
NT,2025,21,119,105,0.0
NT,2025,21,120,105,0.0
NT,2025,21,121,105,0.0
NT,2025,21,122,105,0.0
NT,2025,21,123,105,0.0
NT,2025,21,124,105,0.0
NT,2025,21,125,105,0.0
NT,2025,21,126,105,0.0
NT,2025,21,127,105,0.0
NT,2025,21,128,105,0.0
NT,2025,21,129,105,0.0
NT,2025,21,130,105,0.0
NT,2025,21,131,105,0.0
NT,2025,21,132,105,0.0
NT,2025,21,133,105,0.0
NT,2025,21,134,105,0.0
NT,2025,21,135,105,0.0
NT,2025,21,136,105,0.0
NT,2025,21,137,105,0.0
NT,2025,21,138,105,0.0
NT,2025,21,139,105,0.0
NT,2025,21,140,105,0.0
NT,2025,21,141,105,0.0
NT,2025,21,142,105,0.0
NT,2025,21,143,105,0.0
NT,2025,21,144,105,0.0
NT,2025,21,145,105,0.0
NT,2025,21,146,105,0.0
NT,2025,21,147,105,0.0
NT,2025,21,148,105,0.0
NT,2025,21,149,105,0.0
NT,2025,21,150,105,0.0
NT,2025,21,151,105,0.0
NT,2025,21,152,105,0.0
NT,2025,21,153,105,0.0
NT,2025,21,154,105,0.0
NT,2025,21,155,105,0.0
NT,2025,21,156,105,0.0
NT,2025,21,157,105,0.0
NT,2025,21,158,105,0.0
NT,2025,21,159,105,0.0
NT,2025,21,160,105,0.0
NT,2025,21,161,105,0.0
NT,2025,21,162,105,0.0
NT,2025,21,163,105,0.0
NT,2025,21,164,105,0.0
NT,2025,21,165,105,0.0
NT,2025,21,166,105,0.0
NT,2025,21,167,105,0.0
NT,2025,42,0,105,0.0
NT,2025,42,1,105,0.0
NT,2025,42,2,105,0.0
NT,2025,42,3,105,0.0
NT,2025,42,4,105,0.0
NT,2025,42,5,105,0.0
NT,2025,42,6,105,0.0
NT,2025,42,7,105,0.0
NT,2025,42,8,105,0.0
NT,2025,42,9,105,0.0
NT,2025,42,10,105,0.0
NT,2025,42,11,105,0.0
NT,2025,42,12,105,0.0
NT,2025,42,13,105,0.0
NT,2025,42,14,105,0.0
NT,2025,42,15,105,0.0
NT,2025,42,16,105,0.0
NT,2025,42,17,105,0.0
NT,2025,42,18,105,0.0
NT,2025,42,19,105,0.0
NT,2025,42,20,105,0.0
NT,2025,42,21,105,0.0
NT,2025,42,22,105,0.0
NT,2025,42,23,105,0.0
NT,2025,42,24,105,0.0
NT,2025,42,25,105,0.0
NT,2025,42,26,105,0.0
NT,2025,42,27,105,0.0
NT,2025,42,28,105,0.0
NT,2025,42,29,105,0.0
NT,2025,42,30,105,0.0
NT,2025,42,31,105,0.0
NT,2025,42,32,105,0.0
NT,2025,42,33,105,0.0
NT,2025,42,34,105,0.0
NT,2025,42,35,105,0.0
NT,2025,42,36,105,0.0
NT,2025,42,37,105,0.0
NT,2025,42,38,105,0.0
NT,2025,42,39,105,0.0
NT,2025,42,40,105,0.0
NT,2025,42,41,105,0.0
NT,2025,42,42,105,0.0
NT,2025,42,43,105,0.0
NT,2025,42,44,105,0.0
NT,2025,42,45,105,0.0
NT,2025,42,46,105,0.0
NT,2025,42,47,105,0.0
NT,2025,42,48,105,0.0
NT,2025,42,49,105,0.0
NT,2025,42,50,105,0.0
NT,2025,42,51,105,0.0
NT,2025,42,52,105,0.0
NT,2025,42,53,105,0.0
NT,2025,42,54,105,0.0
NT,2025,42,55,105,0.0
NT,2025,42,56,105,0.0
NT,2025,42,57,105,0.0
NT,2025,42,58,105,0.0
NT,2025,42,59,105,0.0
NT,2025,42,60,105,0.0
NT,2025,42,61,105,0.0
NT,2025,42,62,105,0.0
NT,2025,42,63,105,0.0
NT,2025,42,64,105,0.0
NT,2025,42,65,105,0.0
NT,2025,42,66,105,0.0
NT,2025,42,67,105,0.0
NT,2025,42,68,105,0.0
NT,2025,42,69,105,0.0
NT,2025,42,70,105,0.0
NT,2025,42,71,105,0.0
NT,2025,42,72,105,0.0
NT,2025,42,73,105,0.0
NT,2025,42,74,105,0.0
NT,2025,42,75,105,0.0
NT,2025,42,76,105,0.0
NT,2025,42,77,105,0.0
NT,2025,42,78,105,0.0
NT,2025,42,79,105,0.0
NT,2025,42,80,105,0.0
NT,2025,42,81,105,0.0
NT,2025,42,82,105,0.0
NT,2025,42,83,105,0.0
NT,2025,42,84,105,0.0
NT,2025,42,85,105,0.0
NT,2025,42,86,105,0.0
NT,2025,42,87,105,0.0
NT,2025,42,88,105,0.0
NT,2025,42,89,105,0.0
NT,2025,42,90,105,0.0
NT,2025,42,91,105,0.0
NT,2025,42,92,105,0.0
NT,2025,42,93,105,0.0
NT,2025,42,94,105,0.0
NT,2025,42,95,105,0.0
NT,2025,42,96,105,0.0
NT,2025,42,97,105,0.0
NT,2025,42,98,105,0.0
NT,2025,42,99,105,0.0
NT,2025,42,100,105,0.0
NT,2025,42,101,105,0.0
NT,2025,42,102,105,0.0
NT,2025,42,103,105,0.0
NT,2025,42,104,105,0.0
NT,2025,42,105,105,0.0
NT,2025,42,106,105,0.0
NT,2025,42,107,105,0.0
NT,2025,42,108,105,0.0
NT,2025,42,109,105,0.0
NT,2025,42,110,105,0.0
NT,2025,42,111,105,0.0
NT,2025,42,112,105,0.0
NT,2025,42,113,105,0.0
NT,2025,42,114,105,0.0
NT,2025,42,115,105,0.0
NT,2025,42,116,105,0.0
NT,2025,42,117,105,0.0
NT,2025,42,118,105,0.0
NT,2025,42,119,105,0.0
NT,2025,42,120,105,0.0
NT,2025,42,121,105,0.0
NT,2025,42,122,105,0.0
NT,2025,42,123,105,0.0
NT,2025,42,124,105,0.0
NT,2025,42,125,105,0.0
NT,2025,42,126,105,0.0
NT,2025,42,127,105,0.0
NT,2025,42,128,105,0.0
NT,2025,42,129,105,0.0
NT,2025,42,130,105,0.0
NT,2025,42,131,105,0.0
NT,2025,42,132,105,0.0
NT,2025,42,133,105,0.0
NT,2025,42,134,105,0.0
NT,2025,42,135,105,0.0
NT,2025,42,136,105,0.0
NT,2025,42,137,105,0.0
NT,2025,42,138,105,0.0
NT,2025,42,139,105,0.0
NT,2025,42,140,105,0.0
NT,2025,42,141,105,0.0
NT,2025,42,142,105,0.0
NT,2025,42,143,105,0.0
NT,2025,42,144,105,0.0
NT,2025,42,145,105,0.0
NT,2025,42,146,105,0.0
NT,2025,42,147,105,0.0
NT,2025,42,148,105,0.0
NT,2025,42,149,105,0.0
NT,2025,42,150,105,0.0
NT,2025,42,151,105,0.0
NT,2025,42,152,105,0.0
NT,2025,42,153,105,0.0
NT,2025,42,154,105,0.0
NT,2025,42,155,105,0.0
NT,2025,42,156,105,0.0
NT,2025,42,157,105,0.0
NT,2025,42,158,105,0.0
NT,2025,42,159,105,0.0
NT,2025,42,160,105,0.0
NT,2025,42,161,105,0.0
NT,2025,42,162,105,0.0
NT,2025,42,163,105,0.0
NT,2025,42,164,105,0.0
NT,2025,42,165,105,0.0
NT,2025,42,166,105,0.0
NT,2025,42,167,105,0.0
NT,2025,52,0,105,0.0
NT,2025,52,1,105,0.0
NT,2025,52,2,105,0.0
NT,2025,52,3,105,0.0
NT,2025,52,4,105,0.0
NT,2025,52,5,105,0.0
NT,2025,52,6,105,0.0
NT,2025,52,7,105,0.0
NT,2025,52,8,105,0.0
NT,2025,52,9,105,0.0
NT,2025,52,10,105,0.0
NT,2025,52,11,105,0.0
NT,2025,52,12,105,0.0
NT,2025,52,13,105,0.0
NT,2025,52,14,105,0.0
NT,2025,52,15,105,0.0
NT,2025,52,16,105,0.0
NT,2025,52,17,105,0.0
NT,2025,52,18,105,0.0
NT,2025,52,19,105,0.0
NT,2025,52,20,105,0.0
NT,2025,52,21,105,0.0
NT,2025,52,22,105,0.0
NT,2025,52,23,105,0.0
NT,2025,52,24,105,0.0
NT,2025,52,25,105,0.0
NT,2025,52,26,105,0.0
NT,2025,52,27,105,0.0
NT,2025,52,28,105,0.0
NT,2025,52,29,105,0.0
NT,2025,52,30,105,0.0
NT,2025,52,31,105,0.0
NT,2025,52,32,105,0.0
NT,2025,52,33,105,0.0
NT,2025,52,34,105,0.0
NT,2025,52,35,105,0.0
NT,2025,52,36,105,0.0
NT,2025,52,37,105,0.0
NT,2025,52,38,105,0.0
NT,2025,52,39,105,0.0
NT,2025,52,40,105,0.0
NT,2025,52,41,105,0.0
NT,2025,52,42,105,0.0
NT,2025,52,43,105,0.0
NT,2025,52,44,105,0.0
NT,2025,52,45,105,0.0
NT,2025,52,46,105,0.0
NT,2025,52,47,105,0.0
NT,2025,52,48,105,0.0
NT,2025,52,49,105,0.0
NT,2025,52,50,105,0.0
NT,2025,52,51,105,0.0
NT,2025,52,52,105,0.0
NT,2025,52,53,105,0.0
NT,2025,52,54,105,0.0
NT,2025,52,55,105,0.0
NT,2025,52,56,105,0.0
NT,2025,52,57,105,0.0
NT,2025,52,58,105,0.0
NT,2025,52,59,105,0.0
NT,2025,52,60,105,0.0
NT,2025,52,61,105,0.0
NT,2025,52,62,105,0.0
NT,2025,52,63,105,0.0
NT,2025,52,64,105,0.0
NT,2025,52,65,105,0.0
NT,2025,52,66,105,0.0
NT,2025,52,67,105,0.0
NT,2025,52,68,105,0.0
NT,2025,52,69,105,0.0
NT,2025,52,70,105,0.0
NT,2025,52,71,105,0.0
NT,2025,52,72,105,0.0
NT,2025,52,73,105,0.0
NT,2025,52,74,105,0.0
NT,2025,52,75,105,0.0
NT,2025,52,76,105,0.0
NT,2025,52,77,105,0.0
NT,2025,52,78,105,0.0
NT,2025,52,79,105,0.0
NT,2025,52,80,105,0.0
NT,2025,52,81,105,0.0
NT,2025,52,82,105,0.0
NT,2025,52,83,105,0.0
NT,2025,52,84,105,0.0
NT,2025,52,85,105,0.0
NT,2025,52,86,105,0.0
NT,2025,52,87,105,0.0
NT,2025,52,88,105,0.0
NT,2025,52,89,105,0.0
NT,2025,52,90,105,0.0
NT,2025,52,91,105,0.0
NT,2025,52,92,105,0.0
NT,2025,52,93,105,0.0
NT,2025,52,94,105,0.0
NT,2025,52,95,105,0.0
NT,2025,52,96,105,0.0
NT,2025,52,97,105,0.0
NT,2025,52,98,105,0.0
NT,2025,52,99,105,0.0
NT,2025,52,100,105,0.0
NT,2025,52,101,105,0.0
NT,2025,52,102,105,0.0
NT,2025,52,103,105,0.0
NT,2025,52,104,105,0.0
NT,2025,52,105,105,0.0
NT,2025,52,106,105,0.0
NT,2025,52,107,105,0.0
NT,2025,52,108,105,0.0
NT,2025,52,109,105,0.0
NT,2025,52,110,105,0.0
NT,2025,52,111,105,0.0
NT,2025,52,112,105,0.0
NT,2025,52,113,105,0.0
NT,2025,52,114,105,0.0
NT,2025,52,115,105,0.0
NT,2025,52,116,105,0.0
NT,2025,52,117,105,0.0
NT,2025,52,118,105,0.0
NT,2025,52,119,105,0.0
NT,2025,52,120,105,0.0
NT,2025,52,121,105,0.0
NT,2025,52,122,105,0.0
NT,2025,52,123,105,0.0
NT,2025,52,124,105,0.0
NT,2025,52,125,105,0.0
NT,2025,52,126,105,0.0
NT,2025,52,127,105,0.0
NT,2025,52,128,105,0.0
NT,2025,52,129,105,0.0
NT,2025,52,130,105,0.0
NT,2025,52,131,105,0.0
NT,2025,52,132,105,0.0
NT,2025,52,133,105,0.0
NT,2025,52,134,105,0.0
NT,2025,52,135,105,0.0
NT,2025,52,136,105,0.0
NT,2025,52,137,105,0.0
NT,2025,52,138,105,0.0
NT,2025,52,139,105,0.0
NT,2025,52,140,105,0.0
NT,2025,52,141,105,0.0
NT,2025,52,142,105,0.0
NT,2025,52,143,105,0.0
NT,2025,52,144,105,0.0
NT,2025,52,145,105,0.0
NT,2025,52,146,105,0.0
NT,2025,52,147,105,0.0
NT,2025,52,148,105,0.0
NT,2025,52,149,105,0.0
NT,2025,52,150,105,0.0
NT,2025,52,151,105,0.0
NT,2025,52,152,105,0.0
NT,2025,52,153,105,0.0
NT,2025,52,154,105,0.0
NT,2025,52,155,105,0.0
NT,2025,52,156,105,0.0
NT,2025,52,157,105,0.0
NT,2025,52,158,105,0.0
NT,2025,52,159,105,0.0
NT,2025,52,160,105,0.0
NT,2025,52,161,105,0.0
NT,2025,52,162,105,0.0
NT,2025,52,163,105,0.0
NT,2025,52,164,105,0.0
NT,2025,52,165,105,0.0
NT,2025,52,166,105,0.0
NT,2025,52,167,105,0.0
NT,2030,11,0,105,0.0
NT,2030,11,1,105,0.0
NT,2030,11,2,105,0.0
NT,2030,11,3,105,0.0
NT,2030,11,4,105,0.0
NT,2030,11,5,105,0.0
NT,2030,11,6,105,0.0
NT,2030,11,7,105,0.0
NT,2030,11,8,105,0.0
NT,2030,11,9,105,0.0
NT,2030,11,10,105,0.0
NT,2030,11,11,105,0.0
NT,2030,11,12,105,0.0
NT,2030,11,13,105,0.0
NT,2030,11,14,105,0.0
NT,2030,11,15,105,0.0
NT,2030,11,16,105,0.0
NT,2030,11,17,105,0.0
NT,2030,11,18,105,0.0
NT,2030,11,19,105,0.0
NT,2030,11,20,105,0.0
NT,2030,11,21,105,0.0
NT,2030,11,22,105,0.0
NT,2030,11,23,105,0.0
NT,2030,11,24,105,0.0
NT,2030,11,25,105,0.0
NT,2030,11,26,105,0.0
NT,2030,11,27,105,0.0
NT,2030,11,28,105,0.0
NT,2030,11,29,105,0.0
NT,2030,11,30,105,0.0
NT,2030,11,31,105,0.0
NT,2030,11,32,105,0.0
NT,2030,11,33,105,0.0
NT,2030,11,34,105,0.0
NT,2030,11,35,105,0.0
NT,2030,11,36,105,0.0
NT,2030,11,37,105,0.0
NT,2030,11,38,105,0.0
NT,2030,11,39,105,0.0
NT,2030,11,40,105,0.0
NT,2030,11,41,105,0.0
NT,2030,11,42,105,0.0
NT,2030,11,43,105,0.0
NT,2030,11,44,105,0.0
NT,2030,11,45,105,0.0
NT,2030,11,46,105,0.0
NT,2030,11,47,105,0.0
NT,2030,11,48,105,0.0
NT,2030,11,49,105,0.0
NT,2030,11,50,105,0.0
NT,2030,11,51,105,0.0
NT,2030,11,52,105,0.0
NT,2030,11,53,105,0.0
NT,2030,11,54,105,0.0
NT,2030,11,55,105,0.0
NT,2030,11,56,105,0.0
NT,2030,11,57,105,0.0
NT,2030,11,58,105,0.0
NT,2030,11,59,105,0.0
NT,2030,11,60,105,0.0
NT,2030,11,61,105,0.0
NT,2030,11,62,105,0.0
NT,2030,11,63,105,0.0
NT,2030,11,64,105,0.0
NT,2030,11,65,105,0.0
NT,2030,11,66,105,0.0
NT,2030,11,67,105,0.0
NT,2030,11,68,105,0.0
NT,2030,11,69,105,0.0
NT,2030,11,70,105,0.0
NT,2030,11,71,105,0.0
NT,2030,11,72,105,0.0
NT,2030,11,73,105,0.0
NT,2030,11,74,105,0.0
NT,2030,11,75,105,0.0
NT,2030,11,76,105,0.0
NT,2030,11,77,105,0.0
NT,2030,11,78,105,0.0
NT,2030,11,79,105,0.0
NT,2030,11,80,105,0.0
NT,2030,11,81,105,0.0
NT,2030,11,82,105,0.0
NT,2030,11,83,105,0.0
NT,2030,11,84,105,0.0
NT,2030,11,85,105,0.0
NT,2030,11,86,105,0.0
NT,2030,11,87,105,0.0
NT,2030,11,88,105,0.0
NT,2030,11,89,105,0.0
NT,2030,11,90,105,0.0
NT,2030,11,91,105,0.0
NT,2030,11,92,105,0.0
NT,2030,11,93,105,0.0
NT,2030,11,94,105,0.0
NT,2030,11,95,105,0.0
NT,2030,11,96,105,0.0
NT,2030,11,97,105,0.0
NT,2030,11,98,105,0.0
NT,2030,11,99,105,0.0
NT,2030,11,100,105,0.0
NT,2030,11,101,105,0.0
NT,2030,11,102,105,0.0
NT,2030,11,103,105,0.0
NT,2030,11,104,105,0.0
NT,2030,11,105,105,0.0
NT,2030,11,106,105,0.0
NT,2030,11,107,105,0.0
NT,2030,11,108,105,0.0
NT,2030,11,109,105,0.0
NT,2030,11,110,105,0.0
NT,2030,11,111,105,0.0
NT,2030,11,112,105,0.0
NT,2030,11,113,105,0.0
NT,2030,11,114,105,0.0
NT,2030,11,115,105,0.0
NT,2030,11,116,105,0.0
NT,2030,11,117,105,0.0
NT,2030,11,118,105,0.0
NT,2030,11,119,105,0.0
NT,2030,11,120,105,0.0
NT,2030,11,121,105,0.0
NT,2030,11,122,105,0.0
NT,2030,11,123,105,0.0
NT,2030,11,124,105,0.0
NT,2030,11,125,105,0.0
NT,2030,11,126,105,0.0
NT,2030,11,127,105,0.0
NT,2030,11,128,105,0.0
NT,2030,11,129,105,0.0
NT,2030,11,130,105,0.0
NT,2030,11,131,105,0.0
NT,2030,11,132,105,0.0
NT,2030,11,133,105,0.0
NT,2030,11,134,105,0.0
NT,2030,11,135,105,0.0
NT,2030,11,136,105,0.0
NT,2030,11,137,105,0.0
NT,2030,11,138,105,0.0
NT,2030,11,139,105,0.0
NT,2030,11,140,105,0.0
NT,2030,11,141,105,0.0
NT,2030,11,142,105,0.0
NT,2030,11,143,105,0.0
NT,2030,11,144,105,0.0
NT,2030,11,145,105,0.0
NT,2030,11,146,105,0.0
NT,2030,11,147,105,0.0
NT,2030,11,148,105,0.0
NT,2030,11,149,105,0.0
NT,2030,11,150,105,0.0
NT,2030,11,151,105,0.0
NT,2030,11,152,105,0.0
NT,2030,11,153,105,0.0
NT,2030,11,154,105,0.0
NT,2030,11,155,105,0.0
NT,2030,11,156,105,0.0
NT,2030,11,157,105,0.0
NT,2030,11,158,105,0.0
NT,2030,11,159,105,0.0
NT,2030,11,160,105,0.0
NT,2030,11,161,105,0.0
NT,2030,11,162,105,0.0
NT,2030,11,163,105,0.0
NT,2030,11,164,105,0.0
NT,2030,11,165,105,0.0
NT,2030,11,166,105,0.0
NT,2030,11,167,105,0.0
NT,2030,21,0,105,0.0
NT,2030,21,1,105,0.0
NT,2030,21,2,105,0.0
NT,2030,21,3,105,0.0
NT,2030,21,4,105,0.0
NT,2030,21,5,105,0.0
NT,2030,21,6,105,0.0
NT,2030,21,7,105,0.0
NT,2030,21,8,105,0.0
NT,2030,21,9,105,0.0
NT,2030,21,10,105,0.0
NT,2030,21,11,105,0.0
NT,2030,21,12,105,0.0
NT,2030,21,13,105,0.0
NT,2030,21,14,105,0.0
NT,2030,21,15,105,0.0
NT,2030,21,16,105,0.0
NT,2030,21,17,105,0.0
NT,2030,21,18,105,0.0
NT,2030,21,19,105,0.0
NT,2030,21,20,105,0.0
NT,2030,21,21,105,0.0
NT,2030,21,22,105,0.0
NT,2030,21,23,105,0.0
NT,2030,21,24,105,0.0
NT,2030,21,25,105,0.0
NT,2030,21,26,105,0.0
NT,2030,21,27,105,0.0
NT,2030,21,28,105,0.0
NT,2030,21,29,105,0.0
NT,2030,21,30,105,0.0
NT,2030,21,31,105,0.0
NT,2030,21,32,105,0.0
NT,2030,21,33,105,0.0
NT,2030,21,34,105,0.0
NT,2030,21,35,105,0.0
NT,2030,21,36,105,0.0
NT,2030,21,37,105,0.0
NT,2030,21,38,105,0.0
NT,2030,21,39,105,0.0
NT,2030,21,40,105,0.0
NT,2030,21,41,105,0.0
NT,2030,21,42,105,0.0
NT,2030,21,43,105,0.0
NT,2030,21,44,105,0.0
NT,2030,21,45,105,0.0
NT,2030,21,46,105,0.0
NT,2030,21,47,105,0.0
NT,2030,21,48,105,0.0
NT,2030,21,49,105,0.0
NT,2030,21,50,105,0.0
NT,2030,21,51,105,0.0
NT,2030,21,52,105,0.0
NT,2030,21,53,105,0.0
NT,2030,21,54,105,0.0
NT,2030,21,55,105,0.0
NT,2030,21,56,105,0.0
NT,2030,21,57,105,0.0
NT,2030,21,58,105,0.0
NT,2030,21,59,105,0.0
NT,2030,21,60,105,0.0
NT,2030,21,61,105,0.0
NT,2030,21,62,105,0.0
NT,2030,21,63,105,0.0
NT,2030,21,64,105,0.0
NT,2030,21,65,105,0.0
NT,2030,21,66,105,0.0
NT,2030,21,67,105,0.0
NT,2030,21,68,105,0.0
NT,2030,21,69,105,0.0
NT,2030,21,70,105,0.0
NT,2030,21,71,105,0.0
NT,2030,21,72,105,0.0
NT,2030,21,73,105,0.0
NT,2030,21,74,105,0.0
NT,2030,21,75,105,0.0
NT,2030,21,76,105,0.0
NT,2030,21,77,105,0.0
NT,2030,21,78,105,0.0
NT,2030,21,79,105,0.0
NT,2030,21,80,105,0.0
NT,2030,21,81,105,0.0
NT,2030,21,82,105,0.0
NT,2030,21,83,105,0.0
NT,2030,21,84,105,0.0
NT,2030,21,85,105,0.0
NT,2030,21,86,105,0.0
NT,2030,21,87,105,0.0
NT,2030,21,88,105,0.0
NT,2030,21,89,105,0.0
NT,2030,21,90,105,0.0
NT,2030,21,91,105,0.0
NT,2030,21,92,105,0.0
NT,2030,21,93,105,0.0
NT,2030,21,94,105,0.0
NT,2030,21,95,105,0.0
NT,2030,21,96,105,0.0
NT,2030,21,97,105,0.0
NT,2030,21,98,105,0.0
NT,2030,21,99,105,0.0
NT,2030,21,100,105,0.0
NT,2030,21,101,105,0.0
NT,2030,21,102,105,0.0
NT,2030,21,103,105,0.0
NT,2030,21,104,105,0.0
NT,2030,21,105,105,0.0
NT,2030,21,106,105,0.0
NT,2030,21,107,105,0.0
NT,2030,21,108,105,0.0
NT,2030,21,109,105,0.0
NT,2030,21,110,105,0.0
NT,2030,21,111,105,0.0
NT,2030,21,112,105,0.0
NT,2030,21,113,105,0.0
NT,2030,21,114,105,0.0
NT,2030,21,115,105,0.0
NT,2030,21,116,105,0.0
NT,2030,21,117,105,0.0
NT,2030,21,118,105,0.0
NT,2030,21,119,105,0.0
NT,2030,21,120,105,0.0
NT,2030,21,121,105,0.0
NT,2030,21,122,105,0.0
NT,2030,21,123,105,0.0
NT,2030,21,124,105,0.0
NT,2030,21,125,105,0.0
NT,2030,21,126,105,0.0
NT,2030,21,127,105,0.0
NT,2030,21,128,105,0.0
NT,2030,21,129,105,0.0
NT,2030,21,130,105,0.0
NT,2030,21,131,105,0.0
NT,2030,21,132,105,0.0
NT,2030,21,133,105,0.0
NT,2030,21,134,105,0.0
NT,2030,21,135,105,0.0
NT,2030,21,136,105,0.0
NT,2030,21,137,105,0.0
NT,2030,21,138,105,0.0
NT,2030,21,139,105,0.0
NT,2030,21,140,105,0.0
NT,2030,21,141,105,0.0
NT,2030,21,142,105,0.0
NT,2030,21,143,105,0.0
NT,2030,21,144,105,0.0
NT,2030,21,145,105,0.0
NT,2030,21,146,105,0.0
NT,2030,21,147,105,0.0
NT,2030,21,148,105,0.0
NT,2030,21,149,105,0.0
NT,2030,21,150,105,0.0
NT,2030,21,151,105,0.0
NT,2030,21,152,105,0.0
NT,2030,21,153,105,0.0
NT,2030,21,154,105,0.0
NT,2030,21,155,105,0.0
NT,2030,21,156,105,0.0
NT,2030,21,157,105,0.0
NT,2030,21,158,105,0.0
NT,2030,21,159,105,0.0
NT,2030,21,160,105,0.0
NT,2030,21,161,105,0.0
NT,2030,21,162,105,0.0
NT,2030,21,163,105,0.0
NT,2030,21,164,105,0.0
NT,2030,21,165,105,0.0
NT,2030,21,166,105,0.0
NT,2030,21,167,105,0.0
NT,2030,42,0,105,0.0
NT,2030,42,1,105,0.0
NT,2030,42,2,105,0.0
NT,2030,42,3,105,0.0
NT,2030,42,4,105,0.0
NT,2030,42,5,105,0.0
NT,2030,42,6,105,0.0
NT,2030,42,7,105,0.0
NT,2030,42,8,105,0.0
NT,2030,42,9,105,0.0
NT,2030,42,10,105,0.0
NT,2030,42,11,105,0.0
NT,2030,42,12,105,0.0
NT,2030,42,13,105,0.0
NT,2030,42,14,105,0.0
NT,2030,42,15,105,0.0
NT,2030,42,16,105,0.0
NT,2030,42,17,105,0.0
NT,2030,42,18,105,0.0
NT,2030,42,19,105,0.0
NT,2030,42,20,105,0.0
NT,2030,42,21,105,0.0
NT,2030,42,22,105,0.0
NT,2030,42,23,105,0.0
NT,2030,42,24,105,0.0
NT,2030,42,25,105,0.0
NT,2030,42,26,105,0.0
NT,2030,42,27,105,0.0
NT,2030,42,28,105,0.0
NT,2030,42,29,105,0.0
NT,2030,42,30,105,0.0
NT,2030,42,31,105,0.0
NT,2030,42,32,105,0.0
NT,2030,42,33,105,0.0
NT,2030,42,34,105,0.0
NT,2030,42,35,105,0.0
NT,2030,42,36,105,0.0
NT,2030,42,37,105,0.0
NT,2030,42,38,105,0.0
NT,2030,42,39,105,0.0
NT,2030,42,40,105,0.0
NT,2030,42,41,105,0.0
NT,2030,42,42,105,0.0
NT,2030,42,43,105,0.0
NT,2030,42,44,105,0.0
NT,2030,42,45,105,0.0
NT,2030,42,46,105,0.0
NT,2030,42,47,105,0.0
NT,2030,42,48,105,0.0
NT,2030,42,49,105,0.0
NT,2030,42,50,105,0.0
NT,2030,42,51,105,0.0
NT,2030,42,52,105,0.0
NT,2030,42,53,105,0.0
NT,2030,42,54,105,0.0
NT,2030,42,55,105,0.0
NT,2030,42,56,105,0.0
NT,2030,42,57,105,0.0
NT,2030,42,58,105,0.0
NT,2030,42,59,105,0.0
NT,2030,42,60,105,0.0
NT,2030,42,61,105,0.0
NT,2030,42,62,105,0.0
NT,2030,42,63,105,0.0
NT,2030,42,64,105,0.0
NT,2030,42,65,105,0.0
NT,2030,42,66,105,0.0
NT,2030,42,67,105,0.0
NT,2030,42,68,105,0.0
NT,2030,42,69,105,0.0
NT,2030,42,70,105,0.0
NT,2030,42,71,105,0.0
NT,2030,42,72,105,0.0
NT,2030,42,73,105,0.0
NT,2030,42,74,105,0.0
NT,2030,42,75,105,0.0
NT,2030,42,76,105,0.0
NT,2030,42,77,105,0.0
NT,2030,42,78,105,0.0
NT,2030,42,79,105,0.0
NT,2030,42,80,105,0.0
NT,2030,42,81,105,0.0
NT,2030,42,82,105,0.0
NT,2030,42,83,105,0.0
NT,2030,42,84,105,0.0
NT,2030,42,85,105,0.0
NT,2030,42,86,105,0.0
NT,2030,42,87,105,0.0
NT,2030,42,88,105,0.0
NT,2030,42,89,105,0.0
NT,2030,42,90,105,0.0
NT,2030,42,91,105,0.0
NT,2030,42,92,105,0.0
NT,2030,42,93,105,0.0
NT,2030,42,94,105,0.0
NT,2030,42,95,105,0.0
NT,2030,42,96,105,0.0
NT,2030,42,97,105,0.0
NT,2030,42,98,105,0.0
NT,2030,42,99,105,0.0
NT,2030,42,100,105,0.0
NT,2030,42,101,105,0.0
NT,2030,42,102,105,0.0
NT,2030,42,103,105,0.0
NT,2030,42,104,105,0.0
NT,2030,42,105,105,0.0
NT,2030,42,106,105,0.0
NT,2030,42,107,105,0.0
NT,2030,42,108,105,0.0
NT,2030,42,109,105,0.0
NT,2030,42,110,105,0.0
NT,2030,42,111,105,0.0
NT,2030,42,112,105,0.0
NT,2030,42,113,105,0.0
NT,2030,42,114,105,0.0
NT,2030,42,115,105,0.0
NT,2030,42,116,105,0.0
NT,2030,42,117,105,0.0
NT,2030,42,118,105,0.0
NT,2030,42,119,105,0.0
NT,2030,42,120,105,0.0
NT,2030,42,121,105,0.0
NT,2030,42,122,105,0.0
NT,2030,42,123,105,0.0
NT,2030,42,124,105,0.0
NT,2030,42,125,105,0.0
NT,2030,42,126,105,0.0
NT,2030,42,127,105,0.0
NT,2030,42,128,105,0.0
NT,2030,42,129,105,0.0
NT,2030,42,130,105,0.0
NT,2030,42,131,105,0.0
NT,2030,42,132,105,0.0
NT,2030,42,133,105,0.0
NT,2030,42,134,105,0.0
NT,2030,42,135,105,0.0
NT,2030,42,136,105,0.0
NT,2030,42,137,105,0.0
NT,2030,42,138,105,0.0
NT,2030,42,139,105,0.0
NT,2030,42,140,105,0.0
NT,2030,42,141,105,0.0
NT,2030,42,142,105,0.0
NT,2030,42,143,105,0.0
NT,2030,42,144,105,0.0
NT,2030,42,145,105,0.0
NT,2030,42,146,105,0.0
NT,2030,42,147,105,0.0
NT,2030,42,148,105,0.0
NT,2030,42,149,105,0.0
NT,2030,42,150,105,0.0
NT,2030,42,151,105,0.0
NT,2030,42,152,105,0.0
NT,2030,42,153,105,0.0
NT,2030,42,154,105,0.0
NT,2030,42,155,105,0.0
NT,2030,42,156,105,0.0
NT,2030,42,157,105,0.0
NT,2030,42,158,105,0.0
NT,2030,42,159,105,0.0
NT,2030,42,160,105,0.0
NT,2030,42,161,105,0.0
NT,2030,42,162,105,0.0
NT,2030,42,163,105,0.0
NT,2030,42,164,105,0.0
NT,2030,42,165,105,0.0
NT,2030,42,166,105,0.0
NT,2030,42,167,105,0.0
NT,2030,52,0,105,0.0
NT,2030,52,1,105,0.0
NT,2030,52,2,105,0.0
NT,2030,52,3,105,0.0
NT,2030,52,4,105,0.0
NT,2030,52,5,105,0.0
NT,2030,52,6,105,0.0
NT,2030,52,7,105,0.0
NT,2030,52,8,105,0.0
NT,2030,52,9,105,0.0
NT,2030,52,10,105,0.0
NT,2030,52,11,105,0.0
NT,2030,52,12,105,0.0
NT,2030,52,13,105,0.0
NT,2030,52,14,105,0.0
NT,2030,52,15,105,0.0
NT,2030,52,16,105,0.0
NT,2030,52,17,105,0.0
NT,2030,52,18,105,0.0
NT,2030,52,19,105,0.0
NT,2030,52,20,105,0.0
NT,2030,52,21,105,0.0
NT,2030,52,22,105,0.0
NT,2030,52,23,105,0.0
NT,2030,52,24,105,0.0
NT,2030,52,25,105,0.0
NT,2030,52,26,105,0.0
NT,2030,52,27,105,0.0
NT,2030,52,28,105,0.0
NT,2030,52,29,105,0.0
NT,2030,52,30,105,0.0
NT,2030,52,31,105,0.0
NT,2030,52,32,105,0.0
NT,2030,52,33,105,0.0
NT,2030,52,34,105,0.0
NT,2030,52,35,105,0.0
NT,2030,52,36,105,0.0
NT,2030,52,37,105,0.0
NT,2030,52,38,105,0.0
NT,2030,52,39,105,0.0
NT,2030,52,40,105,0.0
NT,2030,52,41,105,0.0
NT,2030,52,42,105,0.0
NT,2030,52,43,105,0.0
NT,2030,52,44,105,0.0
NT,2030,52,45,105,0.0
NT,2030,52,46,105,0.0
NT,2030,52,47,105,0.0
NT,2030,52,48,105,0.0
NT,2030,52,49,105,0.0
NT,2030,52,50,105,0.0
NT,2030,52,51,105,0.0
NT,2030,52,52,105,0.0
NT,2030,52,53,105,0.0
NT,2030,52,54,105,0.0
NT,2030,52,55,105,0.0
NT,2030,52,56,105,0.0
NT,2030,52,57,105,0.0
NT,2030,52,58,105,0.0
NT,2030,52,59,105,0.0
NT,2030,52,60,105,0.0
NT,2030,52,61,105,0.0
NT,2030,52,62,105,0.0
NT,2030,52,63,105,0.0
NT,2030,52,64,105,0.0
NT,2030,52,65,105,0.0
NT,2030,52,66,105,0.0
NT,2030,52,67,105,0.0
NT,2030,52,68,105,0.0
NT,2030,52,69,105,0.0
NT,2030,52,70,105,0.0
NT,2030,52,71,105,0.0
NT,2030,52,72,105,0.0
NT,2030,52,73,105,0.0
NT,2030,52,74,105,0.0
NT,2030,52,75,105,0.0
NT,2030,52,76,105,0.0
NT,2030,52,77,105,0.0
NT,2030,52,78,105,0.0
NT,2030,52,79,105,0.0
NT,2030,52,80,105,0.0
NT,2030,52,81,105,0.0
NT,2030,52,82,105,0.0
NT,2030,52,83,105,0.0
NT,2030,52,84,105,0.0
NT,2030,52,85,105,0.0
NT,2030,52,86,105,0.0
NT,2030,52,87,105,0.0
NT,2030,52,88,105,0.0
NT,2030,52,89,105,0.0
NT,2030,52,90,105,0.0
NT,2030,52,91,105,0.0
NT,2030,52,92,105,0.0
NT,2030,52,93,105,0.0
NT,2030,52,94,105,0.0
NT,2030,52,95,105,0.0
NT,2030,52,96,105,0.0
NT,2030,52,97,105,0.0
NT,2030,52,98,105,0.0
NT,2030,52,99,105,0.0
NT,2030,52,100,105,0.0
NT,2030,52,101,105,0.0
NT,2030,52,102,105,0.0
NT,2030,52,103,105,0.0
NT,2030,52,104,105,0.0
NT,2030,52,105,105,0.0
NT,2030,52,106,105,0.0
NT,2030,52,107,105,0.0
NT,2030,52,108,105,0.0
NT,2030,52,109,105,0.0
NT,2030,52,110,105,0.0
NT,2030,52,111,105,0.0
NT,2030,52,112,105,0.0
NT,2030,52,113,105,0.0
NT,2030,52,114,105,0.0
NT,2030,52,115,105,0.0
NT,2030,52,116,105,0.0
NT,2030,52,117,105,0.0
NT,2030,52,118,105,0.0
NT,2030,52,119,105,0.0
NT,2030,52,120,105,0.0
NT,2030,52,121,105,0.0
NT,2030,52,122,105,0.0
NT,2030,52,123,105,0.0
NT,2030,52,124,105,0.0
NT,2030,52,125,105,0.0
NT,2030,52,126,105,0.0
NT,2030,52,127,105,0.0
NT,2030,52,128,105,0.0
NT,2030,52,129,105,0.0
NT,2030,52,130,105,0.0
NT,2030,52,131,105,0.0
NT,2030,52,132,105,0.0
NT,2030,52,133,105,0.0
NT,2030,52,134,105,0.0
NT,2030,52,135,105,0.0
NT,2030,52,136,105,0.0
NT,2030,52,137,105,0.0
NT,2030,52,138,105,0.0
NT,2030,52,139,105,0.0
NT,2030,52,140,105,0.0
NT,2030,52,141,105,0.0
NT,2030,52,142,105,0.0
NT,2030,52,143,105,0.0
NT,2030,52,144,105,0.0
NT,2030,52,145,105,0.0
NT,2030,52,146,105,0.0
NT,2030,52,147,105,0.0
NT,2030,52,148,105,0.0
NT,2030,52,149,105,0.0
NT,2030,52,150,105,0.0
NT,2030,52,151,105,0.0
NT,2030,52,152,105,0.0
NT,2030,52,153,105,0.0
NT,2030,52,154,105,0.0
NT,2030,52,155,105,0.0
NT,2030,52,156,105,0.0
NT,2030,52,157,105,0.0
NT,2030,52,158,105,0.0
NT,2030,52,159,105,0.0
NT,2030,52,160,105,0.0
NT,2030,52,161,105,0.0
NT,2030,52,162,105,0.0
NT,2030,52,163,105,0.0
NT,2030,52,164,105,0.0
NT,2030,52,165,105,0.0
NT,2030,52,166,105,0.0
NT,2030,52,167,105,0.0
NT,2040,11,0,105,0.0
NT,2040,11,1,105,0.0
NT,2040,11,2,105,0.0
NT,2040,11,3,105,0.0
NT,2040,11,4,105,0.0
NT,2040,11,5,105,0.0
NT,2040,11,6,105,0.0
NT,2040,11,7,105,0.0
NT,2040,11,8,105,0.0
NT,2040,11,9,105,0.0
NT,2040,11,10,105,0.0
NT,2040,11,11,105,0.0
NT,2040,11,12,105,0.0
NT,2040,11,13,105,0.0
NT,2040,11,14,105,0.0
NT,2040,11,15,105,0.0
NT,2040,11,16,105,0.0
NT,2040,11,17,105,0.0
NT,2040,11,18,105,0.0
NT,2040,11,19,105,0.0
NT,2040,11,20,105,0.0
NT,2040,11,21,105,0.0
NT,2040,11,22,105,0.0
NT,2040,11,23,105,0.0
NT,2040,11,24,105,0.0
NT,2040,11,25,105,0.0
NT,2040,11,26,105,0.0
NT,2040,11,27,105,0.0
NT,2040,11,28,105,0.0
NT,2040,11,29,105,0.0
NT,2040,11,30,105,0.0
NT,2040,11,31,105,0.0
NT,2040,11,32,105,0.0
NT,2040,11,33,105,0.0
NT,2040,11,34,105,0.0
NT,2040,11,35,105,0.0
NT,2040,11,36,105,0.0
NT,2040,11,37,105,0.0
NT,2040,11,38,105,0.0
NT,2040,11,39,105,0.0
NT,2040,11,40,105,0.0
NT,2040,11,41,105,0.0
NT,2040,11,42,105,-8.721182071795201e-15
NT,2040,11,43,105,0.0
NT,2040,11,44,105,0.0
NT,2040,11,45,105,0.0
NT,2040,11,46,105,0.0
NT,2040,11,47,105,0.0
NT,2040,11,48,105,0.0
NT,2040,11,49,105,0.0
NT,2040,11,50,105,0.0
NT,2040,11,51,105,0.0
NT,2040,11,52,105,0.0
NT,2040,11,53,105,0.0
NT,2040,11,54,105,0.0
NT,2040,11,55,105,0.0
NT,2040,11,56,105,0.0
NT,2040,11,57,105,0.0
NT,2040,11,58,105,0.0
NT,2040,11,59,105,0.0
NT,2040,11,60,105,0.0
NT,2040,11,61,105,0.0
NT,2040,11,62,105,0.0
NT,2040,11,63,105,0.0
NT,2040,11,64,105,0.0
NT,2040,11,65,105,0.0
NT,2040,11,66,105,0.0
NT,2040,11,67,105,0.0
NT,2040,11,68,105,0.0
NT,2040,11,69,105,0.0
NT,2040,11,70,105,0.0
NT,2040,11,71,105,0.0
NT,2040,11,72,105,0.0
NT,2040,11,73,105,0.0
NT,2040,11,74,105,0.0
NT,2040,11,75,105,0.0
NT,2040,11,76,105,0.0
NT,2040,11,77,105,0.0
NT,2040,11,78,105,0.0
NT,2040,11,79,105,0.0
NT,2040,11,80,105,0.0
NT,2040,11,81,105,0.0
NT,2040,11,82,105,0.0
NT,2040,11,83,105,0.0
NT,2040,11,84,105,0.0
NT,2040,11,85,105,0.0
NT,2040,11,86,105,0.0
NT,2040,11,87,105,0.0
NT,2040,11,88,105,0.0
NT,2040,11,89,105,0.0
NT,2040,11,90,105,0.0
NT,2040,11,91,105,0.0
NT,2040,11,92,105,0.0
NT,2040,11,93,105,0.0
NT,2040,11,94,105,0.0
NT,2040,11,95,105,0.0
NT,2040,11,96,105,0.0
NT,2040,11,97,105,0.0
NT,2040,11,98,105,0.0
NT,2040,11,99,105,0.0
NT,2040,11,100,105,0.0
NT,2040,11,101,105,0.0
NT,2040,11,102,105,0.0
NT,2040,11,103,105,0.0
NT,2040,11,104,105,0.0
NT,2040,11,105,105,0.0
NT,2040,11,106,105,0.0
NT,2040,11,107,105,0.0
NT,2040,11,108,105,0.0
NT,2040,11,109,105,0.0
NT,2040,11,110,105,0.0
NT,2040,11,111,105,0.0
NT,2040,11,112,105,0.0
NT,2040,11,113,105,0.0
NT,2040,11,114,105,0.0
NT,2040,11,115,105,0.0
NT,2040,11,116,105,0.0
NT,2040,11,117,105,0.0
NT,2040,11,118,105,0.0
NT,2040,11,119,105,0.0
NT,2040,11,120,105,0.0
NT,2040,11,121,105,0.0
NT,2040,11,122,105,0.0
NT,2040,11,123,105,0.0
NT,2040,11,124,105,0.0
NT,2040,11,125,105,0.0
NT,2040,11,126,105,0.0
NT,2040,11,127,105,0.0
NT,2040,11,128,105,0.0
NT,2040,11,129,105,0.0
NT,2040,11,130,105,0.0
NT,2040,11,131,105,0.0
NT,2040,11,132,105,0.0
NT,2040,11,133,105,0.0
NT,2040,11,134,105,0.0
NT,2040,11,135,105,0.0
NT,2040,11,136,105,0.0
NT,2040,11,137,105,0.0
NT,2040,11,138,105,0.0
NT,2040,11,139,105,0.0
NT,2040,11,140,105,0.0
NT,2040,11,141,105,0.0
NT,2040,11,142,105,0.0
NT,2040,11,143,105,0.0
NT,2040,11,144,105,0.0
NT,2040,11,145,105,0.0
NT,2040,11,146,105,0.0
NT,2040,11,147,105,0.0
NT,2040,11,148,105,0.0
NT,2040,11,149,105,0.0
NT,2040,11,150,105,0.0
NT,2040,11,151,105,0.0
NT,2040,11,152,105,0.0
NT,2040,11,153,105,0.0
NT,2040,11,154,105,0.0
NT,2040,11,155,105,0.0
NT,2040,11,156,105,0.0
NT,2040,11,157,105,0.0
NT,2040,11,158,105,0.0
NT,2040,11,159,105,0.0
NT,2040,11,160,105,0.0
NT,2040,11,161,105,0.0
NT,2040,11,162,105,0.0
NT,2040,11,163,105,0.0
NT,2040,11,164,105,0.0
NT,2040,11,165,105,0.0
NT,2040,11,166,105,0.0
NT,2040,11,167,105,0.0
NT,2040,21,0,105,0.0
NT,2040,21,1,105,0.0
NT,2040,21,2,105,0.0
NT,2040,21,3,105,0.0
NT,2040,21,4,105,0.0
NT,2040,21,5,105,0.0
NT,2040,21,6,105,0.0
NT,2040,21,7,105,0.0
NT,2040,21,8,105,0.0
NT,2040,21,9,105,0.0
NT,2040,21,10,105,0.0
NT,2040,21,11,105,0.0
NT,2040,21,12,105,0.0
NT,2040,21,13,105,0.0
NT,2040,21,14,105,0.0
NT,2040,21,15,105,0.0
NT,2040,21,16,105,0.0
NT,2040,21,17,105,0.0
NT,2040,21,18,105,0.0
NT,2040,21,19,105,0.0
NT,2040,21,20,105,0.0
NT,2040,21,21,105,0.0
NT,2040,21,22,105,0.0
NT,2040,21,23,105,0.0
NT,2040,21,24,105,0.0
NT,2040,21,25,105,0.0
NT,2040,21,26,105,0.0
NT,2040,21,27,105,0.0
NT,2040,21,28,105,0.0
NT,2040,21,29,105,0.0
NT,2040,21,30,105,0.0
NT,2040,21,31,105,0.0
NT,2040,21,32,105,0.0
NT,2040,21,33,105,0.0
NT,2040,21,34,105,0.0
NT,2040,21,35,105,0.0
NT,2040,21,36,105,0.0
NT,2040,21,37,105,0.0
NT,2040,21,38,105,0.0
NT,2040,21,39,105,0.0
NT,2040,21,40,105,0.0
NT,2040,21,41,105,0.0
NT,2040,21,42,105,0.0
NT,2040,21,43,105,0.0
NT,2040,21,44,105,0.0
NT,2040,21,45,105,0.0
NT,2040,21,46,105,0.0
NT,2040,21,47,105,0.0
NT,2040,21,48,105,0.0
NT,2040,21,49,105,0.0
NT,2040,21,50,105,0.0
NT,2040,21,51,105,0.0
NT,2040,21,52,105,0.0
NT,2040,21,53,105,0.0
NT,2040,21,54,105,0.0
NT,2040,21,55,105,0.0
NT,2040,21,56,105,0.0
NT,2040,21,57,105,0.0
NT,2040,21,58,105,0.0
NT,2040,21,59,105,0.0
NT,2040,21,60,105,0.0
NT,2040,21,61,105,0.0
NT,2040,21,62,105,0.0
NT,2040,21,63,105,0.0
NT,2040,21,64,105,0.0
NT,2040,21,65,105,0.0
NT,2040,21,66,105,0.0
NT,2040,21,67,105,0.0
NT,2040,21,68,105,0.0
NT,2040,21,69,105,0.0
NT,2040,21,70,105,0.0
NT,2040,21,71,105,0.0
NT,2040,21,72,105,0.0
NT,2040,21,73,105,0.0
NT,2040,21,74,105,0.0
NT,2040,21,75,105,0.0
NT,2040,21,76,105,0.0
NT,2040,21,77,105,0.0
NT,2040,21,78,105,0.0
NT,2040,21,79,105,0.0
NT,2040,21,80,105,0.0
NT,2040,21,81,105,0.0
NT,2040,21,82,105,0.0
NT,2040,21,83,105,0.0
NT,2040,21,84,105,0.0
NT,2040,21,85,105,0.0
NT,2040,21,86,105,0.0
NT,2040,21,87,105,0.0
NT,2040,21,88,105,0.0
NT,2040,21,89,105,0.0
NT,2040,21,90,105,0.0
NT,2040,21,91,105,0.0
NT,2040,21,92,105,0.0
NT,2040,21,93,105,0.0
NT,2040,21,94,105,0.0
NT,2040,21,95,105,0.0
NT,2040,21,96,105,0.0
NT,2040,21,97,105,0.0
NT,2040,21,98,105,0.0
NT,2040,21,99,105,0.0
NT,2040,21,100,105,0.0
NT,2040,21,101,105,0.0
NT,2040,21,102,105,0.0
NT,2040,21,103,105,0.0
NT,2040,21,104,105,0.0
NT,2040,21,105,105,0.0
NT,2040,21,106,105,0.0
NT,2040,21,107,105,0.0
NT,2040,21,108,105,0.0
NT,2040,21,109,105,0.0
NT,2040,21,110,105,0.0
NT,2040,21,111,105,0.0
NT,2040,21,112,105,0.0
NT,2040,21,113,105,0.0
NT,2040,21,114,105,0.0
NT,2040,21,115,105,0.0
NT,2040,21,116,105,0.0
NT,2040,21,117,105,0.0
NT,2040,21,118,105,0.0
NT,2040,21,119,105,0.0
NT,2040,21,120,105,0.0
NT,2040,21,121,105,0.0
NT,2040,21,122,105,0.0
NT,2040,21,123,105,0.0
NT,2040,21,124,105,0.0
NT,2040,21,125,105,0.0
NT,2040,21,126,105,0.0
NT,2040,21,127,105,0.0
NT,2040,21,128,105,0.0
NT,2040,21,129,105,0.0
NT,2040,21,130,105,0.0
NT,2040,21,131,105,0.0
NT,2040,21,132,105,0.0
NT,2040,21,133,105,0.0
NT,2040,21,134,105,0.0
NT,2040,21,135,105,0.0
NT,2040,21,136,105,0.0
NT,2040,21,137,105,0.0
NT,2040,21,138,105,0.0
NT,2040,21,139,105,0.0
NT,2040,21,140,105,0.0
NT,2040,21,141,105,0.0
NT,2040,21,142,105,0.0
NT,2040,21,143,105,0.0
NT,2040,21,144,105,0.0
NT,2040,21,145,105,0.0
NT,2040,21,146,105,0.0
NT,2040,21,147,105,0.0
NT,2040,21,148,105,0.0
NT,2040,21,149,105,0.0
NT,2040,21,150,105,0.0
NT,2040,21,151,105,0.0
NT,2040,21,152,105,0.0
NT,2040,21,153,105,0.0
NT,2040,21,154,105,0.0
NT,2040,21,155,105,0.0
NT,2040,21,156,105,0.0
NT,2040,21,157,105,0.0
NT,2040,21,158,105,0.0
NT,2040,21,159,105,0.0
NT,2040,21,160,105,0.0
NT,2040,21,161,105,0.0
NT,2040,21,162,105,0.0
NT,2040,21,163,105,0.0
NT,2040,21,164,105,0.0
NT,2040,21,165,105,0.0
NT,2040,21,166,105,0.0
NT,2040,21,167,105,0.0
NT,2040,42,0,105,0.0
NT,2040,42,1,105,0.0
NT,2040,42,2,105,0.0
NT,2040,42,3,105,0.0
NT,2040,42,4,105,0.0
NT,2040,42,5,105,0.0
NT,2040,42,6,105,0.0
NT,2040,42,7,105,0.0
NT,2040,42,8,105,0.0
NT,2040,42,9,105,0.0
NT,2040,42,10,105,0.0
NT,2040,42,11,105,0.0
NT,2040,42,12,105,0.0
NT,2040,42,13,105,0.0
NT,2040,42,14,105,0.0
NT,2040,42,15,105,0.0
NT,2040,42,16,105,0.0
NT,2040,42,17,105,0.0
NT,2040,42,18,105,0.0
NT,2040,42,19,105,0.0
NT,2040,42,20,105,0.0
NT,2040,42,21,105,0.0
NT,2040,42,22,105,0.0
NT,2040,42,23,105,0.0
NT,2040,42,24,105,0.0
NT,2040,42,25,105,0.0
NT,2040,42,26,105,0.0
NT,2040,42,27,105,0.0
NT,2040,42,28,105,0.0
NT,2040,42,29,105,0.0
NT,2040,42,30,105,0.0
NT,2040,42,31,105,0.0
NT,2040,42,32,105,0.0
NT,2040,42,33,105,0.0
NT,2040,42,34,105,0.0
NT,2040,42,35,105,0.0
NT,2040,42,36,105,0.0
NT,2040,42,37,105,0.0
NT,2040,42,38,105,0.0
NT,2040,42,39,105,0.0
NT,2040,42,40,105,0.0
NT,2040,42,41,105,0.0
NT,2040,42,42,105,0.0
NT,2040,42,43,105,0.0
NT,2040,42,44,105,0.0
NT,2040,42,45,105,0.0
NT,2040,42,46,105,0.0
NT,2040,42,47,105,0.0
NT,2040,42,48,105,0.0
NT,2040,42,49,105,0.0
NT,2040,42,50,105,0.0
NT,2040,42,51,105,0.0
NT,2040,42,52,105,0.0
NT,2040,42,53,105,0.0
NT,2040,42,54,105,0.0
NT,2040,42,55,105,0.0
NT,2040,42,56,105,0.0
NT,2040,42,57,105,0.0
NT,2040,42,58,105,0.0
NT,2040,42,59,105,0.0
NT,2040,42,60,105,0.0
NT,2040,42,61,105,0.0
NT,2040,42,62,105,0.0
NT,2040,42,63,105,0.0
NT,2040,42,64,105,0.0
NT,2040,42,65,105,0.0
NT,2040,42,66,105,0.0
NT,2040,42,67,105,0.0
NT,2040,42,68,105,0.0
NT,2040,42,69,105,0.0
NT,2040,42,70,105,0.0
NT,2040,42,71,105,0.0
NT,2040,42,72,105,0.0
NT,2040,42,73,105,0.0
NT,2040,42,74,105,0.0
NT,2040,42,75,105,0.0
NT,2040,42,76,105,0.0
NT,2040,42,77,105,0.0
NT,2040,42,78,105,0.0
NT,2040,42,79,105,0.0
NT,2040,42,80,105,0.0
NT,2040,42,81,105,0.0
NT,2040,42,82,105,0.0
NT,2040,42,83,105,0.0
NT,2040,42,84,105,0.0
NT,2040,42,85,105,0.0
NT,2040,42,86,105,0.0
NT,2040,42,87,105,0.0
NT,2040,42,88,105,0.0
NT,2040,42,89,105,0.0
NT,2040,42,90,105,0.0
NT,2040,42,91,105,0.0
NT,2040,42,92,105,0.0
NT,2040,42,93,105,0.0
NT,2040,42,94,105,0.0
NT,2040,42,95,105,0.0
NT,2040,42,96,105,0.0
NT,2040,42,97,105,0.0
NT,2040,42,98,105,0.0
NT,2040,42,99,105,0.0
NT,2040,42,100,105,0.0
NT,2040,42,101,105,0.0
NT,2040,42,102,105,0.0
NT,2040,42,103,105,0.0
NT,2040,42,104,105,0.0
NT,2040,42,105,105,0.0
NT,2040,42,106,105,0.0
NT,2040,42,107,105,0.0
NT,2040,42,108,105,0.0
NT,2040,42,109,105,0.0
NT,2040,42,110,105,0.0
NT,2040,42,111,105,0.0
NT,2040,42,112,105,0.0
NT,2040,42,113,105,0.0
NT,2040,42,114,105,0.0
NT,2040,42,115,105,0.0
NT,2040,42,116,105,0.0
NT,2040,42,117,105,0.0
NT,2040,42,118,105,0.0
NT,2040,42,119,105,0.0
NT,2040,42,120,105,0.0
NT,2040,42,121,105,0.0
NT,2040,42,122,105,0.0
NT,2040,42,123,105,0.0
NT,2040,42,124,105,0.0
NT,2040,42,125,105,0.0
NT,2040,42,126,105,0.0
NT,2040,42,127,105,0.0
NT,2040,42,128,105,0.0
NT,2040,42,129,105,0.0
NT,2040,42,130,105,0.0
NT,2040,42,131,105,0.0
NT,2040,42,132,105,0.0
NT,2040,42,133,105,0.0
NT,2040,42,134,105,0.0
NT,2040,42,135,105,0.0
NT,2040,42,136,105,0.0
NT,2040,42,137,105,0.0
NT,2040,42,138,105,0.0
NT,2040,42,139,105,0.0
NT,2040,42,140,105,0.0
NT,2040,42,141,105,0.0
NT,2040,42,142,105,0.0
NT,2040,42,143,105,0.0
NT,2040,42,144,105,0.0
NT,2040,42,145,105,0.0
NT,2040,42,146,105,0.0
NT,2040,42,147,105,0.0
NT,2040,42,148,105,0.0
NT,2040,42,149,105,0.0
NT,2040,42,150,105,0.0
NT,2040,42,151,105,0.0
NT,2040,42,152,105,0.0
NT,2040,42,153,105,0.0
NT,2040,42,154,105,0.0
NT,2040,42,155,105,0.0
NT,2040,42,156,105,0.0
NT,2040,42,157,105,0.0
NT,2040,42,158,105,0.0
NT,2040,42,159,105,0.0
NT,2040,42,160,105,0.0
NT,2040,42,161,105,0.0
NT,2040,42,162,105,0.0
NT,2040,42,163,105,0.0
NT,2040,42,164,105,0.0
NT,2040,42,165,105,0.0
NT,2040,42,166,105,0.0
NT,2040,42,167,105,0.0
NT,2040,52,0,105,0.0
NT,2040,52,1,105,0.0
NT,2040,52,2,105,0.0
NT,2040,52,3,105,0.0
NT,2040,52,4,105,0.0
NT,2040,52,5,105,0.0
NT,2040,52,6,105,0.0
NT,2040,52,7,105,0.0
NT,2040,52,8,105,0.0
NT,2040,52,9,105,0.0
NT,2040,52,10,105,0.0
NT,2040,52,11,105,0.0
NT,2040,52,12,105,0.0
NT,2040,52,13,105,0.0
NT,2040,52,14,105,0.0
NT,2040,52,15,105,0.0
NT,2040,52,16,105,0.0
NT,2040,52,17,105,0.0
NT,2040,52,18,105,0.0
NT,2040,52,19,105,0.0
NT,2040,52,20,105,0.0
NT,2040,52,21,105,0.0
NT,2040,52,22,105,0.0
NT,2040,52,23,105,0.0
NT,2040,52,24,105,0.0
NT,2040,52,25,105,0.0
NT,2040,52,26,105,0.0
NT,2040,52,27,105,0.0
NT,2040,52,28,105,0.0
NT,2040,52,29,105,0.0
NT,2040,52,30,105,0.0
NT,2040,52,31,105,0.0
NT,2040,52,32,105,0.0
NT,2040,52,33,105,0.0
NT,2040,52,34,105,3.1631129648723875e-05
NT,2040,52,35,105,3.163058199073642e-05
NT,2040,52,36,105,0.0
NT,2040,52,37,105,0.0
NT,2040,52,38,105,0.0
NT,2040,52,39,105,0.0
NT,2040,52,40,105,0.0
NT,2040,52,41,105,1.6289745656327474e-05
NT,2040,52,42,105,0.0
NT,2040,52,43,105,0.0
NT,2040,52,44,105,0.0
NT,2040,52,45,105,0.0
NT,2040,52,46,105,0.0
NT,2040,52,47,105,0.0
NT,2040,52,48,105,0.0
NT,2040,52,49,105,0.0
NT,2040,52,50,105,0.0
NT,2040,52,51,105,0.0
NT,2040,52,52,105,0.0
NT,2040,52,53,105,0.0
NT,2040,52,54,105,0.0
NT,2040,52,55,105,0.0
NT,2040,52,56,105,0.0
NT,2040,52,57,105,0.0
NT,2040,52,58,105,0.0
NT,2040,52,59,105,0.0
NT,2040,52,60,105,0.0
NT,2040,52,61,105,0.0
NT,2040,52,62,105,0.0
NT,2040,52,63,105,0.0
NT,2040,52,64,105,0.0
NT,2040,52,65,105,0.0
NT,2040,52,66,105,0.0
NT,2040,52,67,105,0.0
NT,2040,52,68,105,0.0
NT,2040,52,69,105,0.0
NT,2040,52,70,105,0.0
NT,2040,52,71,105,0.0
NT,2040,52,72,105,0.0
NT,2040,52,73,105,0.0
NT,2040,52,74,105,0.0
NT,2040,52,75,105,0.0
NT,2040,52,76,105,0.0
NT,2040,52,77,105,0.0
NT,2040,52,78,105,0.0
NT,2040,52,79,105,0.0
NT,2040,52,80,105,0.0
NT,2040,52,81,105,0.0
NT,2040,52,82,105,0.0
NT,2040,52,83,105,0.0
NT,2040,52,84,105,0.0
NT,2040,52,85,105,0.0
NT,2040,52,86,105,0.0
NT,2040,52,87,105,0.0
NT,2040,52,88,105,0.0
NT,2040,52,89,105,0.0
NT,2040,52,90,105,0.0
NT,2040,52,91,105,0.0
NT,2040,52,92,105,0.0
NT,2040,52,93,105,0.0
NT,2040,52,94,105,0.0
NT,2040,52,95,105,0.0
NT,2040,52,96,105,0.0
NT,2040,52,97,105,0.0
NT,2040,52,98,105,0.0
NT,2040,52,99,105,0.0
NT,2040,52,100,105,0.0
NT,2040,52,101,105,0.0
NT,2040,52,102,105,0.0
NT,2040,52,103,105,0.0
NT,2040,52,104,105,0.0
NT,2040,52,105,105,0.0
NT,2040,52,106,105,0.0
NT,2040,52,107,105,0.0
NT,2040,52,108,105,0.0
NT,2040,52,109,105,0.0
NT,2040,52,110,105,0.0
NT,2040,52,111,105,0.0
NT,2040,52,112,105,0.0
NT,2040,52,113,105,3.1920145830533995e-05
NT,2040,52,114,105,3.1920145830533995e-05
NT,2040,52,115,105,0.0
NT,2040,52,116,105,0.0
NT,2040,52,117,105,0.0
NT,2040,52,118,105,0.0
NT,2040,52,119,105,0.0
NT,2040,52,120,105,0.0
NT,2040,52,121,105,0.0
NT,2040,52,122,105,0.0
NT,2040,52,123,105,0.0
NT,2040,52,124,105,0.0
NT,2040,52,125,105,0.0
NT,2040,52,126,105,0.0
NT,2040,52,127,105,0.0
NT,2040,52,128,105,0.0
NT,2040,52,129,105,0.0
NT,2040,52,130,105,0.0
NT,2040,52,131,105,0.0
NT,2040,52,132,105,0.0
NT,2040,52,133,105,0.0
NT,2040,52,134,105,0.0
NT,2040,52,135,105,0.0
NT,2040,52,136,105,0.0
NT,2040,52,137,105,0.0
NT,2040,52,138,105,0.0
NT,2040,52,139,105,0.0
NT,2040,52,140,105,0.0
NT,2040,52,141,105,0.0
NT,2040,52,142,105,0.0
NT,2040,52,143,105,0.0
NT,2040,52,144,105,0.0
NT,2040,52,145,105,0.0
NT,2040,52,146,105,0.0
NT,2040,52,147,105,0.0
NT,2040,52,148,105,0.0
NT,2040,52,149,105,0.0
NT,2040,52,150,105,0.0
NT,2040,52,151,105,0.0
NT,2040,52,152,105,0.0
NT,2040,52,153,105,0.0
NT,2040,52,154,105,0.0
NT,2040,52,155,105,0.0
NT,2040,52,156,105,0.0
NT,2040,52,157,105,0.0
NT,2040,52,158,105,0.0
NT,2040,52,159,105,0.0
NT,2040,52,160,105,0.0
NT,2040,52,161,105,0.0
NT,2040,52,162,105,0.0
NT,2040,52,163,105,0.0
NT,2040,52,164,105,0.0
NT,2040,52,165,105,0.0
NT,2040,52,166,105,0.0
NT,2040,52,167,105,0.0
GA,2040,11,0,105,0.0
GA,2040,11,1,105,0.0
GA,2040,11,2,105,0.0
GA,2040,11,3,105,0.0
GA,2040,11,4,105,0.0
GA,2040,11,5,105,0.0
GA,2040,11,6,105,0.0
GA,2040,11,7,105,0.0
GA,2040,11,8,105,0.0
GA,2040,11,9,105,0.0
GA,2040,11,10,105,0.0
GA,2040,11,11,105,0.0
GA,2040,11,12,105,0.0
GA,2040,11,13,105,0.0
GA,2040,11,14,105,0.0
GA,2040,11,15,105,0.0
GA,2040,11,16,105,0.0
GA,2040,11,17,105,0.0
GA,2040,11,18,105,0.0
GA,2040,11,19,105,0.0
GA,2040,11,20,105,0.0
GA,2040,11,21,105,0.0
GA,2040,11,22,105,0.0
GA,2040,11,23,105,0.0
GA,2040,11,24,105,0.0
GA,2040,11,25,105,0.0
GA,2040,11,26,105,0.0
GA,2040,11,27,105,0.0
GA,2040,11,28,105,0.0
GA,2040,11,29,105,0.0
GA,2040,11,30,105,0.0
GA,2040,11,31,105,0.0
GA,2040,11,32,105,0.0
GA,2040,11,33,105,0.0
GA,2040,11,34,105,0.0
GA,2040,11,35,105,0.0
GA,2040,11,36,105,0.0
GA,2040,11,37,105,0.0
GA,2040,11,38,105,0.0
GA,2040,11,39,105,0.0
GA,2040,11,40,105,0.0
GA,2040,11,41,105,0.06722813684933056
GA,2040,11,42,105,0.06723093948163787
GA,2040,11,43,105,0.06723374223078286
GA,2040,11,44,105,0.06723654509677425
GA,2040,11,45,105,0.06723934807959896
GA,2040,11,46,105,0.0
GA,2040,11,47,105,0.0
GA,2040,11,48,105,0.0
GA,2040,11,49,105,0.0
GA,2040,11,50,105,0.0
GA,2040,11,51,105,0.0
GA,2040,11,52,105,0.0
GA,2040,11,53,105,0.0
GA,2040,11,54,105,0.0
GA,2040,11,55,105,0.0
GA,2040,11,56,105,0.0
GA,2040,11,57,105,0.0
GA,2040,11,58,105,0.0
GA,2040,11,59,105,0.0
GA,2040,11,60,105,0.0
GA,2040,11,61,105,0.0
GA,2040,11,62,105,0.0
GA,2040,11,63,105,0.0
GA,2040,11,64,105,0.0
GA,2040,11,65,105,0.0
GA,2040,11,66,105,0.0
GA,2040,11,67,105,0.0
GA,2040,11,68,105,0.0
GA,2040,11,69,105,0.0
GA,2040,11,70,105,0.0
GA,2040,11,71,105,0.0
GA,2040,11,72,105,0.0
GA,2040,11,73,105,0.0
GA,2040,11,74,105,0.0
GA,2040,11,75,105,0.0
GA,2040,11,76,105,0.0
GA,2040,11,77,105,0.0
GA,2040,11,78,105,0.0
GA,2040,11,79,105,0.0
GA,2040,11,80,105,0.0
GA,2040,11,81,105,0.0
GA,2040,11,82,105,0.0
GA,2040,11,83,105,0.0
GA,2040,11,84,105,0.0
GA,2040,11,85,105,0.0
GA,2040,11,86,105,0.0
GA,2040,11,87,105,0.0
GA,2040,11,88,105,0.0
GA,2040,11,89,105,0.0
GA,2040,11,90,105,0.0
GA,2040,11,91,105,0.0
GA,2040,11,92,105,0.0
GA,2040,11,93,105,0.0
GA,2040,11,94,105,0.0
GA,2040,11,95,105,0.0
GA,2040,11,96,105,0.0
GA,2040,11,97,105,0.0
GA,2040,11,98,105,0.0
GA,2040,11,99,105,0.0
GA,2040,11,100,105,0.0
GA,2040,11,101,105,0.0
GA,2040,11,102,105,0.0
GA,2040,11,103,105,0.0
GA,2040,11,104,105,0.0
GA,2040,11,105,105,0.0
GA,2040,11,106,105,0.0
GA,2040,11,107,105,0.0
GA,2040,11,108,105,0.0
GA,2040,11,109,105,0.0
GA,2040,11,110,105,0.0
GA,2040,11,111,105,0.0
GA,2040,11,112,105,0.0
GA,2040,11,113,105,0.0
GA,2040,11,114,105,0.0
GA,2040,11,115,105,0.0
GA,2040,11,116,105,0.0
GA,2040,11,117,105,0.0
GA,2040,11,118,105,0.0
GA,2040,11,119,105,0.0
GA,2040,11,120,105,0.0
GA,2040,11,121,105,0.0
GA,2040,11,122,105,0.0
GA,2040,11,123,105,0.0
GA,2040,11,124,105,0.0
GA,2040,11,125,105,0.0
GA,2040,11,126,105,0.0
GA,2040,11,127,105,0.0
GA,2040,11,128,105,0.0
GA,2040,11,129,105,0.0
GA,2040,11,130,105,0.0
GA,2040,11,131,105,0.0
GA,2040,11,132,105,0.0
GA,2040,11,133,105,0.0
GA,2040,11,134,105,0.0
GA,2040,11,135,105,0.0
GA,2040,11,136,105,0.0
GA,2040,11,137,105,0.0
GA,2040,11,138,105,0.0
GA,2040,11,139,105,0.0
GA,2040,11,140,105,0.0
GA,2040,11,141,105,0.0
GA,2040,11,142,105,0.0
GA,2040,11,143,105,0.0
GA,2040,11,144,105,0.0
GA,2040,11,145,105,0.0
GA,2040,11,146,105,0.0
GA,2040,11,147,105,0.0
GA,2040,11,148,105,0.0
GA,2040,11,149,105,0.0
GA,2040,11,150,105,0.0
GA,2040,11,151,105,0.0
GA,2040,11,152,105,0.0
GA,2040,11,153,105,0.0
GA,2040,11,154,105,0.0
GA,2040,11,155,105,0.0
GA,2040,11,156,105,0.0
GA,2040,11,157,105,0.0
GA,2040,11,158,105,0.0
GA,2040,11,159,105,0.0
GA,2040,11,160,105,0.0
GA,2040,11,161,105,0.0
GA,2040,11,162,105,0.0
GA,2040,11,163,105,0.0
GA,2040,11,164,105,0.0
GA,2040,11,165,105,0.0
GA,2040,11,166,105,0.0
GA,2040,11,167,105,0.0
GA,2040,21,0,105,0.0
GA,2040,21,1,105,0.0
GA,2040,21,2,105,0.0
GA,2040,21,3,105,0.0
GA,2040,21,4,105,0.0
GA,2040,21,5,105,0.0
GA,2040,21,6,105,0.0
GA,2040,21,7,105,0.0
GA,2040,21,8,105,0.0
GA,2040,21,9,105,0.0
GA,2040,21,10,105,0.0
GA,2040,21,11,105,0.0
GA,2040,21,12,105,0.0
GA,2040,21,13,105,0.0
GA,2040,21,14,105,0.0
GA,2040,21,15,105,0.0
GA,2040,21,16,105,0.0
GA,2040,21,17,105,0.0
GA,2040,21,18,105,0.0
GA,2040,21,19,105,0.0
GA,2040,21,20,105,0.0
GA,2040,21,21,105,0.0
GA,2040,21,22,105,0.0
GA,2040,21,23,105,0.0
GA,2040,21,24,105,0.0
GA,2040,21,25,105,0.0
GA,2040,21,26,105,0.0
GA,2040,21,27,105,0.0
GA,2040,21,28,105,0.0
GA,2040,21,29,105,0.0
GA,2040,21,30,105,0.0
GA,2040,21,31,105,0.0
GA,2040,21,32,105,0.0
GA,2040,21,33,105,0.0
GA,2040,21,34,105,0.0
GA,2040,21,35,105,0.0
GA,2040,21,36,105,0.0
GA,2040,21,37,105,0.0
GA,2040,21,38,105,0.0
GA,2040,21,39,105,0.0
GA,2040,21,40,105,0.0
GA,2040,21,41,105,0.0
GA,2040,21,42,105,0.0
GA,2040,21,43,105,0.0
GA,2040,21,44,105,0.0
GA,2040,21,45,105,0.0
GA,2040,21,46,105,0.0
GA,2040,21,47,105,0.0
GA,2040,21,48,105,0.0
GA,2040,21,49,105,0.0
GA,2040,21,50,105,0.0
GA,2040,21,51,105,0.0
GA,2040,21,52,105,0.0
GA,2040,21,53,105,0.0
GA,2040,21,54,105,0.0
GA,2040,21,55,105,0.0
GA,2040,21,56,105,0.0
GA,2040,21,57,105,0.0
GA,2040,21,58,105,0.0
GA,2040,21,59,105,0.0
GA,2040,21,60,105,0.0
GA,2040,21,61,105,0.0
GA,2040,21,62,105,0.0
GA,2040,21,63,105,0.0
GA,2040,21,64,105,0.0
GA,2040,21,65,105,0.0
GA,2040,21,66,105,0.0
GA,2040,21,67,105,0.0
GA,2040,21,68,105,0.0
GA,2040,21,69,105,0.0
GA,2040,21,70,105,0.0
GA,2040,21,71,105,0.0
GA,2040,21,72,105,0.0
GA,2040,21,73,105,0.0
GA,2040,21,74,105,0.0
GA,2040,21,75,105,0.0
GA,2040,21,76,105,0.0
GA,2040,21,77,105,0.0
GA,2040,21,78,105,0.0
GA,2040,21,79,105,0.0
GA,2040,21,80,105,0.0
GA,2040,21,81,105,0.0
GA,2040,21,82,105,0.0
GA,2040,21,83,105,0.0
GA,2040,21,84,105,0.0
GA,2040,21,85,105,0.0
GA,2040,21,86,105,0.0
GA,2040,21,87,105,0.0
GA,2040,21,88,105,0.0
GA,2040,21,89,105,0.0
GA,2040,21,90,105,0.0
GA,2040,21,91,105,0.0
GA,2040,21,92,105,0.0
GA,2040,21,93,105,0.0
GA,2040,21,94,105,0.0
GA,2040,21,95,105,0.0
GA,2040,21,96,105,0.0
GA,2040,21,97,105,0.0
GA,2040,21,98,105,0.0
GA,2040,21,99,105,0.0
GA,2040,21,100,105,0.0
GA,2040,21,101,105,0.0
GA,2040,21,102,105,0.0
GA,2040,21,103,105,0.0
GA,2040,21,104,105,0.0
GA,2040,21,105,105,0.0
GA,2040,21,106,105,0.0
GA,2040,21,107,105,0.0
GA,2040,21,108,105,0.0
GA,2040,21,109,105,0.0
GA,2040,21,110,105,0.0
GA,2040,21,111,105,0.0
GA,2040,21,112,105,0.0
GA,2040,21,113,105,0.0
GA,2040,21,114,105,0.0
GA,2040,21,115,105,0.0
GA,2040,21,116,105,0.0
GA,2040,21,117,105,0.0
GA,2040,21,118,105,0.0
GA,2040,21,119,105,0.0
GA,2040,21,120,105,0.0
GA,2040,21,121,105,0.0
GA,2040,21,122,105,0.0
GA,2040,21,123,105,0.0
GA,2040,21,124,105,0.0
GA,2040,21,125,105,0.0
GA,2040,21,126,105,0.0
GA,2040,21,127,105,0.0
GA,2040,21,128,105,0.0
GA,2040,21,129,105,0.0
GA,2040,21,130,105,0.0
GA,2040,21,131,105,0.0
GA,2040,21,132,105,0.0
GA,2040,21,133,105,0.0
GA,2040,21,134,105,0.0
GA,2040,21,135,105,0.0
GA,2040,21,136,105,0.0
GA,2040,21,137,105,0.0
GA,2040,21,138,105,0.0
GA,2040,21,139,105,0.0
GA,2040,21,140,105,0.0
GA,2040,21,141,105,0.0
GA,2040,21,142,105,0.0
GA,2040,21,143,105,0.0
GA,2040,21,144,105,0.0
GA,2040,21,145,105,0.0
GA,2040,21,146,105,0.0
GA,2040,21,147,105,0.0
GA,2040,21,148,105,0.0
GA,2040,21,149,105,0.0
GA,2040,21,150,105,0.0
GA,2040,21,151,105,0.0
GA,2040,21,152,105,0.0
GA,2040,21,153,105,0.0
GA,2040,21,154,105,0.0
GA,2040,21,155,105,0.0
GA,2040,21,156,105,0.0
GA,2040,21,157,105,0.0
GA,2040,21,158,105,0.0
GA,2040,21,159,105,0.0
GA,2040,21,160,105,0.0
GA,2040,21,161,105,0.0
GA,2040,21,162,105,0.0
GA,2040,21,163,105,0.0
GA,2040,21,164,105,0.0
GA,2040,21,165,105,0.0
GA,2040,21,166,105,0.0
GA,2040,21,167,105,0.0
GA,2040,42,0,105,0.0
GA,2040,42,1,105,0.0
GA,2040,42,2,105,0.0
GA,2040,42,3,105,0.0
GA,2040,42,4,105,0.0
GA,2040,42,5,105,0.0
GA,2040,42,6,105,0.0
GA,2040,42,7,105,0.0
GA,2040,42,8,105,0.0
GA,2040,42,9,105,0.0
GA,2040,42,10,105,0.0
GA,2040,42,11,105,0.0
GA,2040,42,12,105,0.0
GA,2040,42,13,105,0.0
GA,2040,42,14,105,0.0
GA,2040,42,15,105,0.0
GA,2040,42,16,105,0.0
GA,2040,42,17,105,0.0
GA,2040,42,18,105,0.0
GA,2040,42,19,105,0.0
GA,2040,42,20,105,0.0
GA,2040,42,21,105,0.0
GA,2040,42,22,105,0.0
GA,2040,42,23,105,0.0
GA,2040,42,24,105,0.0
GA,2040,42,25,105,0.0
GA,2040,42,26,105,0.0
GA,2040,42,27,105,0.0
GA,2040,42,28,105,0.0
GA,2040,42,29,105,0.0
GA,2040,42,30,105,0.0
GA,2040,42,31,105,0.0
GA,2040,42,32,105,0.0
GA,2040,42,33,105,0.0
GA,2040,42,34,105,0.0
GA,2040,42,35,105,0.0
GA,2040,42,36,105,0.0
GA,2040,42,37,105,0.0
GA,2040,42,38,105,0.0
GA,2040,42,39,105,0.0
GA,2040,42,40,105,0.0
GA,2040,42,41,105,0.0
GA,2040,42,42,105,0.0
GA,2040,42,43,105,0.0
GA,2040,42,44,105,0.0
GA,2040,42,45,105,0.0
GA,2040,42,46,105,0.0
GA,2040,42,47,105,0.0
GA,2040,42,48,105,0.0
GA,2040,42,49,105,0.0
GA,2040,42,50,105,0.0
GA,2040,42,51,105,0.0
GA,2040,42,52,105,0.0
GA,2040,42,53,105,0.0
GA,2040,42,54,105,0.0
GA,2040,42,55,105,0.0
GA,2040,42,56,105,0.0
GA,2040,42,57,105,0.0
GA,2040,42,58,105,0.0
GA,2040,42,59,105,0.0
GA,2040,42,60,105,0.0
GA,2040,42,61,105,0.0
GA,2040,42,62,105,0.0
GA,2040,42,63,105,0.0
GA,2040,42,64,105,0.0
GA,2040,42,65,105,0.0
GA,2040,42,66,105,0.0
GA,2040,42,67,105,0.0
GA,2040,42,68,105,0.0
GA,2040,42,69,105,0.0
GA,2040,42,70,105,0.0
GA,2040,42,71,105,0.0
GA,2040,42,72,105,0.0
GA,2040,42,73,105,0.0
GA,2040,42,74,105,0.0
GA,2040,42,75,105,0.0
GA,2040,42,76,105,0.0
GA,2040,42,77,105,0.0
GA,2040,42,78,105,0.0
GA,2040,42,79,105,0.0
GA,2040,42,80,105,0.0
GA,2040,42,81,105,0.0
GA,2040,42,82,105,0.0
GA,2040,42,83,105,0.0
GA,2040,42,84,105,0.0
GA,2040,42,85,105,0.0
GA,2040,42,86,105,0.0
GA,2040,42,87,105,0.0
GA,2040,42,88,105,0.0
GA,2040,42,89,105,0.0
GA,2040,42,90,105,0.0
GA,2040,42,91,105,0.0
GA,2040,42,92,105,0.0
GA,2040,42,93,105,0.0
GA,2040,42,94,105,0.0
GA,2040,42,95,105,0.0
GA,2040,42,96,105,0.0
GA,2040,42,97,105,0.0
GA,2040,42,98,105,0.0
GA,2040,42,99,105,0.0
GA,2040,42,100,105,0.0
GA,2040,42,101,105,0.0
GA,2040,42,102,105,0.0
GA,2040,42,103,105,0.0
GA,2040,42,104,105,0.0
GA,2040,42,105,105,0.0
GA,2040,42,106,105,0.0
GA,2040,42,107,105,0.0
GA,2040,42,108,105,0.0
GA,2040,42,109,105,0.0
GA,2040,42,110,105,0.0
GA,2040,42,111,105,0.0
GA,2040,42,112,105,0.0
GA,2040,42,113,105,0.0
GA,2040,42,114,105,0.0
GA,2040,42,115,105,0.0
GA,2040,42,116,105,0.0
GA,2040,42,117,105,0.0
GA,2040,42,118,105,0.0
GA,2040,42,119,105,0.0
GA,2040,42,120,105,0.0
GA,2040,42,121,105,0.0
GA,2040,42,122,105,0.0
GA,2040,42,123,105,0.0
GA,2040,42,124,105,0.0
GA,2040,42,125,105,0.0
GA,2040,42,126,105,0.0
GA,2040,42,127,105,0.0
GA,2040,42,128,105,0.0
GA,2040,42,129,105,0.0
GA,2040,42,130,105,0.0
GA,2040,42,131,105,0.0
GA,2040,42,132,105,0.0
GA,2040,42,133,105,0.0
GA,2040,42,134,105,0.0
GA,2040,42,135,105,0.0
GA,2040,42,136,105,0.0
GA,2040,42,137,105,0.0
GA,2040,42,138,105,0.0
GA,2040,42,139,105,0.0
GA,2040,42,140,105,0.0
GA,2040,42,141,105,0.0
GA,2040,42,142,105,0.0
GA,2040,42,143,105,0.0
GA,2040,42,144,105,0.0
GA,2040,42,145,105,0.0
GA,2040,42,146,105,0.0
GA,2040,42,147,105,0.0
GA,2040,42,148,105,0.0
GA,2040,42,149,105,0.0
GA,2040,42,150,105,0.0
GA,2040,42,151,105,0.0
GA,2040,42,152,105,0.0
GA,2040,42,153,105,0.0
GA,2040,42,154,105,0.0
GA,2040,42,155,105,0.0
GA,2040,42,156,105,0.0
GA,2040,42,157,105,0.0
GA,2040,42,158,105,0.0
GA,2040,42,159,105,0.0
GA,2040,42,160,105,0.0
GA,2040,42,161,105,0.0
GA,2040,42,162,105,0.0
GA,2040,42,163,105,0.0
GA,2040,42,164,105,0.0
GA,2040,42,165,105,0.0
GA,2040,42,166,105,0.0
GA,2040,42,167,105,0.0
GA,2040,52,0,105,0.0
GA,2040,52,1,105,0.0
GA,2040,52,2,105,0.0
GA,2040,52,3,105,0.0
GA,2040,52,4,105,0.0
GA,2040,52,5,105,0.0
GA,2040,52,6,105,0.0
GA,2040,52,7,105,0.0
GA,2040,52,8,105,0.0
GA,2040,52,9,105,0.0
GA,2040,52,10,105,0.0
GA,2040,52,11,105,0.0
GA,2040,52,12,105,0.0
GA,2040,52,13,105,0.0
GA,2040,52,14,105,0.0
GA,2040,52,15,105,0.0
GA,2040,52,16,105,0.0
GA,2040,52,17,105,0.0
GA,2040,52,18,105,0.0
GA,2040,52,19,105,0.0
GA,2040,52,20,105,0.0
GA,2040,52,21,105,0.0
GA,2040,52,22,105,0.0
GA,2040,52,23,105,0.0
GA,2040,52,24,105,0.0
GA,2040,52,25,105,0.0
GA,2040,52,26,105,0.0
GA,2040,52,27,105,0.0
GA,2040,52,28,105,0.0
GA,2040,52,29,105,0.0
GA,2040,52,30,105,0.0
GA,2040,52,31,105,0.0
GA,2040,52,32,105,3.1631129648723875e-05
GA,2040,52,33,105,0.0
GA,2040,52,34,105,0.0
GA,2040,52,35,105,0.0
GA,2040,52,36,105,0.0
GA,2040,52,37,105,0.0
GA,2040,52,38,105,0.0
GA,2040,52,39,105,0.0
GA,2040,52,40,105,0.0
GA,2040,52,41,105,0.0
GA,2040,52,42,105,0.0
GA,2040,52,43,105,0.0
GA,2040,52,44,105,0.0
GA,2040,52,45,105,0.0
GA,2040,52,46,105,0.0
GA,2040,52,47,105,0.0
GA,2040,52,48,105,0.0
GA,2040,52,49,105,0.0
GA,2040,52,50,105,0.0
GA,2040,52,51,105,0.0
GA,2040,52,52,105,0.0
GA,2040,52,53,105,0.0
GA,2040,52,54,105,0.0
GA,2040,52,55,105,0.0
GA,2040,52,56,105,0.0
GA,2040,52,57,105,0.0
GA,2040,52,58,105,0.0
GA,2040,52,59,105,0.0
GA,2040,52,60,105,0.0
GA,2040,52,61,105,0.0
GA,2040,52,62,105,0.0
GA,2040,52,63,105,0.0
GA,2040,52,64,105,0.0
GA,2040,52,65,105,0.0
GA,2040,52,66,105,0.0
GA,2040,52,67,105,0.0
GA,2040,52,68,105,0.0
GA,2040,52,69,105,0.0
GA,2040,52,70,105,0.0
GA,2040,52,71,105,0.0
GA,2040,52,72,105,0.0
GA,2040,52,73,105,0.0
GA,2040,52,74,105,0.0
GA,2040,52,75,105,0.0
GA,2040,52,76,105,0.0
GA,2040,52,77,105,0.0
GA,2040,52,78,105,0.0
GA,2040,52,79,105,0.0
GA,2040,52,80,105,0.0
GA,2040,52,81,105,0.0
GA,2040,52,82,105,0.0
GA,2040,52,83,105,0.0
GA,2040,52,84,105,0.0
GA,2040,52,85,105,0.0
GA,2040,52,86,105,0.0
GA,2040,52,87,105,0.0
GA,2040,52,88,105,0.0
GA,2040,52,89,105,0.0
GA,2040,52,90,105,0.0
GA,2040,52,91,105,0.0
GA,2040,52,92,105,0.0
GA,2040,52,93,105,0.0
GA,2040,52,94,105,0.0
GA,2040,52,95,105,0.0
GA,2040,52,96,105,0.0
GA,2040,52,97,105,0.0
GA,2040,52,98,105,0.0
GA,2040,52,99,105,0.0
GA,2040,52,100,105,0.0
GA,2040,52,101,105,0.0
GA,2040,52,102,105,0.0
GA,2040,52,103,105,0.0
GA,2040,52,104,105,0.0
GA,2040,52,105,105,0.0
GA,2040,52,106,105,0.0
GA,2040,52,107,105,0.0
GA,2040,52,108,105,0.0
GA,2040,52,109,105,0.0
GA,2040,52,110,105,0.0
GA,2040,52,111,105,0.0
GA,2040,52,112,105,0.0
GA,2040,52,113,105,0.0
GA,2040,52,114,105,0.0
GA,2040,52,115,105,0.0
GA,2040,52,116,105,0.0
GA,2040,52,117,105,0.0
GA,2040,52,118,105,0.0
GA,2040,52,119,105,0.0
GA,2040,52,120,105,0.0
GA,2040,52,121,105,0.0
GA,2040,52,122,105,0.0
GA,2040,52,123,105,0.0
GA,2040,52,124,105,0.0
GA,2040,52,125,105,0.0
GA,2040,52,126,105,0.0
GA,2040,52,127,105,0.0
GA,2040,52,128,105,0.0
GA,2040,52,129,105,0.0
GA,2040,52,130,105,0.0
GA,2040,52,131,105,0.0
GA,2040,52,132,105,0.0
GA,2040,52,133,105,0.0
GA,2040,52,134,105,0.0
GA,2040,52,135,105,0.0
GA,2040,52,136,105,0.0
GA,2040,52,137,105,0.0
GA,2040,52,138,105,0.0
GA,2040,52,139,105,0.0
GA,2040,52,140,105,0.0
GA,2040,52,141,105,0.0
GA,2040,52,142,105,0.0
GA,2040,52,143,105,0.0
GA,2040,52,144,105,0.0
GA,2040,52,145,105,0.0
GA,2040,52,146,105,0.0
GA,2040,52,147,105,0.0
GA,2040,52,148,105,0.0
GA,2040,52,149,105,0.0
GA,2040,52,150,105,0.0
GA,2040,52,151,105,0.0
GA,2040,52,152,105,0.0
GA,2040,52,153,105,0.0
GA,2040,52,154,105,0.0
GA,2040,52,155,105,0.0
GA,2040,52,156,105,0.0
GA,2040,52,157,105,0.0
GA,2040,52,158,105,0.0
GA,2040,52,159,105,0.0
GA,2040,52,160,105,0.0
GA,2040,52,161,105,0.0
GA,2040,52,162,105,0.0
GA,2040,52,163,105,0.0
GA,2040,52,164,105,0.0
GA,2040,52,165,105,0.0
GA,2040,52,166,105,0.0
GA,2040,52,167,105,0.0
DE,2040,11,0,105,0.0
DE,2040,11,1,105,0.0
DE,2040,11,2,105,0.0
DE,2040,11,3,105,0.0
DE,2040,11,4,105,0.0
DE,2040,11,5,105,0.0
DE,2040,11,6,105,0.0
DE,2040,11,7,105,0.0
DE,2040,11,8,105,0.0
DE,2040,11,9,105,0.0
DE,2040,11,10,105,0.0
DE,2040,11,11,105,0.0
DE,2040,11,12,105,0.0
DE,2040,11,13,105,0.0
DE,2040,11,14,105,0.0
DE,2040,11,15,105,0.0
DE,2040,11,16,105,0.0
DE,2040,11,17,105,0.0
DE,2040,11,18,105,0.0
DE,2040,11,19,105,0.0
DE,2040,11,20,105,0.0
DE,2040,11,21,105,0.0
DE,2040,11,22,105,0.0
DE,2040,11,23,105,0.0
DE,2040,11,24,105,0.0
DE,2040,11,25,105,0.0
DE,2040,11,26,105,0.0
DE,2040,11,27,105,0.0
DE,2040,11,28,105,0.0
DE,2040,11,29,105,0.0
DE,2040,11,30,105,0.0
DE,2040,11,31,105,0.0
DE,2040,11,32,105,0.0
DE,2040,11,33,105,0.0
DE,2040,11,34,105,0.0
DE,2040,11,35,105,0.0
DE,2040,11,36,105,0.0
DE,2040,11,37,105,0.0
DE,2040,11,38,105,0.0
DE,2040,11,39,105,0.0
DE,2040,11,40,105,0.0
DE,2040,11,41,105,0.0
DE,2040,11,42,105,0.0
DE,2040,11,43,105,0.0
DE,2040,11,44,105,0.0
DE,2040,11,45,105,0.0
DE,2040,11,46,105,0.0
DE,2040,11,47,105,0.0
DE,2040,11,48,105,0.0
DE,2040,11,49,105,0.0
DE,2040,11,50,105,0.0
DE,2040,11,51,105,0.0
DE,2040,11,52,105,0.0
DE,2040,11,53,105,0.0
DE,2040,11,54,105,0.0
DE,2040,11,55,105,0.0
DE,2040,11,56,105,0.0
DE,2040,11,57,105,0.0
DE,2040,11,58,105,0.0
DE,2040,11,59,105,0.0
DE,2040,11,60,105,0.0
DE,2040,11,61,105,0.0
DE,2040,11,62,105,0.0
DE,2040,11,63,105,0.0
DE,2040,11,64,105,0.0
DE,2040,11,65,105,0.0
DE,2040,11,66,105,0.0
DE,2040,11,67,105,0.0
DE,2040,11,68,105,0.0
DE,2040,11,69,105,0.0
DE,2040,11,70,105,0.0
DE,2040,11,71,105,0.0
DE,2040,11,72,105,0.0
DE,2040,11,73,105,0.0
DE,2040,11,74,105,0.0
DE,2040,11,75,105,0.0
DE,2040,11,76,105,0.0
DE,2040,11,77,105,0.0
DE,2040,11,78,105,0.0
DE,2040,11,79,105,0.0
DE,2040,11,80,105,0.0
DE,2040,11,81,105,0.0
DE,2040,11,82,105,0.0
DE,2040,11,83,105,0.0
DE,2040,11,84,105,0.0
DE,2040,11,85,105,0.0
DE,2040,11,86,105,0.0
DE,2040,11,87,105,0.0
DE,2040,11,88,105,0.0
DE,2040,11,89,105,0.0
DE,2040,11,90,105,0.0
DE,2040,11,91,105,0.0
DE,2040,11,92,105,0.0
DE,2040,11,93,105,0.0
DE,2040,11,94,105,0.0
DE,2040,11,95,105,0.0
DE,2040,11,96,105,0.0
DE,2040,11,97,105,0.0
DE,2040,11,98,105,0.0
DE,2040,11,99,105,0.0
DE,2040,11,100,105,0.0
DE,2040,11,101,105,0.0
DE,2040,11,102,105,0.0
DE,2040,11,103,105,0.0
DE,2040,11,104,105,0.0
DE,2040,11,105,105,0.0
DE,2040,11,106,105,0.0
DE,2040,11,107,105,0.0
DE,2040,11,108,105,0.0
DE,2040,11,109,105,0.0
DE,2040,11,110,105,0.0
DE,2040,11,111,105,0.0
DE,2040,11,112,105,0.0
DE,2040,11,113,105,0.0
DE,2040,11,114,105,0.0
DE,2040,11,115,105,0.0
DE,2040,11,116,105,0.0
DE,2040,11,117,105,0.0
DE,2040,11,118,105,0.0
DE,2040,11,119,105,0.0
DE,2040,11,120,105,0.0
DE,2040,11,121,105,0.0
DE,2040,11,122,105,0.0
DE,2040,11,123,105,0.0
DE,2040,11,124,105,0.0
DE,2040,11,125,105,0.0
DE,2040,11,126,105,0.0
DE,2040,11,127,105,0.0
DE,2040,11,128,105,0.0
DE,2040,11,129,105,0.0
DE,2040,11,130,105,0.0
DE,2040,11,131,105,0.0
DE,2040,11,132,105,0.0
DE,2040,11,133,105,0.0
DE,2040,11,134,105,0.0
DE,2040,11,135,105,0.0
DE,2040,11,136,105,0.0
DE,2040,11,137,105,0.0
DE,2040,11,138,105,0.0
DE,2040,11,139,105,0.0
DE,2040,11,140,105,0.0
DE,2040,11,141,105,0.0
DE,2040,11,142,105,0.0
DE,2040,11,143,105,0.0
DE,2040,11,144,105,0.0
DE,2040,11,145,105,0.0
DE,2040,11,146,105,0.0
DE,2040,11,147,105,0.0
DE,2040,11,148,105,0.0
DE,2040,11,149,105,0.0
DE,2040,11,150,105,0.0
DE,2040,11,151,105,0.0
DE,2040,11,152,105,0.0
DE,2040,11,153,105,0.0
DE,2040,11,154,105,0.0
DE,2040,11,155,105,0.0
DE,2040,11,156,105,0.0
DE,2040,11,157,105,0.0
DE,2040,11,158,105,0.0
DE,2040,11,159,105,0.0
DE,2040,11,160,105,0.0
DE,2040,11,161,105,0.0
DE,2040,11,162,105,0.0
DE,2040,11,163,105,0.0
DE,2040,11,164,105,0.0
DE,2040,11,165,105,0.0
DE,2040,11,166,105,0.0
DE,2040,11,167,105,0.0
DE,2040,21,0,105,0.0
DE,2040,21,1,105,0.0
DE,2040,21,2,105,0.0
DE,2040,21,3,105,0.0
DE,2040,21,4,105,0.0
DE,2040,21,5,105,0.0
DE,2040,21,6,105,0.0
DE,2040,21,7,105,0.0
DE,2040,21,8,105,0.0
DE,2040,21,9,105,0.0
DE,2040,21,10,105,0.0
DE,2040,21,11,105,0.0
DE,2040,21,12,105,0.0
DE,2040,21,13,105,0.0
DE,2040,21,14,105,0.0
DE,2040,21,15,105,0.0
DE,2040,21,16,105,0.0
DE,2040,21,17,105,0.0
DE,2040,21,18,105,0.0
DE,2040,21,19,105,0.0
DE,2040,21,20,105,0.0
DE,2040,21,21,105,0.0
DE,2040,21,22,105,0.0
DE,2040,21,23,105,0.0
DE,2040,21,24,105,0.0
DE,2040,21,25,105,0.0
DE,2040,21,26,105,0.0
DE,2040,21,27,105,0.0
DE,2040,21,28,105,0.0
DE,2040,21,29,105,0.0
DE,2040,21,30,105,0.0
DE,2040,21,31,105,0.0
DE,2040,21,32,105,0.0
DE,2040,21,33,105,0.0
DE,2040,21,34,105,0.0
DE,2040,21,35,105,0.0
DE,2040,21,36,105,0.0
DE,2040,21,37,105,0.0
DE,2040,21,38,105,0.0
DE,2040,21,39,105,0.0
DE,2040,21,40,105,0.0
DE,2040,21,41,105,0.0
DE,2040,21,42,105,0.0
DE,2040,21,43,105,0.0
DE,2040,21,44,105,0.0
DE,2040,21,45,105,0.0
DE,2040,21,46,105,0.0
DE,2040,21,47,105,0.0
DE,2040,21,48,105,0.0
DE,2040,21,49,105,0.0
DE,2040,21,50,105,0.0
DE,2040,21,51,105,0.0
DE,2040,21,52,105,0.0
DE,2040,21,53,105,0.0
DE,2040,21,54,105,0.0
DE,2040,21,55,105,0.0
DE,2040,21,56,105,0.0
DE,2040,21,57,105,0.0
DE,2040,21,58,105,0.0
DE,2040,21,59,105,0.0
DE,2040,21,60,105,0.0
DE,2040,21,61,105,0.0
DE,2040,21,62,105,0.0
DE,2040,21,63,105,0.0
DE,2040,21,64,105,0.0
DE,2040,21,65,105,0.0
DE,2040,21,66,105,0.0
DE,2040,21,67,105,0.0
DE,2040,21,68,105,0.0
DE,2040,21,69,105,0.0
DE,2040,21,70,105,0.0
DE,2040,21,71,105,0.0
DE,2040,21,72,105,0.0
DE,2040,21,73,105,0.0
DE,2040,21,74,105,0.0
DE,2040,21,75,105,0.0
DE,2040,21,76,105,0.0
DE,2040,21,77,105,0.0
DE,2040,21,78,105,0.0
DE,2040,21,79,105,0.0
DE,2040,21,80,105,0.0
DE,2040,21,81,105,0.0
DE,2040,21,82,105,0.0
DE,2040,21,83,105,0.0
DE,2040,21,84,105,0.0
DE,2040,21,85,105,0.0
DE,2040,21,86,105,0.0
DE,2040,21,87,105,0.0
DE,2040,21,88,105,0.0
DE,2040,21,89,105,0.0
DE,2040,21,90,105,0.0
DE,2040,21,91,105,0.0
DE,2040,21,92,105,0.0
DE,2040,21,93,105,0.0
DE,2040,21,94,105,0.0
DE,2040,21,95,105,0.0
DE,2040,21,96,105,0.0
DE,2040,21,97,105,0.0
DE,2040,21,98,105,0.0
DE,2040,21,99,105,0.0
DE,2040,21,100,105,0.0
DE,2040,21,101,105,0.0
DE,2040,21,102,105,0.0
DE,2040,21,103,105,0.0
DE,2040,21,104,105,0.0
DE,2040,21,105,105,0.0
DE,2040,21,106,105,0.0
DE,2040,21,107,105,0.0
DE,2040,21,108,105,0.0
DE,2040,21,109,105,0.0
DE,2040,21,110,105,0.0
DE,2040,21,111,105,0.0
DE,2040,21,112,105,0.0
DE,2040,21,113,105,0.0
DE,2040,21,114,105,0.0
DE,2040,21,115,105,0.0
DE,2040,21,116,105,0.0
DE,2040,21,117,105,0.0
DE,2040,21,118,105,0.0
DE,2040,21,119,105,0.0
DE,2040,21,120,105,0.0
DE,2040,21,121,105,0.0
DE,2040,21,122,105,0.0
DE,2040,21,123,105,0.0
DE,2040,21,124,105,0.0
DE,2040,21,125,105,0.0
DE,2040,21,126,105,0.0
DE,2040,21,127,105,0.0
DE,2040,21,128,105,0.0
DE,2040,21,129,105,0.0
DE,2040,21,130,105,0.0
DE,2040,21,131,105,0.0
DE,2040,21,132,105,0.0
DE,2040,21,133,105,0.0
DE,2040,21,134,105,0.0
DE,2040,21,135,105,0.0
DE,2040,21,136,105,0.0
DE,2040,21,137,105,0.0
DE,2040,21,138,105,0.0
DE,2040,21,139,105,0.0
DE,2040,21,140,105,0.0
DE,2040,21,141,105,0.0
DE,2040,21,142,105,0.0
DE,2040,21,143,105,0.0
DE,2040,21,144,105,0.0
DE,2040,21,145,105,0.0
DE,2040,21,146,105,0.0
DE,2040,21,147,105,0.0
DE,2040,21,148,105,0.0
DE,2040,21,149,105,0.0
DE,2040,21,150,105,0.0
DE,2040,21,151,105,0.0
DE,2040,21,152,105,0.0
DE,2040,21,153,105,0.0
DE,2040,21,154,105,0.0
DE,2040,21,155,105,0.0
DE,2040,21,156,105,0.0
DE,2040,21,157,105,0.0
DE,2040,21,158,105,0.0
DE,2040,21,159,105,0.0
DE,2040,21,160,105,0.0
DE,2040,21,161,105,0.0
DE,2040,21,162,105,0.0
DE,2040,21,163,105,0.0
DE,2040,21,164,105,0.0
DE,2040,21,165,105,0.0
DE,2040,21,166,105,0.0
DE,2040,21,167,105,0.0
DE,2040,42,0,105,0.0
DE,2040,42,1,105,0.0
DE,2040,42,2,105,0.0
DE,2040,42,3,105,0.0
DE,2040,42,4,105,0.0
DE,2040,42,5,105,0.0
DE,2040,42,6,105,0.0
DE,2040,42,7,105,0.0
DE,2040,42,8,105,0.0
DE,2040,42,9,105,0.0
DE,2040,42,10,105,0.0
DE,2040,42,11,105,0.0
DE,2040,42,12,105,0.0
DE,2040,42,13,105,0.0
DE,2040,42,14,105,0.0
DE,2040,42,15,105,0.0
DE,2040,42,16,105,0.0
DE,2040,42,17,105,0.0
DE,2040,42,18,105,0.0
DE,2040,42,19,105,0.0
DE,2040,42,20,105,0.0
DE,2040,42,21,105,0.0
DE,2040,42,22,105,0.0
DE,2040,42,23,105,0.0
DE,2040,42,24,105,0.0
DE,2040,42,25,105,0.0
DE,2040,42,26,105,0.0
DE,2040,42,27,105,0.0
DE,2040,42,28,105,0.0
DE,2040,42,29,105,0.0
DE,2040,42,30,105,0.0
DE,2040,42,31,105,0.0
DE,2040,42,32,105,0.0
DE,2040,42,33,105,0.0
DE,2040,42,34,105,0.0
DE,2040,42,35,105,0.0
DE,2040,42,36,105,0.0
DE,2040,42,37,105,0.0
DE,2040,42,38,105,0.0
DE,2040,42,39,105,0.0
DE,2040,42,40,105,0.0
DE,2040,42,41,105,0.0
DE,2040,42,42,105,0.0
DE,2040,42,43,105,0.0
DE,2040,42,44,105,0.0
DE,2040,42,45,105,0.0
DE,2040,42,46,105,0.0
DE,2040,42,47,105,0.0
DE,2040,42,48,105,0.0
DE,2040,42,49,105,0.0
DE,2040,42,50,105,0.0
DE,2040,42,51,105,0.0
DE,2040,42,52,105,0.0
DE,2040,42,53,105,0.0
DE,2040,42,54,105,0.0
DE,2040,42,55,105,0.0
DE,2040,42,56,105,0.0
DE,2040,42,57,105,0.0
DE,2040,42,58,105,0.0
DE,2040,42,59,105,0.0
DE,2040,42,60,105,0.0
DE,2040,42,61,105,0.0
DE,2040,42,62,105,0.0
DE,2040,42,63,105,0.0
DE,2040,42,64,105,0.0
DE,2040,42,65,105,0.0
DE,2040,42,66,105,0.0
DE,2040,42,67,105,0.0
DE,2040,42,68,105,0.0
DE,2040,42,69,105,0.0
DE,2040,42,70,105,0.0
DE,2040,42,71,105,0.0
DE,2040,42,72,105,0.0
DE,2040,42,73,105,0.0
DE,2040,42,74,105,0.0
DE,2040,42,75,105,0.0
DE,2040,42,76,105,0.0
DE,2040,42,77,105,0.0
DE,2040,42,78,105,0.0
DE,2040,42,79,105,0.0
DE,2040,42,80,105,0.0
DE,2040,42,81,105,0.0
DE,2040,42,82,105,0.0
DE,2040,42,83,105,0.0
DE,2040,42,84,105,0.0
DE,2040,42,85,105,0.0
DE,2040,42,86,105,0.0
DE,2040,42,87,105,0.0
DE,2040,42,88,105,0.0
DE,2040,42,89,105,0.0
DE,2040,42,90,105,0.0
DE,2040,42,91,105,0.0
DE,2040,42,92,105,0.0
DE,2040,42,93,105,0.0
DE,2040,42,94,105,0.0
DE,2040,42,95,105,0.0
DE,2040,42,96,105,0.0
DE,2040,42,97,105,0.0
DE,2040,42,98,105,0.0
DE,2040,42,99,105,0.0
DE,2040,42,100,105,0.0
DE,2040,42,101,105,0.0
DE,2040,42,102,105,0.0
DE,2040,42,103,105,0.0
DE,2040,42,104,105,0.0
DE,2040,42,105,105,0.0
DE,2040,42,106,105,0.0
DE,2040,42,107,105,0.0
DE,2040,42,108,105,0.0
DE,2040,42,109,105,0.0
DE,2040,42,110,105,0.0
DE,2040,42,111,105,0.0
DE,2040,42,112,105,0.0
DE,2040,42,113,105,0.0
DE,2040,42,114,105,0.0
DE,2040,42,115,105,0.0
DE,2040,42,116,105,0.0
DE,2040,42,117,105,0.0
DE,2040,42,118,105,0.0
DE,2040,42,119,105,0.0
DE,2040,42,120,105,0.0
DE,2040,42,121,105,0.0
DE,2040,42,122,105,0.0
DE,2040,42,123,105,0.0
DE,2040,42,124,105,0.0
DE,2040,42,125,105,0.0
DE,2040,42,126,105,0.0
DE,2040,42,127,105,0.0
DE,2040,42,128,105,0.0
DE,2040,42,129,105,0.0
DE,2040,42,130,105,0.0
DE,2040,42,131,105,0.0
DE,2040,42,132,105,0.0
DE,2040,42,133,105,0.0
DE,2040,42,134,105,0.0
DE,2040,42,135,105,0.0
DE,2040,42,136,105,0.0
DE,2040,42,137,105,0.0
DE,2040,42,138,105,0.0
DE,2040,42,139,105,0.0
DE,2040,42,140,105,0.0
DE,2040,42,141,105,0.0
DE,2040,42,142,105,0.0
DE,2040,42,143,105,0.0
DE,2040,42,144,105,0.0
DE,2040,42,145,105,0.0
DE,2040,42,146,105,0.0
DE,2040,42,147,105,0.0
DE,2040,42,148,105,0.0
DE,2040,42,149,105,0.0
DE,2040,42,150,105,0.0
DE,2040,42,151,105,0.0
DE,2040,42,152,105,0.0
DE,2040,42,153,105,0.0
DE,2040,42,154,105,0.0
DE,2040,42,155,105,0.0
DE,2040,42,156,105,0.0
DE,2040,42,157,105,0.0
DE,2040,42,158,105,0.0
DE,2040,42,159,105,0.0
DE,2040,42,160,105,0.0
DE,2040,42,161,105,0.0
DE,2040,42,162,105,0.0
DE,2040,42,163,105,0.0
DE,2040,42,164,105,0.0
DE,2040,42,165,105,0.0
DE,2040,42,166,105,0.0
DE,2040,42,167,105,0.0
DE,2040,52,0,105,0.0
DE,2040,52,1,105,0.0
DE,2040,52,2,105,0.0
DE,2040,52,3,105,0.0
DE,2040,52,4,105,0.0
DE,2040,52,5,105,0.0
DE,2040,52,6,105,0.0
DE,2040,52,7,105,0.0
DE,2040,52,8,105,0.0
DE,2040,52,9,105,0.0
DE,2040,52,10,105,0.0
DE,2040,52,11,105,0.0
DE,2040,52,12,105,0.0
DE,2040,52,13,105,0.0
DE,2040,52,14,105,0.0
DE,2040,52,15,105,0.0
DE,2040,52,16,105,0.0
DE,2040,52,17,105,0.0
DE,2040,52,18,105,0.0
DE,2040,52,19,105,0.0
DE,2040,52,20,105,0.0
DE,2040,52,21,105,0.0
DE,2040,52,22,105,0.0
DE,2040,52,23,105,0.0
DE,2040,52,24,105,0.0
DE,2040,52,25,105,0.0
DE,2040,52,26,105,0.0
DE,2040,52,27,105,0.0
DE,2040,52,28,105,0.0
DE,2040,52,29,105,0.0
DE,2040,52,30,105,0.0
DE,2040,52,31,105,0.0
DE,2040,52,32,105,0.0
DE,2040,52,33,105,0.0
DE,2040,52,34,105,0.0
DE,2040,52,35,105,3.1631129648723875e-05
DE,2040,52,36,105,0.0
DE,2040,52,37,105,0.0
DE,2040,52,38,105,0.0
DE,2040,52,39,105,0.0
DE,2040,52,40,105,0.0
DE,2040,52,41,105,0.0
DE,2040,52,42,105,0.0
DE,2040,52,43,105,0.0
DE,2040,52,44,105,0.0
DE,2040,52,45,105,0.0
DE,2040,52,46,105,0.0
DE,2040,52,47,105,0.0
DE,2040,52,48,105,0.0
DE,2040,52,49,105,0.0
DE,2040,52,50,105,0.0
DE,2040,52,51,105,0.0
DE,2040,52,52,105,0.0
DE,2040,52,53,105,0.0
DE,2040,52,54,105,0.0
DE,2040,52,55,105,0.0
DE,2040,52,56,105,0.0
DE,2040,52,57,105,0.0
DE,2040,52,58,105,0.0
DE,2040,52,59,105,0.0
DE,2040,52,60,105,0.0
DE,2040,52,61,105,0.0
DE,2040,52,62,105,0.0
DE,2040,52,63,105,0.0
DE,2040,52,64,105,0.0
DE,2040,52,65,105,0.0
DE,2040,52,66,105,0.0
DE,2040,52,67,105,0.0
DE,2040,52,68,105,0.0
DE,2040,52,69,105,0.0
DE,2040,52,70,105,0.0
DE,2040,52,71,105,0.0
DE,2040,52,72,105,0.0
DE,2040,52,73,105,0.0
DE,2040,52,74,105,0.0
DE,2040,52,75,105,0.0
DE,2040,52,76,105,0.0
DE,2040,52,77,105,0.0
DE,2040,52,78,105,0.0
DE,2040,52,79,105,0.0
DE,2040,52,80,105,0.0
DE,2040,52,81,105,0.0
DE,2040,52,82,105,0.0
DE,2040,52,83,105,0.0
DE,2040,52,84,105,0.0
DE,2040,52,85,105,0.0
DE,2040,52,86,105,0.0
DE,2040,52,87,105,0.0
DE,2040,52,88,105,0.0
DE,2040,52,89,105,0.0
DE,2040,52,90,105,0.0
DE,2040,52,91,105,0.0
DE,2040,52,92,105,0.0
DE,2040,52,93,105,0.0
DE,2040,52,94,105,0.0
DE,2040,52,95,105,0.0
DE,2040,52,96,105,0.0
DE,2040,52,97,105,0.0
DE,2040,52,98,105,0.0
DE,2040,52,99,105,0.0
DE,2040,52,100,105,0.0
DE,2040,52,101,105,0.0
DE,2040,52,102,105,0.0
DE,2040,52,103,105,0.0
DE,2040,52,104,105,0.0
DE,2040,52,105,105,0.0
DE,2040,52,106,105,0.0
DE,2040,52,107,105,0.0
DE,2040,52,108,105,0.0
DE,2040,52,109,105,0.0
DE,2040,52,110,105,0.0
DE,2040,52,111,105,0.0
DE,2040,52,112,105,0.0
DE,2040,52,113,105,3.1920145830533995e-05
DE,2040,52,114,105,3.1920145830533995e-05
DE,2040,52,115,105,0.0
DE,2040,52,116,105,0.0
DE,2040,52,117,105,0.0
DE,2040,52,118,105,0.0
DE,2040,52,119,105,0.0
DE,2040,52,120,105,0.0
DE,2040,52,121,105,0.0
DE,2040,52,122,105,0.0
DE,2040,52,123,105,0.0
DE,2040,52,124,105,0.0
DE,2040,52,125,105,0.0
DE,2040,52,126,105,0.0
DE,2040,52,127,105,0.0
DE,2040,52,128,105,0.0
DE,2040,52,129,105,0.0
DE,2040,52,130,105,0.0
DE,2040,52,131,105,0.0
DE,2040,52,132,105,0.0
DE,2040,52,133,105,0.0
DE,2040,52,134,105,0.0
DE,2040,52,135,105,0.0
DE,2040,52,136,105,0.0
DE,2040,52,137,105,0.0
DE,2040,52,138,105,0.0
DE,2040,52,139,105,0.0
DE,2040,52,140,105,0.0
DE,2040,52,141,105,0.0
DE,2040,52,142,105,0.0
DE,2040,52,143,105,0.0
DE,2040,52,144,105,0.0
DE,2040,52,145,105,0.0
DE,2040,52,146,105,0.0
DE,2040,52,147,105,0.0
DE,2040,52,148,105,0.0
DE,2040,52,149,105,0.0
DE,2040,52,150,105,0.0
DE,2040,52,151,105,0.0
DE,2040,52,152,105,0.0
DE,2040,52,153,105,0.0
DE,2040,52,154,105,0.0
DE,2040,52,155,105,0.0
DE,2040,52,156,105,0.0
DE,2040,52,157,105,0.0
DE,2040,52,158,105,0.0
DE,2040,52,159,105,0.0
DE,2040,52,160,105,0.0
DE,2040,52,161,105,0.0
DE,2040,52,162,105,0.0
DE,2040,52,163,105,0.0
DE,2040,52,164,105,0.0
DE,2040,52,165,105,0.0
DE,2040,52,166,105,0.0
DE,2040,52,167,105,0.0
GA,2050,11,0,105,0.0
GA,2050,11,1,105,0.0
GA,2050,11,2,105,0.0
GA,2050,11,3,105,0.0
GA,2050,11,4,105,0.0
GA,2050,11,5,105,0.0
GA,2050,11,6,105,0.0
GA,2050,11,7,105,0.0
GA,2050,11,8,105,0.0
GA,2050,11,9,105,0.0
GA,2050,11,10,105,0.0
GA,2050,11,11,105,0.0
GA,2050,11,12,105,0.0
GA,2050,11,13,105,0.0
GA,2050,11,14,105,0.0
GA,2050,11,15,105,0.0
GA,2050,11,16,105,0.0
GA,2050,11,17,105,0.0
GA,2050,11,18,105,0.0
GA,2050,11,19,105,0.0
GA,2050,11,20,105,0.0
GA,2050,11,21,105,0.0
GA,2050,11,22,105,0.0
GA,2050,11,23,105,0.0
GA,2050,11,24,105,0.0
GA,2050,11,25,105,0.0
GA,2050,11,26,105,0.0
GA,2050,11,27,105,0.0
GA,2050,11,28,105,0.0
GA,2050,11,29,105,0.0
GA,2050,11,30,105,0.0
GA,2050,11,31,105,0.0
GA,2050,11,32,105,0.0
GA,2050,11,33,105,0.0
GA,2050,11,34,105,0.0
GA,2050,11,35,105,0.0
GA,2050,11,36,105,0.0
GA,2050,11,37,105,0.0
GA,2050,11,38,105,0.0
GA,2050,11,39,105,0.0
GA,2050,11,40,105,0.0
GA,2050,11,41,105,0.0
GA,2050,11,42,105,-8.721182071795201e-15
GA,2050,11,43,105,0.0
GA,2050,11,44,105,0.0
GA,2050,11,45,105,0.0
GA,2050,11,46,105,0.0
GA,2050,11,47,105,0.0
GA,2050,11,48,105,0.0
GA,2050,11,49,105,0.0
GA,2050,11,50,105,0.0
GA,2050,11,51,105,0.0
GA,2050,11,52,105,0.0
GA,2050,11,53,105,0.0
GA,2050,11,54,105,0.0
GA,2050,11,55,105,0.0
GA,2050,11,56,105,0.0
GA,2050,11,57,105,0.0
GA,2050,11,58,105,0.0
GA,2050,11,59,105,0.0
GA,2050,11,60,105,0.0
GA,2050,11,61,105,0.0
GA,2050,11,62,105,0.0
GA,2050,11,63,105,0.0
GA,2050,11,64,105,0.0
GA,2050,11,65,105,0.0
GA,2050,11,66,105,0.0
GA,2050,11,67,105,0.0
GA,2050,11,68,105,0.0
GA,2050,11,69,105,0.0
GA,2050,11,70,105,0.0
GA,2050,11,71,105,0.0
GA,2050,11,72,105,0.0
GA,2050,11,73,105,0.0
GA,2050,11,74,105,0.0
GA,2050,11,75,105,0.0
GA,2050,11,76,105,0.0
GA,2050,11,77,105,0.0
GA,2050,11,78,105,0.0
GA,2050,11,79,105,0.0
GA,2050,11,80,105,0.0
GA,2050,11,81,105,0.0
GA,2050,11,82,105,0.0
GA,2050,11,83,105,0.0
GA,2050,11,84,105,0.0
GA,2050,11,85,105,0.0
GA,2050,11,86,105,0.0
GA,2050,11,87,105,0.0
GA,2050,11,88,105,0.0
GA,2050,11,89,105,0.0
GA,2050,11,90,105,0.0
GA,2050,11,91,105,0.0
GA,2050,11,92,105,0.0
GA,2050,11,93,105,0.0
GA,2050,11,94,105,0.0
GA,2050,11,95,105,0.0
GA,2050,11,96,105,0.0
GA,2050,11,97,105,0.0
GA,2050,11,98,105,0.0
GA,2050,11,99,105,0.0
GA,2050,11,100,105,0.0
GA,2050,11,101,105,0.0
GA,2050,11,102,105,0.0
GA,2050,11,103,105,0.0
GA,2050,11,104,105,0.0
GA,2050,11,105,105,0.0
GA,2050,11,106,105,0.0
GA,2050,11,107,105,0.0
GA,2050,11,108,105,0.0
GA,2050,11,109,105,0.0
GA,2050,11,110,105,0.0
GA,2050,11,111,105,0.0
GA,2050,11,112,105,0.0
GA,2050,11,113,105,0.0
GA,2050,11,114,105,0.0
GA,2050,11,115,105,0.0
GA,2050,11,116,105,0.0
GA,2050,11,117,105,0.0
GA,2050,11,118,105,0.0
GA,2050,11,119,105,0.0
GA,2050,11,120,105,0.0
GA,2050,11,121,105,0.0
GA,2050,11,122,105,0.0
GA,2050,11,123,105,0.0
GA,2050,11,124,105,0.0
GA,2050,11,125,105,0.0
GA,2050,11,126,105,0.0
GA,2050,11,127,105,0.0
GA,2050,11,128,105,0.0
GA,2050,11,129,105,0.0
GA,2050,11,130,105,0.0
GA,2050,11,131,105,0.0
GA,2050,11,132,105,0.0
GA,2050,11,133,105,0.0
GA,2050,11,134,105,0.0
GA,2050,11,135,105,0.0
GA,2050,11,136,105,0.0
GA,2050,11,137,105,0.0
GA,2050,11,138,105,0.0
GA,2050,11,139,105,0.0
GA,2050,11,140,105,0.0
GA,2050,11,141,105,0.0
GA,2050,11,142,105,0.0
GA,2050,11,143,105,0.0
GA,2050,11,144,105,0.0
GA,2050,11,145,105,0.0
GA,2050,11,146,105,0.0
GA,2050,11,147,105,0.0
GA,2050,11,148,105,0.0
GA,2050,11,149,105,0.0
GA,2050,11,150,105,0.0
GA,2050,11,151,105,0.0
GA,2050,11,152,105,0.0
GA,2050,11,153,105,0.0
GA,2050,11,154,105,0.0
GA,2050,11,155,105,0.0
GA,2050,11,156,105,0.0
GA,2050,11,157,105,0.0
GA,2050,11,158,105,0.0
GA,2050,11,159,105,0.0
GA,2050,11,160,105,0.0
GA,2050,11,161,105,0.0
GA,2050,11,162,105,0.0
GA,2050,11,163,105,0.0
GA,2050,11,164,105,0.0
GA,2050,11,165,105,0.0
GA,2050,11,166,105,0.0
GA,2050,11,167,105,0.0
GA,2050,21,0,105,0.0
GA,2050,21,1,105,0.0
GA,2050,21,2,105,0.0
GA,2050,21,3,105,0.0
GA,2050,21,4,105,0.0
GA,2050,21,5,105,0.0
GA,2050,21,6,105,0.0
GA,2050,21,7,105,0.0
GA,2050,21,8,105,0.0
GA,2050,21,9,105,0.0
GA,2050,21,10,105,0.0
GA,2050,21,11,105,0.0
GA,2050,21,12,105,0.0
GA,2050,21,13,105,0.0
GA,2050,21,14,105,0.0
GA,2050,21,15,105,0.0
GA,2050,21,16,105,0.0
GA,2050,21,17,105,0.0
GA,2050,21,18,105,0.0
GA,2050,21,19,105,0.0
GA,2050,21,20,105,0.0
GA,2050,21,21,105,0.0
GA,2050,21,22,105,0.0
GA,2050,21,23,105,0.0
GA,2050,21,24,105,0.0
GA,2050,21,25,105,0.0
GA,2050,21,26,105,0.0
GA,2050,21,27,105,0.0
GA,2050,21,28,105,0.0
GA,2050,21,29,105,0.0
GA,2050,21,30,105,0.0
GA,2050,21,31,105,0.0
GA,2050,21,32,105,0.0
GA,2050,21,33,105,0.0
GA,2050,21,34,105,0.0
GA,2050,21,35,105,0.0
GA,2050,21,36,105,0.0
GA,2050,21,37,105,0.0
GA,2050,21,38,105,0.0
GA,2050,21,39,105,0.0
GA,2050,21,40,105,0.0
GA,2050,21,41,105,0.0
GA,2050,21,42,105,0.0
GA,2050,21,43,105,0.0
GA,2050,21,44,105,0.0
GA,2050,21,45,105,0.0
GA,2050,21,46,105,0.0
GA,2050,21,47,105,0.0
GA,2050,21,48,105,0.0
GA,2050,21,49,105,0.0
GA,2050,21,50,105,0.0
GA,2050,21,51,105,0.0
GA,2050,21,52,105,0.0
GA,2050,21,53,105,0.0
GA,2050,21,54,105,0.0
GA,2050,21,55,105,0.0
GA,2050,21,56,105,0.0
GA,2050,21,57,105,0.0
GA,2050,21,58,105,0.0
GA,2050,21,59,105,0.0
GA,2050,21,60,105,0.0
GA,2050,21,61,105,0.0
GA,2050,21,62,105,0.0
GA,2050,21,63,105,0.0
GA,2050,21,64,105,0.0
GA,2050,21,65,105,0.0
GA,2050,21,66,105,0.0
GA,2050,21,67,105,0.0
GA,2050,21,68,105,0.0
GA,2050,21,69,105,0.0
GA,2050,21,70,105,0.0
GA,2050,21,71,105,0.0
GA,2050,21,72,105,0.0
GA,2050,21,73,105,0.0
GA,2050,21,74,105,0.0
GA,2050,21,75,105,0.0
GA,2050,21,76,105,0.0
GA,2050,21,77,105,0.0
GA,2050,21,78,105,0.0
GA,2050,21,79,105,0.0
GA,2050,21,80,105,0.0
GA,2050,21,81,105,0.0
GA,2050,21,82,105,0.0
GA,2050,21,83,105,0.0
GA,2050,21,84,105,0.0
GA,2050,21,85,105,0.0
GA,2050,21,86,105,0.0
GA,2050,21,87,105,0.0
GA,2050,21,88,105,0.0
GA,2050,21,89,105,0.0
GA,2050,21,90,105,0.0
GA,2050,21,91,105,0.0
GA,2050,21,92,105,0.0
GA,2050,21,93,105,0.0
GA,2050,21,94,105,0.0
GA,2050,21,95,105,0.0
GA,2050,21,96,105,0.0
GA,2050,21,97,105,0.0
GA,2050,21,98,105,0.0
GA,2050,21,99,105,0.0
GA,2050,21,100,105,0.0
GA,2050,21,101,105,0.0
GA,2050,21,102,105,0.0
GA,2050,21,103,105,0.0
GA,2050,21,104,105,0.0
GA,2050,21,105,105,0.0
GA,2050,21,106,105,0.0
GA,2050,21,107,105,0.0
GA,2050,21,108,105,0.0
GA,2050,21,109,105,0.0
GA,2050,21,110,105,0.0
GA,2050,21,111,105,0.0
GA,2050,21,112,105,0.0
GA,2050,21,113,105,0.0
GA,2050,21,114,105,0.0
GA,2050,21,115,105,0.0
GA,2050,21,116,105,0.0
GA,2050,21,117,105,0.0
GA,2050,21,118,105,0.0
GA,2050,21,119,105,0.0
GA,2050,21,120,105,0.0
GA,2050,21,121,105,0.0
GA,2050,21,122,105,0.0
GA,2050,21,123,105,0.0
GA,2050,21,124,105,0.0
GA,2050,21,125,105,0.0
GA,2050,21,126,105,0.0
GA,2050,21,127,105,0.0
GA,2050,21,128,105,0.0
GA,2050,21,129,105,0.0
GA,2050,21,130,105,0.0
GA,2050,21,131,105,0.0
GA,2050,21,132,105,0.0
GA,2050,21,133,105,0.0
GA,2050,21,134,105,0.0
GA,2050,21,135,105,0.0
GA,2050,21,136,105,0.0
GA,2050,21,137,105,0.0
GA,2050,21,138,105,0.0
GA,2050,21,139,105,0.0
GA,2050,21,140,105,0.0
GA,2050,21,141,105,0.0
GA,2050,21,142,105,0.0
GA,2050,21,143,105,0.0
GA,2050,21,144,105,0.0
GA,2050,21,145,105,0.0
GA,2050,21,146,105,0.0
GA,2050,21,147,105,0.0
GA,2050,21,148,105,0.0
GA,2050,21,149,105,0.0
GA,2050,21,150,105,0.0
GA,2050,21,151,105,0.0
GA,2050,21,152,105,0.0
GA,2050,21,153,105,0.0
GA,2050,21,154,105,0.0
GA,2050,21,155,105,0.0
GA,2050,21,156,105,0.0
GA,2050,21,157,105,0.0
GA,2050,21,158,105,0.0
GA,2050,21,159,105,0.0
GA,2050,21,160,105,0.0
GA,2050,21,161,105,0.0
GA,2050,21,162,105,0.0
GA,2050,21,163,105,0.0
GA,2050,21,164,105,0.0
GA,2050,21,165,105,0.0
GA,2050,21,166,105,0.0
GA,2050,21,167,105,0.0
GA,2050,42,0,105,0.0
GA,2050,42,1,105,0.0
GA,2050,42,2,105,0.0
GA,2050,42,3,105,0.0
GA,2050,42,4,105,0.0
GA,2050,42,5,105,0.0
GA,2050,42,6,105,0.0
GA,2050,42,7,105,0.0
GA,2050,42,8,105,0.0
GA,2050,42,9,105,0.0
GA,2050,42,10,105,0.0
GA,2050,42,11,105,0.0
GA,2050,42,12,105,0.0
GA,2050,42,13,105,0.0
GA,2050,42,14,105,0.0
GA,2050,42,15,105,0.0
GA,2050,42,16,105,0.0
GA,2050,42,17,105,0.0
GA,2050,42,18,105,0.0
GA,2050,42,19,105,0.0
GA,2050,42,20,105,0.0
GA,2050,42,21,105,0.0
GA,2050,42,22,105,0.0
GA,2050,42,23,105,0.0
GA,2050,42,24,105,0.0
GA,2050,42,25,105,0.0
GA,2050,42,26,105,0.0
GA,2050,42,27,105,0.0
GA,2050,42,28,105,0.0
GA,2050,42,29,105,0.0
GA,2050,42,30,105,0.0
GA,2050,42,31,105,0.0
GA,2050,42,32,105,0.0
GA,2050,42,33,105,0.0
GA,2050,42,34,105,0.0
GA,2050,42,35,105,0.0
GA,2050,42,36,105,0.0
GA,2050,42,37,105,0.0
GA,2050,42,38,105,0.0
GA,2050,42,39,105,0.0
GA,2050,42,40,105,0.0
GA,2050,42,41,105,0.0
GA,2050,42,42,105,0.0
GA,2050,42,43,105,0.0
GA,2050,42,44,105,0.0
GA,2050,42,45,105,0.0
GA,2050,42,46,105,0.0
GA,2050,42,47,105,0.0
GA,2050,42,48,105,0.0
GA,2050,42,49,105,0.0
GA,2050,42,50,105,0.0
GA,2050,42,51,105,0.0
GA,2050,42,52,105,0.0
GA,2050,42,53,105,0.0
GA,2050,42,54,105,0.0
GA,2050,42,55,105,0.0
GA,2050,42,56,105,0.0
GA,2050,42,57,105,0.0
GA,2050,42,58,105,0.0
GA,2050,42,59,105,0.0
GA,2050,42,60,105,0.0
GA,2050,42,61,105,0.0
GA,2050,42,62,105,0.0
GA,2050,42,63,105,0.0
GA,2050,42,64,105,0.0
GA,2050,42,65,105,0.0
GA,2050,42,66,105,0.0
GA,2050,42,67,105,0.0
GA,2050,42,68,105,0.0
GA,2050,42,69,105,0.0
GA,2050,42,70,105,0.0
GA,2050,42,71,105,0.0
GA,2050,42,72,105,0.0
GA,2050,42,73,105,0.0
GA,2050,42,74,105,0.0
GA,2050,42,75,105,0.0
GA,2050,42,76,105,0.0
GA,2050,42,77,105,0.0
GA,2050,42,78,105,0.0
GA,2050,42,79,105,0.0
GA,2050,42,80,105,0.0
GA,2050,42,81,105,0.0
GA,2050,42,82,105,0.0
GA,2050,42,83,105,0.0
GA,2050,42,84,105,0.0
GA,2050,42,85,105,0.0
GA,2050,42,86,105,0.0
GA,2050,42,87,105,0.0
GA,2050,42,88,105,0.0
GA,2050,42,89,105,0.0
GA,2050,42,90,105,0.0
GA,2050,42,91,105,0.0
GA,2050,42,92,105,0.0
GA,2050,42,93,105,0.0
GA,2050,42,94,105,0.0
GA,2050,42,95,105,0.0
GA,2050,42,96,105,0.0
GA,2050,42,97,105,0.0
GA,2050,42,98,105,0.0
GA,2050,42,99,105,0.0
GA,2050,42,100,105,0.0
GA,2050,42,101,105,0.0
GA,2050,42,102,105,0.0
GA,2050,42,103,105,0.0
GA,2050,42,104,105,0.0
GA,2050,42,105,105,0.0
GA,2050,42,106,105,0.0
GA,2050,42,107,105,0.0
GA,2050,42,108,105,0.0
GA,2050,42,109,105,0.0
GA,2050,42,110,105,0.0
GA,2050,42,111,105,0.0
GA,2050,42,112,105,0.0
GA,2050,42,113,105,0.0
GA,2050,42,114,105,0.0
GA,2050,42,115,105,0.0
GA,2050,42,116,105,0.0
GA,2050,42,117,105,0.0
GA,2050,42,118,105,0.0
GA,2050,42,119,105,0.0
GA,2050,42,120,105,0.0
GA,2050,42,121,105,0.0
GA,2050,42,122,105,0.0
GA,2050,42,123,105,0.0
GA,2050,42,124,105,0.0
GA,2050,42,125,105,0.0
GA,2050,42,126,105,0.0
GA,2050,42,127,105,0.0
GA,2050,42,128,105,0.0
GA,2050,42,129,105,0.0
GA,2050,42,130,105,0.0
GA,2050,42,131,105,0.0
GA,2050,42,132,105,0.0
GA,2050,42,133,105,0.0
GA,2050,42,134,105,0.0
GA,2050,42,135,105,0.0
GA,2050,42,136,105,0.0
GA,2050,42,137,105,0.0
GA,2050,42,138,105,0.0
GA,2050,42,139,105,0.0
GA,2050,42,140,105,0.0
GA,2050,42,141,105,0.0
GA,2050,42,142,105,0.0
GA,2050,42,143,105,0.0
GA,2050,42,144,105,0.0
GA,2050,42,145,105,0.0
GA,2050,42,146,105,0.0
GA,2050,42,147,105,0.0
GA,2050,42,148,105,0.0
GA,2050,42,149,105,0.0
GA,2050,42,150,105,0.0
GA,2050,42,151,105,0.0
GA,2050,42,152,105,0.0
GA,2050,42,153,105,0.0
GA,2050,42,154,105,0.0
GA,2050,42,155,105,0.0
GA,2050,42,156,105,0.0
GA,2050,42,157,105,0.0
GA,2050,42,158,105,0.0
GA,2050,42,159,105,0.0
GA,2050,42,160,105,0.0
GA,2050,42,161,105,0.0
GA,2050,42,162,105,0.0
GA,2050,42,163,105,0.0
GA,2050,42,164,105,0.0
GA,2050,42,165,105,0.0
GA,2050,42,166,105,0.0
GA,2050,42,167,105,0.0
GA,2050,52,0,105,0.0
GA,2050,52,1,105,0.0
GA,2050,52,2,105,0.0
GA,2050,52,3,105,0.0
GA,2050,52,4,105,0.0
GA,2050,52,5,105,0.0
GA,2050,52,6,105,0.0
GA,2050,52,7,105,0.0
GA,2050,52,8,105,0.0
GA,2050,52,9,105,0.0
GA,2050,52,10,105,0.0
GA,2050,52,11,105,0.0
GA,2050,52,12,105,0.0
GA,2050,52,13,105,0.0
GA,2050,52,14,105,0.0
GA,2050,52,15,105,0.0
GA,2050,52,16,105,0.0
GA,2050,52,17,105,0.0
GA,2050,52,18,105,0.0
GA,2050,52,19,105,0.0
GA,2050,52,20,105,0.0
GA,2050,52,21,105,0.0
GA,2050,52,22,105,0.0
GA,2050,52,23,105,0.0
GA,2050,52,24,105,0.0
GA,2050,52,25,105,0.0
GA,2050,52,26,105,0.0
GA,2050,52,27,105,0.0
GA,2050,52,28,105,0.0
GA,2050,52,29,105,0.0
GA,2050,52,30,105,0.0
GA,2050,52,31,105,0.0
GA,2050,52,32,105,0.0
GA,2050,52,33,105,0.0
GA,2050,52,34,105,4.744669447308634e-05
GA,2050,52,35,105,2.4434618484489616e-05
GA,2050,52,36,105,0.0
GA,2050,52,37,105,0.0
GA,2050,52,38,105,0.0
GA,2050,52,39,105,0.0
GA,2050,52,40,105,0.0
GA,2050,52,41,105,0.0
GA,2050,52,42,105,0.0
GA,2050,52,43,105,0.0
GA,2050,52,44,105,0.0
GA,2050,52,45,105,0.0
GA,2050,52,46,105,0.0
GA,2050,52,47,105,0.0
GA,2050,52,48,105,0.0
GA,2050,52,49,105,0.0
GA,2050,52,50,105,0.0
GA,2050,52,51,105,0.0
GA,2050,52,52,105,0.0
GA,2050,52,53,105,0.0
GA,2050,52,54,105,0.0
GA,2050,52,55,105,0.0
GA,2050,52,56,105,0.0
GA,2050,52,57,105,0.0
GA,2050,52,58,105,0.0
GA,2050,52,59,105,0.0
GA,2050,52,60,105,0.0
GA,2050,52,61,105,0.0
GA,2050,52,62,105,0.0
GA,2050,52,63,105,0.0
GA,2050,52,64,105,0.0
GA,2050,52,65,105,0.0
GA,2050,52,66,105,0.0
GA,2050,52,67,105,0.0
GA,2050,52,68,105,0.0
GA,2050,52,69,105,0.0
GA,2050,52,70,105,0.0
GA,2050,52,71,105,0.0
GA,2050,52,72,105,0.0
GA,2050,52,73,105,0.0
GA,2050,52,74,105,0.0
GA,2050,52,75,105,0.0
GA,2050,52,76,105,0.0
GA,2050,52,77,105,0.0
GA,2050,52,78,105,0.0
GA,2050,52,79,105,0.0
GA,2050,52,80,105,0.0
GA,2050,52,81,105,0.0
GA,2050,52,82,105,0.0
GA,2050,52,83,105,0.0
GA,2050,52,84,105,0.0
GA,2050,52,85,105,0.0
GA,2050,52,86,105,0.0
GA,2050,52,87,105,0.0
GA,2050,52,88,105,0.0
GA,2050,52,89,105,0.0
GA,2050,52,90,105,0.0
GA,2050,52,91,105,0.0
GA,2050,52,92,105,0.0
GA,2050,52,93,105,0.0
GA,2050,52,94,105,0.0
GA,2050,52,95,105,0.0
GA,2050,52,96,105,0.0
GA,2050,52,97,105,0.0
GA,2050,52,98,105,0.0
GA,2050,52,99,105,0.0
GA,2050,52,100,105,0.0
GA,2050,52,101,105,0.0
GA,2050,52,102,105,0.0
GA,2050,52,103,105,0.0
GA,2050,52,104,105,0.0
GA,2050,52,105,105,0.0
GA,2050,52,106,105,0.0
GA,2050,52,107,105,0.0
GA,2050,52,108,105,0.0
GA,2050,52,109,105,0.0
GA,2050,52,110,105,0.0
GA,2050,52,111,105,0.0
GA,2050,52,112,105,0.0
GA,2050,52,113,105,4.78802187457994e-05
GA,2050,52,114,105,0.0
GA,2050,52,115,105,0.0
GA,2050,52,116,105,0.0
GA,2050,52,117,105,0.0
GA,2050,52,118,105,0.0
GA,2050,52,119,105,0.0
GA,2050,52,120,105,0.0
GA,2050,52,121,105,0.0
GA,2050,52,122,105,0.0
GA,2050,52,123,105,0.0
GA,2050,52,124,105,0.0
GA,2050,52,125,105,0.0
GA,2050,52,126,105,0.0
GA,2050,52,127,105,0.0
GA,2050,52,128,105,0.0
GA,2050,52,129,105,0.0
GA,2050,52,130,105,0.0
GA,2050,52,131,105,0.0
GA,2050,52,132,105,0.0
GA,2050,52,133,105,0.0
GA,2050,52,134,105,0.0
GA,2050,52,135,105,0.0
GA,2050,52,136,105,0.0
GA,2050,52,137,105,0.0
GA,2050,52,138,105,0.0
GA,2050,52,139,105,0.0
GA,2050,52,140,105,0.0
GA,2050,52,141,105,0.0
GA,2050,52,142,105,0.0
GA,2050,52,143,105,0.0
GA,2050,52,144,105,0.0
GA,2050,52,145,105,0.0
GA,2050,52,146,105,0.0
GA,2050,52,147,105,0.0
GA,2050,52,148,105,0.0
GA,2050,52,149,105,0.0
GA,2050,52,150,105,0.0
GA,2050,52,151,105,0.0
GA,2050,52,152,105,0.0
GA,2050,52,153,105,0.0
GA,2050,52,154,105,0.0
GA,2050,52,155,105,0.0
GA,2050,52,156,105,0.0
GA,2050,52,157,105,0.0
GA,2050,52,158,105,0.0
GA,2050,52,159,105,0.0
GA,2050,52,160,105,0.0
GA,2050,52,161,105,0.0
GA,2050,52,162,105,0.0
GA,2050,52,163,105,0.0
GA,2050,52,164,105,0.0
GA,2050,52,165,105,0.0
GA,2050,52,166,105,0.0
GA,2050,52,167,105,0.0
DE,2050,11,0,105,0.0
DE,2050,11,1,105,0.0
DE,2050,11,2,105,0.0
DE,2050,11,3,105,0.0
DE,2050,11,4,105,0.0
DE,2050,11,5,105,0.0
DE,2050,11,6,105,0.0
DE,2050,11,7,105,0.0
DE,2050,11,8,105,0.0
DE,2050,11,9,105,0.0
DE,2050,11,10,105,0.0
DE,2050,11,11,105,0.0
DE,2050,11,12,105,0.0
DE,2050,11,13,105,0.0
DE,2050,11,14,105,0.0
DE,2050,11,15,105,0.0
DE,2050,11,16,105,0.0
DE,2050,11,17,105,0.0
DE,2050,11,18,105,0.0
DE,2050,11,19,105,0.0
DE,2050,11,20,105,0.0
DE,2050,11,21,105,0.0
DE,2050,11,22,105,0.0
DE,2050,11,23,105,0.0
DE,2050,11,24,105,0.0
DE,2050,11,25,105,0.0
DE,2050,11,26,105,0.0
DE,2050,11,27,105,0.0
DE,2050,11,28,105,0.0
DE,2050,11,29,105,0.0
DE,2050,11,30,105,0.0
DE,2050,11,31,105,0.0
DE,2050,11,32,105,0.0
DE,2050,11,33,105,0.0
DE,2050,11,34,105,0.0
DE,2050,11,35,105,0.0
DE,2050,11,36,105,0.0
DE,2050,11,37,105,0.0
DE,2050,11,38,105,0.0
DE,2050,11,39,105,0.0
DE,2050,11,40,105,0.0
DE,2050,11,41,105,0.0
DE,2050,11,42,105,0.0
DE,2050,11,43,105,1.3081773107692803e-14
DE,2050,11,44,105,1.3081773107692803e-14
DE,2050,11,45,105,0.0
DE,2050,11,46,105,0.0
DE,2050,11,47,105,0.0
DE,2050,11,48,105,0.0
DE,2050,11,49,105,0.0
DE,2050,11,50,105,0.0
DE,2050,11,51,105,0.0
DE,2050,11,52,105,0.0
DE,2050,11,53,105,0.0
DE,2050,11,54,105,0.0
DE,2050,11,55,105,0.0
DE,2050,11,56,105,0.0
DE,2050,11,57,105,0.0
DE,2050,11,58,105,0.0
DE,2050,11,59,105,0.0
DE,2050,11,60,105,0.0
DE,2050,11,61,105,0.0
DE,2050,11,62,105,0.0
DE,2050,11,63,105,0.0
DE,2050,11,64,105,0.0
DE,2050,11,65,105,0.0
DE,2050,11,66,105,0.0
DE,2050,11,67,105,0.0
DE,2050,11,68,105,0.0
DE,2050,11,69,105,0.0
DE,2050,11,70,105,0.0
DE,2050,11,71,105,0.0
DE,2050,11,72,105,0.0
DE,2050,11,73,105,0.0
DE,2050,11,74,105,0.0
DE,2050,11,75,105,0.0
DE,2050,11,76,105,0.0
DE,2050,11,77,105,0.0
DE,2050,11,78,105,0.0
DE,2050,11,79,105,0.0
DE,2050,11,80,105,0.0
DE,2050,11,81,105,0.0
DE,2050,11,82,105,0.0
DE,2050,11,83,105,0.0
DE,2050,11,84,105,0.0
DE,2050,11,85,105,0.0
DE,2050,11,86,105,0.0
DE,2050,11,87,105,0.0
DE,2050,11,88,105,0.0
DE,2050,11,89,105,0.0
DE,2050,11,90,105,0.0
DE,2050,11,91,105,0.0
DE,2050,11,92,105,0.0
DE,2050,11,93,105,0.0
DE,2050,11,94,105,0.0
DE,2050,11,95,105,0.0
DE,2050,11,96,105,0.0
DE,2050,11,97,105,0.0
DE,2050,11,98,105,0.0
DE,2050,11,99,105,0.0
DE,2050,11,100,105,0.0
DE,2050,11,101,105,0.0
DE,2050,11,102,105,0.0
DE,2050,11,103,105,0.0
DE,2050,11,104,105,0.0
DE,2050,11,105,105,0.0
DE,2050,11,106,105,0.0
DE,2050,11,107,105,0.0
DE,2050,11,108,105,0.0
DE,2050,11,109,105,0.0
DE,2050,11,110,105,0.0
DE,2050,11,111,105,0.0
DE,2050,11,112,105,0.0
DE,2050,11,113,105,0.0
DE,2050,11,114,105,0.0
DE,2050,11,115,105,0.0
DE,2050,11,116,105,0.0
DE,2050,11,117,105,0.0
DE,2050,11,118,105,0.0
DE,2050,11,119,105,0.0
DE,2050,11,120,105,0.0
DE,2050,11,121,105,0.0
DE,2050,11,122,105,0.0
DE,2050,11,123,105,0.0
DE,2050,11,124,105,0.0
DE,2050,11,125,105,0.0
DE,2050,11,126,105,0.0
DE,2050,11,127,105,0.0
DE,2050,11,128,105,0.0
DE,2050,11,129,105,0.0
DE,2050,11,130,105,0.0
DE,2050,11,131,105,0.0
DE,2050,11,132,105,0.0
DE,2050,11,133,105,0.0
DE,2050,11,134,105,0.0
DE,2050,11,135,105,0.0
DE,2050,11,136,105,0.0
DE,2050,11,137,105,0.0
DE,2050,11,138,105,0.0
DE,2050,11,139,105,0.0
DE,2050,11,140,105,0.0
DE,2050,11,141,105,0.0
DE,2050,11,142,105,0.0
DE,2050,11,143,105,0.0
DE,2050,11,144,105,0.0
DE,2050,11,145,105,0.0
DE,2050,11,146,105,0.0
DE,2050,11,147,105,0.0
DE,2050,11,148,105,0.0
DE,2050,11,149,105,0.0
DE,2050,11,150,105,0.0
DE,2050,11,151,105,0.0
DE,2050,11,152,105,0.0
DE,2050,11,153,105,0.0
DE,2050,11,154,105,0.0
DE,2050,11,155,105,0.0
DE,2050,11,156,105,0.0
DE,2050,11,157,105,0.0
DE,2050,11,158,105,0.0
DE,2050,11,159,105,0.0
DE,2050,11,160,105,0.0
DE,2050,11,161,105,0.0
DE,2050,11,162,105,0.0
DE,2050,11,163,105,0.0
DE,2050,11,164,105,0.0
DE,2050,11,165,105,0.0
DE,2050,11,166,105,0.0
DE,2050,11,167,105,0.0
DE,2050,21,0,105,0.0
DE,2050,21,1,105,0.0
DE,2050,21,2,105,0.0
DE,2050,21,3,105,0.0
DE,2050,21,4,105,0.0
DE,2050,21,5,105,0.0
DE,2050,21,6,105,0.0
DE,2050,21,7,105,0.0
DE,2050,21,8,105,0.0
DE,2050,21,9,105,0.0
DE,2050,21,10,105,0.0
DE,2050,21,11,105,0.0
DE,2050,21,12,105,0.0
DE,2050,21,13,105,0.0
DE,2050,21,14,105,0.0
DE,2050,21,15,105,0.0
DE,2050,21,16,105,0.0
DE,2050,21,17,105,0.0
DE,2050,21,18,105,0.0
DE,2050,21,19,105,0.0
DE,2050,21,20,105,0.0
DE,2050,21,21,105,0.0
DE,2050,21,22,105,0.0
DE,2050,21,23,105,0.0
DE,2050,21,24,105,0.0
DE,2050,21,25,105,0.0
DE,2050,21,26,105,0.0
DE,2050,21,27,105,0.0
DE,2050,21,28,105,0.0
DE,2050,21,29,105,0.0
DE,2050,21,30,105,0.0
DE,2050,21,31,105,0.0
DE,2050,21,32,105,0.0
DE,2050,21,33,105,0.0
DE,2050,21,34,105,0.0
DE,2050,21,35,105,0.0
DE,2050,21,36,105,0.0
DE,2050,21,37,105,0.0
DE,2050,21,38,105,0.0
DE,2050,21,39,105,0.0
DE,2050,21,40,105,0.0
DE,2050,21,41,105,0.0
DE,2050,21,42,105,0.0
DE,2050,21,43,105,0.0
DE,2050,21,44,105,0.0
DE,2050,21,45,105,0.0
DE,2050,21,46,105,0.0
DE,2050,21,47,105,0.0
DE,2050,21,48,105,0.0
DE,2050,21,49,105,0.0
DE,2050,21,50,105,0.0
DE,2050,21,51,105,0.0
DE,2050,21,52,105,0.0
DE,2050,21,53,105,0.0
DE,2050,21,54,105,0.0
DE,2050,21,55,105,0.0
DE,2050,21,56,105,0.0
DE,2050,21,57,105,0.0
DE,2050,21,58,105,0.0
DE,2050,21,59,105,0.0
DE,2050,21,60,105,0.0
DE,2050,21,61,105,0.0
DE,2050,21,62,105,0.0
DE,2050,21,63,105,0.0
DE,2050,21,64,105,0.0
DE,2050,21,65,105,0.0
DE,2050,21,66,105,0.0
DE,2050,21,67,105,0.0
DE,2050,21,68,105,0.0
DE,2050,21,69,105,0.0
DE,2050,21,70,105,0.0
DE,2050,21,71,105,0.0
DE,2050,21,72,105,0.0
DE,2050,21,73,105,0.0
DE,2050,21,74,105,0.0
DE,2050,21,75,105,0.0
DE,2050,21,76,105,0.0
DE,2050,21,77,105,0.0
DE,2050,21,78,105,0.0
DE,2050,21,79,105,0.0
DE,2050,21,80,105,0.0
DE,2050,21,81,105,0.0
DE,2050,21,82,105,0.0
DE,2050,21,83,105,0.0
DE,2050,21,84,105,0.0
DE,2050,21,85,105,0.0
DE,2050,21,86,105,0.0
DE,2050,21,87,105,0.0
DE,2050,21,88,105,0.0
DE,2050,21,89,105,0.0
DE,2050,21,90,105,0.0
DE,2050,21,91,105,0.0
DE,2050,21,92,105,0.0
DE,2050,21,93,105,0.0
DE,2050,21,94,105,0.0
DE,2050,21,95,105,0.0
DE,2050,21,96,105,0.0
DE,2050,21,97,105,0.0
DE,2050,21,98,105,0.0
DE,2050,21,99,105,0.0
DE,2050,21,100,105,0.0
DE,2050,21,101,105,0.0
DE,2050,21,102,105,0.0
DE,2050,21,103,105,0.0
DE,2050,21,104,105,0.0
DE,2050,21,105,105,0.0
DE,2050,21,106,105,0.0
DE,2050,21,107,105,0.0
DE,2050,21,108,105,0.0
DE,2050,21,109,105,0.0
DE,2050,21,110,105,0.0
DE,2050,21,111,105,0.0
DE,2050,21,112,105,0.0
DE,2050,21,113,105,0.0
DE,2050,21,114,105,0.0
DE,2050,21,115,105,0.0
DE,2050,21,116,105,0.0
DE,2050,21,117,105,0.0
DE,2050,21,118,105,0.0
DE,2050,21,119,105,0.0
DE,2050,21,120,105,0.0
DE,2050,21,121,105,0.0
DE,2050,21,122,105,0.0
DE,2050,21,123,105,0.0
DE,2050,21,124,105,0.0
DE,2050,21,125,105,0.0
DE,2050,21,126,105,0.0
DE,2050,21,127,105,0.0
DE,2050,21,128,105,0.0
DE,2050,21,129,105,0.0
DE,2050,21,130,105,0.0
DE,2050,21,131,105,0.0
DE,2050,21,132,105,0.0
DE,2050,21,133,105,0.0
DE,2050,21,134,105,0.0
DE,2050,21,135,105,0.0
DE,2050,21,136,105,0.0
DE,2050,21,137,105,0.0
DE,2050,21,138,105,0.0
DE,2050,21,139,105,0.0
DE,2050,21,140,105,0.0
DE,2050,21,141,105,0.0
DE,2050,21,142,105,0.0
DE,2050,21,143,105,0.0
DE,2050,21,144,105,0.0
DE,2050,21,145,105,0.0
DE,2050,21,146,105,0.0
DE,2050,21,147,105,0.0
DE,2050,21,148,105,0.0
DE,2050,21,149,105,0.0
DE,2050,21,150,105,0.0
DE,2050,21,151,105,0.0
DE,2050,21,152,105,0.0
DE,2050,21,153,105,0.0
DE,2050,21,154,105,0.0
DE,2050,21,155,105,0.0
DE,2050,21,156,105,0.0
DE,2050,21,157,105,0.0
DE,2050,21,158,105,0.0
DE,2050,21,159,105,0.0
DE,2050,21,160,105,0.0
DE,2050,21,161,105,0.0
DE,2050,21,162,105,0.0
DE,2050,21,163,105,0.0
DE,2050,21,164,105,0.0
DE,2050,21,165,105,0.0
DE,2050,21,166,105,0.0
DE,2050,21,167,105,0.0
DE,2050,42,0,105,0.0
DE,2050,42,1,105,0.0
DE,2050,42,2,105,0.0
DE,2050,42,3,105,0.0
DE,2050,42,4,105,0.0
DE,2050,42,5,105,0.0
DE,2050,42,6,105,0.0
DE,2050,42,7,105,0.0
DE,2050,42,8,105,0.0
DE,2050,42,9,105,0.0
DE,2050,42,10,105,0.0
DE,2050,42,11,105,0.0
DE,2050,42,12,105,0.0
DE,2050,42,13,105,0.0
DE,2050,42,14,105,0.0
DE,2050,42,15,105,0.0
DE,2050,42,16,105,0.0
DE,2050,42,17,105,0.0
DE,2050,42,18,105,0.0
DE,2050,42,19,105,0.0
DE,2050,42,20,105,0.0
DE,2050,42,21,105,0.0
DE,2050,42,22,105,0.0
DE,2050,42,23,105,0.0
DE,2050,42,24,105,0.0
DE,2050,42,25,105,0.0
DE,2050,42,26,105,0.0
DE,2050,42,27,105,0.0
DE,2050,42,28,105,0.0
DE,2050,42,29,105,0.0
DE,2050,42,30,105,0.0
DE,2050,42,31,105,0.0
DE,2050,42,32,105,0.0
DE,2050,42,33,105,0.0
DE,2050,42,34,105,0.0
DE,2050,42,35,105,0.0
DE,2050,42,36,105,0.0
DE,2050,42,37,105,0.0
DE,2050,42,38,105,0.0
DE,2050,42,39,105,0.0
DE,2050,42,40,105,0.0
DE,2050,42,41,105,0.0
DE,2050,42,42,105,0.0
DE,2050,42,43,105,0.0
DE,2050,42,44,105,0.0
DE,2050,42,45,105,0.0
DE,2050,42,46,105,0.0
DE,2050,42,47,105,0.0
DE,2050,42,48,105,0.0
DE,2050,42,49,105,0.0
DE,2050,42,50,105,0.0
DE,2050,42,51,105,0.0
DE,2050,42,52,105,0.0
DE,2050,42,53,105,0.0
DE,2050,42,54,105,0.0
DE,2050,42,55,105,0.0
DE,2050,42,56,105,0.0
DE,2050,42,57,105,0.0
DE,2050,42,58,105,0.0
DE,2050,42,59,105,0.0
DE,2050,42,60,105,0.0
DE,2050,42,61,105,0.0
DE,2050,42,62,105,0.0
DE,2050,42,63,105,0.0
DE,2050,42,64,105,0.0
DE,2050,42,65,105,0.0
DE,2050,42,66,105,0.0
DE,2050,42,67,105,0.0
DE,2050,42,68,105,0.0
DE,2050,42,69,105,0.0
DE,2050,42,70,105,0.0
DE,2050,42,71,105,0.0
DE,2050,42,72,105,0.0
DE,2050,42,73,105,0.0
DE,2050,42,74,105,0.0
DE,2050,42,75,105,0.0
DE,2050,42,76,105,0.0
DE,2050,42,77,105,0.0
DE,2050,42,78,105,0.0
DE,2050,42,79,105,0.0
DE,2050,42,80,105,0.0
DE,2050,42,81,105,0.0
DE,2050,42,82,105,0.0
DE,2050,42,83,105,0.0
DE,2050,42,84,105,0.0
DE,2050,42,85,105,0.0
DE,2050,42,86,105,0.0
DE,2050,42,87,105,0.0
DE,2050,42,88,105,0.0
DE,2050,42,89,105,0.0
DE,2050,42,90,105,0.0
DE,2050,42,91,105,0.0
DE,2050,42,92,105,0.0
DE,2050,42,93,105,0.0
DE,2050,42,94,105,0.0
DE,2050,42,95,105,0.0
DE,2050,42,96,105,0.0
DE,2050,42,97,105,0.0
DE,2050,42,98,105,0.0
DE,2050,42,99,105,0.0
DE,2050,42,100,105,0.0
DE,2050,42,101,105,0.0
DE,2050,42,102,105,0.0
DE,2050,42,103,105,0.0
DE,2050,42,104,105,0.0
DE,2050,42,105,105,0.0
DE,2050,42,106,105,0.0
DE,2050,42,107,105,0.0
DE,2050,42,108,105,0.0
DE,2050,42,109,105,0.0
DE,2050,42,110,105,0.0
DE,2050,42,111,105,0.0
DE,2050,42,112,105,0.0
DE,2050,42,113,105,0.0
DE,2050,42,114,105,0.0
DE,2050,42,115,105,0.0
DE,2050,42,116,105,0.0
DE,2050,42,117,105,0.0
DE,2050,42,118,105,0.0
DE,2050,42,119,105,0.0
DE,2050,42,120,105,0.0
DE,2050,42,121,105,0.0
DE,2050,42,122,105,0.0
DE,2050,42,123,105,0.0
DE,2050,42,124,105,0.0
DE,2050,42,125,105,0.0
DE,2050,42,126,105,0.0
DE,2050,42,127,105,0.0
DE,2050,42,128,105,0.0
DE,2050,42,129,105,0.0
DE,2050,42,130,105,0.0
DE,2050,42,131,105,0.0
DE,2050,42,132,105,0.0
DE,2050,42,133,105,0.0
DE,2050,42,134,105,0.0
DE,2050,42,135,105,0.0
DE,2050,42,136,105,0.0
DE,2050,42,137,105,0.0
DE,2050,42,138,105,0.0
DE,2050,42,139,105,0.0
DE,2050,42,140,105,0.0
DE,2050,42,141,105,0.0
DE,2050,42,142,105,0.0
DE,2050,42,143,105,0.0
DE,2050,42,144,105,0.0
DE,2050,42,145,105,0.0
DE,2050,42,146,105,0.0
DE,2050,42,147,105,0.0
DE,2050,42,148,105,0.0
DE,2050,42,149,105,0.0
DE,2050,42,150,105,0.0
DE,2050,42,151,105,0.0
DE,2050,42,152,105,0.0
DE,2050,42,153,105,0.0
DE,2050,42,154,105,0.0
DE,2050,42,155,105,0.0
DE,2050,42,156,105,0.0
DE,2050,42,157,105,0.0
DE,2050,42,158,105,0.0
DE,2050,42,159,105,0.0
DE,2050,42,160,105,0.0
DE,2050,42,161,105,0.0
DE,2050,42,162,105,0.0
DE,2050,42,163,105,0.0
DE,2050,42,164,105,0.0
DE,2050,42,165,105,0.0
DE,2050,42,166,105,0.0
DE,2050,42,167,105,0.0
DE,2050,52,0,105,0.0
DE,2050,52,1,105,0.0
DE,2050,52,2,105,0.0
DE,2050,52,3,105,0.0
DE,2050,52,4,105,0.0
DE,2050,52,5,105,0.0
DE,2050,52,6,105,0.0
DE,2050,52,7,105,0.0
DE,2050,52,8,105,0.0
DE,2050,52,9,105,0.0
DE,2050,52,10,105,0.0
DE,2050,52,11,105,0.0
DE,2050,52,12,105,0.0
DE,2050,52,13,105,0.0
DE,2050,52,14,105,0.0
DE,2050,52,15,105,0.0
DE,2050,52,16,105,0.0
DE,2050,52,17,105,0.0
DE,2050,52,18,105,0.0
DE,2050,52,19,105,0.0
DE,2050,52,20,105,0.0
DE,2050,52,21,105,0.0
DE,2050,52,22,105,0.0
DE,2050,52,23,105,0.0
DE,2050,52,24,105,0.0
DE,2050,52,25,105,0.0
DE,2050,52,26,105,0.0
DE,2050,52,27,105,0.0
DE,2050,52,28,105,0.0
DE,2050,52,29,105,0.0
DE,2050,52,30,105,0.0
DE,2050,52,31,105,0.0
DE,2050,52,32,105,0.0
DE,2050,52,33,105,0.0
DE,2050,52,34,105,0.0
DE,2050,52,35,105,0.0
DE,2050,52,36,105,0.0
DE,2050,52,37,105,0.0
DE,2050,52,38,105,0.0
DE,2050,52,39,105,2.4434618484489616e-05
DE,2050,52,40,105,0.0
DE,2050,52,41,105,0.0
DE,2050,52,42,105,0.0
DE,2050,52,43,105,0.0
DE,2050,52,44,105,0.0
DE,2050,52,45,105,0.0
DE,2050,52,46,105,0.0
DE,2050,52,47,105,0.0
DE,2050,52,48,105,0.0
DE,2050,52,49,105,0.0
DE,2050,52,50,105,0.0
DE,2050,52,51,105,0.0
DE,2050,52,52,105,0.0
DE,2050,52,53,105,0.0
DE,2050,52,54,105,0.0
DE,2050,52,55,105,0.0
DE,2050,52,56,105,0.0
DE,2050,52,57,105,0.0
DE,2050,52,58,105,0.0
DE,2050,52,59,105,0.0
DE,2050,52,60,105,0.0
DE,2050,52,61,105,0.0
DE,2050,52,62,105,0.0
DE,2050,52,63,105,0.0
DE,2050,52,64,105,0.0
DE,2050,52,65,105,0.0
DE,2050,52,66,105,0.0
DE,2050,52,67,105,0.0
DE,2050,52,68,105,0.0
DE,2050,52,69,105,0.0
DE,2050,52,70,105,0.0
DE,2050,52,71,105,0.0
DE,2050,52,72,105,0.0
DE,2050,52,73,105,0.0
DE,2050,52,74,105,0.0
DE,2050,52,75,105,0.0
DE,2050,52,76,105,0.0
DE,2050,52,77,105,0.0
DE,2050,52,78,105,0.0
DE,2050,52,79,105,0.0
DE,2050,52,80,105,0.0
DE,2050,52,81,105,0.0
DE,2050,52,82,105,0.0
DE,2050,52,83,105,0.0
DE,2050,52,84,105,0.0
DE,2050,52,85,105,0.0
DE,2050,52,86,105,0.0
DE,2050,52,87,105,0.0
DE,2050,52,88,105,0.0
DE,2050,52,89,105,0.0
DE,2050,52,90,105,0.0
DE,2050,52,91,105,0.0
DE,2050,52,92,105,0.0
DE,2050,52,93,105,0.0
DE,2050,52,94,105,0.0
DE,2050,52,95,105,0.0
DE,2050,52,96,105,0.0
DE,2050,52,97,105,0.0
DE,2050,52,98,105,0.0
DE,2050,52,99,105,0.0
DE,2050,52,100,105,0.0
DE,2050,52,101,105,0.0
DE,2050,52,102,105,0.0
DE,2050,52,103,105,0.0
DE,2050,52,104,105,0.0
DE,2050,52,105,105,0.0
DE,2050,52,106,105,0.0
DE,2050,52,107,105,0.0
DE,2050,52,108,105,0.0
DE,2050,52,109,105,0.0
DE,2050,52,110,105,0.0
DE,2050,52,111,105,0.0
DE,2050,52,112,105,4.78802187457994e-05
DE,2050,52,113,105,4.795206613392311e-05
DE,2050,52,114,105,4.795206613392311e-05
DE,2050,52,115,105,4.795206613392311e-05
DE,2050,52,116,105,4.788021874580046e-05
DE,2050,52,117,105,0.0
DE,2050,52,118,105,0.0
DE,2050,52,119,105,0.0
DE,2050,52,120,105,0.0
DE,2050,52,121,105,0.0
DE,2050,52,122,105,0.0
DE,2050,52,123,105,0.0
DE,2050,52,124,105,0.0
DE,2050,52,125,105,0.0
DE,2050,52,126,105,0.0
DE,2050,52,127,105,0.0
DE,2050,52,128,105,0.0
DE,2050,52,129,105,0.0
DE,2050,52,130,105,0.0
DE,2050,52,131,105,0.0
DE,2050,52,132,105,0.0
DE,2050,52,133,105,0.0
DE,2050,52,134,105,0.0
DE,2050,52,135,105,0.0
DE,2050,52,136,105,0.0
DE,2050,52,137,105,0.0
DE,2050,52,138,105,0.0
DE,2050,52,139,105,0.0
DE,2050,52,140,105,0.0
DE,2050,52,141,105,0.0
DE,2050,52,142,105,0.0
DE,2050,52,143,105,0.0
DE,2050,52,144,105,0.0
DE,2050,52,145,105,0.0
DE,2050,52,146,105,0.0
DE,2050,52,147,105,0.0
DE,2050,52,148,105,0.0
DE,2050,52,149,105,0.0
DE,2050,52,150,105,0.0
DE,2050,52,151,105,0.0
DE,2050,52,152,105,0.0
DE,2050,52,153,105,0.0
DE,2050,52,154,105,0.0
DE,2050,52,155,105,0.0
DE,2050,52,156,105,0.0
DE,2050,52,157,105,0.0
DE,2050,52,158,105,0.0
DE,2050,52,159,105,0.0
DE,2050,52,160,105,0.0
DE,2050,52,161,105,0.0
DE,2050,52,162,105,0.0
DE,2050,52,163,105,0.0
DE,2050,52,164,105,0.0
DE,2050,52,165,105,0.0
DE,2050,52,166,105,0.0
DE,2050,52,167,105,0.0
NT,2025,11,0,106,0.0
NT,2025,11,1,106,0.00034843312966589314
NT,2025,11,2,106,0.00034843312966589314
NT,2025,11,3,106,0.00034843312966589314
NT,2025,11,4,106,0.00034843312966589314
NT,2025,11,5,106,0.00034843312966589314
NT,2025,11,6,106,0.0003507483289220007
NT,2025,11,7,106,0.0003507483289220007
NT,2025,11,8,106,0.00034843312966589314
NT,2025,11,9,106,0.00030766739493054494
NT,2025,11,10,106,0.00030766739493054494
NT,2025,11,11,106,0.00030766739493054494
NT,2025,11,12,106,0.00030766739493054494
NT,2025,11,13,106,0.00030766739493054494
NT,2025,11,14,106,0.00030829272067308024
NT,2025,11,15,106,0.000308918072484436
NT,2025,11,16,106,0.000309543450365696
NT,2025,11,17,106,0.00034843312966589314
NT,2025,11,18,106,0.00034843312966589314
NT,2025,11,19,106,0.0003507483289220007
NT,2025,11,20,106,0.0003507483289220007
NT,2025,11,21,106,0.0003507539321566663
NT,2025,11,22,106,0.0003507483289220007
NT,2025,11,23,106,0.00034957586813445107
NT,2025,11,24,106,0.0003507483289220007
NT,2025,11,25,106,0.0003507539321566663
NT,2025,11,26,106,0.00028801980619496624
NT,2025,11,27,106,0.00032945952968372396
NT,2025,11,28,106,0.0003302874830328037
NT,2025,11,29,106,0.00035173310164737364
NT,2025,11,30,106,0.0003545803612665052
NT,2025,11,31,106,0.0003560401195430881
NT,2025,11,32,106,0.00035173310164737364
NT,2025,11,33,106,0.0003517139213488619
NT,2025,11,34,106,0.0003517139213488619
NT,2025,11,35,106,0.0003517139213488619
NT,2025,11,36,106,0.0003517139213488619
NT,2025,11,37,106,0.0003517139213488619
NT,2025,11,38,106,0.0003517139213488619
NT,2025,11,39,106,0.0003517139213488619
NT,2025,11,40,106,0.0003517139213488641
NT,2025,11,41,106,0.0003545803612665052
NT,2025,11,42,106,0.0003773082007912095
NT,2025,11,43,106,0.000377323930159929
NT,2025,11,44,106,0.0003773396601843852
NT,2025,11,45,106,0.0003773553908645972
NT,2025,11,46,106,0.0003545803612665052
NT,2025,11,47,106,0.0003517139213488619
NT,2025,11,48,106,0.0003507539321566663
NT,2025,11,49,106,0.00034843312966589314
NT,2025,11,50,106,0.00034843312966589314
NT,2025,11,51,106,0.00034843312966589314
NT,2025,11,52,106,0.00034843312966589314
NT,2025,11,53,106,0.00034843312966589314
NT,2025,11,54,106,0.0003507483289220007
NT,2025,11,55,106,0.0003507539321566663
NT,2025,11,56,106,0.0003507483289220007
NT,2025,11,57,106,0.00034843312966589314
NT,2025,11,58,106,0.00030766739493054494
NT,2025,11,59,106,0.00030766739493054494
NT,2025,11,60,106,0.00030766739493054494
NT,2025,11,61,106,0.00030760239609014026
NT,2025,11,62,106,0.00030766739493054494
NT,2025,11,63,106,0.000307680221086694
NT,2025,11,64,106,0.0003076930477775413
NT,2025,11,65,106,0.00034957586813445107
NT,2025,11,66,106,0.0003517139213488641
NT,2025,11,67,106,0.00035173310164737364
NT,2025,11,68,106,0.00035173310164737364
NT,2025,11,69,106,0.00035173310164737364
NT,2025,11,70,106,0.00035173310164737364
NT,2025,11,71,106,0.0003507539321566663
NT,2025,11,72,106,0.0003505573490197486
NT,2025,11,73,106,0.0003505573490197486
NT,2025,11,74,106,0.0003505573490197486
NT,2025,11,75,106,0.0003505573490197486
NT,2025,11,76,106,0.0003507539321566663
NT,2025,11,77,106,0.00035173310164737364
NT,2025,11,78,106,0.0003545803612665052
NT,2025,11,79,106,0.00035580360582947504
NT,2025,11,80,106,0.0001950645240021163
NT,2025,11,81,106,0.00019285135301271036
NT,2025,11,82,106,0.00019132268238219275
NT,2025,11,83,106,0.0001913306583154223
NT,2025,11,84,106,0.00019133863458115546
NT,2025,11,85,106,0.00019134661117940494
NT,2025,11,86,106,0.00019135458811018357
NT,2025,11,87,106,0.0001916682941936724
NT,2025,11,88,106,0.00019348761563607372
NT,2025,11,89,106,0.0001943614675268265
NT,2025,11,90,106,0.9416227301899373
NT,2025,11,91,106,0.9416619849188053
NT,2025,11,92,106,1.3038512449895803
NT,2025,11,93,106,1.2898055064092409
NT,2025,11,94,106,0.952005797324385
NT,2025,11,95,106,0.7141132731530576
NT,2025,11,96,106,0.6862881929207466
NT,2025,11,97,106,0.6615333262840342
NT,2025,11,98,106,0.6940625688396883
NT,2025,11,99,106,0.6615884839428535
NT,2025,11,100,106,0.6946734866137326
NT,2025,11,101,106,1.3043405256219494
NT,2025,11,102,106,1.3043949014691287
NT,2025,11,103,106,0.9421331693290421
NT,2025,11,104,106,0.9421724453373066
NT,2025,11,105,106,0.6876804938529784
NT,2025,11,106,106,0.6591088055923436
NT,2025,11,107,106,0.6591362827725477
NT,2025,11,108,106,0.6591637610982441
NT,2025,11,109,106,0.6591912405694765
NT,2025,11,110,106,0.6592187211862711
NT,2025,11,111,106,0.659246202948689
NT,2025,11,112,106,1.3390539368130554
NT,2025,11,113,106,1.339109759806224
NT,2025,11,114,106,1.339165585126553
NT,2025,11,115,106,1.3392214127741382
NT,2025,11,116,106,1.3392772427490929
NT,2025,11,117,106,1.3393330750515218
NT,2025,11,118,106,1.3393889096814944
NT,2025,11,119,106,1.3394447466391333
NT,2025,11,120,106,1.2840052255996826
NT,2025,11,121,106,1.327539874316082
NT,2025,11,122,106,1.327539874316082
NT,2025,11,123,106,1.2050028701156095
NT,2025,11,124,106,1.0385371115171487
NT,2025,11,125,106,1.1263427834507662
NT,2025,11,126,106,0.00035827370334271707
NT,2025,11,127,106,0.0003582886391940198
NT,2025,11,128,106,0.00021756718564055127
NT,2025,11,129,106,0.00019695423314558048
NT,2025,11,130,106,0.00019504826116997204
NT,2025,11,131,106,0.00019505639241655494
NT,2025,11,132,106,0.0001950645240021163
NT,2025,11,133,106,0.00019507265592667104
NT,2025,11,134,106,0.00019508078819023192
NT,2025,11,135,106,0.000195088920792816
NT,2025,11,136,106,0.00021252764611895598
NT,2025,11,137,106,1.2749395015432339
NT,2025,11,138,106,1.274992651709258
NT,2025,11,139,106,1.2750458040910553
NT,2025,11,140,106,1.2750989586886607
NT,2025,11,141,106,1.2751521155021965
NT,2025,11,142,106,1.2752052745317672
NT,2025,11,143,106,1.2752584357774512
NT,2025,11,144,106,1.275311599239336
NT,2025,11,145,106,0.8479857641841939
NT,2025,11,146,106,1.275098960904591
NT,2025,11,147,106,1.2331766534749375
NT,2025,11,148,106,1.275098960904591
NT,2025,11,149,106,1.275098960904591
NT,2025,11,150,106,1.2745141162751255
NT,2025,11,151,106,1.275683805534074
NT,2025,11,152,106,1.27573698672893
NT,2025,11,153,106,1.2757901701408327
NT,2025,11,154,106,1.2758433557698605
NT,2025,11,155,106,0.0001950645240021163
NT,2025,11,156,106,0.00019348761563607372
NT,2025,11,157,106,0.0003507539321566663
NT,2025,11,158,106,0.0003507483289220007
NT,2025,11,159,106,0.0003507483289220007
NT,2025,11,160,106,0.0003517139213488619
NT,2025,11,161,106,0.00035224169100567064
NT,2025,11,162,106,0.0003545803612665052
NT,2025,11,163,106,0.0003545803612665052
NT,2025,11,164,106,0.0003545803612665052
NT,2025,11,165,106,0.00035224169100567064
NT,2025,11,166,106,0.0003517139213488641
NT,2025,11,167,106,0.0003517139213488641
NT,2025,21,0,106,0.0
NT,2025,21,1,106,1.3881251376793766
NT,2025,21,2,106,0.7249222404302201
NT,2025,21,3,106,0.7249524612660997
NT,2025,21,4,106,0.7249826833618411
NT,2025,21,5,106,0.7347573742168905
NT,2025,21,6,106,0.7863109043806417
NT,2025,21,7,106,0.7324377342665136
NT,2025,21,8,106,0.6833467489157967
NT,2025,21,9,106,0.6833752365366644
NT,2025,21,10,106,0.7165238842667536
NT,2025,21,11,106,0.70899062119261
NT,2025,21,12,106,0.7015286081067966
NT,2025,21,13,106,0.7032850480548591
NT,2025,21,14,106,0.6940625688396883
NT,2025,21,15,106,0.6940625688396883
NT,2025,21,16,106,1.275098960904591
NT,2025,21,17,106,1.2749438911101008
NT,2025,21,18,106,1.27525403069909
NT,2025,21,19,106,1.3430721599066862
NT,2025,21,20,106,1.2930989216326265
NT,2025,21,21,106,1.2707703676521878
NT,2025,21,22,106,1.2983973857098807
NT,2025,21,23,106,1.259187640369583
NT,2025,21,24,106,1.2705605240412818
NT,2025,21,25,106,1.2722502934976097
NT,2025,21,26,106,1.2688707545849716
NT,2025,21,27,106,1.2431441966894852
NT,2025,21,28,106,1.2579689127485436
NT,2025,21,29,106,1.3483050837044472
NT,2025,21,30,106,1.3483612923629475
NT,2025,21,31,106,1.348417503364716
NT,2025,21,32,106,1.3141167358652488
NT,2025,21,33,106,0.6753425106069624
NT,2025,21,34,106,0.7323670890283297
NT,2025,21,35,106,0.7213394275807705
NT,2025,21,36,106,0.6842190191651342
NT,2025,21,37,106,0.6754551333978207
NT,2025,21,38,106,0.6754832920300081
NT,2025,21,39,106,0.6755114518360928
NT,2025,21,40,106,0.6755396128161096
NT,2025,21,41,106,0.6755677749701022
NT,2025,21,42,106,1.253887094384739
NT,2025,21,43,106,1.3319010957480177
NT,2025,21,44,106,1.3075159538034786
NT,2025,21,45,106,0.7615513712179688
NT,2025,21,46,106,1.2819922547600295
NT,2025,21,47,106,0.6940625688396883
NT,2025,21,48,106,0.6940625688396883
NT,2025,21,49,106,0.6940625688396883
NT,2025,21,50,106,0.7040603979306069
NT,2025,21,51,106,0.6960681369232078
NT,2025,21,52,106,0.6961289723749658
NT,2025,21,53,106,0.7330213716424461
NT,2025,21,54,106,0.7330519301180087
NT,2025,21,55,106,0.7330824898675093
NT,2025,21,56,106,6.339698428534748e-05
NT,2025,21,57,106,6.235188528598066e-05
NT,2025,21,58,106,6.235188528598066e-05
NT,2025,21,59,106,0.00019348761563607372
NT,2025,21,60,106,0.0001934150350935892
NT,2025,21,61,106,0.00019342309825362048
NT,2025,21,62,106,0.00019348761563607372
NT,2025,21,63,106,0.00019348761563607372
NT,2025,21,64,106,0.00019348761563607372
NT,2025,21,65,106,0.00019598680710334492
NT,2025,21,66,106,0.00019536204830538888
NT,2025,21,67,106,0.00019349816725203642
NT,2025,21,68,106,0.00019348761563607584
NT,2025,21,69,106,0.00019348761563607372
NT,2025,21,70,106,0.00019349568182186973
NT,2025,21,71,106,0.00019350374834392947
NT,2025,21,72,106,0.00019351181520227214
NT,2025,21,73,106,0.00019351988239690832
NT,2025,21,74,106,0.00019352794992784874
NT,2025,21,75,106,0.00019353601779511676
NT,2025,21,76,106,0.00019674144915197007
NT,2025,21,77,106,0.00020990774631613282
NT,2025,21,78,106,0.00020991649703061828
NT,2025,21,79,106,0.00020992524810991358
NT,2025,21,80,106,6.235188528598066e-05
NT,2025,21,81,106,6.234848518582672e-05
NT,2025,21,82,106,6.234848518582672e-05
NT,2025,21,83,106,0.00019348761563607372
NT,2025,21,84,106,0.00019348761563607372
NT,2025,21,85,106,0.00019348761563607584
NT,2025,21,86,106,0.00019348761563607584
NT,2025,21,87,106,0.00019349010096263167
NT,2025,21,88,106,0.00019349816725203642
NT,2025,21,89,106,0.0001935062338777092
NT,2025,21,90,106,0.0001935143008396691
NT,2025,21,91,106,0.0001950645240021163
NT,2025,21,92,106,0.0001950645240021163
NT,2025,21,93,106,0.0001935385037433932
NT,2025,21,94,106,0.00020990169209531318
NT,2025,21,95,106,0.00019586757765224623
NT,2025,21,96,106,0.00019356270967418296
NT,2025,21,97,106,0.00019586757765224623
NT,2025,21,98,106,0.00020993669613252018
NT,2025,21,99,106,0.0002099454480538801
NT,2025,21,100,106,0.0002099542003400946
NT,2025,21,101,106,0.00020996295299117643
NT,2025,21,102,106,0.00020997170600714054
NT,2025,21,103,106,0.00020998045938800603
NT,2025,21,104,106,0.00019349816725203642
NT,2025,21,105,106,0.00019348761563607584
NT,2025,21,106,106,0.00019348761563607584
NT,2025,21,107,106,0.00019348761563607584
NT,2025,21,108,106,0.00019348761563607158
NT,2025,21,109,106,0.0001934956818218676
NT,2025,21,110,106,0.00019350374834392733
NT,2025,21,111,106,0.00019351181520226788
NT,2025,21,112,106,0.0001935198823969062
NT,2025,21,113,106,0.00019352794992784874
NT,2025,21,114,106,0.00019586757765224623
NT,2025,21,115,106,0.0598493203139762
NT,2025,21,116,106,0.05985181533535438
NT,2025,21,117,106,0.0598543104607452
NT,2025,21,118,106,0.059856805690154107
NT,2025,21,119,106,0.05985930102358491
NT,2025,21,120,106,0.05986179646104142
NT,2025,21,121,106,0.059864292002530746
NT,2025,21,122,106,0.05986678764805341
NT,2025,21,123,106,0.059869283397615956
NT,2025,21,124,106,0.05987177925122276
NT,2025,21,125,106,0.05987427520887707
NT,2025,21,126,106,0.059876771270583266
NT,2025,21,127,106,0.059879267436347874
NT,2025,21,128,106,0.00019349816725203642
NT,2025,21,129,106,0.00019349816725203642
NT,2025,21,130,106,0.00019348761563607372
NT,2025,21,131,106,0.0001934659041119019
NT,2025,21,132,106,0.0001934739693925708
NT,2025,21,133,106,0.00019348203500947788
NT,2025,21,134,106,0.0001934901009626274
NT,2025,21,135,106,0.0001934981672520343
NT,2025,21,136,106,0.0001935062338777092
NT,2025,21,137,106,0.0001935143008396691
NT,2025,21,138,106,0.6938889868852552
NT,2025,21,139,106,1.274833207858026
NT,2025,21,140,106,1.2748863535928698
NT,2025,21,141,106,1.2749395015432339
NT,2025,21,142,106,1.274992651709258
NT,2025,21,143,106,1.2750458040910466
NT,2025,21,144,106,1.2750989586886607
NT,2025,21,145,106,1.2751521155022052
NT,2025,21,146,106,1.275205274531776
NT,2025,21,147,106,1.27525843577746
NT,2025,21,148,106,1.2753115992393447
NT,2025,21,149,106,1.275364764917526
NT,2025,21,150,106,1.275417932812091
NT,2025,21,151,106,1.2754711029231707
NT,2025,21,152,106,0.00019348761563607584
NT,2025,21,153,106,0.0001929594988668501
NT,2025,21,154,106,0.00019294341153391643
NT,2025,21,155,106,0.00019295145503272194
NT,2025,21,156,106,0.0001929594988668501
NT,2025,21,157,106,0.0001929675430363094
NT,2025,21,158,106,0.00028928223574062973
NT,2025,21,159,106,0.0003507978010780516
NT,2025,21,160,106,0.00035081242527108683
NT,2025,21,161,106,0.00032945952968372396
NT,2025,21,162,106,0.00035224169100567064
NT,2025,21,163,106,0.00038050444701038524
NT,2025,21,164,106,0.00038052030962544233
NT,2025,21,165,106,0.0003805361729017869
NT,2025,21,166,106,0.00038055203683944446
NT,2025,21,167,106,0.0003805679014384449
NT,2025,42,0,106,0.0
NT,2025,42,1,106,1.3798551066873037
NT,2025,42,2,106,0.7343029610767263
NT,2025,42,3,106,0.7343335729796894
NT,2025,42,4,106,0.7343641861587967
NT,2025,42,5,106,0.7395375831371382
NT,2025,42,6,106,0.796486013549472
NT,2025,42,7,106,0.7965192177633419
NT,2025,42,8,106,0.6882380030050962
NT,2025,42,9,106,0.6837314317701222
NT,2025,42,10,106,0.6837599354278135
NT,2025,42,11,106,0.7415700992685618
NT,2025,42,12,106,0.6838169463080229
NT,2025,42,13,106,0.6838454535306718
NT,2025,42,14,106,0.6838739619417388
NT,2025,42,15,106,0.7042511757376553
NT,2025,42,16,106,0.7417246864480024
NT,2025,42,17,106,0.7417556077506672
NT,2025,42,18,106,0.7417865303424275
NT,2025,42,19,106,0.7418174542232918
NT,2025,42,20,106,0.7418483793933126
NT,2025,42,21,106,0.7044548594984755
NT,2025,42,22,106,0.7332413589113869
NT,2025,42,23,106,0.6744591152489292
NT,2025,42,24,106,0.6744872323587402
NT,2025,42,25,106,0.6940625688396883
NT,2025,42,26,106,0.6940625688396883
NT,2025,42,27,106,0.6940625688396883
NT,2025,42,28,106,0.6745997125200032
NT,2025,42,29,106,0.7213394275807705
NT,2025,42,30,106,0.7210261757432469
NT,2025,42,31,106,0.73169640547207
NT,2025,42,32,106,0.706585266570873
NT,2025,42,33,106,0.4262458781162011
NT,2025,42,34,106,0.21554818001636766
NT,2025,42,35,106,0.2155571658713934
NT,2025,42,36,106,0.21556615210106367
NT,2025,42,37,106,0.2155751387053523
NT,2025,42,38,106,0.21558412568425062
NT,2025,42,39,106,0.2155931130378196
NT,2025,42,40,106,0.2156021007660506
NT,2025,42,41,106,0.7320014951005236
NT,2025,42,42,106,0.7320320110590766
NT,2025,42,43,106,0.7320625282898057
NT,2025,42,44,106,0.7303927441866245
NT,2025,42,45,106,0.6750779625081197
NT,2025,42,46,106,0.6773071889610921
NT,2025,42,47,106,0.6751342494984459
NT,2025,42,48,106,0.6751623947534999
NT,2025,42,49,106,0.6751905411818844
NT,2025,42,50,106,0.6752186887836602
NT,2025,42,51,106,0.6752468375588537
NT,2025,42,52,106,0.6752749875075258
NT,2025,42,53,106,0.7306668299192782
NT,2025,42,54,106,0.7213394275807705
NT,2025,42,55,106,0.732428834306384
NT,2025,42,56,106,0.6932991508704804
NT,2025,42,57,106,0.6754157548547495
NT,2025,42,58,106,0.6947643084349107
NT,2025,42,59,106,0.7052596146497033
NT,2025,42,60,106,0.6755002293479688
NT,2025,42,61,106,0.6755283898601291
NT,2025,42,62,106,0.6755565515462651
NT,2025,42,63,106,0.6785988642449996
NT,2025,42,64,106,0.7532300237939287
NT,2025,42,65,106,0.7532614247355225
NT,2025,42,66,106,0.7532928269861832
NT,2025,42,67,106,0.7533242305459456
NT,2025,42,68,106,0.7339468831854826
NT,2025,42,69,106,0.7178024217894918
NT,2025,42,70,106,0.7323670890283297
NT,2025,42,71,106,0.7011675587859129
NT,2025,42,72,106,0.7145751720087103
NT,2025,42,73,106,0.7145751720087103
NT,2025,42,74,106,0.7145751720087103
NT,2025,42,75,106,0.7056551052813431
NT,2025,42,76,106,0.7303544820041854
NT,2025,42,77,106,0.7536383381565329
NT,2025,42,78,106,0.7536697561200949
NT,2025,42,79,106,0.7537011753934041
NT,2025,42,80,106,0.7506693905387841
NT,2025,42,81,106,0.6950322331252147
NT,2025,42,82,106,0.6950612078950392
NT,2025,42,83,106,0.6950901838727476
NT,2025,42,84,106,0.6951191610584355
NT,2025,42,85,106,0.6951481394521554
NT,2025,42,86,106,0.6951771190539248
NT,2025,42,87,106,0.7049761108839772
NT,2025,42,88,106,0.7539840078017234
NT,2025,42,89,106,0.7540154401757044
NT,2025,42,90,106,0.7540468738600344
NT,2025,42,91,106,0.7540783088547831
NT,2025,42,92,106,0.7541097451600202
NT,2025,42,93,106,0.7504527385797812
NT,2025,42,94,106,0.7083816401268549
NT,2025,42,95,106,0.7083875877577106
NT,2025,42,96,106,0.7068415771762536
NT,2025,42,97,106,0.7052596146497033
NT,2025,42,98,106,0.7052596146497033
NT,2025,42,99,106,0.7052596146497033
NT,2025,42,100,106,0.7239686663743182
NT,2025,42,101,106,0.7543927308874092
NT,2025,42,102,106,0.754424180300391
NT,2025,42,103,106,0.7544556310244457
NT,2025,42,104,106,0.7215368323152526
NT,2025,42,105,106,0.00019348761563607584
NT,2025,42,106,106,0.00019348761563607372
NT,2025,42,107,106,0.00019348761563607372
NT,2025,42,108,106,0.0001934795497865308
NT,2025,42,109,106,0.00019348761563607372
NT,2025,42,110,106,0.00019349568182186973
NT,2025,42,111,106,0.00019350374834392947
NT,2025,42,112,106,0.00019351181520227214
NT,2025,42,113,106,0.00038556829567153416
NT,2025,42,114,106,0.0003855843693902555
NT,2025,42,115,106,0.00038560044377906427
NT,2025,42,116,106,0.000385616518837986
NT,2025,42,117,106,0.0003856325945670526
NT,2025,42,118,106,0.0003552737178454267
NT,2025,42,119,106,0.00035528852863218934
NT,2025,42,120,106,0.0003440777153228498
NT,2025,42,121,106,0.0001997348130030233
NT,2025,42,122,106,0.00019348761563607372
NT,2025,42,123,106,0.00019348761563607584
NT,2025,42,124,106,0.0001950645240021163
NT,2025,42,125,106,0.0001953191929612616
NT,2025,42,126,106,0.0002097940202179454
NT,2025,42,127,106,0.00020980276619137825
NT,2025,42,128,106,0.0001953191929612616
NT,2025,42,129,106,0.00019348761563607584
NT,2025,42,130,106,0.00019348761563607584
NT,2025,42,131,106,0.00019348761563607372
NT,2025,42,132,106,0.00019286275265096745
NT,2025,42,133,106,0.0001928707927872335
NT,2025,42,134,106,0.00019287883325868165
NT,2025,42,135,106,0.0001928868740653247
NT,2025,42,136,106,0.0001953191929612616
NT,2025,42,137,106,0.7028747129344456
NT,2025,42,138,106,0.7029040146445629
NT,2025,42,139,106,0.7029333175762212
NT,2025,42,140,106,0.7029626217294469
NT,2025,42,141,106,0.7029919271043532
NT,2025,42,142,106,0.6958656881620212
NT,2025,42,143,106,0.6940625688396883
NT,2025,42,144,106,0.6940625688396883
NT,2025,42,145,106,0.6940625688396883
NT,2025,42,146,106,0.6940625688396883
NT,2025,42,147,106,0.6940625688396883
NT,2025,42,148,106,0.703197098938894
NT,2025,42,149,106,0.7032264140887629
NT,2025,42,150,106,0.7032557304607308
NT,2025,42,151,106,0.7032850480548591
NT,2025,42,152,106,0.6969618978421226
NT,2025,42,153,106,6.234848518582672e-05
NT,2025,42,154,106,6.234848518582672e-05
NT,2025,42,155,106,6.234848518582672e-05
NT,2025,42,156,106,6.23510843933502e-05
NT,2025,42,157,106,6.23536837092263e-05
NT,2025,42,158,106,6.235628313346136e-05
NT,2025,42,159,106,6.235888266606607e-05
NT,2025,42,160,106,0.6744883130401008
NT,2025,42,161,106,0.6989124267816867
NT,2025,42,162,106,0.6989415633105225
NT,2025,42,163,106,0.6989707010539922
NT,2025,42,164,106,0.6989998400121655
NT,2025,42,165,106,0.6990289801851036
NT,2025,42,166,106,0.6990581215728239
NT,2025,42,167,106,0.684100604761155
NT,2025,52,0,106,0.0
NT,2025,52,1,106,1.3843432810066163
NT,2025,52,2,106,0.7125688233700551
NT,2025,52,3,106,0.7125985292119529
NT,2025,52,4,106,0.7126282362922497
NT,2025,52,5,106,0.7126579446109806
NT,2025,52,6,106,0.7479753107241216
NT,2025,52,7,106,0.7729435830695901
NT,2025,52,8,106,0.7729758058375957
NT,2025,52,9,106,6.293868353702688e-05
NT,2025,52,10,106,6.234848518582672e-05
NT,2025,52,11,106,0.00019348761563607372
NT,2025,52,12,106,0.00019348761563607584
NT,2025,52,13,106,0.00019348761563607584
NT,2025,52,14,106,0.00019348761563607372
NT,2025,52,15,106,0.00019348761563607372
NT,2025,52,16,106,0.0001953191929612616
NT,2025,52,17,106,0.0001953191929612616
NT,2025,52,18,106,0.0001953191929612616
NT,2025,52,19,106,0.0001953191929612616
NT,2025,52,20,106,0.00019348761563607372
NT,2025,52,21,106,0.00032945952968372396
NT,2025,52,22,106,0.00032945952968372396
NT,2025,52,23,106,0.00032945952968382403
NT,2025,52,24,106,0.00028777793212271036
NT,2025,52,25,106,0.00019168276083333485
NT,2025,52,26,106,0.00019168276083333485
NT,2025,52,27,106,0.00019168276083333485
NT,2025,52,28,106,0.00019168276083333485
NT,2025,52,29,106,0.00019168276083333485
NT,2025,52,30,106,0.00019168276083333485
NT,2025,52,31,106,0.00019168276083333485
NT,2025,52,32,106,0.00019168276083333485
NT,2025,52,33,106,0.00034843312966589314
NT,2025,52,34,106,0.00034843312966589314
NT,2025,52,35,106,0.00034843312966589314
NT,2025,52,36,106,0.00034843312966589314
NT,2025,52,37,106,0.00034843312966589314
NT,2025,52,38,106,0.00034843312966589314
NT,2025,52,39,106,0.00034843312966589314
NT,2025,52,40,106,0.00034843312966589314
NT,2025,52,41,106,0.00034843312966589314
NT,2025,52,42,106,0.00034843312966589314
NT,2025,52,43,106,0.00034843312966589314
NT,2025,52,44,106,0.00030766739493054494
NT,2025,52,45,106,0.00030766739493054494
NT,2025,52,46,106,0.00030766739493054494
NT,2025,52,47,106,0.00030766739493054494
NT,2025,52,48,106,0.00030766739493054494
NT,2025,52,49,106,0.00030766739493054494
NT,2025,52,50,106,0.00030766739493054494
NT,2025,52,51,106,0.00030766739493054494
NT,2025,52,52,106,0.00030766739493054494
NT,2025,52,53,106,0.00030766739493054494
NT,2025,52,54,106,0.00030766739493054494
NT,2025,52,55,106,0.00030766739493054494
NT,2025,52,56,106,0.00030766739493054494
NT,2025,52,57,106,0.00030766739493054494
NT,2025,52,58,106,0.00030766739493054494
NT,2025,52,59,106,0.00030766739493054494
NT,2025,52,60,106,0.00030766739493054494
NT,2025,52,61,106,0.00030766739493054494
NT,2025,52,62,106,0.00030766739493054494
NT,2025,52,63,106,0.00030766739493054494
NT,2025,52,64,106,0.00030766739493054494
NT,2025,52,65,106,0.00030766739493054494
NT,2025,52,66,106,0.00034843312966589314
NT,2025,52,67,106,0.00034843312966589314
NT,2025,52,68,106,0.00034843312966589314
NT,2025,52,69,106,0.00034843312966589314
NT,2025,52,70,106,0.00034843312966589314
NT,2025,52,71,106,0.00030766739493054494
NT,2025,52,72,106,0.00030766739493054494
NT,2025,52,73,106,0.00030760239609014026
NT,2025,52,74,106,0.00030766739493054494
NT,2025,52,75,106,0.00030766739493054494
NT,2025,52,76,106,0.00030766739493054494
NT,2025,52,77,106,0.00030766739493054494
NT,2025,52,78,106,0.00034729797626348964
NT,2025,52,79,106,0.0003505573490197486
NT,2025,52,80,106,0.00028801980619496624
NT,2025,52,81,106,0.00019116240516284174
NT,2025,52,82,106,0.00019116240516284174
NT,2025,52,83,106,0.000191163233522075
NT,2025,52,84,106,0.000191163233522075
NT,2025,52,85,106,0.000191163233522075
NT,2025,52,86,106,0.00019116240516284174
NT,2025,52,87,106,0.00019173239129486257
NT,2025,52,88,106,0.00019348761563607372
NT,2025,52,89,106,0.00019348761563607372
NT,2025,52,90,106,0.00019348761563607372
NT,2025,52,91,106,0.00032945952968372396
NT,2025,52,92,106,0.00032945952968372396
NT,2025,52,93,106,0.00032945952968372396
NT,2025,52,94,106,0.0003517139213488641
NT,2025,52,95,106,0.0003507539321566663
NT,2025,52,96,106,0.00034843312966589314
NT,2025,52,97,106,0.00030766739493054494
NT,2025,52,98,106,0.00030766739493054494
NT,2025,52,99,106,0.00030766739493054494
NT,2025,52,100,106,0.00030766739493054494
NT,2025,52,101,106,0.00034843312966589314
NT,2025,52,102,106,0.00034843312966589314
NT,2025,52,103,106,0.0003507483289220007
NT,2025,52,104,106,0.0003507483289220007
NT,2025,52,105,106,0.0003507483289220007
NT,2025,52,106,106,0.00034843312966589314
NT,2025,52,107,106,0.00030766739493054494
NT,2025,52,108,106,0.00034843312966589314
NT,2025,52,109,106,0.00034843312966589314
NT,2025,52,110,106,0.00034843312966589314
NT,2025,52,111,106,0.00034843312966589314
NT,2025,52,112,106,0.0003507483289220007
NT,2025,52,113,106,0.0003507539321566663
NT,2025,52,114,106,0.0003507539321566663
NT,2025,52,115,106,0.0003507483289220007
NT,2025,52,116,106,0.0003507483289220007
NT,2025,52,117,106,0.00034843312966589314
NT,2025,52,118,106,0.00034843312966589314
NT,2025,52,119,106,0.00034843312966589314
NT,2025,52,120,106,0.00034843312966589314
NT,2025,52,121,106,0.00034843312966589314
NT,2025,52,122,106,0.00034843312966589314
NT,2025,52,123,106,0.00034843312966589314
NT,2025,52,124,106,0.00034843312966589314
NT,2025,52,125,106,0.00034843312966589314
NT,2025,52,126,106,0.00034843312966589314
NT,2025,52,127,106,0.00034843312966589314
NT,2025,52,128,106,0.00034843312966589314
NT,2025,52,129,106,0.00030766739493054494
NT,2025,52,130,106,0.0003051904295844325
NT,2025,52,131,106,0.0003057915741049817
NT,2025,52,132,106,0.0003064168216475794
NT,2025,52,133,106,0.00030704209525574
NT,2025,52,134,106,0.0003070548953441565
NT,2025,52,135,106,0.00030706769596618345
NT,2025,52,136,106,0.0003507483289220007
NT,2025,52,137,106,0.0003517139213488619
NT,2025,52,138,106,0.0003517139213488641
NT,2025,52,139,106,0.0003545803612665052
NT,2025,52,140,106,0.0003550432881467186
NT,2025,52,141,106,0.0003550432881467186
NT,2025,52,142,106,0.0001953191929612616
NT,2025,52,143,106,0.0001950645240021163
NT,2025,52,144,106,0.0001950645240021163
NT,2025,52,145,106,0.0003302874830328037
NT,2025,52,146,106,0.00019349816725203642
NT,2025,52,147,106,0.0001950645240021163
NT,2025,52,148,106,0.0001950645240021163
NT,2025,52,149,106,0.00019586757765224623
NT,2025,52,150,106,0.00020745528269073784
NT,2025,52,151,106,0.000207463931165984
NT,2025,52,152,106,0.00020747258000176886
NT,2025,52,153,106,0.0001929594988668501
NT,2025,52,154,106,0.00019132268238219275
NT,2025,52,155,106,0.0001913306583154223
NT,2025,52,156,106,0.00019133863458115546
NT,2025,52,157,106,0.00019134661117940494
NT,2025,52,158,106,0.00019135458811018357
NT,2025,52,159,106,0.00019348761563607372
NT,2025,52,160,106,0.6939902374976118
NT,2025,52,161,106,1.2716002615526893
NT,2025,52,162,106,1.2716532725111964
NT,2025,52,163,106,1.2717062856796597
NT,2025,52,164,106,1.2717593010581667
NT,2025,52,165,106,1.2718123186467691
NT,2025,52,166,106,1.2718653384456158
NT,2025,52,167,106,0.6938889567320735
NT,2030,11,0,106,0.0
NT,2030,11,1,106,0.00034843312966589314
NT,2030,11,2,106,0.00034843312966589314
NT,2030,11,3,106,0.00034843312966589314
NT,2030,11,4,106,0.00034843312966589314
NT,2030,11,5,106,0.00034843312966589314
NT,2030,11,6,106,0.0003507539321566663
NT,2030,11,7,106,0.0003507539321566663
NT,2030,11,8,106,0.0003507483289220007
NT,2030,11,9,106,0.00030766739493054494
NT,2030,11,10,106,0.00030766739493054494
NT,2030,11,11,106,0.00030766739493054494
NT,2030,11,12,106,0.00030829272067308235
NT,2030,11,13,106,0.0003089180724844381
NT,2030,11,14,106,0.0003095434503656981
NT,2030,11,15,106,0.00031016885431795247
NT,2030,11,16,106,0.00031079428434228494
NT,2030,11,17,106,0.00034844765527959615
NT,2030,11,18,106,0.0003507483289220007
NT,2030,11,19,106,0.0003507539321566663
NT,2030,11,20,106,0.0003507539321566663
NT,2030,11,21,106,0.0003507539321566663
NT,2030,11,22,106,0.0003507483289220007
NT,2030,11,23,106,0.0003507483289220007
NT,2030,11,24,106,0.0003507539321566663
NT,2030,11,25,106,0.0001929594988668501
NT,2030,11,26,106,0.00019349816725203642
NT,2030,11,27,106,0.00019349816725203642
NT,2030,11,28,106,0.00019349816725203642
NT,2030,11,29,106,0.00019349816725203642
NT,2030,11,30,106,0.00019586757765224623
NT,2030,11,31,106,0.00037811287658320614
NT,2030,11,32,106,0.0003545803612665052
NT,2030,11,33,106,0.00035173310164737364
NT,2030,11,34,106,0.00035224169100567064
NT,2030,11,35,106,0.0003517139213488619
NT,2030,11,36,106,0.0003517139213488641
NT,2030,11,37,106,0.00032945952968382403
NT,2030,11,38,106,0.00032945952968382403
NT,2030,11,39,106,0.0003517139213488641
NT,2030,11,40,106,0.00035224169100567064
NT,2030,11,41,106,0.0003550432881467186
NT,2030,11,42,106,0.00037828630478779193
NT,2030,11,43,106,0.0003783020749320895
NT,2030,11,44,106,0.00037831784573381434
NT,2030,11,45,106,0.00037833361719300255
NT,2030,11,46,106,0.0003783493893096755
NT,2030,11,47,106,0.00035224169100567064
NT,2030,11,48,106,0.0003517139213488619
NT,2030,11,49,106,0.0003507483289220007
NT,2030,11,50,106,0.00034843312966589314
NT,2030,11,51,106,0.00034843312966589314
NT,2030,11,52,106,0.00034843312966589314
NT,2030,11,53,106,0.0003507483289220007
NT,2030,11,54,106,0.0003507483289220007
NT,2030,11,55,106,0.0003507539321566663
NT,2030,11,56,106,0.0003507539321566663
NT,2030,11,57,106,0.00034843312966589314
NT,2030,11,58,106,0.00030766739493054494
NT,2030,11,59,106,0.00030766739493054494
NT,2030,11,60,106,0.00030766739493054494
NT,2030,11,61,106,0.00030829272067308024
NT,2030,11,62,106,0.0003083055728980476
NT,2030,11,63,106,0.0003083184256587992
NT,2030,11,64,106,0.0003484767083236738
NT,2030,11,65,106,0.0003507539321566663
NT,2030,11,66,106,0.00035173310164737364
NT,2030,11,67,106,0.00035224169100567064
NT,2030,11,68,106,0.00035224169100567064
NT,2030,11,69,106,0.00035173310164737364
NT,2030,11,70,106,0.00035173310164737364
NT,2030,11,71,106,0.00035173310164737364
NT,2030,11,72,106,0.0003517139213488619
NT,2030,11,73,106,0.0003507539321566663
NT,2030,11,74,106,0.0003507539321566663
NT,2030,11,75,106,0.0003517139213488619
NT,2030,11,76,106,0.0003517139213488641
NT,2030,11,77,106,0.00035173310164737364
NT,2030,11,78,106,0.00035580360582947504
NT,2030,11,79,106,0.00019674144915197007
NT,2030,11,80,106,0.0001957374648766791
NT,2030,11,81,106,0.00019348761563607584
NT,2030,11,82,106,0.0001916682941936724
NT,2030,11,83,106,0.00019134661117940494
NT,2030,11,84,106,0.00019135458811018357
NT,2030,11,85,106,0.00019136256537351262
NT,2030,11,86,106,0.0001913705429693985
NT,2030,11,87,106,0.00019173239129486257
NT,2030,11,88,106,0.00019349816725203642
NT,2030,11,89,106,0.0001957374648766791
NT,2030,11,90,106,0.7292632866482738
NT,2030,11,91,106,0.729293688455353
NT,2030,11,92,106,0.729324091529838
NT,2030,11,93,106,0.7194857409447276
NT,2030,11,94,106,0.7293849014812348
NT,2030,11,95,106,0.7095865804082117
NT,2030,11,96,106,0.6785385572711563
NT,2030,11,97,106,0.6940625688396883
NT,2030,11,98,106,0.6810769835631643
NT,2030,11,99,106,0.6726928885863543
NT,2030,11,100,106,1.2200314276740953
NT,2030,11,101,106,1.326233175420054
NT,2030,11,102,106,1.3262884639364079
NT,2030,11,103,106,1.3263437547576482
NT,2030,11,104,106,0.7296890273002521
NT,2030,11,105,106,0.6728611669956616
NT,2030,11,106,106,0.6728892174895781
NT,2030,11,107,106,0.6729172691528917
NT,2030,11,108,106,0.6729453219856112
NT,2030,11,109,106,0.6729733759878411
NT,2030,11,110,106,0.673001431159573
NT,2030,11,111,106,0.6730294875008851
NT,2030,11,112,106,1.3479397848268677
NT,2030,11,113,106,1.3479959782566666
NT,2030,11,114,106,1.3480521740290534
NT,2030,11,115,106,1.3481083721441767
NT,2030,11,116,106,1.348164572602097
NT,2030,11,117,106,1.348220775402928
NT,2030,11,118,106,1.3482769805467572
NT,2030,11,119,106,1.3483331880336886
NT,2030,11,120,106,1.2456630823961348
NT,2030,11,121,106,1.327539874316082
NT,2030,11,122,106,0.9694167416858811
NT,2030,11,123,106,1.1755497607365326
NT,2030,11,124,106,1.175598767504999
NT,2030,11,125,106,1.2705605240412818
NT,2030,11,126,106,1.2750458063068808
NT,2030,11,127,106,1.275098960904591
NT,2030,11,128,106,0.0001953191929612616
NT,2030,11,129,106,0.0001953191929612616
NT,2030,11,130,106,0.00019529476737394053
NT,2030,11,131,106,0.0001953029088969695
NT,2030,11,132,106,0.00019531105075940274
NT,2030,11,133,106,0.0001953191929612616
NT,2030,11,134,106,0.00019532733550255244
NT,2030,11,135,106,0.0001953354783832923
NT,2030,11,136,106,0.00019534362160349608
NT,2030,11,137,106,1.2845985732313236
NT,2030,11,138,106,1.284652126068435
NT,2030,11,139,106,1.2847056811380553
NT,2030,11,140,106,1.2847592384403157
NT,2030,11,141,106,1.2848127979753121
NT,2030,11,142,106,1.2848663597431056
NT,2030,11,143,106,1.284919923743792
NT,2030,11,144,106,1.2849734899775023
NT,2030,11,145,106,1.127577705186834
NT,2030,11,146,106,1.2391346290638017
NT,2030,11,147,106,1.0791888712748428
NT,2030,11,148,106,1.275098960904591
NT,2030,11,149,106,1.2784029678811137
NT,2030,11,150,106,1.2717949539280684
NT,2030,11,151,106,1.2780118494691683
NT,2030,11,152,106,1.2854021002460958
NT,2030,11,153,106,1.2854556865809446
NT,2030,11,154,106,1.2855092751497417
NT,2030,11,155,106,0.6755648866388159
NT,2030,11,156,106,0.0001950645240021163
NT,2030,11,157,106,0.00019348761563607372
NT,2030,11,158,106,0.00035169925957548667
NT,2030,11,159,106,0.0003517139213488619
NT,2030,11,160,106,0.0003517285837334631
NT,2030,11,161,106,0.00035224169100567064
NT,2030,11,162,106,0.0003545803612665052
NT,2030,11,163,106,0.00038149814718742774
NT,2030,11,164,106,0.0003815140512282381
NT,2030,11,165,106,0.0003545803612665052
NT,2030,11,166,106,0.00035224169100567064
NT,2030,11,167,106,0.0003517139213488619
NT,2030,21,0,106,0.0
NT,2030,21,1,106,1.3881251376793766
NT,2030,21,2,106,0.7282198820569498
NT,2030,21,3,106,0.7282502403661915
NT,2030,21,4,106,0.7282805999409989
NT,2030,21,5,106,0.7405704267778076
NT,2030,21,6,106,0.7898878005292653
NT,2030,21,7,106,0.7520537965395069
NT,2030,21,8,106,0.6855653554684267
NT,2030,21,9,106,0.6855939355794275
NT,2030,21,10,106,0.7162723743207794
NT,2030,21,11,106,0.7108148430907495
NT,2030,21,12,106,0.7009331549501078
NT,2030,21,13,106,0.7052596146497033
NT,2030,21,14,106,0.6977551911996358
NT,2030,21,15,106,0.6940625688396883
NT,2030,21,16,106,1.275098960904591
NT,2030,21,17,106,1.2705605240412818
NT,2030,21,18,106,1.2883962397080673
NT,2030,21,19,106,1.3483331880336886
NT,2030,21,20,106,1.3141364527250665
NT,2030,21,21,106,1.2705605240412818
NT,2030,21,22,106,1.2952564858407478
NT,2030,21,23,106,1.2549414359684254
NT,2030,21,24,106,1.2335880989596562
NT,2030,21,25,106,0.724696907107865
NT,2030,21,26,106,1.2660220871779815
NT,2030,21,27,106,1.011209339540411
NT,2030,21,28,106,1.2729671095429145
NT,2030,21,29,106,1.3526825955582826
NT,2030,21,30,106,0.7441793606358547
NT,2030,21,31,106,0.7442103842699309
NT,2030,21,32,106,0.7212843276706012
NT,2030,21,33,106,0.6833752365366557
NT,2030,21,34,106,0.7323670890283297
NT,2030,21,35,106,0.7281355117126622
NT,2030,21,36,106,0.6834607065251102
NT,2030,21,37,106,0.6834891988967022
NT,2030,21,38,106,0.6835176924560933
NT,2030,21,39,106,0.6835461872033355
NT,2030,21,40,106,0.6835746831384724
NT,2030,21,41,106,0.6844946544938839
NT,2030,21,42,106,0.6909252459483904
NT,2030,21,43,106,0.7414309986224409
NT,2030,21,44,106,0.7155681102929968
NT,2030,21,45,106,0.6910116602192492
NT,2030,21,46,106,0.701467421873101
NT,2030,21,47,106,0.701467421873101
NT,2030,21,48,106,0.6951511604920559
NT,2030,21,49,106,0.698179830084258
NT,2030,21,50,106,0.7068260068720469
NT,2030,21,51,106,0.7040603979306069
NT,2030,21,52,106,0.7040603979306069
NT,2030,21,53,106,0.7417401472067405
NT,2030,21,54,106,0.7417710691539617
NT,2030,21,55,106,0.741801992390261
NT,2030,21,56,106,0.1642116600592463
NT,2030,21,57,106,6.285662028055328e-05
NT,2030,21,58,106,6.235188528598066e-05
NT,2030,21,59,106,6.234848518582672e-05
NT,2030,21,60,106,6.234848518582672e-05
NT,2030,21,61,106,0.00019348761563607584
NT,2030,21,62,106,0.00019349010096263167
NT,2030,21,63,106,0.00019349816725203642
NT,2030,21,64,106,0.00019350623387771345
NT,2030,21,65,106,0.0001935143008396691
NT,2030,21,66,106,0.0001935223681379247
NT,2030,21,67,106,0.00019586757765224623
NT,2030,21,68,106,0.0001950645240021163
NT,2030,21,69,106,0.00019354657205063167
NT,2030,21,70,106,0.00019355464069422329
NT,2030,21,71,106,0.00019356270967418296
NT,2030,21,72,106,0.00019357077899052777
NT,2030,21,73,106,0.0001935788486432683
NT,2030,21,74,106,0.0001950645240021163
NT,2030,21,75,106,0.00019586757765224623
NT,2030,21,76,106,0.00020996295299117643
NT,2030,21,77,106,0.00020997170600714265
NT,2030,21,78,106,0.00020998045938800603
NT,2030,21,79,106,0.0002099892131337857
NT,2030,21,80,106,6.339698428534748e-05
NT,2030,21,81,106,6.235188528598066e-05
NT,2030,21,82,106,6.234848518582672e-05
NT,2030,21,83,106,6.234848518582672e-05
NT,2030,21,84,106,6.234848518582672e-05
NT,2030,21,85,106,6.234848518582672e-05
NT,2030,21,86,106,0.0001789239178491187
NT,2030,21,87,106,0.00017893137689790342
NT,2030,21,88,106,0.00017893883625764428
NT,2030,21,89,106,0.0001789462959283583
NT,2030,21,90,106,0.0001937160842221473
NT,2030,21,91,106,0.00019586757765224623
NT,2030,21,92,106,0.00019586757765224623
NT,2030,21,93,106,0.00019586757765224623
NT,2030,21,94,106,0.693845599536728
NT,2030,21,95,106,0.6938745248377229
NT,2030,21,96,106,0.6939034513445433
NT,2030,21,97,106,0.6939323790572764
NT,2030,21,98,106,0.6939613079759747
NT,2030,21,99,106,0.693990238100638
NT,2030,21,100,106,0.694019169431371
NT,2030,21,101,106,0.6940481019681998
NT,2030,21,102,106,0.6940770357111768
NT,2030,21,103,106,0.6941059706603718
NT,2030,21,104,106,0.01472338102034275
NT,2030,21,105,106,6.235188528598066e-05
NT,2030,21,106,106,6.235188528598066e-05
NT,2030,21,107,106,6.234928604507351e-05
NT,2030,21,108,106,6.235188528598066e-05
NT,2030,21,109,106,6.235448463524465e-05
NT,2030,21,110,106,6.235708409287188e-05
NT,2030,21,111,106,6.235968365886235e-05
NT,2030,21,112,106,6.236228333323098e-05
NT,2030,21,113,106,0.00019523178822396142
NT,2030,21,114,106,0.6939468411046693
NT,2030,21,115,106,0.6939757706262367
NT,2030,21,116,106,0.6940047013538388
NT,2030,21,117,106,0.6940336332875282
NT,2030,21,118,106,0.6940625664273483
NT,2030,21,119,106,0.6940915007733254
NT,2030,21,120,106,0.6941204363255291
NT,2030,21,121,106,0.694149373084003
NT,2030,21,122,106,0.6941783110488259
NT,2030,21,123,106,0.6942072502200062
NT,2030,21,124,106,0.6942361905976225
NT,2030,21,125,106,0.6942651321817097
NT,2030,21,126,106,0.6942940749723289
NT,2030,21,127,106,0.6943230189695235
NT,2030,21,128,106,6.263007086502486e-05
NT,2030,21,129,106,6.235188528598066e-05
NT,2030,21,130,106,6.235188528598066e-05
NT,2030,21,131,106,6.234848518582672e-05
NT,2030,21,132,106,6.234848518582459e-05
NT,2030,21,133,106,6.235108439334595e-05
NT,2030,21,134,106,6.235368370922417e-05
NT,2030,21,135,106,6.235628313345923e-05
NT,2030,21,136,106,6.235888266606394e-05
NT,2030,21,137,106,0.00019522114207220763
NT,2030,21,138,106,0.6939613063679544
NT,2030,21,139,106,0.7013943178226414
NT,2030,21,140,106,0.7014235578174794
NT,2030,21,141,106,0.7014527990312945
NT,2030,21,142,106,0.7014820414641216
NT,2030,21,143,106,0.7015112851160129
NT,2030,21,144,106,0.7570609172263324
NT,2030,21,145,106,0.724696907107865
NT,2030,21,146,106,0.7603869579818832
NT,2030,21,147,106,0.7016282719153112
NT,2030,21,148,106,0.7016575216633262
NT,2030,21,149,106,0.7016867726307194
NT,2030,21,150,106,0.7017160248175172
NT,2030,21,151,106,0.7017452782238064
NT,2030,21,152,106,0.6929773866066021
NT,2030,21,153,106,0.00019348761563607584
NT,2030,21,154,106,0.00019348761563607372
NT,2030,21,155,106,0.0001934634190961489
NT,2030,21,156,106,0.0001934714842732282
NT,2030,21,157,106,0.00019347954978653293
NT,2030,21,158,106,0.00019348761563607584
NT,2030,21,159,106,0.0001934956818218676
NT,2030,21,160,106,0.00019350374834393373
NT,2030,21,161,106,0.000335331274338445
NT,2030,21,162,106,0.00038556829567154056
NT,2030,21,163,106,0.00021212069165115716
NT,2030,21,164,106,0.00021212953461975653
NT,2030,21,165,106,0.00021213837795700685
NT,2030,21,166,106,0.00021214722166292086
NT,2030,21,167,106,0.00021215606573751346
NT,2030,42,0,106,0.0
NT,2030,42,1,106,1.3938825678770639
NT,2030,42,2,106,0.7291587175470464
NT,2030,42,3,106,0.729189114994808
NT,2030,42,4,106,0.7292195137098009
NT,2030,42,5,106,0.7794550864698017
NT,2030,42,6,106,0.790906139520832
NT,2030,42,7,106,0.7909391111187463
NT,2030,42,8,106,0.6998650026572586
NT,2030,42,9,106,0.3790681784172118
NT,2030,42,10,106,0.6900769794194549
NT,2030,42,11,106,0.7484212332663956
NT,2030,42,12,106,0.6901345170053477
NT,2030,42,13,106,0.6901632875972995
NT,2030,42,14,106,0.6901920593886668
NT,2030,42,15,106,0.6979330782907186
NT,2030,42,16,106,0.7485772486283827
NT,2030,42,17,106,0.7486084556033086
NT,2030,42,18,106,0.7486396638791992
NT,2030,42,19,106,0.7486708734561158
NT,2030,42,20,106,0.7487020843341108
NT,2030,42,21,106,0.6940625688396883
NT,2030,42,22,106,0.7303166276675468
NT,2030,42,23,106,0.6835727765626958
NT,2030,42,24,106,0.6836012736062862
NT,2030,42,25,106,0.6891544362204949
NT,2030,42,26,106,0.6989707014588817
NT,2030,42,27,106,0.6940625688396883
NT,2030,42,28,106,0.6837152736611655
NT,2030,42,29,106,0.7191342618757915
NT,2030,42,30,106,0.7235445932857321
NT,2030,42,31,106,0.7415834884296388
NT,2030,42,32,106,0.7009679676696615
NT,2030,42,33,106,0.2184516782942609
NT,2030,42,34,106,0.21846078519145345
NT,2030,42,35,106,0.21846989246830523
NT,2030,42,36,106,0.21847900012481622
NT,2030,42,37,106,0.2184881081610213
NT,2030,42,38,106,0.21849721657692048
NT,2030,42,39,106,0.21850632537252251
NT,2030,42,40,106,0.21851543454787095
NT,2030,42,41,106,0.7354581163128112
NT,2030,42,42,106,0.7354887763723101
NT,2030,42,43,106,0.7355194377099943
NT,2030,42,44,106,0.7271731048455726
NT,2030,42,45,106,0.6841999860252866
NT,2030,42,46,106,0.6903971605658475
NT,2030,42,47,106,0.36930316856727935
NT,2030,42,48,106,0.21858832162283823
NT,2030,42,49,106,0.21859743421647143
NT,2030,42,50,106,0.21860654719000805
NT,2030,42,51,106,0.21861566054343062
NT,2030,42,52,106,0.6843996733345018
NT,2030,42,53,106,0.7328853280604375
NT,2030,42,54,106,0.7264405146311829
NT,2030,42,55,106,0.7358874734786994
NT,2030,42,56,106,0.6937936616291402
NT,2030,42,57,106,0.21867034864290585
NT,2030,42,58,106,0.7006987511143027
NT,2030,42,59,106,0.7011675587859129
NT,2030,42,60,106,0.21869769782264334
NT,2030,42,61,106,0.2187068149759896
NT,2030,42,62,106,0.21871593250943114
NT,2030,42,63,106,0.45635310148057723
NT,2030,42,64,106,0.7649268453988005
NT,2030,42,65,106,0.7649587339619693
NT,2030,42,66,106,0.7649906238545255
NT,2030,42,67,106,0.7650225150765212
NT,2030,42,68,106,0.7596238402516912
NT,2030,42,69,106,0.7086198016681383
NT,2030,42,70,106,0.7337562757250801
NT,2030,42,71,106,0.7111504464690033
NT,2030,42,72,106,0.7162899828257351
NT,2030,42,73,106,0.7162899828257351
NT,2030,42,74,106,0.7194857409447276
NT,2030,42,75,106,0.7056551052813431
NT,2030,42,76,106,0.7382848742011783
NT,2030,42,77,106,0.7653415004277321
NT,2030,42,78,106,0.7653734062772083
NT,2030,42,79,106,0.7654053134567781
NT,2030,42,80,106,0.7464037496239218
NT,2030,42,81,106,0.7058253079943575
NT,2030,42,82,106,0.7058547327099977
NT,2030,42,83,106,0.7058841586523332
NT,2030,42,84,106,0.705913585821364
NT,2030,42,85,106,0.7059430142171861
NT,2030,42,86,106,0.705972443839843
NT,2030,42,87,106,0.7060018746893435
NT,2030,42,88,106,0.76569253793674
NT,2030,42,89,106,0.7657244584204033
NT,2030,42,90,106,0.7657563802347533
NT,2030,42,91,106,0.7657883033798947
NT,2030,42,92,106,0.7658202278558447
NT,2030,42,93,106,0.76351749592194
NT,2030,42,94,106,0.7068260068720469
NT,2030,42,95,106,0.7068260068720469
NT,2030,42,96,106,0.7109866804333475
NT,2030,42,97,106,0.7062962506737389
NT,2030,42,98,106,0.7072968731458849
NT,2030,42,99,106,0.7063551405982003
NT,2030,42,100,106,0.7262248250532611
NT,2030,42,101,106,0.7661076080357678
NT,2030,42,102,106,0.7661395458230151
NT,2030,42,103,106,0.7661714849417078
NT,2030,42,104,106,0.7662034253918983
NT,2030,42,105,106,6.293868353702688e-05
NT,2030,42,106,106,6.284351996474122e-05
NT,2030,42,107,106,0.00019503199969368414
NT,2030,42,108,106,0.0001950401302623527
NT,2030,42,109,106,0.00019504826116996992
NT,2030,42,110,106,0.00019505639241655494
NT,2030,42,111,106,0.0001950645240021163
NT,2030,42,112,106,0.0001953191929612616
NT,2030,42,113,106,0.6988978592257995
NT,2030,42,114,106,0.6989269951473183
NT,2030,42,115,106,0.6989561322834623
NT,2030,42,116,106,0.6989852706343013
NT,2030,42,117,106,0.6990144101998613
NT,2030,42,118,106,0.00036124257945576067
NT,2030,42,119,106,0.00036125763907470887
NT,2030,42,120,106,0.0001966481547164184
NT,2030,42,121,106,0.00019665635265997435
NT,2030,42,122,106,0.00019666455094529588
NT,2030,42,123,106,0.00019667274957238515
NT,2030,42,124,106,0.000196680948541257
NT,2030,42,125,106,0.00021330982261007155
NT,2030,42,126,106,0.0002133187151516179
NT,2030,42,127,106,0.00021332760806388264
NT,2030,42,128,106,6.814825644892282e-05
NT,2030,42,129,106,6.293868353702688e-05
NT,2030,42,130,106,6.285662028055328e-05
NT,2030,42,131,106,6.28461398094623e-05
NT,2030,42,132,106,6.284875976339615e-05
NT,2030,42,133,106,6.285137982655345e-05
NT,2030,42,134,106,6.285399999894058e-05
NT,2030,42,135,106,6.285662028055328e-05
NT,2030,42,136,106,0.19475875854779887
NT,2030,42,137,106,0.7098613005041343
NT,2030,42,138,106,0.7098908934737814
NT,2030,42,139,106,0.7099204876771269
NT,2030,42,140,106,0.7099500831141969
NT,2030,42,141,106,0.7099796797850614
NT,2030,42,142,106,0.6899253812653101
NT,2030,42,143,106,0.7032850480548591
NT,2030,42,144,106,0.6940625688396883
NT,2030,42,145,106,0.6940625688396883
NT,2030,42,146,106,0.6940625688396883
NT,2030,42,147,106,0.6962009050153751
NT,2030,42,148,106,0.7101868910313921
NT,2030,42,149,106,0.7102164975743992
NT,2030,42,150,106,0.7102461053516541
NT,2030,42,151,106,0.7102757143631743
NT,2030,42,152,106,0.2269000809186004
NT,2030,42,153,106,6.293868353702688e-05
NT,2030,42,154,106,6.293081275747213e-05
NT,2030,42,155,106,6.293343624128741e-05
NT,2030,42,156,106,6.293605983446877e-05
NT,2030,42,157,106,6.293868353702475e-05
NT,2030,42,158,106,6.294130734896172e-05
NT,2030,42,159,106,6.294393127027544e-05
NT,2030,42,160,106,0.7031970985315451
NT,2030,42,161,106,0.7032264136813877
NT,2030,42,162,106,0.703255730053347
NT,2030,42,163,106,0.703285047647449
NT,2030,42,164,106,0.7033143664637725
NT,2030,42,165,106,0.703343686502326
NT,2030,42,166,106,0.7033730077632055
NT,2030,42,167,106,0.6847521299161885
NT,2030,52,0,106,0.0
NT,2030,52,1,106,1.3826871220931536
NT,2030,52,2,106,0.7142249822835092
NT,2030,52,3,106,0.7142547571679879
NT,2030,52,4,106,0.7142845332937524
NT,2030,52,5,106,0.7143143106608464
NT,2030,52,6,106,0.7463189446742733
NT,2030,52,7,106,0.774740065546386
NT,2030,52,8,106,0.7747723632068275
NT,2030,52,9,106,0.18087269401178935
NT,2030,52,10,106,6.293868353702688e-05
NT,2030,52,11,106,6.234848518582672e-05
NT,2030,52,12,106,6.234848518582672e-05
NT,2030,52,13,106,0.00019348761563607584
NT,2030,52,14,106,0.00019348761563607372
NT,2030,52,15,106,0.00019348761563607372
NT,2030,52,16,106,0.0001953191929612616
NT,2030,52,17,106,0.0001953191929612616
NT,2030,52,18,106,0.0001953191929612616
NT,2030,52,19,106,0.0001953191929612616
NT,2030,52,20,106,0.00019348761563607372
NT,2030,52,21,106,0.00019348761563607372
NT,2030,52,22,106,0.00032945952968372396
NT,2030,52,23,106,0.00032945952968372396
NT,2030,52,24,106,0.00028777793212271036
NT,2030,52,25,106,0.00019173239129486257
NT,2030,52,26,106,0.00019168276083333485
NT,2030,52,27,106,0.00019168276083333485
NT,2030,52,28,106,0.00019168276083333485
NT,2030,52,29,106,0.00019168276083333485
NT,2030,52,30,106,0.00019168276083333485
NT,2030,52,31,106,0.00019168276083333485
NT,2030,52,32,106,0.00019168276083333485
NT,2030,52,33,106,0.00019168276083333485
NT,2030,52,34,106,0.00019168276083333485
NT,2030,52,35,106,0.00019168276083333485
NT,2030,52,36,106,0.00019168276083333485
NT,2030,52,37,106,0.00034843312966589314
NT,2030,52,38,106,0.00034843312966589314
NT,2030,52,39,106,0.00034843312966589314
NT,2030,52,40,106,0.00034843312966589314
NT,2030,52,41,106,0.00034843312966589314
NT,2030,52,42,106,0.00034843312966589314
NT,2030,52,43,106,0.00034843312966589314
NT,2030,52,44,106,0.00034843312966589314
NT,2030,52,45,106,0.00030766739493054494
NT,2030,52,46,106,0.00030766739493054494
NT,2030,52,47,106,0.00030766739493054494
NT,2030,52,48,106,0.00030766739493054494
NT,2030,52,49,106,0.00030766739493054494
NT,2030,52,50,106,0.00030766739493054494
NT,2030,52,51,106,0.00030766739493054494
NT,2030,52,52,106,0.00030766739493054494
NT,2030,52,53,106,0.00030766739493054494
NT,2030,52,54,106,0.00030766739493054494
NT,2030,52,55,106,0.00030766739493054494
NT,2030,52,56,106,0.00030766739493054494
NT,2030,52,57,106,0.00030766739493054494
NT,2030,52,58,106,0.00034843312966589314
NT,2030,52,59,106,0.00030766739493054494
NT,2030,52,60,106,0.00030766739493054494
NT,2030,52,61,106,0.00030766739493054494
NT,2030,52,62,106,0.00030766739493054494
NT,2030,52,63,106,0.00030766739493054494
NT,2030,52,64,106,0.00030766739493054494
NT,2030,52,65,106,0.00030766739493054494
NT,2030,52,66,106,0.00034843312966589314
NT,2030,52,67,106,0.00034843312966589314
NT,2030,52,68,106,0.00034843312966589314
NT,2030,52,69,106,0.00034843312966589314
NT,2030,52,70,106,0.00034843312966589314
NT,2030,52,71,106,0.00030766739493054494
NT,2030,52,72,106,0.00030766739493054494
NT,2030,52,73,106,0.00030766739493054494
NT,2030,52,74,106,0.00030760239609014026
NT,2030,52,75,106,0.00030766739493054494
NT,2030,52,76,106,0.00030766739493054494
NT,2030,52,77,106,0.00030766739493054494
NT,2030,52,78,106,0.00034729797626348964
NT,2030,52,79,106,0.0003507539321566663
NT,2030,52,80,106,0.00019348761563607372
NT,2030,52,81,106,0.0001916682941936724
NT,2030,52,82,106,0.00019116240516284174
NT,2030,52,83,106,0.000191163233522075
NT,2030,52,84,106,0.00019116240516284174
NT,2030,52,85,106,0.000191163233522075
NT,2030,52,86,106,0.00019117834399812593
NT,2030,52,87,106,0.00019285135301271036
NT,2030,52,88,106,0.00019348761563607372
NT,2030,52,89,106,0.00019348761563607372
NT,2030,52,90,106,0.00019348761563607372
NT,2030,52,91,106,0.00019348761563607372
NT,2030,52,92,106,0.00019348761563607372
NT,2030,52,93,106,0.00032945952968372396
NT,2030,52,94,106,0.00032945952968382403
NT,2030,52,95,106,0.0003517139213488641
NT,2030,52,96,106,0.00034843312966589314
NT,2030,52,97,106,0.00030766739493054494
NT,2030,52,98,106,0.00030766739493054494
NT,2030,52,99,106,0.00030766739493054494
NT,2030,52,100,106,0.00030766739493054494
NT,2030,52,101,106,0.00034843312966589314
NT,2030,52,102,106,0.0003507483289220007
NT,2030,52,103,106,0.0003507483289220007
NT,2030,52,104,106,0.0003507539321566663
NT,2030,52,105,106,0.0003507483289220007
NT,2030,52,106,106,0.0003507483289220007
NT,2030,52,107,106,0.00034843312966589314
NT,2030,52,108,106,0.00034843312966589314
NT,2030,52,109,106,0.00034843312966589314
NT,2030,52,110,106,0.00034843312966589314
NT,2030,52,111,106,0.00034843312966589314
NT,2030,52,112,106,0.0003507483289220007
NT,2030,52,113,106,0.0003517139213488619
NT,2030,52,114,106,0.0003517139213488641
NT,2030,52,115,106,0.0003517139213488641
NT,2030,52,116,106,0.0003507539321566663
NT,2030,52,117,106,0.0003507483289220007
NT,2030,52,118,106,0.0003507483289220007
NT,2030,52,119,106,0.00034843312966589314
NT,2030,52,120,106,0.00034843312966589314
NT,2030,52,121,106,0.00034843312966589314
NT,2030,52,122,106,0.00034843312966589314
NT,2030,52,123,106,0.00034843312966589314
NT,2030,52,124,106,0.00034843312966589314
NT,2030,52,125,106,0.00034843312966589314
NT,2030,52,126,106,0.00034843312966589314
NT,2030,52,127,106,0.00034843312966589314
NT,2030,52,128,106,0.0003507483289220007
NT,2030,52,129,106,0.00034843312966589314
NT,2030,52,130,106,0.00030766739493054494
NT,2030,52,131,106,0.0003064168216475794
NT,2030,52,132,106,0.00030704209525574
NT,2030,52,133,106,0.0003070548953441565
NT,2030,52,134,106,0.00030706769596618345
NT,2030,52,135,106,0.0003070804971218504
NT,2030,52,136,106,0.0003507483289220007
NT,2030,52,137,106,0.0003517139213488641
NT,2030,52,138,106,0.0003545803612665052
NT,2030,52,139,106,0.0001953191929612616
NT,2030,52,140,106,0.00019586757765224623
NT,2030,52,141,106,0.00019586757765224623
NT,2030,52,142,106,0.00020968909697046417
NT,2030,52,143,106,0.00019586757765224623
NT,2030,52,144,106,0.00019586757765224623
NT,2030,52,145,106,0.0001950645240021163
NT,2030,52,146,106,0.0001950645240021163
NT,2030,52,147,106,0.0001950645240021163
NT,2030,52,148,106,0.00019586757765224623
NT,2030,52,149,106,0.00020975029581933921
NT,2030,52,150,106,0.00020975903996997048
NT,2030,52,151,106,0.0002097677844851348
NT,2030,52,152,106,0.0002097765293648386
NT,2030,52,153,106,0.00019348761563607372
NT,2030,52,154,106,0.00019344728975060265
NT,2030,52,155,106,0.00019345535425527798
NT,2030,52,156,106,0.00019346341909614678
NT,2030,52,157,106,0.00019347148427323034
NT,2030,52,158,106,0.0001934795497865308
NT,2030,52,159,106,0.00019348761563607372
NT,2030,52,160,106,0.7055962733111512
NT,2030,52,161,106,0.7056256884787192
NT,2030,52,162,106,0.7056551048725639
NT,2030,52,163,106,0.7056845224927463
NT,2030,52,164,106,0.7057139413392663
NT,2030,52,165,106,0.7057433614122203
NT,2030,52,166,106,0.7057727827116513
NT,2030,52,167,106,0.6823523549677166
NT,2040,11,0,106,0.0
NT,2040,11,1,106,0.00011679919353102636
NT,2040,11,2,106,0.00011680406270052121
NT,2040,11,3,106,0.00011680893207300391
NT,2040,11,4,106,0.00011681380164848405
NT,2040,11,5,106,0.00011691610964066725
NT,2040,11,6,106,0.00011723797378295399
NT,2040,11,7,106,0.00011723797378295399
NT,2040,11,8,106,0.00011723797378295399
NT,2040,11,9,106,9.60066020649891e-05
NT,2040,11,10,106,0.00011691797738555613
NT,2040,11,11,106,0.00011691610964066725
NT,2040,11,12,106,0.00011685276556119526
NT,2040,11,13,106,0.00011685763696402175
NT,2040,11,14,106,0.0001168625085699287
NT,2040,11,15,106,0.00011686738037892465
NT,2040,11,16,106,0.00011687225239101916
NT,2040,11,17,106,0.00011691610964066725
NT,2040,11,18,106,0.00011723797378295399
NT,2040,11,19,106,0.00011723797378295504
NT,2040,11,20,106,0.00011741389700188951
NT,2040,11,21,106,0.00011741389700188951
NT,2040,11,22,106,0.00011723797378295399
NT,2040,11,23,106,0.00011723797378295399
NT,2040,11,24,106,0.0001098198432279087
NT,2040,11,25,106,6.449938908401072e-05
NT,2040,11,26,106,6.478985671403148e-05
NT,2040,11,27,106,6.502150800070614e-05
NT,2040,11,28,106,6.502150800070614e-05
NT,2040,11,29,106,0.2175501913158837
NT,2040,11,30,106,0.43770389013968164
NT,2040,11,31,106,0.43772213730701515
NT,2040,11,32,106,0.4377403852350516
NT,2040,11,33,106,0.41232558870134095
NT,2040,11,34,106,0.4365039450715834
NT,2040,11,35,106,0.41356202886480914
NT,2040,11,36,106,0.4250329869681963
NT,2040,11,37,106,0.23135418961323018
NT,2040,11,38,106,0.2221050340842252
NT,2040,11,39,106,0.40375033214246525
NT,2040,11,40,106,0.40376716384088035
NT,2040,11,41,106,0.43790465082387997
NT,2040,11,42,106,0.4379229063606049
NT,2040,11,43,106,0.4379411626583816
NT,2040,11,44,106,0.4379594197172275
NT,2040,11,45,106,0.43797767753718625
NT,2040,11,46,106,0.4379959361182774
NT,2040,11,47,106,0.41726348090715054
NT,2040,11,48,106,0.00011819345375550173
NT,2040,11,49,106,0.00011723797378295399
NT,2040,11,50,106,0.00011723797378295399
NT,2040,11,51,106,0.00011691797738555613
NT,2040,11,52,106,0.00011691797738555613
NT,2040,11,53,106,0.00011691797738555613
NT,2040,11,54,106,0.00011723797378295504
NT,2040,11,55,106,0.00011741389700188951
NT,2040,11,56,106,0.00011723797378295399
NT,2040,11,57,106,0.00011691797738555613
NT,2040,11,58,106,0.00011691610964066725
NT,2040,11,59,106,0.00011691310346734039
NT,2040,11,60,106,0.00011691797738555613
NT,2040,11,61,106,0.00011692285150695882
NT,2040,11,62,106,0.0001169277258315527
NT,2040,11,63,106,0.0001169326003593516
NT,2040,11,64,106,0.0001169374750903598
NT,2040,11,65,106,0.00011723797378295399
NT,2040,11,66,106,0.00011860120194315905
NT,2040,11,67,106,0.00011920953587583916
NT,2040,11,68,106,0.00011920953587583916
NT,2040,11,69,106,0.00011868003984769675
NT,2040,11,70,106,0.00011860120194315905
NT,2040,11,71,106,0.00011819345375550173
NT,2040,11,72,106,0.00011776745792963558
NT,2040,11,73,106,0.00011741389700188951
NT,2040,11,74,106,0.00011741389700188951
NT,2040,11,75,106,0.00011776745792963558
NT,2040,11,76,106,0.00011819345375550173
NT,2040,11,77,106,0.00011860614623546949
NT,2040,11,78,106,7.073269708367828e-05
NT,2040,11,79,106,7.07356458154334e-05
NT,2040,11,80,106,7.073859467011439e-05
NT,2040,11,81,106,4.2695418719423416e-05
NT,2040,11,82,106,6.524582162556004e-05
NT,2040,11,83,106,6.52349427882239e-05
NT,2040,11,84,106,6.523766232749409e-05
NT,2040,11,85,106,6.524038198013645e-05
NT,2040,11,86,106,6.524310174615737e-05
NT,2040,11,87,106,6.524582162556004e-05
NT,2040,11,88,106,6.525126172453303e-05
NT,2040,11,89,106,0.17135290162749983
NT,2040,11,90,106,0.4606736284425146
NT,2040,11,91,106,0.4606928331810949
NT,2040,11,92,106,0.4607120387202927
NT,2040,11,93,106,0.4607312450601387
NT,2040,11,94,106,0.2507959399649875
NT,2040,11,95,106,0.4300555756654142
NT,2040,11,96,106,0.42162620184941846
NT,2040,11,97,106,0.4250764762351848
NT,2040,11,98,106,0.4249894977012034
NT,2040,11,99,106,0.420944021523357
NT,2040,11,100,106,0.42495597732330403
NT,2040,11,101,106,0.4250426512916759
NT,2040,11,102,106,0.4609041381534319
NT,2040,11,103,106,0.4609233525015927
NT,2040,11,104,106,0.45811155659977526
NT,2040,11,105,106,0.231360490873775
NT,2040,11,106,106,0.23137013591849515
NT,2040,11,107,106,0.2313797813652923
NT,2040,11,108,106,0.23138942721420352
NT,2040,11,109,106,0.23139907346522884
NT,2040,11,110,106,0.23140872011839222
NT,2040,11,111,106,0.23141836717370456
NT,2040,11,112,106,0.23142801463119206
NT,2040,11,113,106,0.48278577615919355
NT,2040,11,114,106,0.48280590271745255
NT,2040,11,115,106,0.4828260301147634
NT,2040,11,116,106,0.48284615835115224
NT,2040,11,117,106,0.4828662874266496
NT,2040,11,118,106,0.4828864173413035
NT,2040,11,119,106,0.4829065480951357
NT,2040,11,120,106,0.40607058828117853
NT,2040,11,121,106,0.40608751670731413
NT,2040,11,122,106,0.23135418961323018
NT,2040,11,123,106,0.2785883935330649
NT,2040,11,124,106,0.4209060267338189
NT,2040,11,125,106,0.42613432262703865
NT,2040,11,126,106,0.42613432262703865
NT,2040,11,127,106,0.42613432262703865
NT,2040,11,128,106,0.4326336192148359
NT,2040,11,129,106,0.43034319497413426
NT,2040,11,130,106,0.23943975067673562
NT,2040,11,131,106,0.2234931928909468
NT,2040,11,132,106,0.22350250996073023
NT,2040,11,133,106,0.22351182741893116
NT,2040,11,134,106,0.22352114526556044
NT,2040,11,135,106,0.40632458878716504
NT,2040,11,136,106,0.40634152780217836
NT,2040,11,137,106,0.44069667071188073
NT,2040,11,138,106,0.44071504264340716
NT,2040,11,139,106,0.44073341534082566
NT,2040,11,140,106,0.44075178880417537
NT,2040,11,141,106,0.4407701630334847
NT,2040,11,142,106,0.4407885380287799
NT,2040,11,143,106,0.43967723120313074
NT,2040,11,144,106,0.4247798480209427
NT,2040,11,145,106,0.41964635339330714
NT,2040,11,146,106,0.4273307515866787
NT,2040,11,147,106,0.42613432262703865
NT,2040,11,148,106,0.4273307515866787
NT,2040,11,149,106,0.4282798596197356
NT,2040,11,150,106,0.42414650605643667
NT,2040,11,151,106,0.4250329869681963
NT,2040,11,152,106,0.4323736852000163
NT,2040,11,153,106,0.4409907135416725
NT,2040,11,154,106,0.44100909773136326
NT,2040,11,155,106,0.2400603223343592
NT,2040,11,156,106,0.23190347260229757
NT,2040,11,157,106,0.22267484980342367
NT,2040,11,158,106,0.40478616317093913
NT,2040,11,159,106,0.4048030380514783
NT,2040,11,160,106,0.4048199136355008
NT,2040,11,161,106,0.4171643081967469
NT,2040,11,162,106,0.4390647110713846
NT,2040,11,163,106,0.4390830149691507
NT,2040,11,164,106,0.4370738283239137
NT,2040,11,165,106,0.4391196250538928
NT,2040,11,166,106,0.43913793124092987
NT,2040,11,167,106,0.00011819345375550173
NT,2040,21,0,106,0.0
NT,2040,21,1,106,0.4763834480058025
NT,2040,21,2,106,0.2422569520132686
NT,2040,21,3,106,0.24208720994368108
NT,2040,21,4,106,0.24209730216797126
NT,2040,21,5,106,0.2625660134488966
NT,2040,21,6,106,0.2625769594013883
NT,2040,21,7,106,0.26258790581019414
NT,2040,21,8,106,0.23458578909065597
NT,2040,21,9,106,0.234595568592838
NT,2040,21,10,106,0.24291077357532492
NT,2040,21,11,106,0.24625421989032492
NT,2040,21,12,106,0.23819172400290126
NT,2040,21,13,106,0.24142870859425453
NT,2040,21,14,106,0.2356086689573468
NT,2040,21,15,106,0.23753779445710246
NT,2040,21,16,106,0.42656274518779025
NT,2040,21,17,106,0.42658052789881135
NT,2040,21,18,106,0.4457824231110934
NT,2040,21,19,106,0.4613707538588797
NT,2040,21,20,106,0.46060192868472855
NT,2040,21,21,106,0.4266516661565481
NT,2040,21,22,106,0.4314473114901537
NT,2040,21,23,106,0.3999791433109042
NT,2040,21,24,106,0.3137423887940336
NT,2040,21,25,106,0.3145102687186231
NT,2040,21,26,106,0.31527818065488916
NT,2040,21,27,106,0.23477166936388055
NT,2040,21,28,106,0.2347814566151141
NT,2040,21,29,106,0.2546316317576477
NT,2040,21,30,106,0.254642246938601
NT,2040,21,31,106,0.2546528625620757
NT,2040,21,32,106,0.25197519179763733
NT,2040,21,33,106,0.23419051740500074
NT,2040,21,34,106,0.251996201112075
NT,2040,21,35,106,0.24344457409047768
NT,2040,21,36,106,0.23135418961323018
NT,2040,21,37,106,0.23135418961323018
NT,2040,21,38,106,0.23135418961323018
NT,2040,21,39,106,0.2330287140895915
NT,2040,21,40,106,0.23134454509924848
NT,2040,21,41,106,0.23382247382224947
NT,2040,21,42,106,0.2338322215030533
NT,2040,21,43,106,0.24863528750043232
NT,2040,21,44,106,0.24412236300944398
NT,2040,21,45,106,0.23358704256053292
NT,2040,21,46,106,0.23387121629009094
NT,2040,21,47,106,0.23341755367664174
NT,2040,21,48,106,0.23304516925002655
NT,2040,21,49,106,0.23528868846993234
NT,2040,21,50,106,0.23592864944475908
NT,2040,21,51,106,0.2334449491756412
NT,2040,21,52,106,0.23332778826457976
NT,2040,21,53,106,0.2510296843492578
NT,2040,21,54,106,0.2510401493708408
NT,2040,21,55,106,0.25105061482869656
NT,2040,21,56,106,0.07844912162802738
NT,2040,21,57,106,0.06918560451225148
NT,2040,21,58,106,0.06918848874821683
NT,2040,21,59,106,0.06919137310442768
NT,2040,21,60,106,0.06919425758087745
NT,2040,21,61,106,0.06919714217757707
NT,2040,21,62,106,0.0692000268945287
NT,2040,21,63,106,0.06920291173174543
NT,2040,21,64,106,0.0692057966892251
NT,2040,21,65,106,0.21665613766744893
NT,2040,21,66,106,0.23497386318294644
NT,2040,21,67,106,0.2349836588633115
NT,2040,21,68,106,0.23499345495204155
NT,2040,21,69,106,0.23135418961323018
NT,2040,21,70,106,0.23364438498336634
NT,2040,21,71,106,0.22906399424309398
NT,2040,21,72,106,0.2233962574434154
NT,2040,21,73,106,0.23356625037143278
NT,2040,21,74,106,0.2337225195953021
NT,2040,21,75,106,0.2310140822908925
NT,2040,21,76,106,0.23507183836511028
NT,2040,21,77,106,0.2350816381299036
NT,2040,21,78,106,0.23509143830323415
NT,2040,21,79,106,0.23510123888511283
NT,2040,21,80,106,0.2351110398755702
NT,2040,21,81,106,0.07255910460348786
NT,2040,21,82,106,0.07511018162670657
NT,2040,21,83,106,0.06926063373815919
NT,2040,21,84,106,0.06926352110197649
NT,2040,21,85,106,0.06926640858615703
NT,2040,21,86,106,0.06926929619072038
NT,2040,21,87,106,0.06927218391566003
NT,2040,21,88,106,0.06927507176098253
NT,2040,21,89,106,0.06927795972669441
NT,2040,21,90,106,0.23599003767677545
NT,2040,21,91,106,0.23599987571981149
NT,2040,21,92,106,0.23600971417297853
NT,2040,21,93,106,0.23241995824162848
NT,2040,21,94,106,0.23602939230977985
NT,2040,21,95,106,0.23508653821656778
NT,2040,21,96,106,0.23135418961323018
NT,2040,21,97,106,0.23135418961323018
NT,2040,21,98,106,0.23249562215845337
NT,2040,21,99,106,0.2346392915966524
NT,2040,21,100,106,0.23608843656513165
NT,2040,21,101,106,0.2360982787102585
NT,2040,21,102,106,0.23610812126568864
NT,2040,21,103,106,0.23611796423144168
NT,2040,21,104,106,0.23612780760752852
NT,2040,21,105,106,0.0734641114791906
NT,2040,21,106,106,0.1528973835268538
NT,2040,21,107,106,0.06956016019816073
NT,2040,21,108,106,0.0695630600487485
NT,2040,21,109,106,0.0695659600202293
NT,2040,21,110,106,0.06956886011260095
NT,2040,21,111,106,0.06957176032587652
NT,2040,21,112,106,0.0695746606600582
NT,2040,21,113,106,0.23381840711188592
NT,2040,21,114,106,0.23622626394071505
NT,2040,21,115,106,0.23623611183164447
NT,2040,21,116,106,0.42943830160958724
NT,2040,21,117,106,0.4294562041979087
NT,2040,21,118,106,0.236265657967748
NT,2040,21,119,106,0.23609084957737625
NT,2040,21,120,106,0.3911124668767981
NT,2040,21,121,106,0.4081098723369519
NT,2040,21,122,106,0.23364438498336634
NT,2040,21,123,106,0.23613091619598334
NT,2040,21,124,106,0.23632476132645697
NT,2040,21,125,106,0.23633461332358488
NT,2040,21,126,106,0.23634446573141943
NT,2040,21,127,106,0.23635431854998898
NT,2040,21,128,106,0.23636417177930655
NT,2040,21,129,106,0.06929225185991396
NT,2040,21,130,106,0.07515073555479475
NT,2040,21,131,106,0.0692980293441856
NT,2040,21,132,106,0.06930091826696434
NT,2040,21,133,106,0.06930380731017391
NT,2040,21,134,106,0.06930669647382298
NT,2040,21,135,106,0.06930958575792032
NT,2040,21,136,106,0.06931247516246589
NT,2040,21,137,106,0.22377446829460862
NT,2040,21,138,106,0.23784683413694044
NT,2040,21,139,106,0.23785674958681854
NT,2040,21,140,106,0.23786666545005453
NT,2040,21,141,106,0.237876581726668
NT,2040,21,142,106,0.23788649841667422
NT,2040,21,143,106,0.23789641552009283
NT,2040,21,144,106,0.2344283493516168
NT,2040,21,145,106,0.343785336609472
NT,2040,21,146,106,0.40498572182925757
NT,2040,21,147,106,0.23521836842711363
NT,2040,21,148,106,0.4311348690483901
NT,2040,21,149,106,0.432546609539094
NT,2040,21,150,106,0.23796584682096703
NT,2040,21,151,106,0.2379757672322864
NT,2040,21,152,106,0.23798568805717726
NT,2040,21,153,106,0.21945146741055296
NT,2040,21,154,106,0.2344283493516168
NT,2040,21,155,106,0.2344283493516168
NT,2040,21,156,106,0.21947891428510063
NT,2040,21,157,106,0.21948806400610102
NT,2040,21,158,106,0.21949721410854192
NT,2040,21,159,106,0.39900974539398465
NT,2040,21,160,106,0.3990263794650047
NT,2040,21,161,106,0.399043014229472
NT,2040,21,162,106,0.23808491905599596
NT,2040,21,163,106,0.2380948444312508
NT,2040,21,164,106,0.2381047702202756
NT,2040,21,165,106,0.23811469642309213
NT,2040,21,166,106,0.2381246230397135
NT,2040,21,167,106,0.2363740639085018
NT,2040,42,0,106,0.0
NT,2040,42,1,106,0.41248454143584884
NT,2040,42,2,106,0.28157802740383947
NT,2040,42,3,106,0.2815897659364378
NT,2040,42,4,106,0.2816015049584079
NT,2040,42,5,106,0.30541019613196024
NT,2040,42,6,106,0.3054229281891379
NT,2040,42,7,106,0.3054356607770954
NT,2040,42,8,106,0.07718543479890043
NT,2040,42,9,106,0.07633036518937898
NT,2040,42,10,106,0.07633354727886399
NT,2040,42,11,106,0.08278735459645185
NT,2040,42,12,106,0.07633991185581424
NT,2040,42,13,106,0.07634309434328165
NT,2040,42,14,106,0.07634627696342443
NT,2040,42,15,106,0.07634945971625126
NT,2040,42,16,106,0.0828046123899546
NT,2040,42,17,106,0.08280806438033447
NT,2040,42,18,106,0.08281151651462258
NT,2040,42,19,106,0.08281496879282763
NT,2040,42,20,106,0.08281842121495397
NT,2040,42,21,106,0.24541843548768777
NT,2040,42,22,106,0.23715283297437276
NT,2040,42,23,106,0.23112765289182327
NT,2040,42,24,106,0.23135418961323018
NT,2040,42,25,106,0.23299023381962872
NT,2040,42,26,106,0.23299023381962872
NT,2040,42,27,106,0.23116619665429175
NT,2040,42,28,106,0.23117583359919658
NT,2040,42,29,106,0.24278547862975486
NT,2040,42,30,106,0.24725186939345328
NT,2040,42,31,106,0.2507420672396449
NT,2040,42,32,106,0.23830264482039418
NT,2040,42,33,106,0.23135418961323018
NT,2040,42,34,106,0.2401329672244245
NT,2040,42,35,106,0.08024332301387284
NT,2040,42,36,106,0.07389766902368523
NT,2040,42,37,106,0.07390074969800405
NT,2040,42,38,106,0.07390383050074882
NT,2040,42,39,106,0.07390691143192607
NT,2040,42,40,106,0.07540431736535276
NT,2040,42,41,106,0.2209662705007313
NT,2040,42,42,106,0.22097548222721042
NT,2040,42,43,106,0.2504866990501699
NT,2040,42,44,106,0.2464238185940901
NT,2040,42,45,106,0.2313397231437903
NT,2040,42,46,106,0.23134936732273473
NT,2040,42,47,106,0.23135901190372563
NT,2040,42,48,106,0.23136865688678918
NT,2040,42,49,106,0.23137830227193193
NT,2040,42,50,106,0.20382547908925827
NT,2040,42,51,106,0.20383397624386163
NT,2040,42,52,106,0.20384247375269757
NT,2040,42,53,106,0.24304151255682477
NT,2040,42,54,106,0.25060158923556064
NT,2040,42,55,106,0.2506120364105505
NT,2040,42,56,106,0.2368222051289269
NT,2040,42,57,106,0.2314554798301141
NT,2040,42,58,106,0.23703550702550633
NT,2040,42,59,106,0.23865748030477726
NT,2040,42,60,106,0.2039104665775362
NT,2040,42,61,106,0.20391896727512848
NT,2040,42,62,106,0.20392746832710382
NT,2040,42,63,106,0.07448846770196361
NT,2040,42,64,106,0.2636231672753146
NT,2040,42,65,106,0.2636341572988435
NT,2040,42,66,106,0.26364514778051795
NT,2040,42,67,106,0.26365613872037275
NT,2040,42,68,106,0.263667130118421
NT,2040,42,69,106,0.24313285006666385
NT,2040,42,70,106,0.24314298588199482
NT,2040,42,71,106,0.2431531221198779
NT,2040,42,72,106,0.2431632587803154
NT,2040,42,73,106,0.2431733958633399
NT,2040,42,74,106,0.24318353336896456
NT,2040,42,75,106,0.24319367129719807
NT,2040,42,76,106,0.24320380964807317
NT,2040,42,77,106,0.26376607332276203
NT,2040,42,78,106,0.2637770693037958
NT,2040,42,79,106,0.26378806574323677
NT,2040,42,80,106,0.08426802754500148
NT,2040,42,81,106,0.07770527064678252
NT,2040,42,82,106,0.07770851005385364
NT,2040,42,83,106,0.07771174959596788
NT,2040,42,84,106,0.07771498927313618
NT,2040,42,85,106,0.07771822908536506
NT,2040,42,86,106,0.07772146903265671
NT,2040,42,87,106,0.07772470911500458
NT,2040,42,88,106,0.26388705432965276
NT,2040,42,89,106,0.2638980553541854
NT,2040,42,90,106,0.26390905683734756
NT,2040,42,91,106,0.263920058779148
NT,2040,42,92,106,0.26393106117959975
NT,2040,42,93,106,0.2639420640387159
NT,2040,42,94,106,0.07843860270423672
NT,2040,42,95,106,0.07736957417973671
NT,2040,42,96,106,0.24011294682712864
NT,2040,42,97,106,0.2401229567475676
NT,2040,42,98,106,0.24013296708532167
NT,2040,42,99,106,0.2401429778403821
NT,2040,42,100,106,0.24015298901277948
NT,2040,42,101,106,0.2604573135605322
NT,2040,42,102,106,0.260468171604734
NT,2040,42,103,106,0.26047903010158696
NT,2040,42,104,106,0.2208691460651059
NT,2040,42,105,106,0.22087835374262363
NT,2040,42,106,106,0.2208875618039933
NT,2040,42,107,106,0.22089677024923232
NT,2040,42,108,106,0.22090597907835816
NT,2040,42,109,106,0.22091518829138604
NT,2040,42,110,106,0.2209243978883291
NT,2040,42,111,106,0.22093360786920696
NT,2040,42,112,106,0.2371320229414812
NT,2040,42,113,106,0.24217947447402788
NT,2040,42,114,106,0.24218957054467552
NT,2040,42,115,106,0.24219966703620957
NT,2040,42,116,106,0.24220976394865187
NT,2040,42,117,106,0.24221986128201545
NT,2040,42,118,106,0.22335588508813367
NT,2040,42,119,106,0.22336519643378017
NT,2040,42,120,106,0.2338224739577025
NT,2040,42,121,106,0.2336225652329039
NT,2040,42,122,106,0.23135418961323018
NT,2040,42,123,106,0.22213171039806376
NT,2040,42,124,106,0.22378930734126876
NT,2040,42,125,106,0.23974287311045578
NT,2040,42,126,106,0.2397528676031302
NT,2040,42,127,106,0.23976286251246126
NT,2040,42,128,106,0.23977285783846644
NT,2040,42,129,106,0.22374932770392922
NT,2040,42,130,106,0.07659947789322222
NT,2040,42,131,106,0.07063394426690175
NT,2040,42,132,106,0.07063688888180615
NT,2040,42,133,106,0.0706398336194721
NT,2040,42,134,106,0.07064277847989957
NT,2040,42,135,106,0.07064572346309295
NT,2040,42,136,106,0.2392264397004594
NT,2040,42,137,106,0.23986283452557483
NT,2040,42,138,106,0.23987283401924758
NT,2040,42,139,106,0.23988283392978413
NT,2040,42,140,106,0.2398928342572019
NT,2040,42,141,106,0.23990283500151396
NT,2040,42,142,106,0.23270087508820086
NT,2040,42,143,106,0.23299023381962872
NT,2040,42,144,106,0.23299023381962872
NT,2040,42,145,106,0.23299023381962872
NT,2040,42,146,106,0.23299023381962872
NT,2040,42,147,106,0.23299023381962872
NT,2040,42,148,106,0.23299023381962872
NT,2040,42,149,106,0.23998285596642288
NT,2040,42,150,106,0.23999286046359478
NT,2040,42,151,106,0.24000286537784193
NT,2040,42,152,106,0.2400128707091731
NT,2040,42,153,106,0.17290802527070603
NT,2040,42,154,106,0.07118059856899878
NT,2040,42,155,106,0.0711835659730409
NT,2040,42,156,106,0.07118653350079082
NT,2040,42,157,106,0.18734065063197808
NT,2040,42,158,106,0.1873484605607395
NT,2040,42,159,106,0.18735627081508444
NT,2040,42,160,106,0.24009292837712226
NT,2040,42,161,106,0.24010293746303568
NT,2040,42,162,106,0.24011294696621405
NT,2040,42,163,106,0.24012295688666827
NT,2040,42,164,106,0.2401329672244245
NT,2040,42,165,106,0.24014297797949152
NT,2040,42,166,106,0.23198047618610784
NT,2040,42,167,106,0.22684724729328243
NT,2040,52,0,106,0.0
NT,2040,52,1,106,0.47043673685422727
NT,2040,52,2,106,0.23817682977867394
NT,2040,52,3,106,0.23818675898553215
NT,2040,52,4,106,0.238196688606326
NT,2040,52,5,106,0.2382066186410708
NT,2040,52,6,106,0.2382165490897839
NT,2040,52,7,106,0.2583571525661327
NT,2040,52,8,106,0.2583679230580127
NT,2040,52,9,106,0.07789165898616748
NT,2040,52,10,106,0.06920607355070686
NT,2040,52,11,106,0.06920895863999628
NT,2040,52,12,106,0.06921184384956171
NT,2040,52,13,106,0.06921472917940531
NT,2040,52,14,106,0.06921761462953147
NT,2040,52,15,106,0.06922050019995106
NT,2040,52,16,106,0.23297566504910538
NT,2040,52,17,106,0.23298537742782222
NT,2040,52,18,106,0.23299509021143083
NT,2040,52,19,106,0.23300480339995305
NT,2040,52,20,106,6.510639765375316e-05
NT,2040,52,21,106,6.510639765375316e-05
NT,2040,52,22,106,6.449587187869088e-05
NT,2040,52,23,106,0.00010981984322794062
NT,2040,52,24,106,0.0001098198432279087
NT,2040,52,25,106,9.60066020649891e-05
NT,2040,52,26,106,9.592597737423608e-05
NT,2040,52,27,106,9.592597737423608e-05
NT,2040,52,28,106,6.391079709828788e-05
NT,2040,52,29,106,6.391079709828788e-05
NT,2040,52,30,106,9.592597737423608e-05
NT,2040,52,31,106,9.592597737423608e-05
NT,2040,52,32,106,9.592597737423608e-05
NT,2040,52,33,106,9.592597737423608e-05
NT,2040,52,34,106,6.399762581229661e-05
NT,2040,52,35,106,6.391079709828788e-05
NT,2040,52,36,106,6.389425361111091e-05
NT,2040,52,37,106,6.389425361111091e-05
NT,2040,52,38,106,0.00011614437655529735
NT,2040,52,39,106,0.00011614437655529735
NT,2040,52,40,106,0.00011614437655529735
NT,2040,52,41,106,0.00011614437655529735
NT,2040,52,42,106,0.00011614437655529735
NT,2040,52,43,106,0.00011614437655529735
NT,2040,52,44,106,0.00011614437655529735
NT,2040,52,45,106,0.00011614437655529735
NT,2040,52,46,106,0.00011614437655529735
NT,2040,52,47,106,0.00011614437655529735
NT,2040,52,48,106,0.00011614437655529735
NT,2040,52,49,106,0.00010255579831018164
NT,2040,52,50,106,0.00010255579831018164
NT,2040,52,51,106,0.00010255579831018164
NT,2040,52,52,106,0.00010255579831018164
NT,2040,52,53,106,0.00010255579831018164
NT,2040,52,54,106,0.00010255579831018164
NT,2040,52,55,106,0.00010255579831018164
NT,2040,52,56,106,0.00011614437655529735
NT,2040,52,57,106,0.00011614437655529735
NT,2040,52,58,106,0.00011614437655529735
NT,2040,52,59,106,0.00011614437655529735
NT,2040,52,60,106,0.00011614437655529735
NT,2040,52,61,106,0.00011614437655529735
NT,2040,52,62,106,0.00010382829029219821
NT,2040,52,63,106,0.00010403678525451062
NT,2040,52,64,106,0.00011614437655529735
NT,2040,52,65,106,0.00011614437655529735
NT,2040,52,66,106,0.00011614437655529735
NT,2040,52,67,106,0.0001165252893781507
NT,2040,52,68,106,0.00011691610964066725
NT,2040,52,69,106,0.00011691610964066725
NT,2040,52,70,106,0.0001165252893781507
NT,2040,52,71,106,0.00011614437655529735
NT,2040,52,72,106,0.00011576599208783024
NT,2040,52,73,106,0.00011534803297248232
NT,2040,52,74,106,0.00010633080357963767
NT,2040,52,75,106,0.00011576599208783024
NT,2040,52,76,106,0.00011597498471362277
NT,2040,52,77,106,0.00011614437655529735
NT,2040,52,78,106,0.00011691797738555613
NT,2040,52,79,106,0.0001098198432279087
NT,2040,52,80,106,6.449938908401072e-05
NT,2040,52,81,106,6.449587187869088e-05
NT,2040,52,82,106,5.0682630715771304e-05
NT,2040,52,83,106,5.0682630715771304e-05
NT,2040,52,84,106,6.43198329556167e-05
NT,2040,52,85,106,6.43198329556167e-05
NT,2040,52,86,106,6.43198329556167e-05
NT,2040,52,87,106,6.449587187869088e-05
NT,2040,52,88,106,6.449587187869088e-05
NT,2040,52,89,106,6.449587187869088e-05
NT,2040,52,90,106,6.449587187869195e-05
NT,2040,52,91,106,6.449587187869195e-05
NT,2040,52,92,106,6.449587187869195e-05
NT,2040,52,93,106,6.449587187869088e-05
NT,2040,52,94,106,0.0001098198432279087
NT,2040,52,95,106,0.0001098198432279087
NT,2040,52,96,106,0.00011723797378295399
NT,2040,52,97,106,0.00011691610964066725
NT,2040,52,98,106,0.0001165252893781507
NT,2040,52,99,106,0.00011614437655529735
NT,2040,52,100,106,0.00011614437655529735
NT,2040,52,101,106,0.00011691610964066725
NT,2040,52,102,106,0.00011723797378295399
NT,2040,52,103,106,0.00011723797378295399
NT,2040,52,104,106,0.00011723797378295399
NT,2040,52,105,106,0.00011723797378295399
NT,2040,52,106,106,0.0001098198432279087
NT,2040,52,107,106,0.00011723797378295399
NT,2040,52,108,106,0.00011723797378295399
NT,2040,52,109,106,0.00011691610964066725
NT,2040,52,110,106,0.00011691797738555613
NT,2040,52,111,106,0.00011723797378295399
NT,2040,52,112,106,0.00011723797378295504
NT,2040,52,113,106,0.00011723797378295399
NT,2040,52,114,106,0.00011723797378295399
NT,2040,52,115,106,0.00011723797378295399
NT,2040,52,116,106,0.00011723797378295504
NT,2040,52,117,106,0.00011723797378295399
NT,2040,52,118,106,0.00011723797378295504
NT,2040,52,119,106,0.00011691610964066725
NT,2040,52,120,106,0.00011614437655529735
NT,2040,52,121,106,0.00011614437655529735
NT,2040,52,122,106,0.00011614921842653099
NT,2040,52,123,106,0.00011615406049961548
NT,2040,52,124,106,0.00011615890277455723
NT,2040,52,125,106,0.00011616374525136688
NT,2040,52,126,106,0.00011691610964066725
NT,2040,52,127,106,0.00011691797738555613
NT,2040,52,128,106,0.00011723797378295399
NT,2040,52,129,106,0.00011691610964066725
NT,2040,52,130,106,0.00011618796066370293
NT,2040,52,131,106,0.00011619280435188924
NT,2040,52,132,106,0.00011619764824200094
NT,2040,52,133,106,0.0001162024923340444
NT,2040,52,134,106,0.0001162073366280303
NT,2040,52,135,106,0.0001165252893781507
NT,2040,52,136,106,0.00011723797378295399
NT,2040,52,137,106,0.4109408706897399
NT,2040,52,138,106,0.42607215138843413
NT,2040,52,139,106,0.42728621792290133
NT,2040,52,140,106,0.23507183836510592
NT,2040,52,141,106,0.35644040698987656
NT,2040,52,142,106,0.42733965876500374
NT,2040,52,143,106,0.23510123888510628
NT,2040,52,144,106,0.23507183754802055
NT,2040,52,145,106,0.2226339235433941
NT,2040,52,146,106,0.22600907291865832
NT,2040,52,147,106,0.22931792528376643
NT,2040,52,148,106,0.2349297092935187
NT,2040,52,149,106,0.23516005095697723
NT,2040,52,150,106,0.23516985439920304
NT,2040,52,151,106,0.23517965825012743
NT,2040,52,152,106,0.23518946250975695
NT,2040,52,153,106,0.23434992114383157
NT,2040,52,154,106,0.21688205176322528
NT,2040,52,155,106,0.2168910932252252
NT,2040,52,156,106,0.21690013506415246
NT,2040,52,157,106,0.2169091772800201
NT,2040,52,158,106,0.21691821987284557
NT,2040,52,159,106,0.21692726284263977
NT,2040,52,160,106,0.41940867886659583
NT,2040,52,161,106,0.4194261633361682
NT,2040,52,162,106,0.4194436485346374
NT,2040,52,163,106,0.4194611344620317
NT,2040,52,164,106,0.4194786211183947
NT,2040,52,165,106,0.4194961085037417
NT,2040,52,166,106,0.4195135966181141
NT,2040,52,167,106,0.22215041767302746
GA,2040,11,0,106,0.0
GA,2040,11,1,106,0.00011614437655529735
GA,2040,11,2,106,0.00011614437655529735
GA,2040,11,3,106,0.00011614437655529735
GA,2040,11,4,106,0.00011614437655529735
GA,2040,11,5,106,0.00011691610964066725
GA,2040,11,6,106,0.00011723797378295504
GA,2040,11,7,106,0.00011723797378295399
GA,2040,11,8,106,0.00011691797738555613
GA,2040,11,9,106,0.00011691797738555613
GA,2040,11,10,106,0.0001165252893781507
GA,2040,11,11,106,0.0001157263858934516
GA,2040,11,12,106,0.00011593537686812593
GA,2040,11,13,106,0.00011614437655529735
GA,2040,11,14,106,0.00011614921842653099
GA,2040,11,15,106,0.00011615406049961548
GA,2040,11,16,106,0.00011615890277455723
GA,2040,11,17,106,0.00011616374525136688
GA,2040,11,18,106,0.00011691797738555613
GA,2040,11,19,106,0.00011723797378295399
GA,2040,11,20,106,0.00011723797378295504
GA,2040,11,21,106,0.00011723797378295399
GA,2040,11,22,106,0.00011691797738555613
GA,2040,11,23,106,0.00011691797738555613
GA,2040,11,24,106,0.00011691797738555613
GA,2040,11,25,106,6.449587187869088e-05
GA,2040,11,26,106,6.449938908401072e-05
GA,2040,11,27,106,6.449938908401072e-05
GA,2040,11,28,106,6.449938908401072e-05
GA,2040,11,29,106,6.502150800070614e-05
GA,2040,11,30,106,0.00012829492036243773
GA,2040,11,31,106,0.00012830026877019414
GA,2040,11,32,106,0.00012830561740091663
GA,2040,11,33,106,6.508740155853883e-05
GA,2040,11,34,106,0.00011834776271557144
GA,2040,11,35,106,0.00011832309716626172
GA,2040,11,36,106,0.00011832802986483476
GA,2040,11,37,106,6.509825579131351e-05
GA,2040,11,38,106,0.00011833789587889589
GA,2040,11,39,106,0.00011834282919440314
GA,2040,11,40,106,0.00011834776271557144
GA,2040,11,41,106,0.42501526852275695
GA,2040,11,42,106,0.42503298672198203
GA,2040,11,43,106,0.42505070565984765
GA,2040,11,44,106,0.42506842533638867
GA,2040,11,45,106,0.42508614575163994
GA,2040,11,46,106,0.4251038669056233
GA,2040,11,47,106,0.00011819345375550173
GA,2040,11,48,106,0.00011723797378295399
GA,2040,11,49,106,0.00011723797378295399
GA,2040,11,50,106,0.00011691610964066725
GA,2040,11,51,106,0.00011691610964066725
GA,2040,11,52,106,0.00011691610964066725
GA,2040,11,53,106,0.00011691610964066725
GA,2040,11,54,106,0.00011691797738555613
GA,2040,11,55,106,0.00011723797378295504
GA,2040,11,56,106,0.00011723797378295399
GA,2040,11,57,106,0.00011691610964066725
GA,2040,11,58,106,0.00011651557448390533
GA,2040,11,59,106,0.00011652043182978001
GA,2040,11,60,106,0.0001165252893781507
GA,2040,11,61,106,0.00011653014712902486
GA,2040,11,62,106,0.00011653500508240887
GA,2040,11,63,106,0.00011653986323831551
GA,2040,11,64,106,0.00011654472159675009
GA,2040,11,65,106,0.00011691797738555613
GA,2040,11,66,106,0.00011741389700188951
GA,2040,11,67,106,0.00011860120194315905
GA,2040,11,68,106,0.00011860120194315905
GA,2040,11,69,106,0.00011819345375550173
GA,2040,11,70,106,0.00011741389700188951
GA,2040,11,71,106,0.00011724436721579086
GA,2040,11,72,106,0.00011724436721579086
GA,2040,11,73,106,0.00011724436721579086
GA,2040,11,74,106,0.00011724436721579086
GA,2040,11,75,106,0.00011724436721579086
GA,2040,11,76,106,0.00011724436721579086
GA,2040,11,77,106,0.00011819345375550173
GA,2040,11,78,106,6.55804830506574e-05
GA,2040,11,79,106,6.974337262203464e-05
GA,2040,11,80,106,6.974628011045209e-05
GA,2040,11,81,106,6.524582162556004e-05
GA,2040,11,82,106,6.449938908401072e-05
GA,2040,11,83,106,6.43198329556167e-05
GA,2040,11,84,106,6.432251434543647e-05
GA,2040,11,85,106,6.432519584703898e-05
GA,2040,11,86,106,6.432787746043059e-05
GA,2040,11,87,106,6.449587187869088e-05
GA,2040,11,88,106,6.449938908401072e-05
GA,2040,11,89,106,6.55804830506574e-05
GA,2040,11,90,106,0.2472261023931249
GA,2040,11,91,106,0.24723640884952655
GA,2040,11,92,106,0.24724671573558815
GA,2040,11,93,106,0.24725702305132496
GA,2040,11,94,106,0.24726733079676094
GA,2040,11,95,106,0.23343577779831487
GA,2040,11,96,106,0.23135418961323018
GA,2040,11,97,106,0.4250329869681963
GA,2040,11,98,106,0.2296531957462439
GA,2040,11,99,106,0.2338253361979593
GA,2040,11,100,106,0.35474688520040804
GA,2040,11,101,106,0.44028741477065225
GA,2040,11,102,106,0.4496224252491358
GA,2040,11,103,106,0.44964116928093417
GA,2040,11,104,106,0.44965991409413514
GA,2040,11,105,106,0.22810533152240584
GA,2040,11,106,106,0.22811484086479164
GA,2040,11,107,106,0.2281243506036075
GA,2040,11,108,106,0.22813386073886865
GA,2040,11,109,106,0.22814337127059692
GA,2040,11,110,106,0.2281528821987945
GA,2040,11,111,106,0.22816239352349407
GA,2040,11,112,106,0.4454708691343484
GA,2040,11,113,106,0.45462780933231467
GA,2040,11,114,106,0.45464676203047943
GA,2040,11,115,106,0.4546657155187506
GA,2040,11,116,106,0.45468466979716093
GA,2040,11,117,106,0.4547036248657452
GA,2040,11,118,106,0.454722580724534
GA,2040,11,119,106,0.4547415373735687
GA,2040,11,120,106,0.42836956729513465
GA,2040,11,121,106,0.40801653124701465
GA,2040,11,122,106,0.44251329143869184
GA,2040,11,123,106,0.42174562685453537
GA,2040,11,124,106,0.3989890967279672
GA,2040,11,125,106,0.4250329869681963
GA,2040,11,126,106,0.4250329869681963
GA,2040,11,127,106,0.4282798596197356
GA,2040,11,128,106,0.43034319497413426
GA,2040,11,129,106,0.23211293154889573
GA,2040,11,130,106,0.22593765282006997
GA,2040,11,131,106,0.21724134944410445
GA,2040,11,132,106,0.2172504058846474
GA,2040,11,133,106,0.21725946270273902
GA,2040,11,134,106,0.2172685198983924
GA,2040,11,135,106,0.2172775774716294
GA,2040,11,136,106,0.21728663542245866
GA,2040,11,137,106,0.43293913399794376
GA,2040,11,138,106,0.43295718253030446
GA,2040,11,139,106,0.4329752318150742
GA,2040,11,140,106,0.432993281852301
GA,2040,11,141,106,0.4330113326420067
GA,2040,11,142,106,0.433029384184213
GA,2040,11,143,106,0.43304743647896143
GA,2040,11,144,106,0.43210836097466493
GA,2040,11,145,106,0.4113713896932588
GA,2040,11,146,106,0.4282798596197356
GA,2040,11,147,106,0.4250329869681963
GA,2040,11,148,106,0.4250329869681963
GA,2040,11,149,106,0.427235658285881
GA,2040,11,150,106,0.42283031565051377
GA,2040,11,151,106,0.42561952746470416
GA,2040,11,152,106,0.43320994100114013
GA,2040,11,153,106,0.4332280008230143
GA,2040,11,154,106,0.4332460613977511
GA,2040,11,155,106,0.2358345659630664
GA,2040,11,156,106,0.22950825801159966
GA,2040,11,157,106,0.21478684847458263
GA,2040,11,158,106,0.39044707729839223
GA,2040,11,159,106,0.3904633544056283
GA,2040,11,160,106,0.390479632191429
GA,2040,11,161,106,0.3904959106558271
GA,2040,11,162,106,0.4235113469288479
GA,2040,11,163,106,0.42352900243201397
GA,2040,11,164,106,0.4235466586712108
GA,2040,11,165,106,0.4235643156464644
GA,2040,11,166,106,0.00011834776271557144
GA,2040,11,167,106,0.00010981984322794062
GA,2040,21,0,106,0.0
GA,2040,21,1,106,0.47205344393331783
GA,2040,21,2,106,0.2416510495494418
GA,2040,21,3,106,0.24058773123049376
GA,2040,21,4,106,0.2405977609439367
GA,2040,21,5,106,0.26057011600593594
GA,2040,21,6,106,0.26095056798116745
GA,2040,21,7,106,0.26096144658835113
GA,2040,21,8,106,0.23293196440558858
GA,2040,21,9,106,0.23294167496249626
GA,2040,21,10,106,0.24099778402687597
GA,2040,21,11,106,0.24533869598022984
GA,2040,21,12,106,0.23857773901142615
GA,2040,21,13,106,0.23525803404099205
GA,2040,21,14,106,0.23299023381962872
GA,2040,21,15,106,0.23521836842711363
GA,2040,21,16,106,0.4250329869681963
GA,2040,21,17,106,0.42453225023637275
GA,2040,21,18,106,0.43598381409059306
GA,2040,21,19,106,0.45811810012969545
GA,2040,21,20,106,0.445981590692879
GA,2040,21,21,106,0.4246030469152124
GA,2040,21,22,106,0.42873153123102836
GA,2040,21,23,106,0.4246384496818869
GA,2040,21,24,106,0.24156563570261805
GA,2040,21,25,106,0.24156563570261805
GA,2040,21,26,106,0.23363464513283658
GA,2040,21,27,106,0.23364438498336634
GA,2040,21,28,106,0.2336541252399369
GA,2040,21,29,106,0.25283648431998335
GA,2040,21,30,106,0.25284702466413533
GA,2040,21,31,106,0.2528575654476975
GA,2040,21,32,106,0.24815533396740427
GA,2040,21,33,106,0.23135418961323018
GA,2040,21,34,106,0.24725186939345328
GA,2040,21,35,106,0.23204563840579215
GA,2040,21,36,106,0.2312647319779911
GA,2040,21,37,106,0.23135418961323018
GA,2040,21,38,106,0.23135418961323018
GA,2040,21,39,106,0.23135418961323018
GA,2040,21,40,106,0.23130329860031082
GA,2040,21,41,106,0.23131294126077315
GA,2040,21,42,106,0.23379053147543083
GA,2040,21,43,106,0.24412236300944398
GA,2040,21,44,106,0.23967704981971313
GA,2040,21,45,106,0.23364438498336634
GA,2040,21,46,106,0.23382951931007295
GA,2040,21,47,106,0.2337225195953021
GA,2040,21,48,106,0.233381116044724
GA,2040,21,49,106,0.2346867993102045
GA,2040,21,50,106,0.23555958516592299
GA,2040,21,51,106,0.23381401345448166
GA,2040,21,52,106,0.2346867993102045
GA,2040,21,53,106,0.2509849281800392
GA,2040,21,54,106,0.25099539133581034
GA,2040,21,55,106,0.25100585492778227
GA,2040,21,56,106,0.08018470523832404
GA,2040,21,57,106,0.0
GA,2040,21,58,106,2.113232809511618e-05
GA,2040,21,59,106,2.0875820009165092e-05
GA,2040,21,60,106,2.0876690288340907e-05
GA,2040,21,61,106,2.087756060379927e-05
GA,2040,21,62,106,2.0878430955536982e-05
GA,2040,21,63,106,2.0879301343560434e-05
GA,2040,21,64,106,2.0880171767868558e-05
GA,2040,21,65,106,6.536760770740012e-05
GA,2040,21,66,106,6.537033277725498e-05
GA,2040,21,67,106,7.089722818655403e-05
GA,2040,21,68,106,7.090018377734638e-05
GA,2040,21,69,106,6.537850866846315e-05
GA,2040,21,70,106,6.538123419276165e-05
GA,2040,21,71,106,6.53839598306825e-05
GA,2040,21,72,106,6.538668558223209e-05
GA,2040,21,73,106,0.21327862740756387
GA,2040,21,74,106,0.23131079301909216
GA,2040,21,75,106,0.23132043599198865
GA,2040,21,76,106,0.23133007936687713
GA,2040,21,77,106,0.23133972314378815
GA,2040,21,78,106,0.23134936732273254
GA,2040,21,79,106,0.23135901190372563
GA,2040,21,80,106,0.07390845197244164
GA,2040,21,81,106,2.103846409581795e-05
GA,2040,21,82,106,2.0874949766266495e-05
GA,2040,21,83,106,2.0875820009164025e-05
GA,2040,21,84,106,2.087669028834197e-05
GA,2040,21,85,106,2.087756060379927e-05
GA,2040,21,86,106,2.0878430955538046e-05
GA,2040,21,87,106,2.0879301343560434e-05
GA,2040,21,88,106,2.0880171767868558e-05
GA,2040,21,89,106,3.821021187992108e-05
GA,2040,21,90,106,6.537033277725498e-05
GA,2040,21,91,106,0.23496896554693877
GA,2040,21,92,106,0.23497876102313006
GA,2040,21,93,106,0.22405606573717599
GA,2040,21,94,106,0.23499835320060106
GA,2040,21,95,106,0.23500814990191565
GA,2040,21,96,106,0.22959930838462322
GA,2040,21,97,106,0.23310907084183494
GA,2040,21,98,106,0.23135418961323018
GA,2040,21,99,106,0.2350473407914257
GA,2040,21,100,106,0.23505713953495552
GA,2040,21,101,106,0.23506693868697678
GA,2040,21,102,106,0.23507673824750694
GA,2040,21,103,106,0.23508653821656778
GA,2040,21,104,106,0.2350963385941724
GA,2040,21,105,106,2.1126162315238192e-05
GA,2040,21,106,106,2.1127043030780697e-05
GA,2040,21,107,106,2.1127923783036905e-05
GA,2040,21,108,106,2.1128804572013212e-05
GA,2040,21,109,106,2.112968539770642e-05
GA,2040,21,110,106,2.1130566260121847e-05
GA,2040,21,111,106,2.113144715925737e-05
GA,2040,21,112,106,2.1132328095115116e-05
GA,2040,21,113,106,6.615701001997421e-05
GA,2040,21,114,106,0.23460822055686198
GA,2040,21,115,106,0.23461800099417932
GA,2040,21,116,106,0.2346277818392228
GA,2040,21,117,106,0.3771666157072101
GA,2040,21,118,106,0.23464734475257548
GA,2040,21,119,106,0.23465712682091522
GA,2040,21,120,106,0.23282787383746173
GA,2040,21,121,106,0.23135418961323018
GA,2040,21,122,106,0.2346864754727928
GA,2040,21,123,106,0.2346962591724318
GA,2040,21,124,106,0.23470604327993436
GA,2040,21,125,106,0.23471582779531566
GA,2040,21,126,106,0.2347256127186041
GA,2040,21,127,106,0.23473539804981056
GA,2040,21,128,106,0.07456825419759384
GA,2040,21,129,106,2.087669028834197e-05
GA,2040,21,130,106,2.0874079559648315e-05
GA,2040,21,131,106,2.0874949766266495e-05
GA,2040,21,132,106,2.0875820009164025e-05
GA,2040,21,133,106,2.087669028834197e-05
GA,2040,21,134,106,2.087756060379927e-05
GA,2040,21,135,106,2.0878430955538046e-05
GA,2040,21,136,106,2.087930134355937e-05
GA,2040,21,137,106,6.53648827511442e-05
GA,2040,21,138,106,0.2362089222932233
GA,2040,21,139,106,0.23621876946120376
GA,2040,21,140,106,0.23622861703969902
GA,2040,21,141,106,0.2362384650287221
GA,2040,21,142,106,0.23624831342829483
GA,2040,21,143,106,0.2362581622384281
GA,2040,21,144,106,0.24156563570261805
GA,2040,21,145,106,0.24156563570261805
GA,2040,21,146,106,0.24156563570261805
GA,2040,21,147,106,0.23629756158494827
GA,2040,21,148,106,0.23630741244815684
GA,2040,21,149,106,0.23631726372203496
GA,2040,21,150,106,0.2363271154065957
GA,2040,21,151,106,0.23633696750185873
GA,2040,21,152,106,0.2338518880801393
GA,2040,21,153,106,0.21651421819394912
GA,2040,21,154,106,0.2132341762675009
GA,2040,21,155,106,0.21324306565547355
GA,2040,21,156,106,0.21325195541403102
GA,2040,21,157,106,0.21326084554319075
GA,2040,21,158,106,0.21326973604296368
GA,2040,21,159,106,0.21327862691336283
GA,2040,21,160,106,0.21328751815441224
GA,2040,21,161,106,0.39185808696201846
GA,2040,21,162,106,0.28025707641041436
GA,2040,21,163,106,0.23380785260583156
GA,2040,21,164,106,0.23381759967709673
GA,2040,21,165,106,0.23382734715470577
GA,2040,21,166,106,0.23383709503867173
GA,2040,21,167,106,0.23384684332901204
GA,2040,42,0,106,0.0
GA,2040,42,1,106,0.46270837922646035
GA,2040,42,2,106,0.24990503711839152
GA,2040,42,3,106,0.24991545525525072
GA,2040,42,4,106,0.24992587382642695
GA,2040,42,5,106,0.271056470934188
GA,2040,42,6,106,0.27106777084011885
GA,2040,42,7,106,0.27107907121712865
GA,2040,42,8,106,0.07526800439035568
GA,2040,42,9,106,0.07527114219173767
GA,2040,42,10,106,0.23360055880255004
GA,2040,42,11,106,0.2533508920378804
GA,2040,42,12,106,0.23362003606757192
GA,2040,42,13,106,0.23362977530907972
GA,2040,42,14,106,0.23363951495658908
GA,2040,42,15,106,0.23364925501013925
GA,2040,42,16,106,0.25340370538599877
GA,2040,42,17,106,0.25341426937667877
GA,2040,42,18,106,0.25342483380775443
GA,2040,42,19,106,0.253435398679252
GA,2040,42,20,106,0.2534459639911714
GA,2040,42,21,106,0.2337225195953021
GA,2040,42,22,106,0.2419262693871195
GA,2040,42,23,106,0.2308240765143668
GA,2040,42,24,106,0.23083369919683144
GA,2040,42,25,106,0.23135418961323018
GA,2040,42,26,106,0.23184580957522577
GA,2040,42,27,106,0.2308625696512324
GA,2040,42,28,106,0.2308721939384185
GA,2040,42,29,106,0.23838036211362945
GA,2040,42,30,106,0.24532261595665364
GA,2040,42,31,106,0.2504127281601534
GA,2040,42,32,106,0.23192968420953017
GA,2040,42,33,106,0.23092032139299606
GA,2040,42,34,106,0.07416564417323121
GA,2040,42,35,106,0.07377138602382978
GA,2040,42,36,106,0.07377446143361358
GA,2040,42,37,106,0.07377753697160748
GA,2040,42,38,106,0.07378061263781366
GA,2040,42,39,106,0.07378368843223865
GA,2040,42,40,106,0.07378676435488683
GA,2040,42,41,106,0.24834435532458746
GA,2040,42,42,106,0.2483547083991456
GA,2040,42,43,106,0.24836506190530636
GA,2040,42,44,106,0.24074787262426156
GA,2040,42,45,106,0.23103586822104255
GA,2040,42,46,106,0.2310454997327665
GA,2040,42,47,106,0.0738082994041898
GA,2040,42,48,106,0.231064763960795
GA,2040,42,49,106,0.23135418961323018
GA,2040,42,50,106,0.07381753063493636
GA,2040,42,51,106,0.07382060796841453
GA,2040,42,52,106,0.1460001360929865
GA,2040,42,53,106,0.2403181314116213
GA,2040,42,54,106,0.24725186939345328
GA,2040,42,55,106,0.24848933765084058
GA,2040,42,56,106,0.23135418961323018
GA,2040,42,57,106,0.23115147286586468
GA,2040,42,58,106,0.23372516225434095
GA,2040,42,59,106,0.23528235280774948
GA,2040,42,60,106,0.0738483097433607
GA,2040,42,61,106,0.07385138835996675
GA,2040,42,62,106,0.0738544671049159
GA,2040,42,63,106,0.13090266937211825
GA,2040,42,64,106,0.25936714951049433
GA,2040,42,65,106,0.2593779621075175
GA,2040,42,66,106,0.2593887751552993
GA,2040,42,67,106,0.259399588653866
GA,2040,42,68,106,0.2594104026032174
GA,2040,42,69,106,0.23982858031490772
GA,2040,42,70,106,0.24364695336307549
GA,2040,42,71,106,0.23926747392982844
GA,2040,42,72,106,0.2419582174958269
GA,2040,42,73,106,0.2419582174958269
GA,2040,42,74,106,0.23925749967158716
GA,2040,42,75,106,0.23926747392982844
GA,2040,42,76,106,0.24801268555308978
GA,2040,42,77,106,0.2595077484364344
GA,2040,42,78,106,0.25951856689480274
GA,2040,42,79,106,0.2595293858041608
GA,2040,42,80,106,0.08162473850365728
GA,2040,42,81,106,0.07674510163268186
GA,2040,42,82,106,0.07674830101186017
GA,2040,42,83,106,0.1481349921138616
GA,2040,42,84,106,0.14814116762212107
GA,2040,42,85,106,0.1481473433878342
GA,2040,42,86,106,0.07676109986239536
GA,2040,42,87,106,0.076764299908513
GA,2040,42,88,106,0.1963726608048982
GA,2040,42,89,106,0.19638084726355945
GA,2040,42,90,106,0.196389034063498
GA,2040,42,91,106,0.1963972212047313
GA,2040,42,92,106,0.19640540868728548
GA,2040,42,93,106,0.08295252014229858
GA,2040,42,94,106,0.0769218698965619
GA,2040,42,95,106,0.23872351699143132
GA,2040,42,96,106,0.2387334689887965
GA,2040,42,97,106,0.23874342140105012
GA,2040,42,98,106,0.2387533742281965
GA,2040,42,99,106,0.23876332747026624
GA,2040,42,100,106,0.23877328112726798
GA,2040,42,101,106,0.25896095488169707
GA,2040,42,102,106,0.25897175054512367
GA,2040,42,103,106,0.25898254665860254
GA,2040,42,104,106,0.21318125404533605
GA,2040,42,105,106,0.06266841403202561
GA,2040,42,106,106,0.19619016307108578
GA,2040,42,107,106,0.0626736392306085
GA,2040,42,108,106,0.06267625199327602
GA,2040,42,109,106,0.06267886486486457
GA,2040,42,110,106,0.06268147784538068
GA,2040,42,111,106,0.06268409093482218
GA,2040,42,112,106,0.23554218014168612
GA,2040,42,113,106,0.23806506968464747
GA,2040,42,114,106,0.23807499423241257
GA,2040,42,115,106,0.23808491919391492
GA,2040,42,116,106,0.23809484456917412
GA,2040,42,117,106,0.23810477035820546
GA,2040,42,118,106,0.22342886328518138
GA,2040,42,119,106,0.42232449483990264
GA,2040,42,120,106,0.23299023381962872
GA,2040,42,121,106,0.21727070653957106
GA,2040,42,122,106,0.21727976420396622
GA,2040,42,123,106,0.217288822245958
GA,2040,42,124,106,0.22271301630478443
GA,2040,42,125,106,0.2356698639196964
GA,2040,42,126,106,0.23567968861520966
GA,2040,42,127,106,0.2356895137202936
GA,2040,42,128,106,0.23569933923497438
GA,2040,42,129,106,0.07113093820664494
GA,2040,42,130,106,0.06943104455812635
GA,2040,42,131,106,0.0
GA,2040,42,132,106,0.0
GA,2040,42,133,106,0.0
GA,2040,42,134,106,0.0
GA,2040,42,135,106,0.0
GA,2040,42,136,106,0.23099719179100614
GA,2040,42,137,106,0.23736890855561546
GA,2040,42,138,106,0.23737880408154977
GA,2040,42,139,106,0.23738870002001125
GA,2040,42,140,106,0.23739859637101954
GA,2040,42,141,106,0.2374084931345899
GA,2040,42,142,106,0.23135418961323018
GA,2040,42,143,106,0.23299023381962872
GA,2040,42,144,106,0.23299023381962872
GA,2040,42,145,106,0.23299023381962872
GA,2040,42,146,106,0.23299023381962872
GA,2040,42,147,106,0.23135418961323018
GA,2040,42,148,106,0.23588129187613932
GA,2040,42,149,106,0.2374876820974755
GA,2040,42,150,106,0.2374975825748871
GA,2040,42,151,106,0.237507483465033
GA,2040,42,152,106,0.23751738476793066
GA,2040,42,153,106,0.07247313440608251
GA,2040,42,154,106,0.0699665946399208
GA,2040,42,155,106,0.06996951143410612
GA,2040,42,156,106,0.06997242834988872
GA,2040,42,157,106,0.06997534538726857
GA,2040,42,158,106,0.0699782625462566
GA,2040,42,159,106,0.06998117982685496
GA,2040,42,160,106,0.23759661005224592
GA,2040,42,161,106,0.23760651507068764
GA,2040,42,162,106,0.23761642050205115
GA,2040,42,163,106,0.2376263263463561
GA,2040,42,164,106,0.2376362326036221
GA,2040,42,165,106,0.23764613927386224
GA,2040,42,166,106,0.23765604635709614
GA,2040,42,167,106,0.223668515827919
GA,2040,52,0,106,0.0
GA,2040,52,1,106,0.4637736996593123
GA,2040,52,2,106,0.2380799564028543
GA,2040,52,3,106,0.23808988157123614
GA,2040,52,4,106,0.23809980715335088
GA,2040,52,5,106,0.2381097331492661
GA,2040,52,6,106,0.24539380375922082
GA,2040,52,7,106,0.2582520712718664
GA,2040,52,8,106,0.2582628373830792
GA,2040,52,9,106,0.08250297386702535
GA,2040,52,10,106,0.05587680234621885
GA,2040,52,11,106,2.0979561179009315e-05
GA,2040,52,12,106,2.0976937585824754e-05
GA,2040,52,13,106,2.097781208042949e-05
GA,2040,52,14,106,6.510368358646794e-05
GA,2040,52,15,106,6.510639765375316e-05
GA,2040,52,16,106,7.061097801950741e-05
GA,2040,52,17,106,7.0613921676992e-05
GA,2040,52,18,106,7.061686545719272e-05
GA,2040,52,19,106,6.510639765375316e-05
GA,2040,52,20,106,6.510639765375316e-05
GA,2040,52,21,106,6.449587187869088e-05
GA,2040,52,22,106,0.0001098198432279087
GA,2040,52,23,106,0.0001098198432279087
GA,2040,52,24,106,9.60066020649891e-05
GA,2040,52,25,106,9.592597737423608e-05
GA,2040,52,26,106,6.391079709828788e-05
GA,2040,52,27,106,6.391079709828788e-05
GA,2040,52,28,106,6.389425361111091e-05
GA,2040,52,29,106,6.389425361111091e-05
GA,2040,52,30,106,6.389425361111091e-05
GA,2040,52,31,106,6.391079709828788e-05
GA,2040,52,32,106,6.399762581229661e-05
GA,2040,52,33,106,6.391079709828788e-05
GA,2040,52,34,106,6.389425361111091e-05
GA,2040,52,35,106,6.389425361111091e-05
GA,2040,52,36,106,6.389425361111091e-05
GA,2040,52,37,106,0.00011614437655529735
GA,2040,52,38,106,0.00011614437655529735
GA,2040,52,39,106,0.00011614437655529735
GA,2040,52,40,106,0.00011614437655529735
GA,2040,52,41,106,0.00011614437655529735
GA,2040,52,42,106,0.00011614437655529735
GA,2040,52,43,106,0.00011614437655529735
GA,2040,52,44,106,0.00011614437655529735
GA,2040,52,45,106,0.00011614437655529735
GA,2040,52,46,106,0.00011614437655529735
GA,2040,52,47,106,0.00011614437655529735
GA,2040,52,48,106,0.00010255579831018164
GA,2040,52,49,106,0.00010255579831018164
GA,2040,52,50,106,0.00010255579831018164
GA,2040,52,51,106,0.00010255579831018164
GA,2040,52,52,106,0.00010255579831018164
GA,2040,52,53,106,0.00010255579831018164
GA,2040,52,54,106,0.00010255579831018164
GA,2040,52,55,106,0.00010255579831018164
GA,2040,52,56,106,0.00010255579831018164
GA,2040,52,57,106,0.00010255579831018164
GA,2040,52,58,106,0.00011614437655529735
GA,2040,52,59,106,0.00011614437655529735
GA,2040,52,60,106,0.00011614437655529735
GA,2040,52,61,106,0.00010255579831018164
GA,2040,52,62,106,0.00010255579831018164
GA,2040,52,63,106,0.00010255579831018164
GA,2040,52,64,106,0.00010255579831018164
GA,2040,52,65,106,0.00011614437655529735
GA,2040,52,66,106,0.00011614437655529735
GA,2040,52,67,106,0.00011614437655529735
GA,2040,52,68,106,0.00011614437655529735
GA,2040,52,69,106,0.00011614437655529735
GA,2040,52,70,106,0.00011614437655529735
GA,2040,52,71,106,0.00011614437655529735
GA,2040,52,72,106,0.00010255579831018164
GA,2040,52,73,106,0.00010255579831018164
GA,2040,52,74,106,0.00010255579831018164
GA,2040,52,75,106,0.00010255579831018164
GA,2040,52,76,106,0.00010276424022436043
GA,2040,52,77,106,0.00011576599208783024
GA,2040,52,78,106,0.00011685244967324917
GA,2040,52,79,106,0.0001098198432279087
GA,2040,52,80,106,6.449587187869088e-05
GA,2040,52,81,106,6.43198329556167e-05
GA,2040,52,82,106,6.391079709828788e-05
GA,2040,52,83,106,6.374233237123446e-05
GA,2040,52,84,106,6.374498968598839e-05
GA,2040,52,85,106,6.37476471115222e-05
GA,2040,52,86,106,6.391079709828788e-05
GA,2040,52,87,106,6.449587187869088e-05
GA,2040,52,88,106,6.449587187869195e-05
GA,2040,52,89,106,6.449587187869195e-05
GA,2040,52,90,106,6.449587187869088e-05
GA,2040,52,91,106,6.449587187869088e-05
GA,2040,52,92,106,6.449587187869088e-05
GA,2040,52,93,106,6.449587187869088e-05
GA,2040,52,94,106,0.0001098198432279087
GA,2040,52,95,106,0.0001098198432279087
GA,2040,52,96,106,0.00011691797738555613
GA,2040,52,97,106,0.00011614437655529735
GA,2040,52,98,106,0.00011614437655529735
GA,2040,52,99,106,0.00010756080331518089
GA,2040,52,100,106,0.00011614437655529735
GA,2040,52,101,106,0.00011614437655529735
GA,2040,52,102,106,0.00011691610964066725
GA,2040,52,103,106,0.00011723797378295504
GA,2040,52,104,106,0.00011723797378295399
GA,2040,52,105,106,0.00011723797378295399
GA,2040,52,106,106,0.00011723797378295399
GA,2040,52,107,106,0.00011691610964066725
GA,2040,52,108,106,0.00011691610964066725
GA,2040,52,109,106,0.00011614437655529735
GA,2040,52,110,106,0.00011614437655529735
GA,2040,52,111,106,0.00011691610964066725
GA,2040,52,112,106,0.00011723797378295504
GA,2040,52,113,106,0.00011723797378295399
GA,2040,52,114,106,0.00011723797378295399
GA,2040,52,115,106,0.00011723797378295399
GA,2040,52,116,106,0.00011723797378295399
GA,2040,52,117,106,0.00011691797738555613
GA,2040,52,118,106,0.00011691610964066725
GA,2040,52,119,106,0.00011614437655529735
GA,2040,52,120,106,0.00011614437655529735
GA,2040,52,121,106,0.00011614437655529735
GA,2040,52,122,106,0.00011614437655529735
GA,2040,52,123,106,0.00011614437655529735
GA,2040,52,124,106,0.00011614437655529735
GA,2040,52,125,106,0.00011614437655529735
GA,2040,52,126,106,0.00011614437655529735
GA,2040,52,127,106,0.00011691610964066725
GA,2040,52,128,106,0.00011691797738555613
GA,2040,52,129,106,0.0001165252893781507
GA,2040,52,130,106,0.00011403301716432383
GA,2040,52,131,106,0.00011424193754519612
GA,2040,52,132,106,0.00011424670010682506
GA,2040,52,133,106,0.00011425146286699715
GA,2040,52,134,106,0.00011425622582571986
GA,2040,52,135,106,0.00011616374525136688
GA,2040,52,136,106,0.00011723797378295399
GA,2040,52,137,106,0.00011834776271557144
GA,2040,52,138,106,0.00011834776271557144
GA,2040,52,139,106,7.076201373719145e-05
GA,2040,52,140,106,7.07649636911108e-05
GA,2040,52,141,106,7.076791376800818e-05
GA,2040,52,142,106,7.07708639678921e-05
GA,2040,52,143,106,7.07738142907626e-05
GA,2040,52,144,106,6.528919255074873e-05
GA,2040,52,145,106,6.528919255074873e-05
GA,2040,52,146,106,6.528919255074873e-05
GA,2040,52,147,106,6.528919255074873e-05
GA,2040,52,148,106,7.07885677501326e-05
GA,2040,52,149,106,7.079151881104378e-05
GA,2040,52,150,106,7.079446999498088e-05
GA,2040,52,151,106,7.079742130194925e-05
GA,2040,52,152,106,7.080037273195314e-05
GA,2040,52,153,106,6.528919255074873e-05
GA,2040,52,154,106,6.528919255074873e-05
GA,2040,52,155,106,6.507834288151024e-05
GA,2040,52,156,106,6.508105589238266e-05
GA,2040,52,157,106,6.508376901635579e-05
GA,2040,52,158,106,6.508648225343495e-05
GA,2040,52,159,106,6.508919560362438e-05
GA,2040,52,160,106,0.24052652883797826
GA,2040,52,161,106,0.24053655600000232
GA,2040,52,162,106,0.24054658358003045
GA,2040,52,163,106,0.24055661157809535
GA,2040,52,164,106,0.24056663999421013
GA,2040,52,165,106,0.24057666882840312
GA,2040,52,166,106,0.24058669808066777
GA,2040,52,167,106,0.22212168114579256
DE,2040,11,0,106,0.0001155047876607595
DE,2040,11,1,106,0.00011684302336475179
DE,2040,11,2,106,0.00011684789436144074
DE,2040,11,3,106,0.00011685276556119526
DE,2040,11,4,106,0.00011685763696402175
DE,2040,11,5,106,0.00011691797738555613
DE,2040,11,6,106,0.00011723797378295399
DE,2040,11,7,106,0.00011723797378295399
DE,2040,11,8,106,0.00011723797378295399
DE,2040,11,9,106,0.0001098198432279087
DE,2040,11,10,106,0.00011691797738555613
DE,2040,11,11,106,0.00011691797738555613
DE,2040,11,12,106,0.00011689661549825355
DE,2040,11,13,106,0.00011690148872911303
DE,2040,11,14,106,0.00011690636216312964
DE,2040,11,15,106,0.00011691123580031084
DE,2040,11,16,106,0.00011691610964066725
DE,2040,11,17,106,0.00011692098368420528
DE,2040,11,18,106,0.00011723797378295399
DE,2040,11,19,106,0.00011723797378295504
DE,2040,11,20,106,0.00011819345375550173
DE,2040,11,21,106,0.00011819345375550173
DE,2040,11,22,106,0.00011741389700188951
DE,2040,11,23,106,0.00011723797378295399
DE,2040,11,24,106,0.00010981984322794062
DE,2040,11,25,106,6.45235929968433e-05
DE,2040,11,26,106,6.502150800070614e-05
DE,2040,11,27,106,6.502150800070614e-05
DE,2040,11,28,106,6.55804830506574e-05
DE,2040,11,29,106,0.22029459517899833
DE,2040,11,30,106,0.44136473702757334
DE,2040,11,31,106,0.4413831368096976
DE,2040,11,32,106,0.44140153735888255
DE,2040,11,33,106,0.41325996581447705
DE,2040,11,34,106,0.4365039450715834
DE,2040,11,35,106,0.41356202886480914
DE,2040,11,36,106,0.42613432262703865
DE,2040,11,37,106,0.2309579826240417
DE,2040,11,38,106,0.23115091696988344
DE,2040,11,39,106,0.40712719988389096
DE,2040,11,40,106,0.4071441723584628
DE,2040,11,41,106,0.44156717682439417
DE,2040,11,42,106,0.4415855850459082
DE,2040,11,43,106,0.4416039940348296
DE,2040,11,44,106,0.44162240379119755
DE,2040,11,45,106,0.44164081431503605
DE,2040,11,46,106,0.4416592256063779
DE,2040,11,47,106,0.44167763766525997
DE,2040,11,48,106,0.00011819345375550173
DE,2040,11,49,106,0.00011723797378295504
DE,2040,11,50,106,0.00011723797378295399
DE,2040,11,51,106,0.00011723797378295399
DE,2040,11,52,106,0.00011691797738555613
DE,2040,11,53,106,0.00011723797378295504
DE,2040,11,54,106,0.00011723797378295399
DE,2040,11,55,106,0.00011819345375550173
DE,2040,11,56,106,0.00011723797378295504
DE,2040,11,57,106,0.00011691797738555613
DE,2040,11,58,106,0.00011691610964066725
DE,2040,11,59,106,0.00011691610964066725
DE,2040,11,60,106,0.00011692098368420528
DE,2040,11,61,106,0.00011692585793093556
DE,2040,11,62,106,0.0001169307323808645
DE,2040,11,63,106,0.00011693560703399951
DE,2040,11,64,106,0.00011694048189035236
DE,2040,11,65,106,0.00011723797378295399
DE,2040,11,66,106,0.00011860120194315905
DE,2040,11,67,106,0.00011920953587583916
DE,2040,11,68,106,0.00012768713088207829
DE,2040,11,69,106,0.00011920953587583916
DE,2040,11,70,106,0.00011860120194315905
DE,2040,11,71,106,0.00011860120194315905
DE,2040,11,72,106,0.00011819345375550173
DE,2040,11,73,106,0.00011776745792963558
DE,2040,11,74,106,0.00011776745792963558
DE,2040,11,75,106,0.00011777236746450737
DE,2040,11,76,106,0.00011819345375550173
DE,2040,11,77,106,0.00011920953587583916
DE,2040,11,78,106,7.073859467011545e-05
DE,2040,11,79,106,7.074154364773189e-05
DE,2040,11,80,106,7.074449274828591e-05
DE,2040,11,81,106,4.2695418719423416e-05
DE,2040,11,82,106,4.2695418719423416e-05
DE,2040,11,83,106,6.524038198013645e-05
DE,2040,11,84,106,6.524310174615737e-05
DE,2040,11,85,106,6.524582162556004e-05
DE,2040,11,86,106,6.524854161834875e-05
DE,2040,11,87,106,6.525126172453303e-05
DE,2040,11,88,106,6.525398194411183e-05
DE,2040,11,89,106,0.22642292157141045
DE,2040,11,90,106,0.4613081898871037
DE,2040,11,91,106,0.4613274210795256
DE,2040,11,92,106,0.46134665307367057
DE,2040,11,93,106,0.46136588586955596
DE,2040,11,94,106,0.25114140240116034
DE,2040,11,95,106,0.2358909437625134
DE,2040,11,96,106,0.42547038585507274
DE,2040,11,97,106,0.4254881230273973
DE,2040,11,98,106,0.42550586093917125
DE,2040,11,99,106,0.42552359959039243
DE,2040,11,100,106,0.42554133898111973
DE,2040,11,101,106,0.4255590791113706
DE,2040,11,102,106,0.461539017116897
DE,2040,11,103,106,0.46155825793213606
DE,2040,11,104,106,0.46157749954949273
DE,2040,11,105,106,0.23167918167403836
DE,2040,11,106,106,0.2316888400044612
DE,2040,11,107,106,0.23169849873752135
DE,2040,11,108,106,0.23170815787324506
DE,2040,11,109,106,0.23171781741163225
DE,2040,11,110,106,0.23172747735271568
DE,2040,11,111,106,0.2317371376965019
DE,2040,11,112,106,0.231746798443017
DE,2040,11,113,106,0.4956985013416676
DE,2040,11,114,106,0.4957191662105643
DE,2040,11,115,106,0.49573983194093496
DE,2040,11,116,106,0.49576049853284065
DE,2040,11,117,106,0.49578116598631194
DE,2040,11,118,106,0.49580183430134883
DE,2040,11,119,106,0.4958225034780254
DE,2040,11,120,106,0.40725856373068636
DE,2040,11,121,106,0.4072755416816067
DE,2040,11,122,106,0.22406294958363265
DE,2040,11,123,106,0.32502826515214894
DE,2040,11,124,106,0.41876048974111973
DE,2040,11,125,106,0.4282798596197356
DE,2040,11,126,106,0.42613432262703865
DE,2040,11,127,106,0.42613432262703865
DE,2040,11,128,106,0.43257093360513166
DE,2040,11,129,106,0.43034319497413426
DE,2040,11,130,106,0.23876564789585175
DE,2040,11,131,106,0.22414703100172953
DE,2040,11,132,106,0.22415637532896796
DE,2040,11,133,106,0.2241657200457576
DE,2040,11,134,106,0.22417506515211374
DE,2040,11,135,106,0.4075133073251308
DE,2040,11,136,106,0.4075302958958956
DE,2040,11,137,106,0.44198594612506553
DE,2040,11,138,106,0.4420043718043955
DE,2040,11,139,106,0.4420227982518632
DE,2040,11,140,106,0.4420412254674969
DE,2040,11,141,106,0.4420596534513382
DE,2040,11,142,106,0.4420780822034044
DE,2040,11,143,106,0.4420965117237413
DE,2040,11,144,106,0.42352017468043096
DE,2040,11,145,106,0.4209060267338189
DE,2040,11,146,106,0.4273307515866787
DE,2040,11,147,106,0.4273307515866787
DE,2040,11,148,106,0.4282798596197356
DE,2040,11,149,106,0.4310740151172321
DE,2040,11,150,106,0.4250329869681963
DE,2040,11,151,106,0.42613432262703865
DE,2040,11,152,106,0.4267394024453536
DE,2040,11,153,106,0.4422808491886944
DE,2040,11,154,106,0.44229928716206546
DE,2040,11,155,106,0.24076262823280445
DE,2040,11,156,106,0.2302007592934269
DE,2040,11,157,106,0.40788721952768875
DE,2040,11,158,106,0.4079042236862496
DE,2040,11,159,106,0.4079212285536856
DE,2040,11,160,106,0.40793823413002944
DE,2040,11,161,106,0.4134853035714878
DE,2040,11,162,106,0.44244681862301644
DE,2040,11,163,106,0.4424652635153765
DE,2040,11,164,106,0.4424837091766788
DE,2040,11,165,106,0.442502155606943
DE,2040,11,166,106,0.4425206028062105
DE,2040,11,167,106,0.00011834776271557144
DE,2040,21,0,106,0.0
DE,2040,21,1,106,0.47559671647720947
DE,2040,21,2,106,0.24472125482551657
DE,2040,21,3,106,0.24473145685887304
DE,2040,21,4,106,0.24474165931753977
DE,2040,21,5,106,0.2654339442712557
DE,2040,21,6,106,0.2654450097831433
DE,2040,21,7,106,0.26545607575632907
DE,2040,21,8,106,0.23559884722240887
DE,2040,21,9,106,0.2356086689573468
DE,2040,21,10,106,0.24663445387911345
DE,2040,21,11,106,0.2515428871575769
DE,2040,21,12,106,0.23876332760857763
DE,2040,21,13,106,0.24186887144299093
DE,2040,21,14,106,0.23565778377416652
DE,2040,21,15,106,0.23809484456917412
DE,2040,21,16,106,0.4282798596197356
DE,2040,21,17,106,0.42810135735485155
DE,2040,21,18,106,0.4568023111289539
DE,2040,21,19,106,0.4643155942805634
DE,2040,21,20,106,0.4633824991441857
DE,2040,21,21,106,0.4282798596197356
DE,2040,21,22,106,0.4293839709209373
DE,2040,21,23,106,0.37864040273204613
DE,2040,21,24,106,0.37941098814989227
DE,2040,21,25,106,0.3801816056921973
DE,2040,21,26,106,0.38095225536029553
DE,2040,21,27,106,0.23560866882086465
DE,2040,21,28,106,0.235618490965249
DE,2040,21,29,106,0.2555394352336369
DE,2040,21,30,106,0.2555500882594403
DE,2040,21,31,106,0.2555607417293524
DE,2040,21,32,106,0.2528735246300494
DE,2040,21,33,106,0.23332134182095807
DE,2040,21,34,106,0.25289460884612813
DE,2040,21,35,106,0.24160912994078063
DE,2040,21,36,106,0.23191154206428674
DE,2040,21,37,106,0.23192121008143987
DE,2040,21,38,106,0.23193087850162936
DE,2040,21,39,106,0.23364438498336634
DE,2040,21,40,106,0.23328820703470057
DE,2040,21,41,106,0.23381760021888492
DE,2040,21,42,106,0.23382734769651572
DE,2040,21,43,106,0.2515819923269764
DE,2040,21,44,106,0.24725186939345328
DE,2040,21,45,106,0.23364438498336634
DE,2040,21,46,106,0.23386634167077627
DE,2040,21,47,106,0.23362942897928815
DE,2040,21,48,106,0.2337225195953021
DE,2040,21,49,106,0.2356086689573468
DE,2040,21,50,106,0.23613538677118068
DE,2040,21,51,106,0.23231634220208164
DE,2040,21,52,106,0.2335247643508743
DE,2040,21,53,106,0.2510244520929428
DE,2040,21,54,106,0.25103491689640245
DE,2040,21,55,106,0.25104538213612837
DE,2040,21,56,106,0.07845080778480965
DE,2040,21,57,106,0.06990949460322186
DE,2040,21,58,106,0.06991240901699325
DE,2040,21,59,106,0.06991532355226161
DE,2040,21,60,106,0.0699182382090422
DE,2040,21,61,106,0.06992115298732411
DE,2040,21,62,106,0.0699240678871139
DE,2040,21,63,106,0.06992698290842682
DE,2040,21,64,106,0.06992989805126068
DE,2040,21,65,106,0.21892301431484815
DE,2040,21,66,106,0.2374323984865553
DE,2040,21,67,106,0.23744229665928118
DE,2040,21,68,106,0.23745219524464542
DE,2040,21,69,106,0.22983657472208946
DE,2040,21,70,106,0.23364438498336634
DE,2040,21,71,106,0.2305816091342325
DE,2040,21,72,106,0.22677379887295562
DE,2040,21,73,106,0.23364438498336634
DE,2040,21,74,106,0.23364438498336634
DE,2040,21,75,106,0.22586045508096564
DE,2040,21,76,106,0.23753139878462273
DE,2040,21,77,106,0.23754130108451285
DE,2040,21,78,106,0.2375512037972092
DE,2040,21,79,106,0.23756110692273796
DE,2040,21,80,106,0.23757101046111004
DE,2040,21,81,106,0.07182109702827945
DE,2040,21,82,106,0.07589606066315553
DE,2040,21,83,106,0.0699853088611294
DE,2040,21,84,106,0.0699882264354768
DE,2040,21,85,106,0.06999114413145634
DE,2040,21,86,106,0.06999406194906585
DE,2040,21,87,106,0.06999697988831623
DE,2040,21,88,106,0.06999989794920965
DE,2040,21,89,106,0.21914215647131938
DE,2040,21,90,106,0.2376700685551117
DE,2040,21,91,106,0.2376799766359158
DE,2040,21,92,106,0.23768988512977257
DE,2040,21,93,106,0.23248319130335862
DE,2040,21,94,106,0.23770970335670935
DE,2040,21,95,106,0.23246337307641748
DE,2040,21,96,106,0.23135418961323018
DE,2040,21,97,106,0.23469133566168643
DE,2040,21,98,106,0.23344371513578888
DE,2040,21,99,106,0.23135418961323018
DE,2040,21,100,106,0.23776916795257494
DE,2040,21,101,106,0.23777908016467714
DE,2040,21,102,106,0.23778899278999985
DE,2040,21,103,106,0.2377989058285649
DE,2040,21,104,106,0.23780881928038747
DE,2040,21,105,106,0.07330097636008354
DE,2040,21,106,106,0.23782864742387735
DE,2040,21,107,106,0.07005536422535373
DE,2040,21,108,106,0.07005828472019826
DE,2040,21,109,106,0.07006120533679266
DE,2040,21,110,106,0.07006412607514348
DE,2040,21,111,106,0.07006704693525291
DE,2040,21,112,106,0.07006996791712967
DE,2040,21,113,106,0.23246076374422475
DE,2040,21,114,106,0.23790797653164128
DE,2040,21,115,106,0.23791789453044618
DE,2040,21,116,106,0.43249550527015973
DE,2040,21,117,106,0.4318315480436969
DE,2040,21,118,106,0.23794765100772328
DE,2040,21,119,106,0.23510973189181078
DE,2040,21,120,106,0.23233530729879343
DE,2040,21,121,106,0.4270888522646588
DE,2040,21,122,106,0.3481992107009854
DE,2040,21,123,106,0.2365286914497692
DE,2040,21,124,106,0.23508653821656778
DE,2040,21,125,106,0.23801709726193626
DE,2040,21,126,106,0.23802701980980787
DE,2040,21,127,106,0.23803694277133602
DE,2040,21,128,106,0.23804686614653603
DE,2040,21,129,106,0.06948852182560511
DE,2040,21,130,106,0.0753635996470007
DE,2040,21,131,106,0.06938462865914734
DE,2040,21,132,106,0.06938752119210956
DE,2040,21,133,106,0.06939041384565739
DE,2040,21,134,106,0.069393306619793
DE,2040,21,135,106,0.06939619951452292
DE,2040,21,136,106,0.0693990925298559
DE,2040,21,137,106,0.23562033630460685
DE,2040,21,138,106,0.238144062977313
DE,2040,21,139,106,0.2381539908181812
DE,2040,21,140,106,0.23816391907292617
DE,2040,21,141,106,0.238173847741561
DE,2040,21,142,106,0.2381837768241075
DE,2040,21,143,106,0.23717928909331212
DE,2040,21,144,106,0.2344283493516168
DE,2040,21,145,106,0.40577574090475443
DE,2040,21,146,106,0.4275703871837758
DE,2040,21,147,106,0.3358755085462852
DE,2040,21,148,106,0.43220503529711957
DE,2040,21,149,106,0.4330871478549687
DE,2040,21,150,106,0.23826322438731162
DE,2040,21,151,106,0.23827315719582617
DE,2040,21,152,106,0.23828309041842247
DE,2040,21,153,106,0.21972570820679196
DE,2040,21,154,106,0.2344283493516168
DE,2040,21,155,106,0.2356086689573468
DE,2040,21,156,106,0.22108638004683723
DE,2040,21,157,106,0.21976235053582202
DE,2040,21,158,106,0.21977151207282275
DE,2040,21,159,106,0.3995083738678537
DE,2040,21,160,106,0.3995250287258897
DE,2040,21,161,106,0.39954168427824077
DE,2040,21,162,106,0.238382445422737
DE,2040,21,163,106,0.23839238320138345
DE,2040,21,164,106,0.23840232139431874
DE,2040,21,165,106,0.23841226000156251
DE,2040,21,166,106,0.23842219902313003
DE,2040,21,167,106,0.23745007468282986
DE,2040,42,0,106,0.0
DE,2040,42,1,106,0.4035329793174628
DE,2040,42,2,106,0.2905295895222256
DE,2040,42,3,106,0.29054170123097356
DE,2040,42,4,106,0.29055381344465186
DE,2040,42,5,106,0.3151193995363297
DE,2040,42,6,106,0.31513253635449495
DE,2040,42,7,106,0.31514567372031993
DE,2040,42,8,106,0.07913736150942066
DE,2040,42,9,106,0.07679745932688366
DE,2040,42,10,106,0.0768006608887689
DE,2040,42,11,106,0.08329396147427148
DE,2040,42,12,106,0.07680706441294628
DE,2040,42,13,106,0.07681026637525369
DE,2040,42,14,106,0.07681346847104534
DE,2040,42,15,106,0.07681667070032776
DE,2040,42,16,106,0.08331132487468718
DE,2040,42,17,106,0.08331479798909129
DE,2040,42,18,106,0.08331827124828448
DE,2040,42,19,106,0.08332174465227979
DE,2040,42,20,106,0.08332521820106419
DE,2040,42,21,106,0.24476951376838382
DE,2040,42,22,106,0.23762343585186335
DE,2040,42,23,106,0.23130597173363882
DE,2040,42,24,106,0.23135418961323018
DE,2040,42,25,106,0.23299023381962872
DE,2040,42,26,106,0.23299023381962872
DE,2040,42,27,106,0.23134454523326034
DE,2040,42,28,106,0.23135418961323018
DE,2040,42,29,106,0.24281629177166125
DE,2040,42,30,106,0.24725186939345328
DE,2040,42,31,106,0.2509355189295021
DE,2040,42,32,106,0.24356821985740448
DE,2040,42,33,106,0.16224859850147877
DE,2040,42,34,106,0.24013204837116867
DE,2040,42,35,106,0.07392539975923078
DE,2040,42,36,106,0.07392848158959897
DE,2040,42,37,106,0.07393156354843888
DE,2040,42,38,106,0.07393464563576581
DE,2040,42,39,106,0.07393772785157754
DE,2040,42,40,106,0.1244928592306108
DE,2040,42,41,106,0.2510401495162643
DE,2040,42,42,106,0.2510506149741288
DE,2040,42,43,106,0.2510610808682791
DE,2040,42,44,106,0.24978780255871572
DE,2040,42,45,106,0.23151820560134145
DE,2040,42,46,106,0.2315278572209324
DE,2040,42,47,106,0.23153750924288163
DE,2040,42,48,106,0.23154716166720657
DE,2040,42,49,106,0.23155681449392687
DE,2040,42,50,106,0.23156646772305775
DE,2040,42,51,106,0.2315761213546145
DE,2040,42,52,106,0.23158577538861894
DE,2040,42,53,106,0.244030740639685
DE,2040,42,54,106,0.25047299814722157
DE,2040,42,55,106,0.2511867056351408
DE,2040,42,56,106,0.23723697877368558
DE,2040,42,57,106,0.23163405159588368
DE,2040,42,58,106,0.23819172400290126
DE,2040,42,59,106,0.23819172400290126
DE,2040,42,60,106,0.23166302215064977
DE,2040,42,61,106,0.07465305000243759
DE,2040,42,62,106,0.07465616216736634
DE,2040,42,63,106,0.07465927446203793
DE,2040,42,64,106,0.2668283209207427
DE,2040,42,65,106,0.26683944456193387
DE,2040,42,66,106,0.2668505686668608
DE,2040,42,67,106,0.2668616932355235
DE,2040,42,68,106,0.26687281826795245
DE,2040,42,69,106,0.24608888063395257
DE,2040,42,70,106,0.24609913968141545
DE,2040,42,71,106,0.24610939915656946
DE,2040,42,72,106,0.24611965905941896
DE,2040,42,73,106,0.2461299193899901
DE,2040,42,74,106,0.24614018014830036
DE,2040,42,75,106,0.24615044133435843
DE,2040,42,76,106,0.24616070294819264
DE,2040,42,77,106,0.26697296443246704
DE,2040,42,78,106,0.2669840941036187
DE,2040,42,79,106,0.26699522423873717
DE,2040,42,80,106,0.08529256563271875
DE,2040,42,81,106,0.07865001815913548
DE,2040,42,82,106,0.0786532969512
DE,2040,42,83,106,0.07865657587995378
DE,2040,42,84,106,0.0786598549454012
DE,2040,42,85,106,0.07866313414755097
DE,2040,42,86,106,0.07866641348639872
DE,2040,42,87,106,0.0786696929619619
DE,2040,42,88,106,0.293469146252731
DE,2040,42,89,106,0.2934813805068462
DE,2040,42,90,106,0.293493615270998
DE,2040,42,91,106,0.2935058505451906
DE,2040,42,92,106,0.29351808632945464
DE,2040,42,93,106,0.29064996779301794
DE,2040,42,94,106,0.07775476323773789
DE,2040,42,95,106,0.07693309412856039
DE,2040,42,96,106,0.23875835088381087
DE,2040,42,97,106,0.2387683043333575
DE,2040,42,98,106,0.23877825819782747
DE,2040,42,99,106,0.2387882124772687
DE,2040,42,100,106,0.23879816717168778
DE,2040,42,101,106,0.2578352146920691
DE,2040,42,102,106,0.2589987417664896
DE,2040,42,103,106,0.25900953900518847
DE,2040,42,104,106,0.22876583443442022
DE,2040,42,105,106,0.22138811238641526
DE,2040,42,106,106,0.22139734169880046
DE,2040,42,107,106,0.22140657139594025
DE,2040,42,108,106,0.22141580147785203
DE,2040,42,109,106,0.22142503194455107
DE,2040,42,110,106,0.2214342627960483
DE,2040,42,111,106,0.22144349403236988
DE,2040,42,112,106,0.23838330938938393
DE,2040,42,113,106,0.24273839334665626
DE,2040,42,114,106,0.24274851271772965
DE,2040,42,115,106,0.2427586325106575
DE,2040,42,116,106,0.2427687527254682
DE,2040,42,117,106,0.24277887336217477
DE,2040,42,118,106,0.22387136155351114
DE,2040,42,119,106,0.40696122425634795
DE,2040,42,120,106,0.2338224739577025
DE,2040,42,121,106,0.2338224739577025
DE,2040,42,122,106,0.22998700679230788
DE,2040,42,123,106,0.22461805133958315
DE,2040,42,124,106,0.22156353513038948
DE,2040,42,125,106,0.24029616862260103
DE,2040,42,126,106,0.24030618618126928
DE,2040,42,127,106,0.2403162041575579
DE,2040,42,128,106,0.24032622255147992
DE,2040,42,129,106,0.2238708118657535
DE,2040,42,130,106,0.0767762595710303
DE,2040,42,131,106,0.07079695826544076
DE,2040,42,132,106,0.07079990967613661
DE,2040,42,133,106,0.07080286120988179
DE,2040,42,134,106,0.07080581286666542
DE,2040,42,135,106,0.07080876464649401
DE,2040,42,136,106,0.23979661556321974
DE,2040,42,137,106,0.24041640689313193
DE,2040,42,138,106,0.24042642946434536
DE,2040,42,139,106,0.24043645245337755
DE,2040,42,140,106,0.24044647586025683
DE,2040,42,141,106,0.24045649968499194
DE,2040,42,142,106,0.23135418961323018
DE,2040,42,143,106,0.23361830404494194
DE,2040,42,144,106,0.23299023381962872
DE,2040,42,145,106,0.2337225195953021
DE,2040,42,146,106,0.2337225195953021
DE,2040,42,147,106,0.23299023381962872
DE,2040,42,148,106,0.23320109546540954
DE,2040,42,149,106,0.24053670532792562
DE,2040,42,150,106,0.24054673291418502
DE,2040,42,151,106,0.24055676091847686
DE,2040,42,152,106,0.24056678934081857
DE,2040,42,153,106,0.22910775120372903
DE,2040,42,154,106,0.07148487451265861
DE,2040,42,155,106,0.07148785460147256
DE,2040,42,156,106,0.0714908348145241
DE,2040,42,157,106,0.221868547170341
DE,2040,42,158,106,0.22187779651127185
DE,2040,42,159,106,0.22188704623779668
DE,2040,42,160,106,0.24064703177149915
DE,2040,42,161,106,0.24065706395708977
DE,2040,42,162,106,0.2406670965609047
DE,2040,42,163,106,0.24067712958296134
DE,2040,42,164,106,0.24068716302327933
DE,2040,42,165,106,0.24069719688187394
DE,2040,42,166,106,0.23031788878858406
DE,2040,42,167,106,0.23015247311544834
DE,2040,52,0,106,0.0
DE,2040,52,1,106,0.47312869491497805
DE,2040,52,2,106,0.23817682977867174
DE,2040,52,3,106,0.23818675898553215
DE,2040,52,4,106,0.2381966886063282
DE,2040,52,5,106,0.23820661864107295
DE,2040,52,6,106,0.2382165490897839
DE,2040,52,7,106,0.2583571525661327
DE,2040,52,8,106,0.2583679230580127
DE,2040,52,9,106,0.24037254836487354
DE,2040,52,10,106,0.06987081846719177
DE,2040,52,11,106,0.06987373126862154
DE,2040,52,12,106,0.06987664419148287
DE,2040,52,13,106,0.06987955723577358
DE,2040,52,14,106,0.06988247040150894
DE,2040,52,15,106,0.06988538368868892
DE,2040,52,16,106,0.2352134655926143
DE,2040,52,17,106,0.235223271261613
DE,2040,52,18,106,0.23523307733939747
DE,2040,52,19,106,0.23524288382598083
DE,2040,52,20,106,0.2306915976205215
DE,2040,52,21,106,6.510639765375316e-05
DE,2040,52,22,106,6.449587187869088e-05
DE,2040,52,23,106,0.0001098198432279087
DE,2040,52,24,106,0.0001098198432279087
DE,2040,52,25,106,9.60066020649891e-05
DE,2040,52,26,106,9.592597737423608e-05
DE,2040,52,27,106,9.592597737423608e-05
DE,2040,52,28,106,9.592597737423608e-05
DE,2040,52,29,106,9.592597737423608e-05
DE,2040,52,30,106,9.592597737423608e-05
DE,2040,52,31,106,9.592597737423608e-05
DE,2040,52,32,106,9.592597737423608e-05
DE,2040,52,33,106,9.592597737423608e-05
DE,2040,52,34,106,9.592597737423608e-05
DE,2040,52,35,106,6.399762581229661e-05
DE,2040,52,36,106,6.389425361111091e-05
DE,2040,52,37,106,6.389425361111091e-05
DE,2040,52,38,106,0.00011614437655529735
DE,2040,52,39,106,0.00011614437655529735
DE,2040,52,40,106,0.00011614437655529735
DE,2040,52,41,106,0.00011691610964066725
DE,2040,52,42,106,0.0001165252893781507
DE,2040,52,43,106,0.00011614437655529735
DE,2040,52,44,106,0.00011614437655529735
DE,2040,52,45,106,0.00011614437655529735
DE,2040,52,46,106,0.00011614437655529735
DE,2040,52,47,106,0.00011614437655529735
DE,2040,52,48,106,0.00011614437655529735
DE,2040,52,49,106,0.00010255579831018164
DE,2040,52,50,106,0.00010255579831018164
DE,2040,52,51,106,0.00010276424022436043
DE,2040,52,52,106,0.00010297269082814533
DE,2040,52,53,106,0.00010318115012189937
DE,2040,52,54,106,0.00010338961810598451
DE,2040,52,55,106,0.00011614437655529735
DE,2040,52,56,106,0.00011614437655529735
DE,2040,52,57,106,0.00011614437655529735
DE,2040,52,58,106,0.00011614437655529735
DE,2040,52,59,106,0.00011614437655529735
DE,2040,52,60,106,0.00011614437655529735
DE,2040,52,61,106,0.00011614437655529735
DE,2040,52,62,106,0.00011614437655529735
DE,2040,52,63,106,0.00010526622108741479
DE,2040,52,64,106,0.00011614437655529735
DE,2040,52,65,106,0.00011614437655529735
DE,2040,52,66,106,0.00011614437655529735
DE,2040,52,67,106,0.00011691610964066725
DE,2040,52,68,106,0.00011691610964066725
DE,2040,52,69,106,0.00011691610964066725
DE,2040,52,70,106,0.00011691797738555613
DE,2040,52,71,106,0.00011614437655529735
DE,2040,52,72,106,0.00011614437655529735
DE,2040,52,73,106,0.00011576599208783024
DE,2040,52,74,106,0.00011576599208783024
DE,2040,52,75,106,0.00011597498471362277
DE,2040,52,76,106,0.00011614437655529735
DE,2040,52,77,106,0.00011614437655529735
DE,2040,52,78,106,0.00011723797378295399
DE,2040,52,79,106,6.449587187869088e-05
DE,2040,52,80,106,6.449938908401072e-05
DE,2040,52,81,106,6.449587187869088e-05
DE,2040,52,82,106,6.449587187869088e-05
DE,2040,52,83,106,5.0682630715771304e-05
DE,2040,52,84,106,6.43198329556167e-05
DE,2040,52,85,106,6.43198329556167e-05
DE,2040,52,86,106,6.449587187869088e-05
DE,2040,52,87,106,6.449587187869088e-05
DE,2040,52,88,106,6.449587187869195e-05
DE,2040,52,89,106,6.449938908401072e-05
DE,2040,52,90,106,6.510639765375316e-05
DE,2040,52,91,106,6.510639765375316e-05
DE,2040,52,92,106,6.502150800070614e-05
DE,2040,52,93,106,6.449587187869195e-05
DE,2040,52,94,106,6.449587187869088e-05
DE,2040,52,95,106,0.0001098198432279087
DE,2040,52,96,106,0.00011723797378295504
DE,2040,52,97,106,0.00011691797738555613
DE,2040,52,98,106,0.00011691610964066725
DE,2040,52,99,106,0.0001165252893781507
DE,2040,52,100,106,0.0001165252893781507
DE,2040,52,101,106,0.00011691610964066725
DE,2040,52,102,106,0.00011723797378295504
DE,2040,52,103,106,0.00011723797378295399
DE,2040,52,104,106,0.00011723797378295399
DE,2040,52,105,106,0.00011723797378295399
DE,2040,52,106,106,0.00010981984322794062
DE,2040,52,107,106,0.00011723797378295399
DE,2040,52,108,106,0.00011723797378295399
DE,2040,52,109,106,0.00011691797738555613
DE,2040,52,110,106,0.00011691797738555613
DE,2040,52,111,106,0.00011723797378295399
DE,2040,52,112,106,0.00011723797378295399
DE,2040,52,113,106,0.00011723797378295399
DE,2040,52,114,106,0.00011723797378295399
DE,2040,52,115,106,0.00011723797378295399
DE,2040,52,116,106,0.00011723797378295399
DE,2040,52,117,106,0.00011723797378295504
DE,2040,52,118,106,0.00011723797378295399
DE,2040,52,119,106,0.00011691610964066725
DE,2040,52,120,106,0.0001165252893781507
DE,2040,52,121,106,0.00011617292651054142
DE,2040,52,122,106,0.00011617776957197687
DE,2040,52,123,106,0.0001161826128353111
DE,2040,52,124,106,0.00011618745630055366
DE,2040,52,125,106,0.00011619229996771205
DE,2040,52,126,106,0.00011691610964066725
DE,2040,52,127,106,0.00011691797738555613
DE,2040,52,128,106,0.00011723797378295504
DE,2040,52,129,106,0.00011691797738555613
DE,2040,52,130,106,0.00011691610964066725
DE,2040,52,131,106,0.00011622136621138076
DE,2040,52,132,106,0.00011622621129219038
DE,2040,52,133,106,0.0001162310565749818
DE,2040,52,134,106,0.00011623590205976356
DE,2040,52,135,106,0.00011691610964066725
DE,2040,52,136,106,0.00011723797378295399
DE,2040,52,137,106,0.42613339974320563
DE,2040,52,138,106,0.42615116455551366
DE,2040,52,139,106,0.23510563020836467
DE,2040,52,140,106,0.23511543138187962
DE,2040,52,141,106,0.33966134446696983
DE,2040,52,142,106,0.42741890698563756
DE,2040,52,143,106,0.4274367253886632
DE,2040,52,144,106,0.34469971087232837
DE,2040,52,145,106,0.227875772050565
DE,2040,52,146,106,0.22965790983590267
DE,2040,52,147,106,0.22931792528376643
DE,2040,52,148,106,0.23484248872471167
DE,2040,52,149,106,0.356080815325801
DE,2040,52,150,106,0.2352134655926121
DE,2040,52,151,106,0.235223271261613
DE,2040,52,152,106,0.23523307733939747
DE,2040,52,153,106,0.23480326604868634
DE,2040,52,154,106,0.22867588722365573
DE,2040,52,155,106,0.21693131470445826
DE,2040,52,156,106,0.21694035822015267
DE,2040,52,157,106,0.21694940211285726
DE,2040,52,158,106,0.21695844638258943
DE,2040,52,159,106,0.2169674910293645
DE,2040,52,160,106,0.44169225072735957
DE,2040,52,161,106,0.44171066416301547
DE,2040,52,162,106,0.4417290783662793
DE,2040,52,163,106,0.4417474933372033
DE,2040,52,164,106,0.44176590907582686
DE,2040,52,165,106,0.44178432558216735
DE,2040,52,166,106,0.44180274285626403
DE,2040,52,167,106,0.22103762294856308
GA,2050,11,0,106,0.0
GA,2050,11,1,106,0.000174707801222855
GA,2050,11,2,106,0.00017471508450855587
GA,2050,11,3,106,0.00017472236809788633
GA,2050,11,4,106,0.0001747296519908591
GA,2050,11,5,106,0.00017537416446100035
GA,2050,11,6,106,0.00017585696067443096
GA,2050,11,7,106,0.00017585696067443096
GA,2050,11,8,106,0.00017585696067443096
GA,2050,11,9,106,0.00014400990309748312
GA,2050,11,10,106,0.00017537696607833314
GA,2050,11,11,106,0.00017537416446100035
GA,2050,11,12,106,0.00017478793406722554
GA,2050,11,13,106,0.00017479522069353622
GA,2050,11,14,106,0.00017480250762361385
GA,2050,11,15,106,0.00017480979485747219
GA,2050,11,16,106,0.00017481708239512405
GA,2050,11,17,106,0.00017537416446100035
GA,2050,11,18,106,0.00017585696067443096
GA,2050,11,19,106,0.00017585696067443096
GA,2050,11,20,106,0.00017612084550283532
GA,2050,11,21,106,0.00017612084550283532
GA,2050,11,22,106,0.00017585696067443096
GA,2050,11,23,106,0.00017585696067443096
GA,2050,11,24,106,0.00016472976484186198
GA,2050,11,25,106,9.674908362601821e-05
GA,2050,11,26,106,9.674908362601821e-05
GA,2050,11,27,106,9.718073376341324e-05
GA,2050,11,28,106,9.753226200105815e-05
GA,2050,11,29,106,9.837072457598504e-05
GA,2050,11,30,106,0.650967128127092
GA,2050,11,31,106,0.6509942658939383
GA,2050,11,32,106,0.6510214047921181
GA,2050,11,33,106,0.5821552486828064
GA,2050,11,34,106,0.6510756859826571
GA,2050,11,35,106,0.6194848380586292
GA,2050,11,36,106,0.6352802620206409
GA,2050,11,37,106,0.3303078913712036
GA,2050,11,38,106,0.3303216613730368
GA,2050,11,39,106,0.6004703182127735
GA,2050,11,40,106,0.6004953508492752
GA,2050,11,41,106,0.6512657057933547
GA,2050,11,42,106,0.6512928560074253
GA,2050,11,43,106,0.6513200073533482
GA,2050,11,44,106,0.6513471598311672
GA,2050,11,45,106,0.6513743134409214
GA,2050,11,46,106,0.6514014681826678
GA,2050,11,47,106,0.6155562162636483
GA,2050,11,48,106,0.00017612084550283532
GA,2050,11,49,106,0.00017585696067443096
GA,2050,11,50,106,0.00017537696607833314
GA,2050,11,51,106,0.00017537696607833314
GA,2050,11,52,106,0.00017537696607833314
GA,2050,11,53,106,0.00017537696607833314
GA,2050,11,54,106,0.00017585696067443096
GA,2050,11,55,106,0.00017585696067443096
GA,2050,11,56,106,0.00017585696067443096
GA,2050,11,57,106,0.00017537696607833314
GA,2050,11,58,106,0.00017537416446100035
GA,2050,11,59,106,0.00017536234462845246
GA,2050,11,60,106,0.0001753696552010106
GA,2050,11,61,106,0.0001753769660783342
GA,2050,11,62,106,0.0001753842772604361
GA,2050,11,63,106,0.0001753915887473301
GA,2050,11,64,106,0.00017539890053902793
GA,2050,11,65,106,0.00017585696067443096
GA,2050,11,66,106,0.0001772901806332526
GA,2050,11,67,106,0.00017802005977154406
GA,2050,11,68,106,0.00017802005977154406
GA,2050,11,69,106,0.00017790180291473752
GA,2050,11,70,106,0.00017790180291473752
GA,2050,11,71,106,0.0001772901806332526
GA,2050,11,72,106,0.00017612084550283532
GA,2050,11,73,106,0.00017586655082368682
GA,2050,11,74,106,0.00017612084550283532
GA,2050,11,75,106,0.0001766511868944539
GA,2050,11,76,106,0.0001766511868944539
GA,2050,11,77,106,0.00017790180291473752
GA,2050,11,78,106,0.0001049027305421002
GA,2050,11,79,106,0.00010490710376729069
GA,2050,11,80,106,0.00010491147717479458
GA,2050,11,81,106,6.404312807913672e-05
GA,2050,11,82,106,9.786873243833954e-05
GA,2050,11,83,106,9.674908362601821e-05
GA,2050,11,84,106,9.67531169388546e-05
GA,2050,11,85,106,9.675715041983456e-05
GA,2050,11,86,106,9.676118406896235e-05
GA,2050,11,87,106,9.676521788624758e-05
GA,2050,11,88,106,9.787281242752577e-05
GA,2050,11,89,106,0.23284281050589437
GA,2050,11,90,106,0.5147576087806749
GA,2050,11,91,106,0.5147790681929383
GA,2050,11,92,106,0.5148005284998032
GA,2050,11,93,106,0.5148219897013174
GA,2050,11,94,106,0.37614446060700124
GA,2050,11,95,106,0.6492733536159006
GA,2050,11,96,106,0.6243588869463808
GA,2050,11,97,106,0.6375494804522955
GA,2050,11,98,106,0.6266524479412161
GA,2050,11,99,106,0.4653025327240207
GA,2050,11,100,106,0.474846635922189
GA,2050,11,101,106,0.6373767476740976
GA,2050,11,102,106,0.6871823345973397
GA,2050,11,103,106,0.6872109821175879
GA,2050,11,104,106,0.6864630979220362
GA,2050,11,105,106,0.346995119050319
GA,2050,11,106,106,0.3470095847156811
GA,2050,11,107,106,0.3470240509840999
GA,2050,11,108,106,0.3470385178555928
GA,2050,11,109,106,0.3470529853301859
GA,2050,11,110,106,0.3470674534079012
GA,2050,11,111,106,0.347081922088769
GA,2050,11,112,106,0.3470963913728112
GA,2050,11,113,106,0.7173131414301392
GA,2050,11,114,106,0.7173430450549982
GA,2050,11,115,106,0.7173729499264893
GA,2050,11,116,106,0.7174028560446646
GA,2050,11,117,106,0.7174327634095676
GA,2050,11,118,106,0.7174626720212685
GA,2050,11,119,106,0.717492581879806
GA,2050,11,120,106,0.6071529583293352
GA,2050,11,121,106,0.607178269554296
GA,2050,11,122,106,0.34948535072944087
GA,2050,11,123,106,0.6352802620206409
GA,2050,11,124,106,0.6313590401007294
GA,2050,11,125,106,0.6392014839405569
GA,2050,11,126,106,0.6375494804522955
GA,2050,11,127,106,0.6408534874288182
GA,2050,11,128,106,0.6455147924612036
GA,2050,11,129,106,0.5266458709137424
GA,2050,11,130,106,0.356306691685657
GA,2050,11,131,106,0.3341649386737802
GA,2050,11,132,106,0.3341788694696782
GA,2050,11,133,106,0.33419280084631964
GA,2050,11,134,106,0.33420673280374386
GA,2050,11,135,106,0.6075327375181855
GA,2050,11,136,106,0.6075580645755321
GA,2050,11,137,106,0.658925554005734
GA,2050,11,138,106,0.6589530235464965
GA,2050,11,139,106,0.6589804942324113
GA,2050,11,140,106,0.6590079660635395
GA,2050,11,141,106,0.6590354390399201
GA,2050,11,142,106,0.6590629131615969
GA,2050,11,143,106,0.6590903884286353
GA,2050,11,144,106,0.6352802620206409
GA,2050,11,145,106,0.6313590401007294
GA,2050,11,146,106,0.6409961273800148
GA,2050,11,147,106,0.6392014839405569
GA,2050,11,148,106,0.6392014839405569
GA,2050,11,149,106,0.6424197894296001
GA,2050,11,150,106,0.6359831784515093
GA,2050,11,151,106,0.6375494804522955
GA,2050,11,152,106,0.6453834660499406
GA,2050,11,153,106,0.6593652041038557
GA,2050,11,154,106,0.6593926919729106
GA,2050,11,155,106,0.3589359561837464
GA,2050,11,156,106,0.3472338494258453
GA,2050,11,157,106,0.3292183716183625
GA,2050,11,158,106,0.5984647193449291
GA,2050,11,159,106,0.5984896683712664
GA,2050,11,160,106,0.5985146184376832
GA,2050,11,161,106,0.6382281792918666
GA,2050,11,162,106,0.6491445681522342
GA,2050,11,163,106,0.6491716299395056
GA,2050,11,164,106,0.6491986928549404
GA,2050,11,165,106,0.6492257568985822
GA,2050,11,166,106,0.6491716288112986
GA,2050,11,167,106,0.0001772901806332526
GA,2050,21,0,106,0.0
GA,2050,21,1,106,0.7145751720087103
GA,2050,21,2,106,0.3640101649707335
GA,2050,21,3,106,0.3629282829852456
GA,2050,21,4,106,0.36294341287844833
GA,2050,21,5,106,0.39362935552628797
GA,2050,21,6,106,0.39364576529755985
GA,2050,21,7,106,0.39366217575293
GA,2050,21,8,106,0.35079109657467905
GA,2050,21,9,106,0.35080572048820974
GA,2050,21,10,106,0.36548426233752535
GA,2050,21,11,106,0.37087780409017995
GA,2050,21,12,106,0.35282755264067156
GA,2050,21,13,106,0.3629373262437371
GA,2050,21,14,106,0.35206669561547926
GA,2050,21,15,106,0.3559179019175831
GA,2050,21,16,106,0.637866486807967
GA,2050,21,17,106,0.6413555807756637
GA,2050,21,18,106,0.6638173872718571
GA,2050,21,19,106,0.6899171228616019
GA,2050,21,20,106,0.6839272659421672
GA,2050,21,21,106,0.6379994560055434
GA,2050,21,22,106,0.6479348400528318
GA,2050,21,23,106,0.54678579302143
GA,2050,21,24,106,0.3852169796669741
GA,2050,21,25,106,0.38636523950755736
GA,2050,21,26,106,0.3875135472172481
GA,2050,21,27,106,0.3510690552060561
GA,2050,21,28,106,0.35108369070723383
GA,2050,21,29,106,0.380766924003004
GA,2050,21,30,106,0.380782797560302
GA,2050,21,31,106,0.3807986717793458
GA,2050,21,32,106,0.3767945798547522
GA,2050,21,33,106,0.3504665774750539
GA,2050,21,34,106,0.3768259964229818
GA,2050,21,35,106,0.36077245664067
GA,2050,21,36,106,0.34703128441984415
GA,2050,21,37,106,0.34703128441984415
GA,2050,21,38,106,0.34703128441984415
GA,2050,21,39,106,0.34702405098409556
GA,2050,21,40,106,0.3470385178555884
GA,2050,21,41,106,0.35021468811658274
GA,2050,21,42,106,0.35077026580629844
GA,2050,21,43,106,0.37087780409017995
GA,2050,21,44,106,0.36618354451416485
GA,2050,21,45,106,0.3484305959978459
GA,2050,21,46,106,0.35082876164457755
GA,2050,21,47,106,0.3501043933055215
GA,2050,21,48,106,0.34967276542579073
GA,2050,21,49,106,0.35282755264067156
GA,2050,21,50,106,0.353998454231371
GA,2050,21,51,106,0.3500619436992316
GA,2050,21,52,106,0.35203019896530346
GA,2050,21,53,106,0.37656807320419255
GA,2050,21,54,106,0.3765837717181873
GA,2050,21,55,106,0.376599470886637
GA,2050,21,56,106,0.12030602861691103
GA,2050,21,57,106,0.0965207649901371
GA,2050,21,58,106,0.10394546014287125
GA,2050,21,59,106,3.1698492142674805e-05
GA,2050,21,60,106,3.1699813601550615e-05
GA,2050,21,61,106,3.170113511551615e-05
GA,2050,21,62,106,3.1702456684572465e-05
GA,2050,21,63,106,3.170377830872383e-05
GA,2050,21,64,106,3.170509998797131e-05
GA,2050,21,65,106,9.925620159537425e-05
GA,2050,21,66,106,0.3503792295625092
GA,2050,21,67,106,0.3503938363059685
GA,2050,21,68,106,0.3504084436583625
GA,2050,21,69,106,0.34365412518133454
GA,2050,21,70,106,0.3504376601900375
GA,2050,21,71,106,0.3436249086496508
GA,2050,21,72,106,0.3332901121990227
GA,2050,21,73,106,0.35043705438841316
GA,2050,21,74,106,0.3504961005616902
GA,2050,21,75,106,0.3504078305480343
GA,2050,21,76,106,0.35052532440206907
GA,2050,21,77,106,0.35053993723598764
GA,2050,21,78,106,0.35055455067908947
GA,2050,21,79,106,0.3505691647314008
GA,2050,21,80,106,0.35058377939295643
GA,2050,21,81,106,0.10634451716191692
GA,2050,21,82,106,0.11199989315481715
GA,2050,21,83,106,3.1697170738885525e-05
GA,2050,21,84,106,3.169849214267374e-05
GA,2050,21,85,106,3.169981360154955e-05
GA,2050,21,86,106,3.170113511551508e-05
GA,2050,21,87,106,3.17024566845714e-05
GA,2050,21,88,106,3.1703778308722767e-05
GA,2050,21,89,106,3.1705099987970244e-05
GA,2050,21,90,106,0.3529981982487704
GA,2050,21,91,106,0.35301291417279956
GA,2050,21,92,106,0.35302763071031595
GA,2050,21,93,106,0.3504665774750539
GA,2050,21,94,106,0.3530570656258931
GA,2050,21,95,106,0.3530717840040063
GA,2050,21,96,106,0.34527088279525353
GA,2050,21,97,106,0.34879168604443045
GA,2050,21,98,106,0.34703128441984415
GA,2050,21,99,106,0.35289795433705523
GA,2050,21,100,106,0.3531453850988683
GA,2050,21,101,106,0.35316010715887697
GA,2050,21,102,106,0.35317482983263015
GA,2050,21,103,106,0.3531895531201452
GA,2050,21,104,106,0.35320427702144835
GA,2050,21,105,106,0.10943233958595282
GA,2050,21,106,106,0.1128370552588708
GA,2050,21,107,106,0.10404935505573046
GA,2050,21,108,106,0.10405369270508644
GA,2050,21,109,106,0.10405803053525868
GA,2050,21,110,106,0.10406236854627335
GA,2050,21,111,106,0.10406670673813481
GA,2050,21,112,106,0.10407104511083871
GA,2050,21,113,106,0.34744401840317135
GA,2050,21,114,106,0.35335154979857114
GA,2050,21,115,106,0.35336628045325247
GA,2050,21,116,106,0.642361636192563
GA,2050,21,117,106,0.6423884152103666
GA,2050,21,118,106,0.35341047610199583
GA,2050,21,119,106,0.3534252092132161
GA,2050,21,120,106,0.6165883267374688
GA,2050,21,121,106,0.5569907790115083
GA,2050,21,122,106,0.3504665774750539
GA,2050,21,123,106,0.35348414780037335
GA,2050,21,124,106,0.35349888398284945
GA,2050,21,125,106,0.3535136207796631
GA,2050,21,126,106,0.3535283581908229
GA,2050,21,127,106,0.3535430962163595
GA,2050,21,128,106,0.3535578348563077
GA,2050,21,129,106,0.10368197404323924
GA,2050,21,130,106,0.11199055554988113
GA,2050,21,131,106,0.10369061889108931
GA,2050,21,132,106,0.10369494158530122
GA,2050,21,133,106,0.10369926445972763
GA,2050,21,134,106,0.10370358751435983
GA,2050,21,135,106,0.10370791074921962
GA,2050,21,136,106,0.10371223416431136
GA,2050,21,137,106,0.33856168263715913
GA,2050,21,138,106,0.35589014098009786
GA,2050,21,139,106,0.35590497746454014
GA,2050,21,140,106,0.35591981456749733
GA,2050,21,141,106,0.3559346522889826
GA,2050,21,142,106,0.35594949062903514
GA,2050,21,143,106,0.3559643295876724
GA,2050,21,144,106,0.3507337109365505
GA,2050,21,145,106,0.445275007088191
GA,2050,21,146,106,0.5156780049141928
GA,2050,21,147,106,0.35164252402742957
GA,2050,21,148,106,0.6471923715292439
GA,2050,21,149,106,0.468005473636214
GA,2050,21,150,106,0.35606821962069884
GA,2050,21,151,106,0.35608306352896013
GA,2050,21,152,106,0.35609790805602853
GA,2050,21,153,106,0.32836515969795743
GA,2050,21,154,106,0.35164252402742957
GA,2050,21,155,106,0.3355340209126627
GA,2050,21,156,106,0.32840622844746575
GA,2050,21,157,106,0.3284199191720446
GA,2050,21,158,106,0.32843361046736375
GA,2050,21,159,106,0.5970381529608322
GA,2050,21,160,106,0.5970630425159028
GA,2050,21,161,106,0.5970879331085978
GA,2050,21,162,106,0.647570199547268
GA,2050,21,163,106,0.3562612387032484
GA,2050,21,164,106,0.3562760906581563
GA,2050,21,165,106,0.3562909432322158
GA,2050,21,166,106,0.3563057964254574
GA,2050,21,167,106,0.356306691685657
GA,2050,42,0,106,0.0
GA,2050,42,1,106,0.6366772418279701
GA,2050,42,2,106,0.40588700519965204
GA,2050,42,3,106,0.4059039259725099
GA,2050,42,4,106,0.40592084745076756
GA,2050,42,5,106,0.44024042290648385
GA,2050,42,6,106,0.44025877581778156
GA,2050,42,7,106,0.44027712949417547
GA,2050,42,8,106,0.1152452615127284
GA,2050,42,9,106,0.11395460180626524
GA,2050,42,10,106,0.11395935238932882
GA,2050,42,11,106,0.12359432585218164
GA,2050,42,12,106,0.11396885414960395
GA,2050,42,13,106,0.11397360532682423
GA,2050,42,14,106,0.11397835670211126
GA,2050,42,15,106,0.11398310827552612
GA,2050,42,16,106,0.12362009023811767
GA,2050,42,17,106,0.12362524375976011
GA,2050,42,18,106,0.12363039749625324
GA,2050,42,19,106,0.12363555144762757
GA,2050,42,20,106,0.12364070561379589
GA,2050,42,21,106,0.36472989960830465
GA,2050,42,22,106,0.3594957130765479
GA,2050,42,23,106,0.3466698008312181
GA,2050,42,24,106,0.34668425293459704
GA,2050,42,25,106,0.34948535072944087
GA,2050,42,26,106,0.34887883278484466
GA,2050,42,27,106,0.3467276128597336
GA,2050,42,28,106,0.34674206737319374
GA,2050,42,29,106,0.3642215830919375
GA,2050,42,30,106,0.37087780409017995
GA,2050,42,31,106,0.37608958262844555
GA,2050,42,32,106,0.3562775063998886
GA,2050,42,33,106,0.34703128441984415
GA,2050,42,34,106,0.3559091151276982
GA,2050,42,35,106,0.11079568512140188
GA,2050,42,36,106,0.11080030401434582
GA,2050,42,37,106,0.11080492309984037
GA,2050,42,38,106,0.11080954237788991
GA,2050,42,39,106,0.11081416184851187
GA,2050,42,40,106,0.11081878151171934
GA,2050,42,41,106,0.3762463977093587
GA,2050,42,42,106,0.3762620828132235
GA,2050,42,43,106,0.37627776857098505
GA,2050,42,44,106,0.36547783960937485
GA,2050,42,45,106,0.346987886318143
GA,2050,42,46,106,0.34700235168199206
GA,2050,42,47,106,0.34701681764885856
GA,2050,42,48,106,0.3470312842188122
GA,2050,42,49,106,0.3470457513918443
GA,2050,42,50,106,0.3470602191679854
GA,2050,42,51,106,0.34707468754726606
GA,2050,42,52,106,0.34708915652970795
GA,2050,42,53,106,0.36207212968671565
GA,2050,42,54,106,0.37291437025369617
GA,2050,42,55,106,0.3764660486771216
GA,2050,42,56,106,0.3508074150711932
GA,2050,42,57,106,0.34716151049029226
GA,2050,42,58,106,0.3534431646644332
GA,2050,42,59,106,0.3569753978007013
GA,2050,42,60,106,0.34720493010619025
GA,2050,42,61,106,0.3472194045182483
GA,2050,42,62,106,0.3472338795336987
GA,2050,42,63,106,0.11239480662699973
GA,2050,42,64,106,0.39343409415119035
GA,2050,42,65,106,0.3934504957823333
GA,2050,42,66,106,0.3934668980972256
GA,2050,42,67,106,0.393483301095911
GA,2050,42,68,106,0.3934997047784068
GA,2050,42,69,106,0.36297514545462006
GA,2050,42,70,106,0.36299027730145045
GA,2050,42,71,106,0.3628843751860324
GA,2050,42,72,106,0.3629600205452633
GA,2050,42,73,106,0.36291463194221524
GA,2050,42,74,106,0.362929761266326
GA,2050,42,75,106,0.3629448912211569
GA,2050,42,76,106,0.36296002180673
GA,2050,42,77,106,0.3936473686972227
GA,2050,42,78,106,0.393663779219432
GA,2050,42,79,106,0.3936801904257657
GA,2050,42,80,106,0.12425734308102655
GA,2050,42,81,106,0.11596819461531047
GA,2050,42,82,106,0.11597302914180968
GA,2050,42,83,106,0.1159778638698467
GA,2050,42,84,106,0.1159826987994346
GA,2050,42,85,106,0.11598753393058646
GA,2050,42,86,106,0.11599236926330662
GA,2050,42,87,106,0.11599720479759949
GA,2050,42,88,106,0.12580447349962748
GA,2050,42,89,106,0.12580971808467425
GA,2050,42,90,106,0.12581496288836977
GA,2050,42,91,106,0.1258202079107097
GA,2050,42,92,106,0.12582545315170274
GA,2050,42,93,106,0.1258306986113707
GA,2050,42,94,106,0.1158999561328933
GA,2050,42,95,106,0.11590478781463015
GA,2050,42,96,106,0.3597052258409915
GA,2050,42,97,106,0.35972022137014714
GA,2050,42,98,106,0.35973521752444576
GA,2050,42,99,106,0.3597502143039093
GA,2050,42,100,106,0.3597652117085769
GA,2050,42,101,106,0.39018244552919157
GA,2050,42,102,106,0.3901987116043547
GA,2050,42,103,106,0.39021497835762897
GA,2050,42,104,106,0.3322197223085561
GA,2050,42,105,106,0.3299665332076498
GA,2050,42,106,106,0.32998028897880755
GA,2050,42,107,106,0.32999404532342225
GA,2050,42,108,106,0.3300078022415201
GA,2050,42,109,106,0.3300215597331142
GA,2050,42,110,106,0.33003531779824374
GA,2050,42,111,106,0.33004907643691744
GA,2050,42,112,106,0.35767019879963236
GA,2050,42,113,106,0.3617879264862731
GA,2050,42,114,106,0.3618030088398589
GA,2050,42,115,106,0.36181809182220265
GA,2050,42,116,106,0.36183317543333055
GA,2050,42,117,106,0.3618482596732731
GA,2050,42,118,106,0.33366767646201917
GA,2050,42,119,106,0.5075095576978776
GA,2050,42,120,106,0.3507337109365505
GA,2050,42,121,106,0.34703128441984415
GA,2050,42,122,106,0.34703128441984415
GA,2050,42,123,106,0.33319756559709673
GA,2050,42,124,106,0.3386167857593398
GA,2050,42,125,106,0.35814792785750693
GA,2050,42,126,106,0.35816285846543755
GA,2050,42,127,106,0.3581777896957989
GA,2050,42,128,106,0.3581927215486172
GA,2050,42,129,106,0.33538082693444454
GA,2050,42,130,106,0.11443069788266344
GA,2050,42,131,106,0.10551888549336381
GA,2050,42,132,106,0.10552328440506006
GA,2050,42,133,106,0.10552768350013661
GA,2050,42,134,106,0.10553208277860218
GA,2050,42,135,106,0.1055364822404742
GA,2050,42,136,106,0.35831219878281356
GA,2050,42,137,106,0.3583271362389259
GA,2050,42,138,106,0.35834207431776555
GA,2050,42,139,106,0.3583570130193499
GA,2050,42,140,106,0.35837195234369645
GA,2050,42,141,106,0.35838689229084003
GA,2050,42,142,106,0.3474078183801077
GA,2050,42,143,106,0.34948535072944087
GA,2050,42,144,106,0.34948535072944087
GA,2050,42,145,106,0.34948535072944087
GA,2050,42,146,106,0.34948535072944087
GA,2050,42,147,106,0.3470784405390021
GA,2050,42,148,106,0.351892260919884
GA,2050,42,149,106,0.35850643429180057
GA,2050,42,150,106,0.35852137984528193
GA,2050,42,151,106,0.3585363260218176
GA,2050,42,152,106,0.35855127282143817
GA,2050,42,153,106,0.11337274408488031
GA,2050,42,154,106,0.10562010687191689
GA,2050,42,155,106,0.10562451000336581
GA,2050,42,156,106,0.10562891331837382
GA,2050,42,157,106,0.10563331681695834
GA,2050,42,158,106,0.1056377204991063
GA,2050,42,159,106,0.1056421243648395
GA,2050,42,160,106,0.35867086965246164
GA,2050,42,161,106,0.3586858220609883
GA,2050,42,162,106,0.35870077509285714
GA,2050,42,163,106,0.35871572874808993
GA,2050,42,164,106,0.35873068302672145
GA,2050,42,165,106,0.3587456379287693
GA,2050,42,166,106,0.3523770177114597
GA,2050,42,167,106,0.3373333965480893
GA,2050,52,0,106,0.0
GA,2050,52,1,106,0.7013627233177256
GA,2050,52,2,106,0.3571199346042847
GA,2050,52,3,106,0.3571348223568324
GA,2050,52,4,106,0.35714971073002744
GA,2050,52,5,106,0.35716459972390024
GA,2050,52,6,106,0.35786886260671363
GA,2050,52,7,106,0.387378106907804
GA,2050,52,8,106,0.3873942560746275
GA,2050,52,9,106,0.12375446080053149
GA,2050,52,10,106,0.10441393116896518
GA,2050,52,11,106,0.09634566502191237
GA,2050,52,12,106,0.09634968151688254
GA,2050,52,13,106,0.09635369817929068
GA,2050,52,14,106,0.09635771500914553
GA,2050,52,15,106,0.2990417763787344
GA,2050,52,16,106,0.32432499815285937
GA,2050,52,17,106,0.3243385187375455
GA,2050,52,18,106,0.32435203988589034
GA,2050,52,19,106,0.32436556159789826
GA,2050,52,20,106,9.76595964806308e-05
GA,2050,52,21,106,9.76595964806308e-05
GA,2050,52,22,106,9.674380781803686e-05
GA,2050,52,23,106,0.00016472976484186198
GA,2050,52,24,106,0.00016472976484186198
GA,2050,52,25,106,0.00014388896606135518
GA,2050,52,26,106,0.00014388896606135518
GA,2050,52,27,106,0.00011858323802162671
GA,2050,52,28,106,9.586619564743129e-05
GA,2050,52,29,106,9.586619564743129e-05
GA,2050,52,30,106,0.00014388896606135518
GA,2050,52,31,106,0.00014388896606135518
GA,2050,52,32,106,0.00014388896606135518
GA,2050,52,33,106,0.00014388896606135518
GA,2050,52,34,106,9.599643871844439e-05
GA,2050,52,35,106,9.584138041666743e-05
GA,2050,52,36,106,9.584138041666743e-05
GA,2050,52,37,106,0.00017421656483294657
GA,2050,52,38,106,0.00017421656483294657
GA,2050,52,39,106,0.00017421656483294657
GA,2050,52,40,106,0.00017421656483294657
GA,2050,52,41,106,0.00017421656483294657
GA,2050,52,42,106,0.00017421656483294657
GA,2050,52,43,106,0.00017421656483294657
GA,2050,52,44,106,0.00017421656483294657
GA,2050,52,45,106,0.00017421656483294657
GA,2050,52,46,106,0.00017421656483294657
GA,2050,52,47,106,0.00017421656483294657
GA,2050,52,48,106,0.00017421656483294657
GA,2050,52,49,106,0.00015383369746527247
GA,2050,52,50,106,0.00015383369746527247
GA,2050,52,51,106,0.00015383369746527247
GA,2050,52,52,106,0.00015383369746527247
GA,2050,52,53,106,0.00015383369746527247
GA,2050,52,54,106,0.00015383369746527247
GA,2050,52,55,106,0.00015383369746527247
GA,2050,52,56,106,0.00017421656483294657
GA,2050,52,57,106,0.00017421656483294657
GA,2050,52,58,106,0.00017421656483294657
GA,2050,52,59,106,0.00017421656483294657
GA,2050,52,60,106,0.00017421656483294657
GA,2050,52,61,106,0.00017421656483294657
GA,2050,52,62,106,0.0001548042863288208
GA,2050,52,63,106,0.0001551169896623693
GA,2050,52,64,106,0.00017421656483294657
GA,2050,52,65,106,0.00017421656483294657
GA,2050,52,66,106,0.00017421656483294657
GA,2050,52,67,106,0.00017478793406722554
GA,2050,52,68,106,0.00017537416446100035
GA,2050,52,69,106,0.00017478793406722554
GA,2050,52,70,106,0.00017478793406722554
GA,2050,52,71,106,0.00017421656483294657
GA,2050,52,72,106,0.00017364898813174482
GA,2050,52,73,106,0.00017296264512019875
GA,2050,52,74,106,0.00015855758683332557
GA,2050,52,75,106,0.00015887044663590223
GA,2050,52,76,106,0.00017390306530218837
GA,2050,52,77,106,0.00017421656483294657
GA,2050,52,78,106,0.00017537696607833314
GA,2050,52,79,106,0.00016472976484186198
GA,2050,52,80,106,9.674908362601821e-05
GA,2050,52,81,106,9.674380781803686e-05
GA,2050,52,82,106,9.647974943342505e-05
GA,2050,52,83,106,6.273216280188192e-05
GA,2050,52,84,106,9.586935221987977e-05
GA,2050,52,85,106,9.587334885813664e-05
GA,2050,52,86,106,9.647974943342505e-05
GA,2050,52,87,106,9.674380781803686e-05
GA,2050,52,88,106,9.674380781803686e-05
GA,2050,52,89,106,9.674380781803792e-05
GA,2050,52,90,106,9.674380781803792e-05
GA,2050,52,91,106,9.674380781803792e-05
GA,2050,52,92,106,9.674380781803792e-05
GA,2050,52,93,106,9.674380781803686e-05
GA,2050,52,94,106,0.00016472976484186198
GA,2050,52,95,106,0.00016472976484186198
GA,2050,52,96,106,0.00017537696607833314
GA,2050,52,97,106,0.00017537416446100035
GA,2050,52,98,106,0.00017421656483294657
GA,2050,52,99,106,0.00017421656483294657
GA,2050,52,100,106,0.00017421656483294657
GA,2050,52,101,106,0.00017537416446100035
GA,2050,52,102,106,0.00017537696607833314
GA,2050,52,103,106,0.00017585696067443096
GA,2050,52,104,106,0.00017585696067443096
GA,2050,52,105,106,0.00017585696067443096
GA,2050,52,106,106,0.00017585696067443096
GA,2050,52,107,106,0.00017585696067443096
GA,2050,52,108,106,0.00017537696607833314
GA,2050,52,109,106,0.00017537416446100035
GA,2050,52,110,106,0.00017537416446100035
GA,2050,52,111,106,0.00017537696607833314
GA,2050,52,112,106,0.00017585696067443096
GA,2050,52,113,106,0.00017585696067443096
GA,2050,52,114,106,0.00017585696067443096
GA,2050,52,115,106,0.00017585696067443096
GA,2050,52,116,106,0.00017585696067443096
GA,2050,52,117,106,0.00017585696067443096
GA,2050,52,118,106,0.00017585696067443096
GA,2050,52,119,106,0.00017537416446100035
GA,2050,52,120,106,0.00017421656483294657
GA,2050,52,121,106,0.00017421656483294657
GA,2050,52,122,106,0.00017421656483294657
GA,2050,52,123,106,0.00017421656483294657
GA,2050,52,124,106,0.00017421656483294657
GA,2050,52,125,106,0.00017422382763979807
GA,2050,52,126,106,0.00017423109074942323
GA,2050,52,127,106,0.00017537696607833314
GA,2050,52,128,106,0.00017585696067443096
GA,2050,52,129,106,0.00017537416446100035
GA,2050,52,130,106,0.00017426014621592525
GA,2050,52,131,106,0.0001742674108396134
GA,2050,52,132,106,0.00017427467576615184
GA,2050,52,133,106,0.00017428194099555335
GA,2050,52,134,106,0.0001742892065278328
GA,2050,52,135,106,0.00017429647236299876
GA,2050,52,136,106,0.00017585696067443205
GA,2050,52,137,106,0.0001775216440733593
GA,2050,52,138,106,0.637576999468965
GA,2050,52,139,106,0.35174828730750707
GA,2050,52,140,106,0.3517629511247671
GA,2050,52,141,106,0.35177761555335574
GA,2050,52,142,106,0.3517922805932644
GA,2050,52,143,106,0.3518069462445279
GA,2050,52,144,106,0.34815211134105517
GA,2050,52,145,106,0.33637379950052043
GA,2050,52,146,106,0.33672540525423245
GA,2050,52,147,106,0.3476244957607371
GA,2050,52,148,106,0.35188028367222374
GA,2050,52,149,106,0.3518949529921964
GA,2050,52,150,106,0.3519096229236984
GA,2050,52,151,106,0.35192429346679066
GA,2050,52,152,106,0.3519389646214689
GA,2050,52,153,106,0.34609342888821837
GA,2050,52,154,106,0.32454364208329955
GA,2050,52,155,106,0.3245571717828942
GA,2050,52,156,106,0.32457070204652266
GA,2050,52,157,106,0.32458423287420657
GA,2050,52,158,106,0.3245977642659722
GA,2050,52,159,106,0.3246112962218326
GA,2050,52,160,106,0.5214628633298417
GA,2050,52,161,106,0.5214846022733195
GA,2050,52,162,106,0.5215063421230547
GA,2050,52,163,106,0.5215280828790994
GA,2050,52,164,106,0.5215498245414798
GA,2050,52,165,106,0.5215715671102353
GA,2050,52,166,106,0.5215933105853876
GA,2050,52,167,106,0.3335580730273063
DE,2050,11,0,106,0.00017325718149113873
DE,2050,11,1,106,0.00017537416446100035
DE,2050,11,2,106,0.00017537416446100035
DE,2050,11,3,106,0.00017537416446100035
DE,2050,11,4,106,0.00017537416446100035
DE,2050,11,5,106,0.00017585696067443205
DE,2050,11,6,106,0.00017585696067443096
DE,2050,11,7,106,0.00017585696067443205
DE,2050,11,8,106,0.00016472976484186198
DE,2050,11,9,106,0.00016472976484186198
DE,2050,11,10,106,0.00016472976484186198
DE,2050,11,11,106,0.00016472976484186198
DE,2050,11,12,106,0.00017537416446100035
DE,2050,11,13,106,0.00017537416446100035
DE,2050,11,14,106,0.00017538147552630738
DE,2050,11,15,106,0.0001753887868964012
DE,2050,11,16,106,0.0001753960985712946
DE,2050,11,17,106,0.00017540341055100034
DE,2050,11,18,106,0.00017585696067443096
DE,2050,11,19,106,0.0001772901806332526
DE,2050,11,20,106,0.0001775216440733593
DE,2050,11,21,106,0.0001775216440733593
DE,2050,11,22,106,0.0001772901806332526
DE,2050,11,23,106,0.0001772901806332526
DE,2050,11,24,106,0.0001772901806332526
DE,2050,11,25,106,9.753226200105815e-05
DE,2050,11,26,106,9.753632796333659e-05
DE,2050,11,27,106,9.837072457598504e-05
DE,2050,11,28,106,0.26807018291082857
DE,2050,11,29,106,0.3667486254240598
DE,2050,11,30,106,0.6738013363284527
DE,2050,11,31,106,0.6738294260165126
DE,2050,11,32,106,0.6738575168755874
DE,2050,11,33,106,0.621377790031018
DE,2050,11,34,106,0.6582596077368777
DE,2050,11,35,106,0.6330110435889907
DE,2050,11,36,106,0.6375494804522955
DE,2050,11,37,106,0.43366026447081335
DE,2050,11,38,106,0.351663472359394
DE,2050,11,39,106,0.6215332316416812
DE,2050,11,40,106,0.6215591423569823
DE,2050,11,41,106,0.6695560673582187
DE,2050,11,42,106,0.6741384898828572
DE,2050,11,43,106,0.6741665936263141
DE,2050,11,44,106,0.6741946985413617
DE,2050,11,45,106,0.674222804628061
DE,2050,11,46,106,0.6742509118864553
DE,2050,11,47,106,0.674279020316597
DE,2050,11,48,106,0.41759384428441365
DE,2050,11,49,106,0.0001772901806332526
DE,2050,11,50,106,0.00017585696067443205
DE,2050,11,51,106,0.00017585696067443096
DE,2050,11,52,106,0.00017585696067443096
DE,2050,11,53,106,0.00017585696067443096
DE,2050,11,54,106,0.0001772901806332526
DE,2050,11,55,106,0.0001775216440733593
DE,2050,11,56,106,0.0001772901806332526
DE,2050,11,57,106,0.00017585696067443096
DE,2050,11,58,106,0.0001758203092968632
DE,2050,11,59,106,0.00017582763896122799
DE,2050,11,60,106,0.00017583496893115356
DE,2050,11,61,106,0.00017584229920665582
DE,2050,11,62,106,0.00017584962978774333
DE,2050,11,63,106,0.0001758569606744299
DE,2050,11,64,106,0.0001758642918667305
DE,2050,11,65,106,0.00017587388241578525
DE,2050,11,66,106,0.0001788143038137582
DE,2050,11,67,106,0.00019385176967305357
DE,2050,11,68,106,0.00019385985103984165
DE,2050,11,69,106,0.00019386793274352905
DE,2050,11,70,106,0.00019387601478412854
DE,2050,11,71,106,0.0001787770360790128
DE,2050,11,72,106,0.00017878448900453551
DE,2050,11,73,106,0.0001787919422407599
DE,2050,11,74,106,0.00017879939578769344
DE,2050,11,75,106,9.836662383051216e-05
DE,2050,11,76,106,0.0001788143038137582
DE,2050,11,77,106,0.00010711185423336751
DE,2050,11,78,106,0.00010711631955335388
DE,2050,11,79,106,0.00010712078505949257
DE,2050,11,80,106,0.00010712525075178995
DE,2050,11,81,106,0.00010712971663025455
DE,2050,11,82,106,3.187672445977658e-05
DE,2050,11,83,106,3.1557696143726394e-05
DE,2050,11,84,106,3.1559011733044394e-05
DE,2050,11,85,106,3.156032737720726e-05
DE,2050,11,86,106,3.156164307621819e-05
DE,2050,11,87,106,3.1562958830079306e-05
DE,2050,11,88,106,6.424738009520865e-05
DE,2050,11,89,106,0.4193026039508972
DE,2050,11,90,106,0.7703550477971973
DE,2050,11,91,106,0.7703871626533471
DE,2050,11,92,106,0.7704192788483203
DE,2050,11,93,106,0.7704513963821608
DE,2050,11,94,106,0.37034745466330543
DE,2050,11,95,106,0.6423662295224839
DE,2050,11,96,106,0.6423930087317742
DE,2050,11,97,106,0.6424197890574541
DE,2050,11,98,106,0.6424465704995675
DE,2050,11,99,106,0.6424733530581537
DE,2050,11,100,106,0.6425001367332517
DE,2050,11,101,106,0.6425269215249313
DE,2050,11,102,106,0.6968509388896171
DE,2050,11,103,106,0.6968799894783375
DE,2050,11,104,106,0.6969090412781291
DE,2050,11,105,106,0.3513595747767072
DE,2050,11,106,106,0.34981351456677057
DE,2050,11,107,106,0.34982809772648343
DE,2050,11,108,106,0.3498426814941542
DE,2050,11,109,106,0.34985726586979604
DE,2050,11,110,106,0.349871850853422
DE,2050,11,111,106,0.3498864364450975
DE,2050,11,112,106,0.3499010226448051
DE,2050,11,113,106,0.5258737730545388
DE,2050,11,114,106,0.9661507268487322
DE,2050,11,115,106,0.9661910041101217
DE,2050,11,116,106,0.9662312830506006
DE,2050,11,117,106,0.9662715636702209
DE,2050,11,118,106,0.9663118459690874
DE,2050,11,119,106,0.412840709087875
DE,2050,11,120,106,0.616750141077253
DE,2050,11,121,106,0.3393055600523308
DE,2050,11,122,106,0.33931970515240995
DE,2050,11,123,106,0.34763932307583756
DE,2050,11,124,106,0.616852992772595
DE,2050,11,125,106,0.647388290285012
DE,2050,11,126,106,0.6436412946373907
DE,2050,11,127,106,0.6411982842218094
DE,2050,11,128,106,0.643349766637246
DE,2050,11,129,106,0.6476798182851655
DE,2050,11,130,106,0.3637374268700444
DE,2050,11,131,106,0.6170330245130472
DE,2050,11,132,106,0.3684520986588448
DE,2050,11,133,106,0.33947534017806524
DE,2050,11,134,106,0.6171101970569988
DE,2050,11,135,106,0.6171359233831468
DE,2050,11,136,106,0.6171616507817866
DE,2050,11,137,106,0.6693410990052442
DE,2050,11,138,106,0.6693690027532284
DE,2050,11,139,106,0.6693969076644743
DE,2050,11,140,106,0.6694248137390257
DE,2050,11,141,106,0.6694527209769391
DE,2050,11,142,106,0.6694806293782669
DE,2050,11,143,106,0.6695085389430441
DE,2050,11,144,106,0.6484533813893449
DE,2050,11,145,106,0.6231989325875225
DE,2050,11,146,106,0.6409961273800148
DE,2050,11,147,106,0.6404720944776527
DE,2050,11,148,106,0.6476798182851655
DE,2050,11,149,106,0.6491986928549404
DE,2050,11,150,106,0.6389532199078692
DE,2050,11,151,106,0.6392014839405569
DE,2050,11,152,106,0.6488523689797503
DE,2050,11,153,106,0.6697876985915938
DE,2050,11,154,106,0.6698156209575881
DE,2050,11,155,106,0.6577242533584897
DE,2050,11,156,106,0.6378828519984007
DE,2050,11,157,106,0.6177021739772791
DE,2050,11,158,106,0.6177279249819916
DE,2050,11,159,106,0.6177536770602073
DE,2050,11,160,106,0.6177794302119963
DE,2050,11,161,106,0.617805184437389
DE,2050,11,162,106,0.66402756842991
DE,2050,11,163,106,0.6700669746391138
DE,2050,11,164,106,0.6700949086476724
DE,2050,11,165,106,0.670122843820766
DE,2050,11,166,106,0.6701507801584253
DE,2050,11,167,106,0.5203481532730869
DE,2050,21,0,106,0.0
DE,2050,21,1,106,0.6890732518108201
DE,2050,21,2,106,0.38842239662010747
DE,2050,21,3,106,0.38843858932168085
DE,2050,21,4,106,0.3884547826982956
DE,2050,21,5,106,0.42129764679279014
DE,2050,21,6,106,0.4213152100103829
DE,2050,21,7,106,0.42133277396014507
DE,2050,21,8,106,0.3581300615497608
DE,2050,21,9,106,0.35814499141286754
DE,2050,21,10,106,0.36772966107461535
DE,2050,21,11,106,0.3811313911403026
DE,2050,21,12,106,0.35818978473671137
DE,2050,21,13,106,0.3606814267196774
DE,2050,21,14,106,0.3616823421273463
DE,2050,21,15,106,0.3582345836628812
DE,2050,21,16,106,0.3582495178833478
DE,2050,21,17,106,0.6512385567110843
DE,2050,21,18,106,0.7043216437029657
DE,2050,21,19,106,0.7063285651465134
DE,2050,21,20,106,0.7063580108421431
DE,2050,21,21,106,0.6494035066634813
DE,2050,21,22,106,0.35732941250025635
DE,2050,21,23,106,0.3572847280117545
DE,2050,21,24,106,0.35729962263427384
DE,2050,21,25,106,0.3573145178777326
DE,2050,21,26,106,0.3573294137421483
DE,2050,21,27,106,0.35734431022754704
DE,2050,21,28,106,0.35735920733395937
DE,2050,21,29,106,0.3875730196028125
DE,2050,21,30,106,0.38758917689523115
DE,2050,21,31,106,0.3876053348612172
DE,2050,21,32,106,0.38352967098352664
DE,2050,21,33,106,0.35814499141286754
DE,2050,21,34,106,0.38356164911356677
DE,2050,21,35,106,0.3690718270138666
DE,2050,21,36,106,0.3505472438052362
DE,2050,21,37,106,0.3505618575529428
DE,2050,21,38,106,0.3505764719098719
DE,2050,21,39,106,0.35059108687603663
DE,2050,21,40,106,0.35060570245149364
DE,2050,21,41,106,0.350748332457765
DE,2050,21,42,106,0.3507629545885247
DE,2050,21,43,106,0.3802802276085352
DE,2050,21,44,106,0.38029608087625166
DE,2050,21,45,106,0.3508068246383498
DE,2050,21,46,106,0.35521282424651746
DE,2050,21,47,106,0.35058377939295643
DE,2050,21,48,106,0.35262292671527695
DE,2050,21,49,106,0.35420308015676993
DE,2050,21,50,106,0.35420308015676993
DE,2050,21,51,106,0.35203019896530346
DE,2050,21,52,106,0.3499670688959512
DE,2050,21,53,106,0.37656022427439867
DE,2050,21,54,106,0.3795717177284269
DE,2050,21,55,106,0.37659162130241
DE,2050,21,56,106,0.36425093757723714
DE,2050,21,57,106,0.10778093686464285
DE,2050,21,58,106,0.11279247239142695
DE,2050,21,59,106,0.10778992347787507
DE,2050,21,60,106,0.10779441706546804
DE,2050,21,61,106,0.16354854129081228
DE,2050,21,62,106,0.33454900613140637
DE,2050,21,63,106,0.33456295293845706
DE,2050,21,64,106,0.33457690032692283
DE,2050,21,65,106,0.3345908482968298
DE,2050,21,66,106,0.3628796537056406
DE,2050,21,67,106,0.36289478157156974
DE,2050,21,68,106,0.36290991006815365
DE,2050,21,69,106,0.3437898235379192
DE,2050,21,70,106,0.3539018705302549
DE,2050,21,71,106,0.34703128441984415
DE,2050,21,72,106,0.3504665774750539
DE,2050,21,73,106,0.34703128441984415
DE,2050,21,74,106,0.34703128441984415
DE,2050,21,75,106,0.3347303599806733
DE,2050,21,76,106,0.3604938636336138
DE,2050,21,77,106,0.3630460949212722
DE,2050,21,78,106,0.3630612297258653
DE,2050,21,79,106,0.36307636516140107
DE,2050,21,80,106,0.3630915012279187
DE,2050,21,81,106,0.33481409491154385
DE,2050,21,82,106,0.13381582843518763
DE,2050,21,83,106,0.10777955912979151
DE,2050,21,84,106,0.10778405228531532
DE,2050,21,85,106,0.10778854562814832
DE,2050,21,86,106,0.10779303915830359
DE,2050,21,87,106,0.3345307836336871
DE,2050,21,88,106,0.3345447296810705
DE,2050,21,89,106,0.3345586763098341
DE,2050,21,90,106,0.36223469704883327
DE,2050,21,91,106,0.3628598880702879
DE,2050,21,92,106,0.6596194495708665
DE,2050,21,93,106,0.33805597330197706
DE,2050,21,94,106,0.36290527108796833
DE,2050,21,95,106,0.3504665774750539
DE,2050,21,96,106,0.3504665774750539
DE,2050,21,97,106,0.3504665774750539
DE,2050,21,98,106,0.34703128441984415
DE,2050,21,99,106,0.3458555169900741
DE,2050,21,100,106,0.3629960541522569
DE,2050,21,101,106,0.3630111868707258
DE,2050,21,102,106,0.3630263202200589
DE,2050,21,103,106,0.3630414542002735
DE,2050,21,104,106,0.3630565888114046
DE,2050,21,105,106,0.334781901458671
DE,2050,21,106,106,0.3630868599264992
DE,2050,21,107,106,0.3334848959992249
DE,2050,21,108,106,0.10746499111066055
DE,2050,21,109,106,0.10746947115235218
DE,2050,21,110,106,0.3335266050759999
DE,2050,21,111,106,0.3335405092608067
DE,2050,21,112,106,0.3335544140252451
DE,2050,21,113,106,0.3508785474893332
DE,2050,21,114,106,0.36177067255748807
DE,2050,21,115,106,0.657639435354252
DE,2050,21,116,106,0.6576668512788005
DE,2050,21,117,106,0.642571852107727
DE,2050,21,118,106,0.3618310028671477
DE,2050,21,119,106,0.35088785592683835
DE,2050,21,120,106,0.3504665774750539
DE,2050,21,121,106,0.3504665774750539
DE,2050,21,122,106,0.35262980732485166
DE,2050,21,123,106,0.3541961995471953
DE,2050,21,124,106,0.35341300343602344
DE,2050,21,125,106,0.35649806090611474
DE,2050,21,126,106,0.36195169367091856
DE,2050,21,127,106,0.3619667828516898
DE,2050,21,128,106,0.35583563893778897
DE,2050,21,129,106,0.33357696189312713
DE,2050,21,130,106,0.23568930098270058
DE,2050,21,131,106,0.10749914048085397
DE,2050,21,132,106,0.1075036219461783
DE,2050,21,133,106,0.10750810359832777
DE,2050,21,134,106,0.33364649911114197
DE,2050,21,135,106,0.33366040829413673
DE,2050,21,136,106,0.333674318056968
DE,2050,21,137,106,0.3434029234469538
DE,2050,21,138,106,0.3619007195914217
DE,2050,21,139,106,0.361915806647168
DE,2050,21,140,106,0.3619308943318685
DE,2050,21,141,106,0.36036326555712395
DE,2050,21,142,106,0.36196107158824103
DE,2050,21,143,106,0.35341300343602344
DE,2050,21,144,106,0.35341300343602344
DE,2050,21,145,106,0.6488331358436755
DE,2050,21,146,106,0.3568516285525787
DE,2050,21,147,106,0.3572439651981998
DE,2050,21,148,106,0.35733120681051056
DE,2050,21,149,106,0.6491986928549404
DE,2050,21,150,106,0.362081805777176
DE,2050,21,151,106,0.362096900382117
DE,2050,21,152,106,0.3485004188220195
DE,2050,21,153,106,0.33391087276590076
DE,2050,21,154,106,0.35282755264067156
DE,2050,21,155,106,0.356306691685657
DE,2050,21,156,106,0.35714226685376443
DE,2050,21,157,106,0.3339665570650514
DE,2050,21,158,106,0.3339804795907309
DE,2050,21,159,106,0.6071214464806871
DE,2050,21,160,106,0.6071467563919718
DE,2050,21,161,106,0.6071720673583887
DE,2050,21,162,106,0.3622629825739931
DE,2050,21,163,106,0.3622780847318964
DE,2050,21,164,106,0.36229318751938616
DE,2050,21,165,106,0.36206190413967654
DE,2050,21,166,106,0.36232339498322547
DE,2050,21,167,106,0.35196113872429907
DE,2050,42,0,106,0.0
DE,2050,42,1,106,0.17715564682751528
DE,2050,42,2,106,0.1771630321599656
DE,2050,42,3,106,0.1771704178002649
DE,2050,42,4,106,0.17717780374846556
DE,2050,42,5,106,0.19215773651863755
DE,2050,42,6,106,0.1921657472639297
DE,2050,42,7,106,0.19217375834316466
DE,2050,42,8,106,0.1531127649550349
DE,2050,42,9,106,0.11797010935812403
DE,2050,42,10,106,0.11797502734121199
DE,2050,42,11,106,0.12794951590999018
DE,2050,42,12,106,0.11798486392244927
DE,2050,42,13,106,0.11798978252062911
DE,2050,42,14,106,0.11799470132385266
DE,2050,42,15,106,0.11799962033212866
DE,2050,42,16,106,0.17727994770531813
DE,2050,42,17,106,0.17728733821964626
DE,2050,42,18,106,0.17729472904207633
DE,2050,42,19,106,0.17730212017261268
DE,2050,42,20,106,0.17730951161127276
DE,2050,42,21,106,0.12652692912179503
DE,2050,42,22,106,0.3504665774750539
DE,2050,42,23,106,0.30174662439603644
DE,2050,42,24,106,0.30175920372482995
DE,2050,42,25,106,0.35012340863269903
DE,2050,42,26,106,0.3501380047113954
DE,2050,42,27,106,0.3017969448577781
DE,2050,42,28,106,0.30180952628435603
DE,2050,42,29,106,0.36647846969799064
DE,2050,42,30,106,0.37912036361754087
DE,2050,42,31,106,0.32735404628998827
DE,2050,42,32,106,0.11888792894934738
DE,2050,42,33,106,0.11293260368110454
DE,2050,42,34,106,0.11721106144567883
DE,2050,42,35,106,0.13293448269631605
DE,2050,42,36,106,0.13294002451992576
DE,2050,42,37,106,0.11198588697447345
DE,2050,42,38,106,0.11199055548500425
DE,2050,42,39,106,0.11199522419015259
DE,2050,42,40,106,0.11199989308993592
DE,2050,42,41,106,0.2726378063662825
DE,2050,42,42,106,0.27264917219553264
DE,2050,42,43,106,0.2726605384986133
DE,2050,42,44,106,0.378642549894374
DE,2050,42,45,106,0.2514363372975878
DE,2050,42,46,106,0.251446819271882
DE,2050,42,47,106,0.25145730168314223
DE,2050,42,48,106,0.35045927243489455
DE,2050,42,49,106,0.3504738825152132
DE,2050,42,50,106,0.25148875153897265
DE,2050,42,51,106,0.2514992356983241
DE,2050,42,52,106,0.25150972029474633
DE,2050,42,53,106,0.3688670004871081
DE,2050,42,54,106,0.3788004294657384
DE,2050,42,55,106,0.12206785156874116
DE,2050,42,56,106,0.11695177971930132
DE,2050,42,57,106,0.2018483936573643
DE,2050,42,58,106,0.11388204530182632
DE,2050,42,59,106,0.3574535733882609
DE,2050,42,60,106,0.11258003217307155
DE,2050,42,61,106,0.11258472545255306
DE,2050,42,62,106,0.11258941892768558
DE,2050,42,63,106,0.11259411259848218
DE,2050,42,64,106,0.4648616117387101
DE,2050,42,65,106,0.46488099106755
DE,2050,42,66,106,0.46490037120425914
DE,2050,42,67,106,0.4649197521489073
DE,2050,42,68,106,0.46493913390154684
DE,2050,42,69,106,0.46045628787261966
DE,2050,42,70,106,0.42874775183177877
DE,2050,42,71,106,0.42876562563219334
DE,2050,42,72,106,0.42878350017775
DE,2050,42,73,106,0.42880137546845326
DE,2050,42,74,106,0.42881925150434663
DE,2050,42,75,106,0.4288371282854781
DE,2050,42,76,106,0.43248336222730993
DE,2050,42,77,106,0.46511360603885116
DE,2050,42,78,106,0.4651329958729261
DE,2050,42,79,106,0.46515238651532376
DE,2050,42,80,106,0.4651717779660922
DE,2050,42,81,106,-8.721182071795201e-15
DE,2050,42,82,106,0.0
DE,2050,42,83,106,-8.721182071795201e-15
DE,2050,42,84,106,0.0
DE,2050,42,85,106,0.0
DE,2050,42,86,106,0.0
DE,2050,42,87,106,0.13502454308279443
DE,2050,42,88,106,11.694001658858607
DE,2050,42,89,106,11.69448916287678
DE,2050,42,90,106,11.69497668721796
DE,2050,42,91,106,11.69546423188354
DE,2050,42,92,106,11.69595179687394
DE,2050,42,93,106,3.736313033748971
DE,2050,42,94,106,0.11614106759147258
DE,2050,42,95,106,0.11614590932476421
DE,2050,42,96,106,0.11615075125989889
DE,2050,42,97,106,0.3588674597990955
DE,2050,42,98,106,0.3588824204031525
DE,2050,42,99,106,0.3588973816308786
DE,2050,42,100,106,0.35891234348232626
DE,2050,42,101,106,0.3892574694631368
DE,2050,42,102,106,0.3892736969775454
DE,2050,42,103,106,0.3892899251684474
DE,2050,42,104,106,0.36263360949586815
DE,2050,42,105,106,0.3358997799537469
DE,2050,42,106,106,0.34238164212592953
DE,2050,42,107,106,0.33592778677475693
DE,2050,42,108,106,0.33594179106094274
DE,2050,42,109,106,0.3359557959309332
DE,2050,42,110,106,0.3359698013847719
DE,2050,42,111,106,0.3359838074224763
DE,2050,42,112,106,0.3589872192834351
DE,2050,42,113,106,0.36512025938177617
DE,2050,42,114,106,0.36513548065492724
DE,2050,42,115,106,0.3651507025626359
DE,2050,42,116,106,0.36516592510491086
DE,2050,42,117,106,0.36518114828180004
DE,2050,42,118,106,0.376853276189523
DE,2050,42,119,106,0.6174594661109003
DE,2050,42,120,106,0.35071315422021443
DE,2050,42,121,106,0.34864040835235793
DE,2050,42,122,106,0.34910248961575036
DE,2050,42,123,106,0.3361519254251923
DE,2050,42,124,106,0.33616593905535286
DE,2050,42,125,106,0.3645879143825798
DE,2050,42,126,106,0.3581729931547396
DE,2050,42,127,106,0.3646183131773104
DE,2050,42,128,106,0.36463351352514073
DE,2050,42,129,106,0.33623601596971836
DE,2050,42,130,106,0.36174477264870836
DE,2050,42,131,106,0.33626405082558297
DE,2050,42,132,106,0.3362780691300704
DE,2050,42,133,106,0.3362920880189511
DE,2050,42,134,106,0.33630610749226447
DE,2050,42,135,106,0.33632012755001905
DE,2050,42,136,106,0.35503455050462707
DE,2050,42,137,106,0.3647703451742709
DE,2050,42,138,106,0.364785551860072
DE,2050,42,139,106,0.3648007591798158
DE,2050,42,140,106,0.36481596713351977
DE,2050,42,141,106,0.36483117572122753
DE,2050,42,142,106,0.34948535072944087
DE,2050,42,143,106,0.35164252402742957
DE,2050,42,144,106,0.35164252402742957
DE,2050,42,145,106,0.35164252402742957
DE,2050,42,146,106,0.3519359698111514
DE,2050,42,147,106,0.35058377939295643
DE,2050,42,148,106,0.35058377939295643
DE,2050,42,149,106,0.3631776702822532
DE,2050,42,150,106,0.3649680815446784
DE,2050,42,151,106,0.3649832964737844
DE,2050,42,152,106,0.3649985120371776
DE,2050,42,153,106,0.34171798290666666
DE,2050,42,154,106,0.3365866197252024
DE,2050,42,155,106,0.10846451677625923
DE,2050,42,156,106,0.33661468381388493
DE,2050,42,157,106,0.336628716735684
DE,2050,42,158,106,0.33664275024250867
DE,2050,42,159,106,0.3366567843343589
DE,2050,42,160,106,0.35772258894641007
DE,2050,42,161,106,0.36513548065492724
DE,2050,42,162,106,0.36515070256264026
DE,2050,42,163,106,0.36516592510491086
DE,2050,42,164,106,0.36518114828180004
DE,2050,42,165,106,0.36519637209331224
DE,2050,42,166,106,0.34703128441984415
DE,2050,42,167,106,0.34703128441984415
DE,2050,52,0,106,0.0
DE,2050,52,1,106,0.7082395769968209
DE,2050,52,2,106,0.35938446864280593
DE,2050,52,3,106,0.35939945080012187
DE,2050,52,4,106,0.35941443358202274
DE,2050,52,5,106,0.359429416988526
DE,2050,52,6,106,0.3633694841697085
DE,2050,52,7,106,0.3898345111123054
DE,2050,52,8,106,0.389850762682647
DE,2050,52,9,106,0.3519048454977085
DE,2050,52,10,106,0.33657960414173443
DE,2050,52,11,106,0.10846225601535665
DE,2050,52,12,106,0.3366076676454699
DE,2050,52,13,106,0.3366217002747823
DE,2050,52,14,106,0.33663573348909853
DE,2050,52,15,106,0.3366497672884229
DE,2050,52,16,106,0.3651126490624641
DE,2050,52,17,106,0.36512787001835606
DE,2050,52,18,106,0.3651430916087838
DE,2050,52,19,106,0.3651583138337734
DE,2050,52,20,106,0.36517353669335545
DE,2050,52,21,106,9.76595964806308e-05
DE,2050,52,22,106,9.76595964806308e-05
DE,2050,52,23,106,0.00016472976484186198
DE,2050,52,24,106,0.00016472976484186198
DE,2050,52,25,106,0.00016472976484186198
DE,2050,52,26,106,0.00014400990309748312
DE,2050,52,27,106,0.00014388896606135518
DE,2050,52,28,106,0.00014388896606135518
DE,2050,52,29,106,0.00014388896606135518
DE,2050,52,30,106,0.00014388896606135518
DE,2050,52,31,106,0.00014400990309748312
DE,2050,52,32,106,0.00014400990309748312
DE,2050,52,33,106,0.00014400990309748312
DE,2050,52,34,106,0.00014400990309748312
DE,2050,52,35,106,0.00014388896606135518
DE,2050,52,36,106,0.00014388896606135518
DE,2050,52,37,106,0.00014388896606135518
DE,2050,52,38,106,0.00017537416446100035
DE,2050,52,39,106,0.00017421656483294657
DE,2050,52,40,106,0.00017537416446100035
DE,2050,52,41,106,0.00017537416446100035
DE,2050,52,42,106,0.00017537416446100035
DE,2050,52,43,106,0.00017537416446100035
DE,2050,52,44,106,0.00017421656483294657
DE,2050,52,45,106,0.00017421656483294657
DE,2050,52,46,106,0.00017421656483294657
DE,2050,52,47,106,0.00017421656483294657
DE,2050,52,48,106,0.00017421656483294657
DE,2050,52,49,106,0.00017421656483294657
DE,2050,52,50,106,0.00017014209013930476
DE,2050,52,51,106,0.0001704554328810903
DE,2050,52,52,106,0.00017076878868562773
DE,2050,52,53,106,0.00017108215755346222
DE,2050,52,54,106,0.00017421656483294657
DE,2050,52,55,106,0.00017421656483294657
DE,2050,52,56,106,0.00017421656483294657
DE,2050,52,57,106,0.00017421656483294657
DE,2050,52,58,106,0.00017421656483294657
DE,2050,52,59,106,0.00017421656483294657
DE,2050,52,60,106,0.00017421656483294657
DE,2050,52,61,106,0.00017421656483294657
DE,2050,52,62,106,0.00017421656483294657
DE,2050,52,63,106,0.00017421656483294657
DE,2050,52,64,106,0.00017422382763979807
DE,2050,52,65,106,0.00017423109074942323
DE,2050,52,66,106,0.00017537416446100035
DE,2050,52,67,106,0.00017537416446100035
DE,2050,52,68,106,0.00017537696607833314
DE,2050,52,69,106,0.00017537696607833314
DE,2050,52,70,106,0.00017537696607833314
DE,2050,52,71,106,0.00017478793406722554
DE,2050,52,72,106,0.0001742819409955544
DE,2050,52,73,106,0.00017428920652783173
DE,2050,52,74,106,0.00017429647236299876
DE,2050,52,75,106,0.00017430373850106502
DE,2050,52,76,106,0.00017431100494204544
DE,2050,52,77,106,0.0001752786745098743
DE,2050,52,78,106,0.00017585696067443096
DE,2050,52,79,106,9.674380781803686e-05
DE,2050,52,80,106,9.753226200105815e-05
DE,2050,52,81,106,9.674908362601821e-05
DE,2050,52,82,106,9.674380781803686e-05
DE,2050,52,83,106,7.602394607365801e-05
DE,2050,52,84,106,7.602394607365801e-05
DE,2050,52,85,106,9.674380781803686e-05
DE,2050,52,86,106,9.674380781803686e-05
DE,2050,52,87,106,9.674380781803686e-05
DE,2050,52,88,106,9.674380781803792e-05
DE,2050,52,89,106,9.793378882612311e-05
DE,2050,52,90,106,0.0001029587969150568
DE,2050,52,91,106,0.00010296308910079847
DE,2050,52,92,106,9.76595964806308e-05
DE,2050,52,93,106,9.76595964806308e-05
DE,2050,52,94,106,9.674380781803686e-05
DE,2050,52,95,106,0.00016472976484186198
DE,2050,52,96,106,0.00016472976484186198
DE,2050,52,97,106,0.00017537696607833314
DE,2050,52,98,106,0.00017537696607833314
DE,2050,52,99,106,0.00017537416446100035
DE,2050,52,100,106,0.00017537416446100035
DE,2050,52,101,106,0.00017537696607833314
DE,2050,52,102,106,0.00017585696067443096
DE,2050,52,103,106,0.00017585696067443096
DE,2050,52,104,106,0.00017585696067443205
DE,2050,52,105,106,0.00016472976484186198
DE,2050,52,106,106,0.00016472976484186198
DE,2050,52,107,106,0.00017585696067443096
DE,2050,52,108,106,0.00017585696067443205
DE,2050,52,109,106,0.00017585696067443096
DE,2050,52,110,106,0.00017585696067443096
DE,2050,52,111,106,0.00017585696067443096
DE,2050,52,112,106,0.00017585696067443096
DE,2050,52,113,106,0.00017612084550283532
DE,2050,52,114,106,0.00017612084550283532
DE,2050,52,115,106,0.00017612084550283532
DE,2050,52,116,106,0.00017585696067443205
DE,2050,52,117,106,0.00017585696067443096
DE,2050,52,118,106,0.00017585696067443096
DE,2050,52,119,106,0.00017585696067443096
DE,2050,52,120,106,0.00017537416446100035
DE,2050,52,121,106,0.00017537416446100035
DE,2050,52,122,106,0.00017478793406722554
DE,2050,52,123,106,0.00017465286958736947
DE,2050,52,124,106,0.00017466015058306063
DE,2050,52,125,106,0.0001746674318822834
DE,2050,52,126,106,0.00017537696607833314
DE,2050,52,127,106,0.00017585696067443096
DE,2050,52,128,106,0.00017585696067443096
DE,2050,52,129,106,0.00017585696067443096
DE,2050,52,130,106,0.00017537696607833314
DE,2050,52,131,106,0.0001747111260525273
DE,2050,52,132,106,0.0001747184094768345
DE,2050,52,133,106,0.00017472569320477766
DE,2050,52,134,106,0.00017478793406722554
DE,2050,52,135,106,0.00017537416446100035
DE,2050,52,136,106,0.00017612084550283532
DE,2050,52,137,106,0.6524044351693353
DE,2050,52,138,106,0.35992851513430135
DE,2050,52,139,106,0.35994351997204116
DE,2050,52,140,106,0.35995852543530343
DE,2050,52,141,106,0.3599735315241099
DE,2050,52,142,106,0.3599885382384954
DE,2050,52,143,106,0.6375494804522955
DE,2050,52,144,106,0.34703128441984415
DE,2050,52,145,106,0.34703128441984415
DE,2050,52,146,106,0.6165883267374688
DE,2050,52,147,106,0.6019653409038698
DE,2050,52,148,106,0.5326370960438042
DE,2050,52,149,106,0.6375494804522955
DE,2050,52,150,106,0.6545907989669945
DE,2050,52,151,106,0.6546180877988207
DE,2050,52,152,106,0.3601386397950498
DE,2050,52,153,106,0.3376271553560886
DE,2050,52,154,106,0.35341300343602344
DE,2050,52,155,106,0.3321188902948905
DE,2050,52,156,106,0.33213273579433555
DE,2050,52,157,106,0.33214658187097895
DE,2050,52,158,106,0.3321604285248425
DE,2050,52,159,106,0.332174275755948
DE,2050,52,160,106,0.6655516827126214
DE,2050,52,161,106,0.6655794284859639
DE,2050,52,162,106,0.6656071754159836
DE,2050,52,163,106,0.6656349235027372
DE,2050,52,164,106,0.6656626727462599
DE,2050,52,165,106,0.6656904231465993
DE,2050,52,166,106,0.6657181747038122
DE,2050,52,167,106,0.3327406079355831
NT,2025,11,0,107,0.0
NT,2025,11,1,107,0.00028784831916854543
NT,2025,11,2,107,0.00028784831916854543
NT,2025,11,3,107,0.00028784831916854543
NT,2025,11,4,107,0.00028784831916854543
NT,2025,11,5,107,0.00028784831916854543
NT,2025,11,6,107,0.00028976095650888465
NT,2025,11,7,107,0.00028976095650888465
NT,2025,11,8,107,0.00028784831916854543
NT,2025,11,9,107,0.00024708258443319723
NT,2025,11,10,107,0.00024708258443319723
NT,2025,11,11,107,0.00024708258443319723
NT,2025,11,12,107,0.00024708258443319723
NT,2025,11,13,107,0.00024708258443319723
NT,2025,11,14,107,0.00024770791017573253
NT,2025,11,15,107,0.0002483332619870883
NT,2025,11,16,107,0.00024895863986834827
NT,2025,11,17,107,0.00028784831916854543
NT,2025,11,18,107,0.00028784831916854543
NT,2025,11,19,107,0.00028976095650888465
NT,2025,11,20,107,0.00028976095650888465
NT,2025,11,21,107,0.00028976558546504156
NT,2025,11,22,107,0.00028976095650888465
NT,2025,11,23,107,0.00028879236070598056
NT,2025,11,24,107,0.00028976095650888465
NT,2025,11,25,107,0.00028976558546504156
NT,2025,11,26,107,0.00022677277116328745
NT,2025,11,27,107,0.0002682124946520451
NT,2025,11,28,107,0.0002690404480011249
NT,2025,11,29,107,0.00029057449905013004
NT,2025,11,30,107,0.0002929266832307463
NT,2025,11,31,107,0.00029413262184717337
NT,2025,11,32,107,0.00029057449905013004
NT,2025,11,33,107,0.0002905586537810719
NT,2025,11,34,107,0.0002905586537810719
NT,2025,11,35,107,0.0002905586537810719
NT,2025,11,36,107,0.0002905586537810719
NT,2025,11,37,107,0.0002905586537810719
NT,2025,11,38,107,0.0002905586537810719
NT,2025,11,39,107,0.0002905586537810719
NT,2025,11,40,107,0.000290558653781074
NT,2025,11,41,107,0.0002929266832307463
NT,2025,11,42,107,0.00031170265442439105
NT,2025,11,43,107,0.0003117156488039811
NT,2025,11,44,107,0.000311728643725283
NT,2025,11,45,107,0.00031174163918832226
NT,2025,11,46,107,0.0002929266832307463
NT,2025,11,47,107,0.0002905586537810719
NT,2025,11,48,107,0.00028976558546504156
NT,2025,11,49,107,0.00028784831916854543
NT,2025,11,50,107,0.00028784831916854543
NT,2025,11,51,107,0.00028784831916854543
NT,2025,11,52,107,0.00028784831916854543
NT,2025,11,53,107,0.00028784831916854543
NT,2025,11,54,107,0.00028976095650888465
NT,2025,11,55,107,0.00028976558546504156
NT,2025,11,56,107,0.00028976095650888465
NT,2025,11,57,107,0.00028784831916854543
NT,2025,11,58,107,0.00024708258443319723
NT,2025,11,59,107,0.00024708258443319723
NT,2025,11,60,107,0.00024708258443319723
NT,2025,11,61,107,0.00024701758559279256
NT,2025,11,62,107,0.00024708258443319723
NT,2025,11,63,107,0.00024709288490657014
NT,2025,11,64,107,0.00024710318580935264
NT,2025,11,65,107,0.00028879236070598056
NT,2025,11,66,107,0.000290558653781074
NT,2025,11,67,107,0.00029057449905013004
NT,2025,11,68,107,0.00029057449905013004
NT,2025,11,69,107,0.00029057449905013004
NT,2025,11,70,107,0.00029057449905013004
NT,2025,11,71,107,0.00028976558546504156
NT,2025,11,72,107,0.00028960318378529025
NT,2025,11,73,107,0.00028960318378529025
NT,2025,11,74,107,0.00028960318378529025
NT,2025,11,75,107,0.00028960318378529025
NT,2025,11,76,107,0.00028976558546504156
NT,2025,11,77,107,0.00029057449905013004
NT,2025,11,78,107,0.0002929266832307463
NT,2025,11,79,107,0.00029393723263436015
NT,2025,11,80,107,0.00013275307180402686
NT,2025,11,81,107,0.00013124687661669407
NT,2025,11,82,107,0.00013020652485096023
NT,2025,11,83,107,0.000130211952950416
NT,2025,11,84,107,0.00013021738127616045
NT,2025,11,85,107,0.00013022280982820427
NT,2025,11,86,107,0.00013022823860655381
NT,2025,11,87,107,0.00013044173435335636
NT,2025,11,88,107,0.00013167989137505525
NT,2025,11,89,107,0.00013227459983571727
NT,2025,11,90,107,0.7134375287572156
NT,2025,11,91,107,0.7134672708140486
NT,2025,11,92,107,1.0771403674384936
NT,2025,11,93,107,1.0655368719680554
NT,2025,11,94,107,0.7238247105733946
NT,2025,11,95,107,0.485996780358007
NT,2025,11,96,107,0.46706014955376823
NT,2025,11,97,107,0.45021298267432913
NT,2025,11,98,107,0.4723510772090116
NT,2025,11,99,107,0.4502505207591203
NT,2025,11,100,107,0.4727668432820032
NT,2025,11,101,107,1.0775445729965711
NT,2025,11,102,107,1.0775894940872455
NT,2025,11,103,107,0.7138242722228413
NT,2025,11,104,107,0.7138540304023928
NT,2025,11,105,107,0.46800769358605726
NT,2025,11,106,107,0.44856295137765484
NT,2025,11,107,107,0.4485816512416894
NT,2025,11,108,107,0.44860035188530173
NT,2025,11,109,107,0.4486190533085092
NT,2025,11,110,107,0.44863775551134677
NT,2025,11,111,107,0.44865645849385805
NT,2025,11,112,107,1.1062220901820046
NT,2025,11,113,107,1.1062682067920009
NT,2025,11,114,107,1.1063143253245382
NT,2025,11,115,107,1.1063604457796603
NT,2025,11,116,107,1.1064065681574715
NT,2025,11,117,107,1.106452692458068
NT,2025,11,118,107,1.1064988186815017
NT,2025,11,119,107,1.1065449468278603
NT,2025,11,120,107,1.060745131632286
NT,2025,11,121,107,1.0967100683494782
NT,2025,11,122,107,1.0967100683494782
NT,2025,11,123,107,0.995479537461461
NT,2025,11,124,107,0.8579584904311982
NT,2025,11,125,107,0.9304966991365266
NT,2025,11,126,107,0.0002959778348527859
NT,2025,11,127,107,0.00029599017369007235
NT,2025,11,128,107,0.0001552661230143243
NT,2025,11,129,107,0.00013465057328880447
NT,2025,11,130,107,0.0001327420039743732
NT,2025,11,131,107,0.00013274753777385302
NT,2025,11,132,107,0.00013275307180402686
NT,2025,11,133,107,0.00013275860606490748
NT,2025,11,134,107,0.00013276414055650126
NT,2025,11,135,107,0.00013276967527882312
NT,2025,11,136,107,0.00015020580261639516
NT,2025,11,137,107,1.0532557363666892
NT,2025,11,138,107,1.0532996448950542
NT,2025,11,139,107,1.0533435552538994
NT,2025,11,140,107,1.053387467443286
NT,2025,11,141,107,1.0534313814633007
NT,2025,11,142,107,1.0534752973140225
NT,2025,11,143,107,1.053519214995521
NT,2025,11,144,107,1.0535631345078835
NT,2025,11,145,107,0.6263389748055288
NT,2025,11,146,107,1.0533874692739142
NT,2025,11,147,107,1.011465161844261
NT,2025,11,148,107,1.0533874692739142
NT,2025,11,149,107,1.0533874692739142
NT,2025,11,150,107,1.0529043161830263
NT,2025,11,151,107,1.0538706223648198
NT,2025,11,152,107,1.0539145565267798
NT,2025,11,153,107,1.0539584925202838
NT,2025,11,154,107,1.0540024303454105
NT,2025,11,155,107,0.00013275307180402686
NT,2025,11,156,107,0.00013167989137505525
NT,2025,11,157,107,0.00028976558546504156
NT,2025,11,158,107,0.00028976095650888465
NT,2025,11,159,107,0.00028976095650888465
NT,2025,11,160,107,0.0002905586537810719
NT,2025,11,161,107,0.0002909946559739918
NT,2025,11,162,107,0.0002929266832307463
NT,2025,11,163,107,0.0002929266832307463
NT,2025,11,164,107,0.0002929266832307463
NT,2025,11,165,107,0.0002909946559739918
NT,2025,11,166,107,0.000290558653781074
NT,2025,11,167,107,0.000290558653781074
NT,2025,21,0,107,0.0
NT,2025,21,1,107,0.9447021544180232
NT,2025,21,2,107,0.49335292887560284
NT,2025,21,3,107,0.4933734959613677
NT,2025,21,4,107,0.4933940639045469
NT,2025,21,5,107,0.5000463254758508
NT,2025,21,6,107,0.5351315852204893
NT,2025,21,7,107,0.49846767179461954
NT,2025,21,8,107,0.4650583210347527
NT,2025,21,9,107,0.4650777085640721
NT,2025,21,10,107,0.4876373453551859
NT,2025,21,11,107,0.4825105094073603
NT,2025,21,12,107,0.47743216333673477
NT,2025,21,13,107,0.47862752574175504
NT,2025,21,14,107,0.4723510772090116
NT,2025,21,15,107,0.4723510772090116
NT,2025,21,16,107,1.0533874692739142
NT,2025,21,17,107,1.0532593626850215
NT,2025,21,18,107,1.053515575862807
NT,2025,21,19,107,1.109541633202076
NT,2025,21,20,107,1.0682576351666682
NT,2025,21,21,107,1.049811522597252
NT,2025,21,22,107,1.0726348135947823
NT,2025,21,23,107,1.0402427752657772
NT,2025,21,24,107,1.0496381661464846
NT,2025,21,25,107,1.0510341220886041
NT,2025,21,26,107,1.0482422102043827
NT,2025,21,27,107,1.026988931403636
NT,2025,21,28,107,1.0392359574078598
NT,2025,21,29,107,1.1138646673549013
NT,2025,21,30,107,1.1139111025715775
NT,2025,21,31,107,1.1139575397240773
NT,2025,21,32,107,1.0856209166240336
NT,2025,21,33,107,0.4596109582793522
NT,2025,21,34,107,0.49841959348604836
NT,2025,21,35,107,0.4909146105094195
NT,2025,21,36,107,0.4656519530938629
NT,2025,21,37,107,0.45968760482241844
NT,2025,21,38,107,0.4597067684552812
NT,2025,21,39,107,0.45972593288703906
NT,2025,21,40,107,0.459745098117727
NT,2025,21,41,107,0.45976426414738863
NT,2025,21,42,107,1.0358638769277393
NT,2025,21,43,107,1.100312969887311
NT,2025,21,44,107,1.080167864488889
NT,2025,21,45,107,0.5410384708416118
NT,2025,21,46,107,1.059082171875033
NT,2025,21,47,107,0.4723510772090116
NT,2025,21,48,107,0.4723510772090116
NT,2025,21,49,107,0.4723510772090116
NT,2025,21,50,107,0.4791551976916122
NT,2025,21,51,107,0.47371598620597166
NT,2025,21,52,107,0.4737573883683506
NT,2025,21,53,107,0.49886487192556006
NT,2025,21,54,107,0.4988856687953208
NT,2025,21,55,107,0.4989064665320717
NT,2025,21,56,107,0.0
NT,2025,21,57,107,0.0
NT,2025,21,58,107,0.0
NT,2025,21,59,107,0.00013167989137505525
NT,2025,21,60,107,0.00013163049597618881
NT,2025,21,61,107,0.00013163598343869757
NT,2025,21,62,107,0.00013167989137505525
NT,2025,21,63,107,0.00013167989137505525
NT,2025,21,64,107,0.00013167989137505525
NT,2025,21,65,107,0.00013418938842453415
NT,2025,21,66,107,0.000133562053392128
NT,2025,21,67,107,0.000131687072380615
NT,2025,21,68,107,0.0001316798913750574
NT,2025,21,69,107,0.00013167989137505525
NT,2025,21,70,107,0.00013168538089678073
NT,2025,21,71,107,0.00013169087064735205
NT,2025,21,72,107,0.0001316963606267863
NT,2025,21,73,107,0.00013170185083508554
NT,2025,21,74,107,0.00013170734127226046
NT,2025,21,75,107,0.00013171283193832596
NT,2025,21,76,107,0.00013389431963454378
NT,2025,21,77,107,0.00014285477208877132
NT,2025,21,78,107,0.00014286072747319892
NT,2025,21,79,107,0.00014286668310589917
NT,2025,21,80,107,0.0
NT,2025,21,81,107,0.0
NT,2025,21,82,107,0.0
NT,2025,21,83,107,0.00013167989137505525
NT,2025,21,84,107,0.00013167989137505525
NT,2025,21,85,107,0.0001316798913750574
NT,2025,21,86,107,0.0001316798913750574
NT,2025,21,87,107,0.00013168158278837913
NT,2025,21,88,107,0.000131687072380615
NT,2025,21,89,107,0.00013169256220170315
NT,2025,21,90,107,0.00013169805225165417
NT,2025,21,91,107,0.00013275307180402686
NT,2025,21,92,107,0.00013275307180402686
NT,2025,21,93,107,0.00013171452377476768
NT,2025,21,94,107,0.00014285065182951303
NT,2025,21,95,107,0.00013329959782880604
NT,2025,21,96,107,0.0001317309973579815
NT,2025,21,97,107,0.00013329959782880604
NT,2025,21,98,107,0.00014287447416977877
NT,2025,21,99,107,0.00014288043037555606
NT,2025,21,100,107,0.00014288638682963793
NT,2025,21,101,107,0.00014289234353203288
NT,2025,21,102,107,0.00014289830048275372
NT,2025,21,103,107,0.00014290425768181318
NT,2025,21,104,107,0.000131687072380615
NT,2025,21,105,107,0.0001316798913750574
NT,2025,21,106,107,0.0001316798913750574
NT,2025,21,107,107,0.0001316798913750574
NT,2025,21,108,107,0.00013167989137505314
NT,2025,21,109,107,0.0001316853808967786
NT,2025,21,110,107,0.00013169087064734993
NT,2025,21,111,107,0.00013169636062678204
NT,2025,21,112,107,0.0001317018508350834
NT,2025,21,113,107,0.00013170734127226046
NT,2025,21,114,107,0.00013329959782880604
NT,2025,21,115,107,0.04073104096046328
NT,2025,21,116,107,0.040732738971692696
NT,2025,21,117,107,0.04073443705370868
NT,2025,21,118,107,0.04073613520651504
NT,2025,21,119,107,0.04073783343011451
NT,2025,21,120,107,0.04073953172451035
NT,2025,21,121,107,0.040741230089706384
NT,2025,21,122,107,0.04074292852570261
NT,2025,21,123,107,0.040744627032505025
NT,2025,21,124,107,0.040746325610115805
NT,2025,21,125,107,0.04074802425853659
NT,2025,21,126,107,0.04074972297777119
NT,2025,21,127,107,0.040751421767823426
NT,2025,21,128,107,0.000131687072380615
NT,2025,21,129,107,0.000131687072380615
NT,2025,21,130,107,0.00013167989137505525
NT,2025,21,131,107,0.00013166511538468916
NT,2025,21,132,107,0.0001316706042904194
NT,2025,21,133,107,0.0001316760934249806
NT,2025,21,134,107,0.00013168158278837485
NT,2025,21,135,107,0.00013168707238061288
NT,2025,21,136,107,0.00013169256220170315
NT,2025,21,137,107,0.00013169805225165417
NT,2025,21,138,107,0.4722329443102777
NT,2025,21,139,107,1.0531679248010857
NT,2025,21,140,107,1.0532118296687432
NT,2025,21,141,107,1.0532557363666892
NT,2025,21,142,107,1.0532996448950542
NT,2025,21,143,107,1.0533435552538906
NT,2025,21,144,107,1.053387467443286
NT,2025,21,145,107,1.0534313814633007
NT,2025,21,146,107,1.0534752973140313
NT,2025,21,147,107,1.05351921499553
NT,2025,21,148,107,1.0535631345078922
NT,2025,21,149,107,1.0536070558511796
NT,2025,21,150,107,1.0536509790254793
NT,2025,21,151,107,1.053694904030887
NT,2025,21,152,107,0.0001316798913750574
NT,2025,21,153,107,0.0001313204763366513
NT,2025,21,154,107,0.0001313095279447018
NT,2025,21,155,107,0.00013131500202657301
NT,2025,21,156,107,0.0001313204763366513
NT,2025,21,157,107,0.00013132595087494097
NT,2025,21,158,107,0.00022803520070895092
NT,2025,21,159,107,0.00028980182655180634
NT,2025,21,160,107,0.0002898139079213038
NT,2025,21,161,107,0.0002905586537810719
NT,2025,21,162,107,0.0002909946559739918
NT,2025,21,163,107,0.00031434314415830435
NT,2025,21,164,107,0.00031435624861564094
NT,2025,21,165,107,0.00031436935361928
NT,2025,21,166,107,0.0003143824591692449
NT,2025,21,167,107,0.00031439556526555905
NT,2025,42,0,107,0.0
NT,2025,42,1,107,0.9390739038495168
NT,2025,42,2,107,0.4997370701638704
NT,2025,42,3,107,0.4997579033941666
NT,2025,42,4,107,0.4997787374929704
NT,2025,42,5,107,0.5032995434624279
NT,2025,42,6,107,0.5420563553959629
NT,2025,42,7,107,0.5420789528488319
NT,2025,42,8,107,0.4683871118984414
NT,2025,42,9,107,0.46532012071792483
NT,2025,42,10,107,0.4653395191612629
NT,2025,42,11,107,0.5046827922172593
NT,2025,42,12,107,0.46537831847401495
NT,2025,42,13,107,0.4653977193435161
NT,2025,42,14,107,0.46541712102181965
NT,2025,42,15,107,0.4792850333962209
NT,2025,42,16,107,0.5047879980358904
NT,2025,42,17,107,0.5048090418311827
NT,2025,42,18,107,0.504830086503791
NT,2025,42,19,107,0.5048511320536979
NT,2025,42,20,107,0.5048721784809732
NT,2025,42,21,107,0.4794236523740288
NT,2025,42,22,107,0.4990145864154677
NT,2025,42,23,107,0.45900975491858714
NT,2025,42,24,107,0.45902889029297983
NT,2025,42,25,107,0.4723510772090116
NT,2025,42,26,107,0.4723510772090116
NT,2025,42,27,107,0.4723510772090116
NT,2025,42,28,107,0.45910543976808604
NT,2025,42,29,107,0.4909146105094195
NT,2025,42,30,107,0.4907014239041591
NT,2025,42,31,107,0.49796315322476037
NT,2025,42,32,107,0.48087352176724824
NT,2025,42,33,107,0.21070668358029312
NT,2025,42,34,107,0.0
NT,2025,42,35,107,0.0
NT,2025,42,36,107,0.0
NT,2025,42,37,107,0.0
NT,2025,42,38,107,0.0
NT,2025,42,39,107,0.0
NT,2025,42,40,107,0.0
NT,2025,42,41,107,0.4981707849587247
NT,2025,42,42,107,0.4981915528931208
NT,2025,42,43,107,0.49821232169330354
NT,2025,42,44,107,0.4970759337720266
NT,2025,42,45,107,0.4594309174803303
NT,2025,42,46,107,0.4609480393706054
NT,2025,42,47,107,0.4594692241427341
NT,2025,42,48,107,0.4594883786716508
NT,2025,42,49,107,0.45950753399908767
NT,2025,42,50,107,0.4595266901250883
NT,2025,42,51,107,0.4595458470496614
NT,2025,42,52,107,0.45956500477286805
NT,2025,42,53,107,0.49726246550112774
NT,2025,42,54,107,0.4909146105094195
NT,2025,42,55,107,0.4984616148396127
NT,2025,42,56,107,0.4718315256349728
NT,2025,42,57,107,0.45966080536935466
NT,2025,42,58,107,0.4728286529616874
NT,2025,42,59,107,0.4799713363720388
NT,2025,42,60,107,0.4597182953128688
NT,2025,42,61,107,0.4597374602251464
NT,2025,42,62,107,0.45975662593640637
NT,2025,42,63,107,0.46182710163263796
NT,2025,42,64,107,0.5126180680223476
NT,2025,42,65,107,0.5126394382406095
NT,2025,42,66,107,0.5126608093497664
NT,2025,42,67,107,0.5126821813498705
NT,2025,42,68,107,0.4994947378684167
NT,2025,42,69,107,0.48850746658521377
NT,2025,42,70,107,0.49841959348604836
NT,2025,42,71,107,0.9769646824613891
NT,2025,42,72,107,0.4863111301469597
NT,2025,42,73,107,0.4863111301469597
NT,2025,42,74,107,0.4863111301469597
NT,2025,42,75,107,0.480240491393894
NT,2025,42,76,107,0.49704989406911704
NT,2025,42,77,107,0.5128959503598732
NT,2025,42,78,107,0.5129173321626121
NT,2025,42,79,107,0.5129387148567082
NT,2025,42,80,107,0.5108754039878589
NT,2025,42,81,107,0.47301099173309047
NT,2025,42,82,107,0.47303071079640213
NT,2025,42,83,107,0.47305043068175495
NT,2025,42,84,107,0.47307015138921
NT,2025,42,85,107,0.4730898729188021
NT,2025,42,86,107,0.47310959527054014
NT,2025,42,87,107,0.47977839510832215
NT,2025,42,88,107,0.5131311992215682
NT,2025,42,89,107,0.5131525908314596
NT,2025,42,90,107,0.5131739833330917
NT,2025,42,91,107,0.5131953767265869
NT,2025,42,92,107,0.5132167710119363
NT,2025,42,93,107,0.5107279593757856
NT,2025,42,94,107,0.4820960613801592
NT,2025,42,95,107,0.4821001090985702
NT,2025,42,96,107,0.4810479564594335
NT,2025,42,97,107,0.4799713363720388
NT,2025,42,98,107,0.4799713363720388
NT,2025,42,99,107,0.4799713363720388
NT,2025,42,100,107,0.49270396471483635
NT,2025,42,101,107,0.5134093597195915
NT,2025,42,102,107,0.5134307629255327
NT,2025,42,103,107,0.5134521670237381
NT,2025,42,104,107,0.49104895623439077
NT,2025,42,105,107,0.0001316798913750574
NT,2025,42,106,107,0.00013167989137505525
NT,2025,42,107,107,0.00013167989137505525
NT,2025,42,108,107,0.0001316744020821714
NT,2025,42,109,107,0.00013167989137505525
NT,2025,42,110,107,0.00013168538089678073
NT,2025,42,111,107,0.00013169087064735205
NT,2025,42,112,107,0.0001316963606267863
NT,2025,42,113,107,0.00031852650159918083
NT,2025,42,114,107,0.00031853978045392507
NT,2025,42,115,107,0.0003185530598622451
NT,2025,42,116,107,0.00031856633982415785
NT,2025,42,117,107,0.0003185796203396911
NT,2025,42,118,107,0.0002934994804444274
NT,2025,42,119,107,0.00029351171596313247
NT,2025,42,120,107,0.00028229832727837503
NT,2025,42,121,107,0.00013795284947577019
NT,2025,42,122,107,0.00013167989137505525
NT,2025,42,123,107,0.0001316798913750574
NT,2025,42,124,107,0.00013275307180402686
NT,2025,42,125,107,0.00013292638925779132
NT,2025,42,126,107,0.00014277737467908883
NT,2025,42,127,107,0.00014278332683694735
NT,2025,42,128,107,0.00013292638925779132
NT,2025,42,129,107,0.0001316798913750574
NT,2025,42,130,107,0.0001316798913750574
NT,2025,42,131,107,0.00013167989137505525
NT,2025,42,132,107,0.00013105245172587846
NT,2025,42,133,107,0.00013105791509065607
NT,2025,42,134,107,0.0001310633786831958
NT,2025,42,135,107,0.0001310688425035019
NT,2025,42,136,107,0.00013292638925779132
NT,2025,42,137,107,0.4783482681577144
NT,2025,42,138,107,0.4783682097234454
NT,2025,42,139,107,0.4783881521205056
NT,2025,42,140,107,0.4784080953489125
NT,2025,42,141,107,0.4784280394087533
NT,2025,42,142,107,0.4735782077192571
NT,2025,42,143,107,0.4723510772090116
NT,2025,42,144,107,0.4723510772090116
NT,2025,42,145,107,0.4723510772090116
NT,2025,42,146,107,0.4723510772090116
NT,2025,42,147,107,0.4723510772090116
NT,2025,42,148,107,0.47856767110972387
NT,2025,42,149,107,0.4785876218220038
NT,2025,42,150,107,0.4786075733659968
NT,2025,42,151,107,0.47862752574175504
NT,2025,42,152,107,0.47432424395069134
NT,2025,42,153,107,0.0
NT,2025,42,154,107,0.0
NT,2025,42,155,107,0.0
NT,2025,42,156,107,0.0
NT,2025,42,157,107,0.0
NT,2025,42,158,107,0.0
NT,2025,42,159,107,0.0
NT,2025,42,160,107,0.45902962576126133
NT,2025,42,161,107,0.4756516955193173
NT,2025,42,162,107,0.4756715246693166
NT,2025,42,163,107,0.4756913546459357
NT,2025,42,164,107,0.47571118544923563
NT,2025,42,165,107,0.4757310170792601
NT,2025,42,166,107,0.47575084953600894
NT,2025,42,167,107,0.4655713650117657
NT,2025,52,0,107,0.0
NT,2025,52,1,107,0.9421283748289356
NT,2025,52,2,107,0.4849456899355436
NT,2025,52,3,107,0.48496590653712945
NT,2025,52,4,107,0.48498612398149554
NT,2025,52,5,107,0.48500634226870276
NT,2025,52,6,107,0.5090419215906291
NT,2025,52,7,107,0.526034323814752
NT,2025,52,8,107,0.526056253335031
NT,2025,52,9,107,0.0
NT,2025,52,10,107,0.0
NT,2025,52,11,107,0.00013167989137505525
NT,2025,52,12,107,0.0001316798913750574
NT,2025,52,13,107,0.0001316798913750574
NT,2025,52,14,107,0.00013167989137505525
NT,2025,52,15,107,0.00013167989137505525
NT,2025,52,16,107,0.00013292638925779132
NT,2025,52,17,107,0.00013292638925779132
NT,2025,52,18,107,0.00013292638925779132
NT,2025,52,19,107,0.00013292638925779132
NT,2025,52,20,107,0.00013167989137505525
NT,2025,52,21,107,0.0002682124946520451
NT,2025,52,22,107,0.0002905586537810719
NT,2025,52,23,107,0.000290558653781074
NT,2025,52,24,107,0.00028976095650888465
NT,2025,52,25,107,0.00028784831916854543
NT,2025,52,26,107,0.00028784831916854543
NT,2025,52,27,107,0.00028784831916854543
NT,2025,52,28,107,0.00028784831916854543
NT,2025,52,29,107,0.00028784831916854543
NT,2025,52,30,107,0.00028784831916854543
NT,2025,52,31,107,0.00028784831916854543
NT,2025,52,32,107,0.00028784831916854543
NT,2025,52,33,107,0.00028784831916854543
NT,2025,52,34,107,0.00028784831916854543
NT,2025,52,35,107,0.00028784831916854543
NT,2025,52,36,107,0.00028784831916854543
NT,2025,52,37,107,0.00028784831916854543
NT,2025,52,38,107,0.00028784831916854543
NT,2025,52,39,107,0.00028784831916854543
NT,2025,52,40,107,0.00028784831916854543
NT,2025,52,41,107,0.00028784831916854543
NT,2025,52,42,107,0.00028784831916854543
NT,2025,52,43,107,0.00028784831916854543
NT,2025,52,44,107,0.00024708258443319723
NT,2025,52,45,107,0.00024708258443319723
NT,2025,52,46,107,0.00024708258443319723
NT,2025,52,47,107,0.00024708258443319723
NT,2025,52,48,107,0.00024708258443319723
NT,2025,52,49,107,0.00024708258443319723
NT,2025,52,50,107,0.00024708258443319723
NT,2025,52,51,107,0.00024708258443319723
NT,2025,52,52,107,0.00024708258443319723
NT,2025,52,53,107,0.00024708258443319723
NT,2025,52,54,107,0.00024708258443319723
NT,2025,52,55,107,0.00024708258443319723
NT,2025,52,56,107,0.00024708258443319723
NT,2025,52,57,107,0.00024708258443319723
NT,2025,52,58,107,0.00024708258443319723
NT,2025,52,59,107,0.00024708258443319723
NT,2025,52,60,107,0.00024708258443319723
NT,2025,52,61,107,0.00024708258443319723
NT,2025,52,62,107,0.00024708258443319723
NT,2025,52,63,107,0.00024708258443319723
NT,2025,52,64,107,0.00024708258443319723
NT,2025,52,65,107,0.00024708258443319723
NT,2025,52,66,107,0.00028784831916854543
NT,2025,52,67,107,0.00028784831916854543
NT,2025,52,68,107,0.00028784831916854543
NT,2025,52,69,107,0.00028784831916854543
NT,2025,52,70,107,0.00028784831916854543
NT,2025,52,71,107,0.00024708258443319723
NT,2025,52,72,107,0.00024708258443319723
NT,2025,52,73,107,0.00024701758559279256
NT,2025,52,74,107,0.00024708258443319723
NT,2025,52,75,107,0.00024708258443319723
NT,2025,52,76,107,0.00024708258443319723
NT,2025,52,77,107,0.00024708258443319723
NT,2025,52,78,107,0.000286713165766142
NT,2025,52,79,107,0.00028960318378529025
NT,2025,52,80,107,0.00022677277116328745
NT,2025,52,81,107,0.00013009744661995922
NT,2025,52,82,107,0.00013009744661995922
NT,2025,52,83,107,0.00013009801036794632
NT,2025,52,84,107,0.00013009801036794632
NT,2025,52,85,107,0.00013009801036794632
NT,2025,52,86,107,0.00013009744661995922
NT,2025,52,87,107,0.00013048535626318376
NT,2025,52,88,107,0.00013167989137505525
NT,2025,52,89,107,0.00013167989137505525
NT,2025,52,90,107,0.00013167989137505525
NT,2025,52,91,107,0.0002682124946520451
NT,2025,52,92,107,0.0002682124946520451
NT,2025,52,93,107,0.0002682124946520451
NT,2025,52,94,107,0.000290558653781074
NT,2025,52,95,107,0.00028976558546504156
NT,2025,52,96,107,0.00028784831916854543
NT,2025,52,97,107,0.00024708258443319723
NT,2025,52,98,107,0.00024708258443319723
NT,2025,52,99,107,0.00024708258443319723
NT,2025,52,100,107,0.00024708258443319723
NT,2025,52,101,107,0.00028784831916854543
NT,2025,52,102,107,0.00028784831916854543
NT,2025,52,103,107,0.00028976095650888465
NT,2025,52,104,107,0.00028976095650888465
NT,2025,52,105,107,0.00028976095650888465
NT,2025,52,106,107,0.00028784831916854543
NT,2025,52,107,107,0.00024708258443319723
NT,2025,52,108,107,0.00028784831916854543
NT,2025,52,109,107,0.00028784831916854543
NT,2025,52,110,107,0.00028784831916854543
NT,2025,52,111,107,0.00028784831916854543
NT,2025,52,112,107,0.00028976095650888465
NT,2025,52,113,107,0.00028976558546504156
NT,2025,52,114,107,0.00028976558546504156
NT,2025,52,115,107,0.00028976095650888465
NT,2025,52,116,107,0.00028976095650888465
NT,2025,52,117,107,0.00028784831916854543
NT,2025,52,118,107,0.00028784831916854543
NT,2025,52,119,107,0.00028784831916854543
NT,2025,52,120,107,0.00028784831916854543
NT,2025,52,121,107,0.00028784831916854543
NT,2025,52,122,107,0.00028784831916854543
NT,2025,52,123,107,0.00028784831916854543
NT,2025,52,124,107,0.00028784831916854543
NT,2025,52,125,107,0.00028784831916854543
NT,2025,52,126,107,0.00028784831916854543
NT,2025,52,127,107,0.00028784831916854543
NT,2025,52,128,107,0.00028784831916854543
NT,2025,52,129,107,0.00024708258443319723
NT,2025,52,130,107,0.0002446056190870848
NT,2025,52,131,107,0.000245206763607634
NT,2025,52,132,107,0.00024583201115023175
NT,2025,52,133,107,0.00024645728475839227
NT,2025,52,134,107,0.00024646755916403273
NT,2025,52,135,107,0.00024647783399799473
NT,2025,52,136,107,0.00028976095650888465
NT,2025,52,137,107,0.0002905586537810719
NT,2025,52,138,107,0.000290558653781074
NT,2025,52,139,107,0.0002929266832307463
NT,2025,52,140,107,0.00029330911737096425
NT,2025,52,141,107,0.00029330911737096425
NT,2025,52,142,107,0.00013292638925779132
NT,2025,52,143,107,0.00013275307180402686
NT,2025,52,144,107,0.00013275307180402686
NT,2025,52,145,107,0.0002690404480011249
NT,2025,52,146,107,0.000131687072380615
NT,2025,52,147,107,0.00013275307180402686
NT,2025,52,148,107,0.00013275307180402686
NT,2025,52,149,107,0.00013329959782880604
NT,2025,52,150,107,0.0001411857239549585
NT,2025,52,151,107,0.0001411916097594705
NT,2025,52,152,107,0.00014119749580935085
NT,2025,52,153,107,0.0001313204763366513
NT,2025,52,154,107,0.00013020652485096023
NT,2025,52,155,107,0.000130211952950416
NT,2025,52,156,107,0.00013021738127616045
NT,2025,52,157,107,0.00013022280982820427
NT,2025,52,158,107,0.00013022823860655381
NT,2025,52,159,107,0.00013167989137505525
NT,2025,52,160,107,0.4723018514059295
NT,2025,52,161,107,1.0499026336306798
NT,2025,52,162,107,1.04994640237361
NT,2025,52,163,107,1.0499901729411858
NT,2025,52,164,107,1.0500339453335121
NT,2025,52,165,107,1.0500777195505977
NT,2025,52,166,107,1.0501214955925904
NT,2025,52,167,107,0.4722329237892229
NT,2030,11,0,107,0.0
NT,2030,11,1,107,0.00028784831916854543
NT,2030,11,2,107,0.00028784831916854543
NT,2030,11,3,107,0.00028784831916854543
NT,2030,11,4,107,0.00028784831916854543
NT,2030,11,5,107,0.00028784831916854543
NT,2030,11,6,107,0.00028976558546504156
NT,2030,11,7,107,0.00028976558546504156
NT,2030,11,8,107,0.00028976095650888465
NT,2030,11,9,107,0.00024708258443319723
NT,2030,11,10,107,0.00024708258443319723
NT,2030,11,11,107,0.00024708258443319723
NT,2030,11,12,107,0.00024770791017573465
NT,2030,11,13,107,0.00024833326198709044
NT,2030,11,14,107,0.0002489586398683504
NT,2030,11,15,107,0.00024958404382060477
NT,2030,11,16,107,0.0002502094738449373
NT,2030,11,17,107,0.0002878603190994723
NT,2030,11,18,107,0.00028976095650888465
NT,2030,11,19,107,0.00028976558546504156
NT,2030,11,20,107,0.00028976558546504156
NT,2030,11,21,107,0.00028976558546504156
NT,2030,11,22,107,0.00028976095650888465
NT,2030,11,23,107,0.00028976095650888465
NT,2030,11,24,107,0.00028976558546504156
NT,2030,11,25,107,0.0001313204763366513
NT,2030,11,26,107,0.000131687072380615
NT,2030,11,27,107,0.000131687072380615
NT,2030,11,28,107,0.000131687072380615
NT,2030,11,29,107,0.000131687072380615
NT,2030,11,30,107,0.00013329959782880604
NT,2030,11,31,107,0.0003123674149034659
NT,2030,11,32,107,0.0002929266832307463
NT,2030,11,33,107,0.00029057449905013004
NT,2030,11,34,107,0.0002909946559739918
NT,2030,11,35,107,0.0002905586537810719
NT,2030,11,36,107,0.000290558653781074
NT,2030,11,37,107,0.0002682124946521452
NT,2030,11,38,107,0.0002682124946521452
NT,2030,11,39,107,0.000290558653781074
NT,2030,11,40,107,0.0002909946559739918
NT,2030,11,41,107,0.00029330911737096425
NT,2030,11,42,107,0.0003125106877812033
NT,2030,11,43,107,0.0003125237158463974
NT,2030,11,44,107,0.00031253674445470646
NT,2030,11,45,107,0.00031254977360616255
NT,2030,11,46,107,0.00031256280330077833
NT,2030,11,47,107,0.0002909946559739918
NT,2030,11,48,107,0.0002905586537810719
NT,2030,11,49,107,0.00028976095650888465
NT,2030,11,50,107,0.00028784831916854543
NT,2030,11,51,107,0.00028784831916854543
NT,2030,11,52,107,0.00028784831916854543
NT,2030,11,53,107,0.00028976095650888465
NT,2030,11,54,107,0.00028976095650888465
NT,2030,11,55,107,0.00028976558546504156
NT,2030,11,56,107,0.00028976558546504156
NT,2030,11,57,107,0.00028784831916854543
NT,2030,11,58,107,0.00024708258443319723
NT,2030,11,59,107,0.00024708258443319723
NT,2030,11,60,107,0.00024708258443319723
NT,2030,11,61,107,0.00024770791017573253
NT,2030,11,62,107,0.00024771823671792376
NT,2030,11,63,107,0.0002477285636906105
NT,2030,11,64,107,0.00028788432046212306
NT,2030,11,65,107,0.00028976558546504156
NT,2030,11,66,107,0.00029057449905013004
NT,2030,11,67,107,0.0002909946559739918
NT,2030,11,68,107,0.0002909946559739918
NT,2030,11,69,107,0.00029057449905013004
NT,2030,11,70,107,0.00029057449905013004
NT,2030,11,71,107,0.00029057449905013004
NT,2030,11,72,107,0.0002905586537810719
NT,2030,11,73,107,0.00028976558546504156
NT,2030,11,74,107,0.00028976558546504156
NT,2030,11,75,107,0.0002905586537810719
NT,2030,11,76,107,0.000290558653781074
NT,2030,11,77,107,0.00029057449905013004
NT,2030,11,78,107,0.00029393723263436015
NT,2030,11,79,107,0.00013389431963454378
NT,2030,11,80,107,0.0001332110483053815
NT,2030,11,81,107,0.0001316798913750574
NT,2030,11,82,107,0.00013044173435335636
NT,2030,11,83,107,0.00013022280982820427
NT,2030,11,84,107,0.00013022823860655381
NT,2030,11,85,107,0.00013023366761122184
NT,2030,11,86,107,0.0001302390968422148
NT,2030,11,87,107,0.00013048535626318376
NT,2030,11,88,107,0.000131687072380615
NT,2030,11,89,107,0.0001332110483053815
NT,2030,11,90,107,0.49630727038510397
NT,2030,11,91,107,0.4963279606325969
NT,2030,11,92,107,0.4963486517426234
NT,2030,11,93,107,0.4896530659187042
NT,2030,11,94,107,0.49639003655047786
NT,2030,11,95,107,0.4829160952869306
NT,2030,11,96,107,0.46178605913108384
NT,2030,11,97,107,0.4723510772090116
NT,2030,11,98,107,0.46351360999937463
NT,2030,11,99,107,0.457807732069174
NT,2030,11,100,107,1.0051373129422543
NT,2030,11,101,107,1.0956305754744988
NT,2030,11,102,107,1.0956762505413902
NT,2030,11,103,107,1.0957219275123862
NT,2030,11,104,107,0.4965970123544836
NT,2030,11,105,107,0.45792225558834365
NT,2030,11,106,107,0.45794134562664807
NT,2030,11,107,107,0.45796043646077783
NT,2030,11,108,107,0.45797952809076775
NT,2030,11,109,107,0.4579986205166789
NT,2030,11,110,107,0.4580177137385113
NT,2030,11,111,107,0.45803680775630856
NT,2030,11,112,107,1.113562885868159
NT,2030,11,113,107,1.1136093085040593
NT,2030,11,114,107,1.1136557330752335
NT,2030,11,115,107,1.1137021595817775
NT,2030,11,116,107,1.1137485880237699
NT,2030,11,117,107,1.113795018401298
NT,2030,11,118,107,1.1138414507144223
NT,2030,11,119,107,1.1138878849632308
NT,2030,11,120,107,1.0290698386283024
NT,2030,11,121,107,1.0967100683494782
NT,2030,11,122,107,0.7371101911676566
NT,2030,11,123,107,0.971147672012312
NT,2030,11,124,107,0.9711881575882491
NT,2030,11,125,107,1.0496381661464846
NT,2030,11,126,107,1.0533435570844407
NT,2030,11,127,107,1.0533874692739142
NT,2030,11,128,107,0.00013292638925779132
NT,2030,11,129,107,0.00013292638925779132
NT,2030,11,130,107,0.0001329097661851746
NT,2030,11,131,107,0.00013291530697838878
NT,2030,11,132,107,0.0001329208480025887
NT,2030,11,133,107,0.00013292638925779132
NT,2030,11,134,107,0.00013293193074399455
NT,2030,11,135,107,0.00013293747246121332
NT,2030,11,136,107,0.00013294301440945822
NT,2030,11,137,107,1.0612353092414408
NT,2030,11,138,107,1.0612795504252897
NT,2030,11,139,107,1.061323793453468
NT,2030,11,140,107,1.0613680383260717
NT,2030,11,141,107,1.0614122850431968
NT,2030,11,142,107,1.061456533604878
NT,2030,11,143,107,1.0615007840112112
NT,2030,11,144,107,1.0615450362622925
NT,2030,11,145,107,0.9092908237425945
NT,2030,11,146,107,1.017423137433125
NT,2030,11,147,107,0.857477379644166
NT,2030,11,148,107,1.0533874692739142
NT,2030,11,149,107,1.056116982554198
NT,2030,11,150,107,1.0506579559936304
NT,2030,11,151,107,1.0557938709787191
NT,2030,11,152,107,1.0618991206902273
NT,2030,11,153,107,1.0619433895473027
NT,2030,11,154,107,1.061987660249885
NT,2030,11,155,107,0.4597622984652395
NT,2030,11,156,107,0.00013275307180402686
NT,2030,11,157,107,0.00013167989137505525
NT,2030,11,158,107,0.00029054654136562467
NT,2030,11,159,107,0.0002905586537810719
NT,2030,11,160,107,0.00029057076670146613
NT,2030,11,161,107,0.0002909946559739918
NT,2030,11,162,107,0.0002929266832307463
NT,2030,11,163,107,0.0003151640618649371
NT,2030,11,164,107,0.0003151772005450034
NT,2030,11,165,107,0.0002929266832307463
NT,2030,11,166,107,0.0002909946559739918
NT,2030,11,167,107,0.0002905586537810719
NT,2030,21,0,107,0.0
NT,2030,21,1,107,0.9447021544180232
NT,2030,21,2,107,0.49559717117387275
NT,2030,21,3,107,0.49561783181849045
NT,2030,21,4,107,0.4956384933243772
NT,2030,21,5,107,0.5040024553152774
NT,2030,21,6,107,0.537565876917977
NT,2030,21,7,107,0.5118175750472004
NT,2030,21,8,107,0.4665682154478567
NT,2030,21,9,107,0.4665876659222467
NT,2030,21,10,107,0.48746617779876056
NT,2030,21,11,107,0.4837520014821901
NT,2030,21,12,107,0.477026921860508
NT,2030,21,13,107,0.4799713363720388
NT,2030,21,14,107,0.47486412751276136
NT,2030,21,15,107,0.4723510772090116
NT,2030,21,16,107,1.0533874692739142
NT,2030,21,17,107,1.0496381661464846
NT,2030,21,18,107,1.064372645559443
NT,2030,21,19,107,1.1138878849632308
NT,2030,21,20,107,1.0856372051582508
NT,2030,21,21,107,1.0496381661464846
NT,2030,21,22,107,1.070040046705435
NT,2030,21,23,107,1.036734891842376
NT,2030,21,24,107,1.0533874692739142
NT,2030,21,25,107,1.0533874692739142
NT,2030,21,26,107,1.045888863019064
NT,2030,21,27,107,1.036907781857552
NT,2030,21,28,107,1.0516262996866068
NT,2030,21,29,107,1.1174810267707695
NT,2030,21,30,107,1.1175276127476337
NT,2030,21,31,107,0.7515219415754858
NT,2030,21,32,107,0.49087711172604226
NT,2030,21,33,107,0.4650777085640721
NT,2030,21,34,107,0.49841959348604836
NT,2030,21,35,107,0.49553975210993445
NT,2030,21,36,107,0.4651358760016006
NT,2030,21,37,107,0.46515526676407154
NT,2030,21,38,107,0.46517465833490884
NT,2030,21,39,107,0.4651940507141561
NT,2030,21,40,107,0.4652134439018307
NT,2030,21,41,107,0.5351841210946525
NT,2030,21,42,107,1.0375563762370852
NT,2030,21,43,107,1.1134004216398452
NT,2030,21,44,107,1.0745623492847398
NT,2030,21,45,107,1.037686143789005
NT,2030,21,46,107,1.0533874692739142
NT,2030,21,47,107,1.0533874692739142
NT,2030,21,48,107,0.5577695673895692
NT,2030,21,49,107,0.4751531196635905
NT,2030,21,50,107,0.48103735993644636
NT,2030,21,51,107,0.4791551976916122
NT,2030,21,52,107,0.4791551976916122
NT,2030,21,53,107,0.5047985200066462
NT,2030,21,54,107,0.504819564240579
NT,2030,21,55,107,0.5048406093518367
NT,2030,21,56,107,0.0
NT,2030,21,57,107,0.0
NT,2030,21,58,107,0.0
NT,2030,21,59,107,0.0
NT,2030,21,60,107,0.0
NT,2030,21,61,107,0.0001316798913750574
NT,2030,21,62,107,0.00013168158278837913
NT,2030,21,63,107,0.000131687072380615
NT,2030,21,64,107,0.0001316925622017074
NT,2030,21,65,107,0.00013169805225165417
NT,2030,21,66,107,0.00013170354253047448
NT,2030,21,67,107,0.00013329959782880604
NT,2030,21,68,107,0.00013275307180402686
NT,2030,21,69,107,0.00013172001474026182
NT,2030,21,70,107,0.0001317255059346636
NT,2030,21,71,107,0.0001317309973579815
NT,2030,21,72,107,0.00013173648901023042
NT,2030,21,73,107,0.00013174198089142104
NT,2030,21,74,107,0.00013275307180402686
NT,2030,21,75,107,0.00013329959782880604
NT,2030,21,76,107,0.00014289234353203288
NT,2030,21,77,107,0.00014289830048275584
NT,2030,21,78,107,0.00014290425768181318
NT,2030,21,79,107,0.0001429102151292177
NT,2030,21,80,107,0.0
NT,2030,21,81,107,0.0
NT,2030,21,82,107,0.0
NT,2030,21,83,107,0.0
NT,2030,21,84,107,0.0
NT,2030,21,85,107,0.0
NT,2030,21,86,107,0.00011705352928630366
NT,2030,21,87,107,0.00011705840905864482
NT,2030,21,88,107,0.00011706328903441562
NT,2030,21,89,107,0.00011706816921362675
NT,2030,21,90,107,0.00013183537790838215
NT,2030,21,91,107,0.00013329959782880604
NT,2030,21,92,107,0.00013329959782880604
NT,2030,21,93,107,0.00013329959782880604
NT,2030,21,94,107,0.4722034166254024
NT,2030,21,95,107,0.4722231020222302
NT,2030,21,96,107,0.472242788239669
NT,2030,21,97,107,0.4722624752778233
NT,2030,21,98,107,0.47228216313670185
NT,2030,21,99,107,0.47230185181631346
NT,2030,21,100,107,0.47232154131673654
NT,2030,21,101,107,0.4723412316379624
NT,2030,21,102,107,0.47236092278005204
NT,2030,21,103,107,0.47238061474304915
NT,2030,21,104,107,0.0
NT,2030,21,105,107,0.0
NT,2030,21,106,107,0.0
NT,2030,21,107,107,0.0
NT,2030,21,108,107,0.0
NT,2030,21,109,107,0.0
NT,2030,21,110,107,0.0
NT,2030,21,111,107,0.0
NT,2030,21,112,107,0.0
NT,2030,21,113,107,0.00013286690510798792
NT,2030,21,114,107,0.4722723175657835
NT,2030,21,115,107,0.47229200583495007
NT,2030,21,116,107,0.4723116949248933
NT,2030,21,117,107,0.4723313848356567
NT,2030,21,118,107,0.47235107556727524
NT,2030,21,119,107,0.4723707671197401
NT,2030,21,120,107,0.4723904594931124
NT,2030,21,121,107,0.47241015268742703
NT,2030,21,122,107,0.4724298467027363
NT,2030,21,123,107,0.47244954153904895
NT,2030,21,124,107,0.47246923719640854
NT,2030,21,125,107,0.47248893367484124
NT,2030,21,126,107,0.4725086309743907
NT,2030,21,127,107,0.4725283290950918
NT,2030,21,128,107,0.0
NT,2030,21,129,107,0.0
NT,2030,21,130,107,0.0
NT,2030,21,131,107,0.0
NT,2030,21,132,107,0.0
NT,2030,21,133,107,0.0
NT,2030,21,134,107,0.0
NT,2030,21,135,107,0.0
NT,2030,21,136,107,0.0
NT,2030,21,137,107,0.00013285965976516937
NT,2030,21,138,107,0.47228216204235923
NT,2030,21,139,107,1.053277689563111
NT,2030,21,140,107,1.0533215990066858
NT,2030,21,141,107,1.0533655102807407
NT,2030,21,142,107,1.0534094233854063
NT,2030,21,143,107,1.053453338320718
NT,2030,21,144,107,1.0534972550867976
NT,2030,21,145,107,1.0533874692739142
NT,2030,21,146,107,1.0533874692739142
NT,2030,21,147,107,1.0536290163702113
NT,2030,21,148,107,1.0536729404600171
NT,2030,21,149,107,1.0537168663809222
NT,2030,21,150,107,1.0537607941330573
NT,2030,21,151,107,1.0538047237164665
NT,2030,21,152,107,0.4716125458146065
NT,2030,21,153,107,0.0001316798913750574
NT,2030,21,154,107,0.00013167989137505525
NT,2030,21,155,107,0.00013166342418288588
NT,2030,21,156,107,0.00013166891301811848
NT,2030,21,157,107,0.00013167440208217352
NT,2030,21,158,107,0.0001316798913750574
NT,2030,21,159,107,0.0001316853808967786
NT,2030,21,160,107,0.0001316908706473542
NT,2030,21,161,107,0.000273515819762957
NT,2030,21,162,107,0.00031852650159918934
NT,2030,21,163,107,0.00031853978045393147
NT,2030,21,164,107,0.00031855305986224934
NT,2030,21,165,107,0.00031856633982416
NT,2030,21,166,107,0.00031857962033969323
NT,2030,21,167,107,0.00031859290140887037
NT,2030,42,0,107,0.0
NT,2030,42,1,107,0.9486204299135201
NT,2030,42,2,107,0.4962361048593639
NT,2030,42,3,107,0.4962567921400764
NT,2030,42,4,107,0.4962774802832091
NT,2030,42,5,107,0.5304657912118186
NT,2030,42,6,107,0.5382589174898634
NT,2030,42,7,107,0.5382813566336639
NT,2030,42,8,107,0.47629998035868515
NT,2030,42,9,107,0.15735668678653505
NT,2030,42,10,107,0.4696386453037582
NT,2030,42,11,107,0.5093453985430691
NT,2030,42,12,107,0.46967780307123036
NT,2030,42,13,107,0.469697383179294
NT,2030,42,14,107,0.46971696410362535
NT,2030,42,15,107,0.4749851903143978
NT,2030,42,16,107,0.5094515763253197
NT,2030,42,17,107,0.5094728145376592
NT,2030,42,18,107,0.5094940536353995
NT,2030,42,19,107,0.5095152936185575
NT,2030,42,20,107,0.509536534487186
NT,2030,42,21,107,0.4723510772090116
NT,2030,42,22,107,0.4970241319296616
NT,2030,42,23,107,0.46521214636301905
NT,2030,42,24,107,0.46523154030506725
NT,2030,42,25,107,0.46901079949653296
NT,2030,42,26,107,0.4756913549214902
NT,2030,42,27,107,0.4723510772090116
NT,2030,42,28,107,0.4653091241586592
NT,2030,42,29,107,0.4894138633967997
NT,2030,42,30,107,0.49241535762204797
NT,2030,42,31,107,0.5046919043419285
NT,2030,42,32,107,0.4770506139976682
NT,2030,42,33,107,0.0
NT,2030,42,34,107,0.0
NT,2030,42,35,107,0.0
NT,2030,42,36,107,0.0
NT,2030,42,37,107,0.0
NT,2030,42,38,107,0.0
NT,2030,42,39,107,0.0
NT,2030,42,40,107,0.0
NT,2030,42,41,107,0.5005232223706153
NT,2030,42,42,107,0.5005440883743201
NT,2030,42,43,107,0.5005649552479018
NT,2030,42,44,107,0.49488477669303316
NT,2030,42,45,107,0.4656389999041718
NT,2030,42,46,107,0.46985654771802127
NT,2030,42,47,107,0.15072395915819706
NT,2030,42,48,107,-8.721182071795201e-15
NT,2030,42,49,107,-8.721182071795201e-15
NT,2030,42,50,107,0.0
NT,2030,42,51,107,0.0
NT,2030,42,52,107,0.46577489905771907
NT,2030,42,53,107,0.49877228613373786
NT,2030,42,54,107,0.4943862052494047
NT,2030,42,55,107,0.5008154255939488
NT,2030,42,56,107,0.4721680697738346
NT,2030,42,57,107,0.0
NT,2030,42,58,107,0.4768673960348566
NT,2030,42,59,107,0.47718644768615065
NT,2030,42,60,107,0.0
NT,2030,42,61,107,0.0
NT,2030,42,62,107,0.0
NT,2030,42,63,107,0.23762805105761797
NT,2030,42,64,107,0.5205784544961866
NT,2030,42,65,107,0.5206001565700779
NT,2030,42,66,107,0.5206218595487221
NT,2030,42,67,107,0.5206435634321105
NT,2030,42,68,107,0.5169694424183982
NT,2030,42,69,107,0.4822581445490594
NT,2030,42,70,107,0.49936501809488243
NT,2030,42,71,107,0.48398039964735884
NT,2030,42,72,107,0.48747816143923045
NT,2030,42,73,107,0.48747816143923045
NT,2030,42,74,107,0.4896530659187042
NT,2030,42,75,107,0.480240491393894
NT,2030,42,76,107,0.5024470001300358
NT,2030,42,77,107,0.520860652036263
NT,2030,42,78,107,0.5208823658745318
NT,2030,42,79,107,0.5209040806179984
NT,2030,42,80,107,0.5079723802957979
NT,2030,42,81,107,0.4803563245167848
NT,2030,42,82,107,0.4803763497951279
NT,2030,42,83,107,0.48039637590831485
NT,2030,42,84,107,0.4804164028563457
NT,2030,42,85,107,0.4804364306392727
NT,2030,42,86,107,0.4804564592571308
NT,2030,42,87,107,0.4804764887099375
NT,2030,42,88,107,0.521099554050234
NT,2030,42,89,107,0.5211212778479446
NT,2030,42,90,107,0.5211430025512539
NT,2030,42,91,107,0.5211647281602668
NT,2030,42,92,107,0.5211864546749657
NT,2030,42,93,107,0.5196193079099031
NT,2030,42,94,107,0.48103735993644636
NT,2030,42,95,107,0.48103735993644636
NT,2030,42,96,107,0.4838689470682517
NT,2030,42,97,107,0.4806768291685193
NT,2030,42,98,107,0.4813578125896415
NT,2030,42,99,107,0.4807169072832425
NT,2030,42,100,107,0.4942394155952009
NT,2030,42,101,107,0.5213820340703222
NT,2030,42,102,107,0.521403769644149
NT,2030,42,103,107,0.5214255061241153
NT,2030,42,104,107,0.5214472435102385
NT,2030,42,105,107,0.0
NT,2030,42,106,107,0.0
NT,2030,42,107,107,0.0001327309370674572
NT,2030,42,108,107,0.0001327364704055767
NT,2030,42,109,107,0.00013274200397437105
NT,2030,42,110,107,0.00013274753777385302
NT,2030,42,111,107,0.00013275307180402686
NT,2030,42,112,107,0.00013292638925779132
NT,2030,42,113,107,1.0495287796045525
NT,2030,42,114,107,1.049572532762111
NT,2030,42,115,107,1.04961628774367
NT,2030,42,116,107,1.049660044549308
NT,2030,42,117,107,1.0497038031790857
NT,2030,42,118,107,0.00029843048911037126
NT,2030,42,119,107,0.0002984429301948517
NT,2030,42,120,107,0.00013383082719292747
NT,2030,42,121,107,0.00013383640638368798
NT,2030,42,122,107,0.0001338419858070375
NT,2030,42,123,107,0.00013384756546298027
NT,2030,42,124,107,0.00013385314535152692
NT,2030,42,125,107,0.00014517008842239188
NT,2030,42,126,107,0.00014517614032861278
NT,2030,42,127,107,0.00014518219248713264
NT,2030,42,128,107,0.0
NT,2030,42,129,107,0.0
NT,2030,42,130,107,0.0
NT,2030,42,131,107,0.0
NT,2030,42,132,107,0.0
NT,2030,42,133,107,0.0
NT,2030,42,134,107,0.0
NT,2030,42,135,107,0.0
NT,2030,42,136,107,0.0
NT,2030,42,137,107,0.4831030587381351
NT,2030,42,138,107,0.4831231985234011
NT,2030,42,139,107,0.4831433391482726
NT,2030,42,140,107,0.4831634806127673
NT,2030,42,141,107,0.48318362291691125
NT,2030,42,142,107,0.4695354736955691
NT,2030,42,143,107,0.47862752574175504
NT,2030,42,144,107,0.4723510772090116
NT,2030,42,145,107,0.4723510772090116
NT,2030,42,146,107,0.4723510772090116
NT,2030,42,147,107,0.47380634283110884
NT,2030,42,148,107,0.48332464255954244
NT,2030,42,149,107,0.4833447915822757
NT,2030,42,150,107,0.48336494144498965
NT,2030,42,151,107,0.48338509214769293
NT,2030,42,152,107,0.0
NT,2030,42,153,107,0.0
NT,2030,42,154,107,0.0
NT,2030,42,155,107,0.0
NT,2030,42,156,107,0.0
NT,2030,42,157,107,0.0
NT,2030,42,158,107,0.0
NT,2030,42,159,107,0.0
NT,2030,42,160,107,0.4785676708324949
NT,2030,42,161,107,0.4785876215447575
NT,2030,42,162,107,0.4786075730887591
NT,2030,42,163,107,0.4786275254644825
NT,2030,42,164,107,0.47864747867201474
NT,2030,42,165,107,0.4786674327113385
NT,2030,42,166,107,0.47868738758253215
NT,2030,42,167,107,0.4660147668354997
NT,2030,52,0,107,0.0
NT,2030,52,1,107,0.9410012596639343
NT,2030,52,2,107,0.4860728051005536
NT,2030,52,3,107,0.48609306868973184
NT,2030,52,4,107,0.48611333312366994
NT,2030,52,5,107,0.48613359840242015
NT,2030,52,6,107,0.5079146654569292
NT,2030,52,7,107,0.5272569375547802
NT,2030,52,8,107,0.5272789180438363
NT,2030,52,9,107,0.0
NT,2030,52,10,107,0.0
NT,2030,52,11,107,0.0
NT,2030,52,12,107,0.0
NT,2030,52,13,107,0.0001316798913750574
NT,2030,52,14,107,0.00013167989137505525
NT,2030,52,15,107,0.00013167989137505525
NT,2030,52,16,107,0.00013292638925779132
NT,2030,52,17,107,0.00013292638925779132
NT,2030,52,18,107,0.00013292638925779132
NT,2030,52,19,107,0.00013292638925779132
NT,2030,52,20,107,0.00013167989137505525
NT,2030,52,21,107,0.00013167989137505525
NT,2030,52,22,107,0.0002905586537810719
NT,2030,52,23,107,0.0002905586537810719
NT,2030,52,24,107,0.00028976095650888465
NT,2030,52,25,107,0.00028792284879691597
NT,2030,52,26,107,0.00028784831916854543
NT,2030,52,27,107,0.00028784831916854543
NT,2030,52,28,107,0.00028784831916854543
NT,2030,52,29,107,0.00028784831916854543
NT,2030,52,30,107,0.00028784831916854543
NT,2030,52,31,107,0.00028784831916854543
NT,2030,52,32,107,0.00028784831916854543
NT,2030,52,33,107,0.00028784831916854543
NT,2030,52,34,107,0.00028784831916854543
NT,2030,52,35,107,0.00028784831916854543
NT,2030,52,36,107,0.00028784831916854543
NT,2030,52,37,107,0.00028784831916854543
NT,2030,52,38,107,0.00028784831916854543
NT,2030,52,39,107,0.00028784831916854543
NT,2030,52,40,107,0.00028784831916854543
NT,2030,52,41,107,0.00028784831916854543
NT,2030,52,42,107,0.00028784831916854543
NT,2030,52,43,107,0.00028784831916854543
NT,2030,52,44,107,0.00028784831916854543
NT,2030,52,45,107,0.00024708258443319723
NT,2030,52,46,107,0.00024708258443319723
NT,2030,52,47,107,0.00024708258443319723
NT,2030,52,48,107,0.00024708258443319723
NT,2030,52,49,107,0.00024708258443319723
NT,2030,52,50,107,0.00024708258443319723
NT,2030,52,51,107,0.00024708258443319723
NT,2030,52,52,107,0.00024708258443319723
NT,2030,52,53,107,0.00024708258443319723
NT,2030,52,54,107,0.00024708258443319723
NT,2030,52,55,107,0.00024708258443319723
NT,2030,52,56,107,0.00024708258443319723
NT,2030,52,57,107,0.00024708258443319723
NT,2030,52,58,107,0.00028784831916854543
NT,2030,52,59,107,0.00024708258443319723
NT,2030,52,60,107,0.00024708258443319723
NT,2030,52,61,107,0.00024708258443319723
NT,2030,52,62,107,0.00024708258443319723
NT,2030,52,63,107,0.00024708258443319723
NT,2030,52,64,107,0.00024708258443319723
NT,2030,52,65,107,0.00024708258443319723
NT,2030,52,66,107,0.00028784831916854543
NT,2030,52,67,107,0.00028784831916854543
NT,2030,52,68,107,0.00028784831916854543
NT,2030,52,69,107,0.00028784831916854543
NT,2030,52,70,107,0.00028784831916854543
NT,2030,52,71,107,0.00024708258443319723
NT,2030,52,72,107,0.00024708258443319723
NT,2030,52,73,107,0.00024708258443319723
NT,2030,52,74,107,0.00024701758559279256
NT,2030,52,75,107,0.00024708258443319723
NT,2030,52,76,107,0.00024708258443319723
NT,2030,52,77,107,0.00024708258443319723
NT,2030,52,78,107,0.000286713165766142
NT,2030,52,79,107,0.00028976558546504156
NT,2030,52,80,107,0.00013167989137505525
NT,2030,52,81,107,0.00013044173435335636
NT,2030,52,82,107,0.00013009744661995922
NT,2030,52,83,107,0.00013009801036794632
NT,2030,52,84,107,0.00013009744661995922
NT,2030,52,85,107,0.00013009801036794632
NT,2030,52,86,107,0.0001301082939503782
NT,2030,52,87,107,0.00013124687661669407
NT,2030,52,88,107,0.00013167989137505525
NT,2030,52,89,107,0.00013167989137505525
NT,2030,52,90,107,0.00013167989137505525
NT,2030,52,91,107,0.00013167989137505525
NT,2030,52,92,107,0.00013167989137505525
NT,2030,52,93,107,0.0002682124946520451
NT,2030,52,94,107,0.0002682124946521452
NT,2030,52,95,107,0.000290558653781074
NT,2030,52,96,107,0.00028784831916854543
NT,2030,52,97,107,0.00024708258443319723
NT,2030,52,98,107,0.00024708258443319723
NT,2030,52,99,107,0.00024708258443319723
NT,2030,52,100,107,0.00024708258443319723
NT,2030,52,101,107,0.00028784831916854543
NT,2030,52,102,107,0.00028976095650888465
NT,2030,52,103,107,0.00028976095650888465
NT,2030,52,104,107,0.00028976558546504156
NT,2030,52,105,107,0.00028976095650888465
NT,2030,52,106,107,0.00028976095650888465
NT,2030,52,107,107,0.00028784831916854543
NT,2030,52,108,107,0.00028784831916854543
NT,2030,52,109,107,0.00028784831916854543
NT,2030,52,110,107,0.00028784831916854543
NT,2030,52,111,107,0.00028784831916854543
NT,2030,52,112,107,0.00028976095650888465
NT,2030,52,113,107,0.0002905586537810719
NT,2030,52,114,107,0.000290558653781074
NT,2030,52,115,107,0.000290558653781074
NT,2030,52,116,107,0.00028976558546504156
NT,2030,52,117,107,0.00028976095650888465
NT,2030,52,118,107,0.00028976095650888465
NT,2030,52,119,107,0.00028784831916854543
NT,2030,52,120,107,0.00028784831916854543
NT,2030,52,121,107,0.00028784831916854543
NT,2030,52,122,107,0.00028784831916854543
NT,2030,52,123,107,0.00028784831916854543
NT,2030,52,124,107,0.00028784831916854543
NT,2030,52,125,107,0.00028784831916854543
NT,2030,52,126,107,0.00028784831916854543
NT,2030,52,127,107,0.00028784831916854543
NT,2030,52,128,107,0.00028976095650888465
NT,2030,52,129,107,0.00028784831916854543
NT,2030,52,130,107,0.00024708258443319723
NT,2030,52,131,107,0.00024583201115023175
NT,2030,52,132,107,0.00024645728475839227
NT,2030,52,133,107,0.00024646755916403273
NT,2030,52,134,107,0.00024647783399799473
NT,2030,52,135,107,0.0002464881092602997
NT,2030,52,136,107,0.00028976095650888465
NT,2030,52,137,107,0.000290558653781074
NT,2030,52,138,107,0.0002929266832307463
NT,2030,52,139,107,0.00013292638925779132
NT,2030,52,140,107,0.00013329959782880604
NT,2030,52,141,107,0.00013329959782880604
NT,2030,52,142,107,0.00014270596813565023
NT,2030,52,143,107,0.00013329959782880604
NT,2030,52,144,107,0.00013329959782880604
NT,2030,52,145,107,0.00013275307180402686
NT,2030,52,146,107,0.00013275307180402686
NT,2030,52,147,107,0.00013275307180402686
NT,2030,52,148,107,0.00013329959782880604
NT,2030,52,149,107,0.00014274761761148402
NT,2030,52,150,107,0.00014275356852881825
NT,2030,52,151,107,0.00014275951969423565
NT,2030,52,152,107,0.00014276547110774469
NT,2030,52,153,107,0.00013167989137505525
NT,2030,52,154,107,0.0001316524471988433
NT,2030,52,155,107,0.0001316579355764672
NT,2030,52,156,107,0.00013166342418288588
NT,2030,52,157,107,0.00013166891301812062
NT,2030,52,158,107,0.0001316744020821714
NT,2030,52,159,107,0.00013167989137505525
NT,2030,52,160,107,0.48020045272051615
NT,2030,52,161,107,0.4802204715008285
NT,2030,52,162,107,0.48024049111569705
NT,2030,52,163,107,0.4802605115651565
NT,2030,52,164,107,0.4802805328492069
NT,2030,52,165,107,0.4803005549679268
NT,2030,52,166,107,0.48032057792133354
NT,2030,52,167,107,0.46438157649667217
NT,2040,11,0,107,0.0
NT,2040,11,1,107,9.649039851745912e-05
NT,2040,11,2,107,9.649442104613123e-05
NT,2040,11,3,107,9.649844374249872e-05
NT,2040,11,4,107,9.650246660656478e-05
NT,2040,11,5,107,9.658698550296084e-05
NT,2040,11,6,107,9.685288459369062e-05
NT,2040,11,7,107,9.685288459369062e-05
NT,2040,11,8,107,9.685288459369062e-05
NT,2040,11,9,107,7.559092372109652e-05
NT,2040,11,10,107,9.658852848834718e-05
NT,2040,11,11,107,9.658698550296084e-05
NT,2040,11,12,107,9.653465555711835e-05
NT,2040,11,13,107,9.65386799307974e-05
NT,2040,11,14,107,9.654270447224422e-05
NT,2040,11,15,107,9.654672918146841e-05
NT,2040,11,16,107,9.655075405847635e-05
NT,2040,11,17,107,9.658698550296084e-05
NT,2040,11,18,107,9.685288459369062e-05
NT,2040,11,19,107,9.685288459369169e-05
NT,2040,11,20,107,9.699821865799692e-05
NT,2040,11,21,107,9.699821865799692e-05
NT,2040,11,22,107,9.685288459369062e-05
NT,2040,11,23,107,9.685288459369062e-05
NT,2040,11,24,107,8.940416488401611e-05
NT,2040,11,25,107,4.3895690793537626e-05
NT,2040,11,26,107,4.40933713832923e-05
NT,2040,11,27,107,4.425102393467633e-05
NT,2040,11,28,107,4.425102393467633e-05
NT,2040,11,29,107,0.1480559128651384
NT,2040,11,30,107,0.36159686993901075
NT,2040,11,31,107,0.3616119443277524
NT,2040,11,32,107,0.3616270193449272
NT,2040,11,33,107,0.3406312935043475
NT,2040,11,34,107,0.36060556876372457
NT,2040,11,35,107,0.34165274408555013
NT,2040,11,36,107,0.35112915642463516
NT,2040,11,37,107,0.15745035906966906
NT,2040,11,38,107,0.15115575571034653
NT,2040,11,39,107,0.33354708429244756
NT,2040,11,40,107,0.3335609893309884
NT,2040,11,41,107,0.3617627227830198
NT,2040,11,42,107,0.3617778040858993
NT,2040,11,43,107,0.3617928860174998
NT,2040,11,44,107,0.36180796857783865
NT,2040,11,45,107,0.36182305176694635
NT,2040,11,46,107,0.3618381355848448
NT,2040,11,47,107,0.34471059553008065
NT,2040,11,48,107,9.76422277435828e-05
NT,2040,11,49,107,9.685288459369062e-05
NT,2040,11,50,107,9.685288459369062e-05
NT,2040,11,51,107,9.658852848834718e-05
NT,2040,11,52,107,9.658852848834718e-05
NT,2040,11,53,107,9.658852848834718e-05
NT,2040,11,54,107,9.685288459369169e-05
NT,2040,11,55,107,9.699821865799692e-05
NT,2040,11,56,107,9.685288459369062e-05
NT,2040,11,57,107,9.658852848834718e-05
NT,2040,11,58,107,9.658698550296084e-05
NT,2040,11,59,107,9.658450203665062e-05
NT,2040,11,60,107,9.658852848834718e-05
NT,2040,11,61,107,9.659255510790096e-05
NT,2040,11,62,107,9.659658189531619e-05
NT,2040,11,63,107,9.660060885060352e-05
NT,2040,11,64,107,9.660463597376616e-05
NT,2040,11,65,107,9.685288459369062e-05
NT,2040,11,66,107,9.797907754478742e-05
NT,2040,11,67,107,9.848163566887555e-05
NT,2040,11,68,107,9.848163566887555e-05
NT,2040,11,69,107,9.804420728239112e-05
NT,2040,11,70,107,9.797907754478742e-05
NT,2040,11,71,107,9.76422277435828e-05
NT,2040,11,72,107,9.729030316463581e-05
NT,2040,11,73,107,9.699821865799692e-05
NT,2040,11,74,107,9.699821865799692e-05
NT,2040,11,75,107,9.729030316463581e-05
NT,2040,11,76,107,9.76422277435828e-05
NT,2040,11,77,107,9.798316213408101e-05
NT,2040,11,78,107,4.813782958678936e-05
NT,2040,11,79,107,4.8139836375057496e-05
NT,2040,11,80,107,4.8141843246985956e-05
NT,2040,11,81,107,2.1760291776400192e-05
NT,2040,11,82,107,4.44036827684605e-05
NT,2040,11,83,107,4.43962790691901e-05
NT,2040,11,84,107,4.439812987826946e-05
NT,2040,11,85,107,4.4399980764504454e-05
NT,2040,11,86,107,4.440183172790147e-05
NT,2040,11,87,107,4.44036827684605e-05
NT,2040,11,88,107,4.44073850810838e-05
NT,2040,11,89,107,0.11661589502218703
NT,2040,11,90,107,0.38057267906643877
NT,2040,11,91,107,0.38058854452597746
NT,2040,11,92,107,0.3806044106469219
NT,2040,11,93,107,0.3806202774292982
NT,2040,11,94,107,0.17068163263745895
NT,2040,11,95,107,0.3552784280962351
NT,2040,11,96,107,0.34772237130585737
NT,2040,11,97,107,0.3511650838705043
NT,2040,11,98,107,0.35109322897876605
NT,2040,11,99,107,0.34704019097979594
NT,2040,11,100,107,0.351065537052786
NT,2040,11,101,107,0.35113714033613214
NT,2040,11,102,107,0.3807631082397598
NT,2040,11,103,107,0.3807789816379834
NT,2040,11,104,107,0.378456094819043
NT,2040,11,105,107,0.157454647454234
NT,2040,11,106,107,0.15746121148385947
NT,2040,11,107,107,0.15746777578712076
NT,2040,11,108,107,0.1574743403640484
NT,2040,11,109,107,0.15748090521463362
NT,2040,11,110,107,0.1574874703388983
NT,2040,11,111,107,0.15749403573685325
NT,2040,11,112,107,0.1575006014085116
NT,2040,11,113,107,0.39884001363234595
NT,2040,11,114,107,0.3988566406275199
NT,2040,11,115,107,0.39887326831585346
NT,2040,11,116,107,0.39888989669736397
NT,2040,11,117,107,0.39890652577209074
NT,2040,11,118,107,0.3989231555400512
NT,2040,11,119,107,0.39893978600128455
NT,2040,11,120,107,0.335463899235413
NT,2040,11,121,107,0.3354778841828681
NT,2040,11,122,107,0.15745035906966906
NT,2040,11,123,107,0.20434997173099853
NT,2040,11,124,107,0.34771978324626074
NT,2040,11,125,107,0.352038994184732
NT,2040,11,126,107,0.352038994184732
NT,2040,11,127,107,0.352038994184732
NT,2040,11,128,107,0.3574082069239706
NT,2040,11,129,107,0.35551603677212407
NT,2040,11,130,107,0.16295306682204214
NT,2040,11,131,107,0.15210048077856297
NT,2040,11,132,107,0.15210682160162964
NT,2040,11,133,107,0.15211316268904182
NT,2040,11,134,107,0.1521195040408018
NT,2040,11,135,107,0.3356737346743881
NT,2040,11,136,107,0.3356877283695486
NT,2040,11,137,107,0.3640692721993056
NT,2040,11,138,107,0.3640844496585091
NT,2040,11,139,107,0.36409962775043
NT,2040,11,140,107,0.36411480647510314
NT,2040,11,141,107,0.36412998583255474
NT,2040,11,142,107,0.36414516582280004
NT,2040,11,143,107,0.3632270906611473
NT,2040,11,144,107,0.3509200327383985
NT,2040,11,145,107,0.3466791392233586
NT,2040,11,146,107,0.35302739062501026
NT,2040,11,147,107,0.352038994184732
NT,2040,11,148,107,0.35302739062501026
NT,2040,11,149,107,0.3538114697746806
NT,2040,11,150,107,0.3503968149257953
NT,2040,11,151,107,0.35112915642463516
NT,2040,11,152,107,0.35719346968204413
NT,2040,11,153,107,0.364312187488103
NT,2040,11,154,107,0.3643273750740444
NT,2040,11,155,107,0.16337540294002917
NT,2040,11,156,107,0.15782417898623943
NT,2040,11,157,107,0.15154354937745565
NT,2040,11,158,107,0.3344028072277913
NT,2040,11,159,107,0.3344167479400396
NT,2040,11,160,107,0.33443068923345654
NT,2040,11,161,107,0.34462866675934434
NT,2040,11,162,107,0.36272107422537186
NT,2040,11,163,107,0.36273619548037456
NT,2040,11,164,107,0.3610763619298707
NT,2040,11,165,107,0.36276643988155527
NT,2040,11,166,107,0.36278156302777903
NT,2040,11,167,107,9.76422277435828e-05
NT,2040,21,0,107,0.0
NT,2040,21,1,107,0.3242074200979702
NT,2040,21,2,107,0.16487034077653992
NT,2040,21,3,107,0.16475482114903184
NT,2040,21,4,107,0.16476168951109296
NT,2040,21,5,107,0.17869187139482312
NT,2040,21,6,107,0.17869932076997017
NT,2040,21,7,107,0.1787067704556698
NT,2040,21,8,107,0.15964965573656914
NT,2040,21,9,107,0.15965631127253904
NT,2040,21,10,107,0.16531530544255485
NT,2040,21,11,107,0.167590720569931
NT,2040,21,12,107,0.1621037100489851
NT,2040,21,13,107,0.16430667160789914
NT,2040,21,14,107,0.16034578664548213
NT,2040,21,15,107,0.1616586718935719
NT,2040,21,16,107,0.3523929235430683
NT,2040,21,17,107,0.3524076142341733
NT,2040,21,18,107,0.3682707248029224
NT,2040,21,19,107,0.3811485898001334
NT,2040,21,20,107,0.380513446309829
NT,2040,21,21,107,0.35246638312316136
NT,2040,21,22,107,0.356428171859869
NT,2040,21,23,107,0.352495771242755
NT,2040,21,24,107,0.35251046622141335
NT,2040,21,25,107,0.35252516181268023
NT,2040,21,26,107,0.3525398580165862
NT,2040,21,27,107,0.352554554833153
NT,2040,21,28,107,0.3525692522624025
NT,2040,21,29,107,0.3823780860101083
NT,2040,21,30,107,0.38239402673414163
NT,2040,21,31,107,0.3824099681227225
NT,2040,21,32,107,0.17148418401893867
NT,2040,21,33,107,0.15938064972055524
NT,2040,21,34,107,0.17149848211358545
NT,2040,21,35,107,0.16567858860990775
NT,2040,21,36,107,0.15745035906966906
NT,2040,21,37,107,0.15745035906966906
NT,2040,21,38,107,0.15745035906966906
NT,2040,21,39,107,0.2888452234619149
NT,2040,21,40,107,0.15744379540124442
NT,2040,21,41,107,0.35112915622123325
NT,2040,21,42,107,0.35114379422792374
NT,2040,21,43,107,0.37337342848069144
NT,2040,21,44,107,0.3665964093913482
NT,2040,21,45,107,0.32965445851118785
NT,2040,21,46,107,0.35120235235728287
NT,2040,21,47,107,0.3148544316107708
NT,2040,21,48,107,0.15860117181889344
NT,2040,21,49,107,0.1601280207916501
NT,2040,21,50,107,0.1605635524993098
NT,2040,21,51,107,0.15887324596175845
NT,2040,21,52,107,0.15879351095654098
NT,2040,21,53,107,0.17084070966690781
NT,2040,21,54,107,0.17084783173981563
NT,2040,21,55,107,0.17085495410963394
NT,2040,21,56,107,0.0
NT,2040,21,57,107,0.0
NT,2040,21,58,107,0.0
NT,2040,21,59,107,0.0
NT,2040,21,60,107,0.0
NT,2040,21,61,107,0.0
NT,2040,21,62,107,0.0
NT,2040,21,63,107,0.0
NT,2040,21,64,107,0.0
NT,2040,21,65,107,0.14744745590047692
NT,2040,21,66,107,0.15991376335994742
NT,2040,21,67,107,0.15992042990613933
NT,2040,21,68,107,0.1599270967302361
NT,2040,21,69,107,0.15745035906966906
NT,2040,21,70,107,0.15900897395349975
NT,2040,21,71,107,0.15589174418584056
NT,2040,21,72,107,0.15203451041058996
NT,2040,21,73,107,0.15895579867828555
NT,2040,21,74,107,0.15906214922871614
NT,2040,21,75,107,0.1572188957012576
NT,2040,21,76,107,0.1599804413295048
NT,2040,21,77,107,0.15998711065539256
NT,2040,21,78,107,0.15999378025930724
NT,2040,21,79,107,0.16000045014127065
NT,2040,21,80,107,0.1600071203012937
NT,2040,21,81,107,0.0
NT,2040,21,82,107,0.0
NT,2040,21,83,107,0.0
NT,2040,21,84,107,0.0
NT,2040,21,85,107,0.0
NT,2040,21,86,107,0.0
NT,2040,21,87,107,0.0
NT,2040,21,88,107,0.0
NT,2040,21,89,107,0.0
NT,2040,21,90,107,0.16060533086169893
NT,2040,21,91,107,0.16061202623821758
NT,2040,21,92,107,0.1606187218938533
NT,2040,21,93,107,0.1581756783453108
NT,2040,21,94,107,0.16063211404253483
NT,2040,21,95,107,0.15999044545734772
NT,2040,21,96,107,0.15745035906966906
NT,2040,21,97,107,0.15745035906966906
NT,2040,21,98,107,0.15822717216477603
NT,2040,21,99,107,0.15968606739090244
NT,2040,21,100,107,0.16067229718865367
NT,2040,21,101,107,0.1606789953568903
NT,2040,21,102,107,0.16068569380436606
NT,2040,21,103,107,0.16069239253108536
NT,2040,21,104,107,0.1606990915370613
NT,2040,21,105,107,0.0
NT,2040,21,106,107,0.07746237832291358
NT,2040,21,107,107,0.0
NT,2040,21,108,107,0.0
NT,2040,21,109,107,0.0
NT,2040,21,110,107,0.0
NT,2040,21,111,107,0.0
NT,2040,21,112,107,0.0
NT,2040,21,113,107,0.15912740641702147
NT,2040,21,114,107,0.1607660969586573
NT,2040,21,115,107,0.1607727990372561
NT,2040,21,116,107,0.3547684843385733
NT,2040,21,117,107,0.35478327406296545
NT,2040,21,118,107,0.16079290694948611
NT,2040,21,119,107,0.16067393938776323
NT,2040,21,120,107,0.31720863633323704
NT,2040,21,121,107,0.3341938813456692
NT,2040,21,122,107,0.15900897395349975
NT,2040,21,123,107,0.16070120711737473
NT,2040,21,124,107,0.16083313031897215
NT,2040,21,125,107,0.16083983519208406
NT,2040,21,126,107,0.1608465403447055
NT,2040,21,127,107,0.16085324577685828
NT,2040,21,128,107,0.1608599514885511
NT,2040,21,129,107,0.0
NT,2040,21,130,107,0.0
NT,2040,21,131,107,0.0
NT,2040,21,132,107,0.0
NT,2040,21,133,107,0.0
NT,2040,21,134,107,0.0
NT,2040,21,135,107,0.0
NT,2040,21,136,107,0.0
NT,2040,21,137,107,0.15229190550866006
NT,2040,21,138,107,0.3571725027761116
NT,2040,21,139,107,0.3571873927201485
NT,2040,21,140,107,0.3572022832849199
NT,2040,21,141,107,0.3572171744704585
NT,2040,21,142,107,0.35723206627678167
NT,2040,21,143,107,0.3572469587039222
NT,2040,21,144,107,0.352038994184732
NT,2040,21,145,107,0.352038994184732
NT,2040,21,146,107,0.352038994184732
NT,2040,21,147,107,0.3532253588948584
NT,2040,21,148,107,0.356170056244447
NT,2040,21,149,107,0.3573363263053361
NT,2040,21,150,107,0.3573512230789045
NT,2040,21,151,107,0.35736612047350175
NT,2040,21,152,107,0.35738101848914305
NT,2040,21,153,107,0.14934984492790684
NT,2040,21,154,107,0.15954250858058283
NT,2040,21,155,107,0.15954250858058283
NT,2040,21,156,107,0.1493685241671307
NT,2040,21,157,107,0.1493747510993475
NT,2040,21,158,107,0.14938097829115682
NT,2040,21,159,107,0.32963078067134166
NT,2040,21,160,107,0.32964452244551895
NT,2040,21,161,107,0.32965826479257104
NT,2040,21,162,107,0.35753003280892726
NT,2040,21,163,107,0.357544937657811
NT,2040,21,164,107,0.3575598431280527
NT,2040,21,165,107,0.3575747492196766
NT,2040,21,166,107,0.3575896559327151
NT,2040,21,167,107,0.3549608566534572
NT,2040,42,0,107,0.0
NT,2040,42,1,107,0.2807203935590591
NT,2040,42,2,107,0.1916306836499525
NT,2040,42,3,107,0.19163867242325117
NT,2040,42,4,107,0.1916466615295987
NT,2040,42,5,107,0.20784989943300972
NT,2040,42,6,107,0.2078585643591925
NT,2040,42,7,107,0.20786722964659793
NT,2040,42,8,107,0.0
NT,2040,42,9,107,0.0
NT,2040,42,10,107,0.0
NT,2040,42,11,107,0.0
NT,2040,42,12,107,0.0
NT,2040,42,13,107,0.0
NT,2040,42,14,107,0.0
NT,2040,42,15,107,0.0
NT,2040,42,16,107,0.0
NT,2040,42,17,107,0.0
NT,2040,42,18,107,0.0
NT,2040,42,19,107,0.0
NT,2040,42,20,107,0.0
NT,2040,42,21,107,0.16702191931104352
NT,2040,42,22,107,0.16139668258710932
NT,2040,42,23,107,0.15729618728575792
NT,2040,42,24,107,0.15745035906966906
NT,2040,42,25,107,0.15856378497383078
NT,2040,42,26,107,0.15856378497383078
NT,2040,42,27,107,0.15732241862071208
NT,2040,42,28,107,0.15732897713792912
NT,2040,42,29,107,0.1652300347405107
NT,2040,42,30,107,0.16826968070787088
NT,2040,42,31,107,0.17064496902672788
NT,2040,42,32,107,0.1621791982974226
NT,2040,42,33,107,0.15745035906966906
NT,2040,42,34,107,0.1634248421312739
NT,2040,42,35,107,0.006374913965114252
NT,2040,42,36,107,0.0
NT,2040,42,37,107,0.0
NT,2040,42,38,107,0.0
NT,2040,42,39,107,0.0
NT,2040,42,40,107,0.0015004868217916637
NT,2040,42,41,107,0.14083577483806356
NT,2040,42,42,107,0.1408416460537628
NT,2040,42,43,107,0.17047117570491724
NT,2040,42,44,107,0.16770614262842104
NT,2040,42,45,107,0.1574405137722426
NT,2040,42,46,107,0.1574470772126563
NT,2040,42,47,107,0.15745364092668185
NT,2040,42,48,107,0.15746020491434753
NT,2040,42,49,107,0.1574667691756534
NT,2040,42,50,107,0.12991086474069075
NT,2040,42,51,107,0.12991628051455298
NT,2040,42,52,107,0.12992169651419136
NT,2040,42,53,107,0.16540428113656017
NT,2040,42,54,107,0.17054936534554305
NT,2040,42,55,107,0.17055647527277892
NT,2040,42,56,107,0.16117167056951504
NT,2040,42,57,107,0.15751929311856364
NT,2040,42,58,107,0.16131683526379817
NT,2040,42,59,107,0.16242068506072826
NT,2040,42,60,107,0.12996503264032525
NT,2040,42,61,107,0.1299704506723588
NT,2040,42,62,107,0.12997586893026225
NT,2040,42,63,107,0.0
NT,2040,42,64,107,0.1794113277826224
NT,2040,42,65,107,0.1794188071507431
NT,2040,42,66,107,0.1794262868306635
NT,2040,42,67,107,0.17943376682238796
NT,2040,42,68,107,0.17944124712596882
NT,2040,42,69,107,0.16546644177322048
NT,2040,42,70,107,0.16547333980159248
NT,2040,42,71,107,0.1654802381175324
NT,2040,42,72,107,0.16548713672104676
NT,2040,42,73,107,0.16549403561215956
NT,2040,42,74,107,0.1655009347908751
NT,2040,42,75,107,0.16550783425719998
NT,2040,42,76,107,0.16551473401115818
NT,2040,42,77,107,0.1795085838924927
NT,2040,42,78,107,0.17951606731504732
NT,2040,42,79,107,0.1795235510495848
NT,2040,42,80,107,0.0
NT,2040,42,81,107,0.0
NT,2040,42,82,107,0.0
NT,2040,42,83,107,0.0
NT,2040,42,84,107,0.0
NT,2040,42,85,107,0.0
NT,2040,42,86,107,0.0
NT,2040,42,87,107,0.0
NT,2040,42,88,107,0.1795909187013247
NT,2040,42,89,107,0.17959840555628806
NT,2040,42,90,107,0.17960589272337815
NT,2040,42,91,107,0.17961338020259499
NT,2040,42,92,107,0.17962086799395602
NT,2040,42,93,107,0.17962835609746122
NT,2040,42,94,107,0.0
NT,2040,42,95,107,0.0
NT,2040,42,96,107,0.16341121705386472
NT,2040,42,97,107,0.16341802940322916
NT,2040,42,98,107,0.16342484203660765
NT,2040,42,99,107,0.16343165495398487
NT,2040,42,100,107,0.1634384681553892
NT,2040,42,101,107,0.17725677503823845
NT,2040,42,102,107,0.17726416458654307
NT,2040,42,103,107,0.1772715544428929
NT,2040,42,104,107,0.1503146600176092
NT,2040,42,105,107,0.1503209263927019
NT,2040,42,106,107,0.1503271930290289
NT,2040,42,107,107,0.15033345992660105
NT,2040,42,108,107,0.1503397270854315
NT,2040,42,109,107,0.15034599450553113
NT,2040,42,110,107,0.15035226218690864
NT,2040,42,111,107,0.15035853012957712
NT,2040,42,112,107,0.24966731158587308
NT,2040,42,113,107,0.3636787907342532
NT,2040,42,114,107,0.3636939519149081
NT,2040,42,115,107,0.3637091137276133
NT,2040,42,116,107,0.3637242761723839
NT,2040,42,117,107,0.36373943924925706
NT,2040,42,118,107,0.3354115718049514
NT,2040,42,119,107,0.33542555457096634
NT,2040,42,120,107,0.35112915642463516
NT,2040,42,121,107,0.33544292421000554
NT,2040,42,122,107,0.15745035906966906
NT,2040,42,123,107,0.15117391053693433
NT,2040,42,124,107,0.15230200436716218
NT,2040,42,125,107,0.1631593597623668
NT,2040,42,126,107,0.1631661616122195
NT,2040,42,127,107,0.16317296374562834
NT,2040,42,128,107,0.16317976616261298
NT,2040,42,129,107,0.15227479583350498
NT,2040,42,130,107,0.0
NT,2040,42,131,107,0.0
NT,2040,42,132,107,0.0
NT,2040,42,133,107,0.0
NT,2040,42,134,107,0.0
NT,2040,42,135,107,0.0
NT,2040,42,136,107,0.162807895948481
NT,2040,42,137,107,0.16324100067804154
NT,2040,42,138,107,0.16324780593137042
NT,2040,42,139,107,0.16325461146840153
NT,2040,42,140,107,0.16326141728914578
NT,2040,42,141,107,0.16326822339361188
NT,2040,42,142,107,0.1583668590558701
NT,2040,42,143,107,0.15856378497383078
NT,2040,42,144,107,0.15856378497383078
NT,2040,42,145,107,0.15856378497383078
NT,2040,42,146,107,0.15856378497383078
NT,2040,42,147,107,0.15856378497383078
NT,2040,42,148,107,0.15856378497383078
NT,2040,42,149,107,0.16332268244481232
NT,2040,42,150,107,0.1633294911033202
NT,2040,42,151,107,0.1633363000456764
NT,2040,42,152,107,0.16334310927188092
NT,2040,42,153,107,0.09913160563835204
NT,2040,42,154,107,0.0
NT,2040,42,155,107,0.0
NT,2040,42,156,107,0.0
NT,2040,42,157,107,0.1166301064683404
NT,2040,42,158,107,0.11663496858886682
NT,2040,42,159,107,0.11663983091208878
NT,2040,42,160,107,0.163397593301698
NT,2040,42,161,107,0.16340440508312384
NT,2040,42,162,107,0.1634112171485179
NT,2040,42,163,107,0.1634180294978976
NT,2040,42,164,107,0.1634248421312739
NT,2040,42,165,107,0.16343165504865767
NT,2040,42,166,107,0.1578765845291914
NT,2040,42,167,107,0.15438311534364108
NT,2040,52,0,107,0.0
NT,2040,52,1,107,0.32016032759592644
NT,2040,52,2,107,0.16209357363884774
NT,2040,52,3,107,0.16210033105779897
NT,2040,52,4,107,0.16210708875845525
NT,2040,52,5,107,0.1621138467408341
NT,2040,52,6,107,0.1621206050049376
NT,2040,52,7,107,0.17582748990955896
NT,2040,52,8,107,0.17583481987327376
NT,2040,52,9,107,0.0
NT,2040,52,10,107,0.0
NT,2040,52,11,107,0.0
NT,2040,52,12,107,0.0
NT,2040,52,13,107,0.0
NT,2040,52,14,107,0.0
NT,2040,52,15,107,0.0
NT,2040,52,16,107,0.15855387005439894
NT,2040,52,17,107,0.15856047990883462
NT,2040,52,18,107,0.15856709003882258
NT,2040,52,19,107,0.15857370044438027
NT,2040,52,20,107,4.430879641926271e-05
NT,2040,52,21,107,4.430879641926271e-05
NT,2040,52,22,107,4.389329712501913e-05
NT,2040,52,23,107,9.685288459369169e-05
NT,2040,52,24,107,9.685288459369062e-05
NT,2040,52,25,107,9.658852848834718e-05
NT,2040,52,26,107,9.658698550296084e-05
NT,2040,52,27,107,9.658698550296084e-05
NT,2040,52,28,107,9.597428293230532e-05
NT,2040,52,29,107,9.597428293230532e-05
NT,2040,52,30,107,9.658698550296084e-05
NT,2040,52,31,107,9.658698550296084e-05
NT,2040,52,32,107,9.658698550296084e-05
NT,2040,52,33,107,9.658698550296084e-05
NT,2040,52,34,107,9.597594464952304e-05
NT,2040,52,35,107,9.597428293230532e-05
NT,2040,52,36,107,9.594943972284813e-05
NT,2040,52,37,107,9.594943972284813e-05
NT,2040,52,38,107,9.594943972284813e-05
NT,2040,52,39,107,9.594943972284813e-05
NT,2040,52,40,107,9.594943972284813e-05
NT,2040,52,41,107,9.594943972284813e-05
NT,2040,52,42,107,9.594943972284813e-05
NT,2040,52,43,107,9.594943972284813e-05
NT,2040,52,44,107,9.594943972284813e-05
NT,2040,52,45,107,9.594943972284813e-05
NT,2040,52,46,107,9.594943972284813e-05
NT,2040,52,47,107,9.594943972284813e-05
NT,2040,52,48,107,9.594943972284813e-05
NT,2040,52,49,107,8.236086147773242e-05
NT,2040,52,50,107,8.236086147773242e-05
NT,2040,52,51,107,8.236086147773242e-05
NT,2040,52,52,107,8.236086147773242e-05
NT,2040,52,53,107,8.236086147773242e-05
NT,2040,52,54,107,8.236086147773242e-05
NT,2040,52,55,107,8.236086147773242e-05
NT,2040,52,56,107,9.594943972284813e-05
NT,2040,52,57,107,9.594943972284813e-05
NT,2040,52,58,107,9.594943972284813e-05
NT,2040,52,59,107,9.594943972284813e-05
NT,2040,52,60,107,9.594943972284813e-05
NT,2040,52,61,107,9.594943972284813e-05
NT,2040,52,62,107,8.363335345974898e-05
NT,2040,52,63,107,8.384184842206139e-05
NT,2040,52,64,107,9.594943972284813e-05
NT,2040,52,65,107,9.594943972284813e-05
NT,2040,52,66,107,9.594943972284813e-05
NT,2040,52,67,107,9.62641202353265e-05
NT,2040,52,68,107,9.658698550296084e-05
NT,2040,52,69,107,9.658698550296084e-05
NT,2040,52,70,107,9.62641202353265e-05
NT,2040,52,71,107,9.594943972284813e-05
NT,2040,52,72,107,9.557105525538101e-05
NT,2040,52,73,107,9.51530961400331e-05
NT,2040,52,74,107,8.613586674718844e-05
NT,2040,52,75,107,9.557105525538101e-05
NT,2040,52,76,107,9.578004788117355e-05
NT,2040,52,77,107,9.594943972284813e-05
NT,2040,52,78,107,9.658852848834718e-05
NT,2040,52,79,107,8.940416488401611e-05
NT,2040,52,80,107,4.3895690793537626e-05
NT,2040,52,81,107,4.389329712501913e-05
NT,2040,52,82,107,3.0080055962099548e-05
NT,2040,52,83,107,3.0080055962099548e-05
NT,2040,52,84,107,4.37734921122171e-05
NT,2040,52,85,107,4.37734921122171e-05
NT,2040,52,86,107,4.37734921122171e-05
NT,2040,52,87,107,4.389329712501913e-05
NT,2040,52,88,107,4.389329712501913e-05
NT,2040,52,89,107,4.389329712501913e-05
NT,2040,52,90,107,4.389329712501913e-05
NT,2040,52,91,107,4.389329712501913e-05
NT,2040,52,92,107,4.389329712501913e-05
NT,2040,52,93,107,4.389329712501913e-05
NT,2040,52,94,107,8.940416488401611e-05
NT,2040,52,95,107,8.940416488401611e-05
NT,2040,52,96,107,9.685288459369062e-05
NT,2040,52,97,107,9.658698550296084e-05
NT,2040,52,98,107,9.62641202353265e-05
NT,2040,52,99,107,9.594943972284813e-05
NT,2040,52,100,107,9.594943972284813e-05
NT,2040,52,101,107,9.658698550296084e-05
NT,2040,52,102,107,9.685288459369062e-05
NT,2040,52,103,107,9.685288459369062e-05
NT,2040,52,104,107,9.685288459369062e-05
NT,2040,52,105,107,9.685288459369062e-05
NT,2040,52,106,107,8.940416488401611e-05
NT,2040,52,107,107,9.685288459369062e-05
NT,2040,52,108,107,9.685288459369062e-05
NT,2040,52,109,107,9.658698550296084e-05
NT,2040,52,110,107,9.658852848834718e-05
NT,2040,52,111,107,9.685288459369062e-05
NT,2040,52,112,107,9.685288459369169e-05
NT,2040,52,113,107,9.685288459369062e-05
NT,2040,52,114,107,9.685288459369062e-05
NT,2040,52,115,107,9.685288459369062e-05
NT,2040,52,116,107,9.685288459369169e-05
NT,2040,52,117,107,9.685288459369062e-05
NT,2040,52,118,107,9.685288459369169e-05
NT,2040,52,119,107,9.658698550296084e-05
NT,2040,52,120,107,9.594943972284813e-05
NT,2040,52,121,107,9.594943972284813e-05
NT,2040,52,122,107,9.595343969982304e-05
NT,2040,52,123,107,9.595743984355329e-05
NT,2040,52,124,107,9.596144015404102e-05
NT,2040,52,125,107,9.596544063129582e-05
NT,2040,52,126,107,9.658698550296084e-05
NT,2040,52,127,107,9.658852848834718e-05
NT,2040,52,128,107,9.685288459369062e-05
NT,2040,52,129,107,9.658698550296084e-05
NT,2040,52,130,107,9.598544551930877e-05
NT,2040,52,131,107,9.598944699730961e-05
NT,2040,52,132,107,9.599344864212436e-05
NT,2040,52,133,107,9.599745045376153e-05
NT,2040,52,134,107,9.600145243222643e-05
NT,2040,52,135,107,9.62641202353265e-05
NT,2040,52,136,107,9.685288459369062e-05
NT,2040,52,137,107,0.3394873473114483
NT,2040,52,138,107,0.3519876331486847
NT,2040,52,139,107,0.35299060037984187
NT,2040,52,140,107,0.15998044132950046
NT,2040,52,141,107,0.28184631046878356
NT,2040,52,142,107,0.3530347490421397
NT,2040,52,143,107,0.1600004501412641
NT,2040,52,144,107,0.1599804407734248
NT,2040,52,145,107,0.15151569661046035
NT,2040,52,146,107,0.1538126875659195
NT,2040,52,147,107,0.15606455944196018
NT,2040,52,148,107,0.15988371399815973
NT,2040,52,149,107,0.16004047527264123
NT,2040,52,150,107,0.16004714710123788
NT,2040,52,151,107,0.16005381920797918
NT,2040,52,152,107,0.1600604915928717
NT,2040,52,153,107,0.1594891334958335
NT,2040,52,154,107,0.1476012039504209
NT,2040,52,155,107,0.14760735720591495
NT,2040,52,156,107,0.14761351071793166
NT,2040,52,157,107,0.1476196644864776
NT,2040,52,158,107,0.1476258185115658
NT,2040,52,159,107,0.14763197279320506
NT,2040,52,160,107,0.34274438312525285
NT,2040,52,161,107,0.3427586715843125
NT,2040,52,162,107,0.34277296063903545
NT,2040,52,163,107,0.3427872502894413
NT,2040,52,164,107,0.3428015405355671
NT,2040,52,165,107,0.3428158313774238
NT,2040,52,166,107,0.3428301228150462
NT,2040,52,167,107,0.1511866419560834
GA,2040,11,0,107,0.0
GA,2040,11,1,107,9.594943972284813e-05
GA,2040,11,2,107,9.594943972284813e-05
GA,2040,11,3,107,9.594943972284813e-05
GA,2040,11,4,107,9.594943972284813e-05
GA,2040,11,5,107,9.658698550296084e-05
GA,2040,11,6,107,9.685288459369169e-05
GA,2040,11,7,107,9.685288459369062e-05
GA,2040,11,8,107,9.658852848834718e-05
GA,2040,11,9,107,9.658852848834718e-05
GA,2040,11,10,107,9.62641202353265e-05
GA,2040,11,11,107,9.553144906100238e-05
GA,2040,11,12,107,9.574044003567671e-05
GA,2040,11,13,107,9.594943972284813e-05
GA,2040,11,14,107,9.595343969982304e-05
GA,2040,11,15,107,9.595743984355329e-05
GA,2040,11,16,107,9.596144015404102e-05
GA,2040,11,17,107,9.596544063129582e-05
GA,2040,11,18,107,9.658852848834718e-05
GA,2040,11,19,107,9.685288459369062e-05
GA,2040,11,20,107,9.685288459369169e-05
GA,2040,11,21,107,9.685288459369062e-05
GA,2040,11,22,107,9.658852848834718e-05
GA,2040,11,23,107,9.658852848834718e-05
GA,2040,11,24,107,9.658852848834718e-05
GA,2040,11,25,107,4.389329712501913e-05
GA,2040,11,26,107,4.3895690793537626e-05
GA,2040,11,27,107,4.3895690793537626e-05
GA,2040,11,28,107,4.3895690793537626e-05
GA,2040,11,29,107,4.425102393467633e-05
GA,2040,11,30,107,0.0001059872728508934
GA,2040,11,31,107,0.0001059916912889008
GA,2040,11,32,107,0.00010599610991110485
GA,2040,11,33,107,4.4295868440663195e-05
GA,2040,11,34,107,9.776970579032106e-05
GA,2040,11,35,107,9.774932903419192e-05
GA,2040,11,36,107,9.775340404564317e-05
GA,2040,11,37,107,4.4303255395057485e-05
GA,2040,11,38,107,9.77615545781919e-05
GA,2040,11,39,107,9.77656300993064e-05
GA,2040,11,40,107,9.776970579032106e-05
GA,2040,11,41,107,0.3511145188247529
GA,2040,11,42,107,0.35112915622123325
GA,2040,11,43,107,0.3511437942279194
GA,2040,11,44,107,0.3511584328448441
GA,2040,11,45,107,0.35117307207203136
GA,2040,11,46,107,0.35118771190950077
GA,2040,11,47,107,9.76422277435828e-05
GA,2040,11,48,107,9.685288459369062e-05
GA,2040,11,49,107,9.685288459369062e-05
GA,2040,11,50,107,9.658698550296084e-05
GA,2040,11,51,107,9.658698550296084e-05
GA,2040,11,52,107,9.658698550296084e-05
GA,2040,11,53,107,9.658698550296084e-05
GA,2040,11,54,107,9.658852848834718e-05
GA,2040,11,55,107,9.685288459369169e-05
GA,2040,11,56,107,9.685288459369062e-05
GA,2040,11,57,107,9.658698550296084e-05
GA,2040,11,58,107,9.625609454620318e-05
GA,2040,11,59,107,9.626010730712154e-05
GA,2040,11,60,107,9.62641202353265e-05
GA,2040,11,61,107,9.626813333082549e-05
GA,2040,11,62,107,9.62721465936217e-05
GA,2040,11,63,107,9.627616002372578e-05
GA,2040,11,64,107,9.628017362114306e-05
GA,2040,11,65,107,9.658852848834718e-05
GA,2040,11,66,107,9.699821865799692e-05
GA,2040,11,67,107,9.797907754478742e-05
GA,2040,11,68,107,9.797907754478742e-05
GA,2040,11,69,107,9.76422277435828e-05
GA,2040,11,70,107,9.699821865799692e-05
GA,2040,11,71,107,9.6858166350043e-05
GA,2040,11,72,107,9.6858166350043e-05
GA,2040,11,73,107,9.6858166350043e-05
GA,2040,11,74,107,9.6858166350043e-05
GA,2040,11,75,107,9.6858166350043e-05
GA,2040,11,76,107,9.6858166350043e-05
GA,2040,11,77,107,9.76422277435828e-05
GA,2040,11,78,107,4.463143987818304e-05
GA,2040,11,79,107,4.74645351373455e-05
GA,2040,11,80,107,4.7466513857056565e-05
GA,2040,11,81,107,4.44036827684605e-05
GA,2040,11,82,107,4.3895690793537626e-05
GA,2040,11,83,107,4.37734921122171e-05
GA,2040,11,84,107,4.377531695831401e-05
GA,2040,11,85,107,4.3777141880484925e-05
GA,2040,11,86,107,4.377896687873729e-05
GA,2040,11,87,107,4.389329712501913e-05
GA,2040,11,88,107,4.3895690793537626e-05
GA,2040,11,89,107,4.463143987818304e-05
GA,2040,11,90,107,0.16825214472349914
GA,2040,11,91,107,0.1682591588833213
GA,2040,11,92,107,0.16826617333555163
GA,2040,11,93,107,0.16827318808019884
GA,2040,11,94,107,0.16828020311728473
GA,2040,11,95,107,0.1588670042911146
GA,2040,11,96,107,0.15745035906966906
GA,2040,11,97,107,0.35112915642463516
GA,2040,11,98,107,0.1562927310380355
GA,2040,11,99,107,0.16097754489882335
GA,2040,11,100,107,0.281896056994659
GA,2040,11,101,107,0.36373117680951
GA,2040,11,102,107,0.37144303554759656
GA,2040,11,103,107,0.3714585204070641
GA,2040,11,104,107,0.3714740059120692
GA,2040,11,105,107,0.15523931688443185
GA,2040,11,106,107,0.1552457885605024
GA,2040,11,107,107,0.15525226050636923
GA,2040,11,108,107,0.1552587327220411
GA,2040,11,109,107,0.15526520520753326
GA,2040,11,110,107,0.15527167796284355
GA,2040,11,111,107,0.15527815098800027
GA,2040,11,112,107,0.3680133431681095
GA,2040,11,113,107,0.37557809410680243
GA,2040,11,114,107,0.3755937513501752
GA,2040,11,115,107,0.3756094092462739
GA,2040,11,116,107,0.3756250677951204
GA,2040,11,117,107,0.37564072699674955
GA,2040,11,118,107,0.37565638685118535
GA,2040,11,119,107,0.3756720473584605
GA,2040,11,120,107,0.35388557927053965
GA,2040,11,121,107,0.33707148578279805
GA,2040,11,122,107,0.36557002278315864
GA,2040,11,123,107,0.3484133954861572
GA,2040,11,124,107,0.32961372235139486
GA,2040,11,125,107,0.35112915642463516
GA,2040,11,126,107,0.35112915642463516
GA,2040,11,127,107,0.3538114697746806
GA,2040,11,128,107,0.35551603677212407
GA,2040,11,129,107,0.1579667283232881
GA,2040,11,130,107,0.15376408191850713
GA,2040,11,131,107,0.14784572750524186
GA,2040,11,132,107,0.14785189095453316
GA,2040,11,133,107,0.14785805466076576
GA,2040,11,134,107,0.14786421862395058
GA,2040,11,135,107,0.147870382844105
GA,2040,11,136,107,0.1478765473212356
GA,2040,11,137,107,0.357660599447276
GA,2040,11,138,107,0.35767550973926965
GA,2040,11,139,107,0.35769042065284157
GA,2040,11,140,107,0.3577053321880397
GA,2040,11,141,107,0.35772024434487715
GA,2040,11,142,107,0.35773515712336923
GA,2040,11,143,107,0.35775007052355506
GA,2040,11,144,107,0.35697427946791116
GA,2040,11,145,107,0.3398430085875489
GA,2040,11,146,107,0.3538114697746806
GA,2040,11,147,107,0.35112915642463516
GA,2040,11,148,107,0.35112915642463516
GA,2040,11,149,107,0.35294883194482657
GA,2040,11,150,107,0.34930948090444813
GA,2040,11,151,107,0.3516137105088188
GA,2040,11,152,107,0.35788431910551627
GA,2040,11,153,107,0.35789923872402707
GA,2040,11,154,107,0.3579141589644933
GA,2040,11,155,107,0.16049952306462004
GA,2040,11,156,107,0.15619409224355246
GA,2040,11,157,107,0.1461752928369372
GA,2040,11,158,107,0.32255697106753695
GA,2040,11,159,107,0.32257041794603364
GA,2040,11,160,107,0.32258386538510825
GA,2040,11,161,107,0.3225973133847848
GA,2040,11,162,107,0.3498720959145567
GA,2040,11,163,107,0.349886681516436
GA,2040,11,164,107,0.349901267726367
GA,2040,11,165,107,0.34991585454436713
GA,2040,11,166,107,9.776970579032106e-05
GA,2040,11,167,107,8.940416488404804e-05
GA,2040,21,0,107,0.0
GA,2040,21,1,107,0.32126059342875074
GA,2040,21,2,107,0.16445798792202515
GA,2040,21,3,107,0.1637343362284738
GA,2040,21,4,107,0.16374116204816183
GA,2040,21,5,107,0.1773335438469792
GA,2040,21,6,107,0.17759246416396107
GA,2040,21,7,107,0.17759986770659714
GA,2040,21,8,107,0.1585241291535542
GA,2040,21,9,107,0.15853073776813867
GA,2040,21,10,107,0.16401340167412667
GA,2040,21,11,107,0.1669676518084674
GA,2040,21,12,107,0.16236641634273985
GA,2040,21,13,107,0.1601071586198779
GA,2040,21,14,107,0.15856378497383078
GA,2040,21,15,107,0.16008016379796322
GA,2040,21,16,107,0.35112915642463516
GA,2040,21,17,107,0.35071548672927894
GA,2040,21,18,107,0.36017587704994103
GA,2040,21,19,107,0.37846150057391537
GA,2040,21,20,107,0.36843526154977135
GA,2040,21,21,107,0.3507739734323858
GA,2040,21,22,107,0.354184605688167
GA,2040,21,23,107,0.35080322044138934
GA,2040,21,24,107,0.35112915642463516
GA,2040,21,25,107,0.35112915642463516
GA,2040,21,26,107,0.3508470955272829
GA,2040,21,27,107,0.350861721775317
GA,2040,21,28,107,0.3508763486330969
GA,2040,21,29,107,0.3796823288624808
GA,2040,21,30,107,0.37969815720476235
GA,2040,21,31,107,0.3356474537237047
GA,2040,21,32,107,0.16888454237004014
GA,2040,21,33,107,0.15745035906966906
GA,2040,21,34,107,0.16826968070787088
GA,2040,21,35,107,0.15792093131584126
GA,2040,21,36,107,0.15738947780007337
GA,2040,21,37,107,0.15745035906966906
GA,2040,21,38,107,0.15745035906966906
GA,2040,21,39,107,0.15745035906966906
GA,2040,21,40,107,0.157415724692524
GA,2040,21,41,107,0.15742228709951905
GA,2040,21,42,107,0.3510811886794362
GA,2040,21,43,107,0.3665964093913482
GA,2040,21,44,107,0.3599209215995474
GA,2040,21,45,107,0.3373630307433113
GA,2040,21,46,107,0.3511397363684481
GA,2040,21,47,107,0.3419935372057801
GA,2040,21,48,107,0.15882980369948194
GA,2040,21,49,107,0.1597183992305374
GA,2040,21,50,107,0.16031238219062063
GA,2040,21,51,107,0.15912441627045415
GA,2040,21,52,107,0.1597183992305374
GA,2040,21,53,107,0.1708102504177127
GA,2040,21,54,107,0.17081737122082077
GA,2040,21,55,107,0.17082449232079788
GA,2040,21,56,107,0.0
GA,2040,21,57,107,0.0
GA,2040,21,58,107,0.0
GA,2040,21,59,107,0.0
GA,2040,21,60,107,0.0
GA,2040,21,61,107,0.0
GA,2040,21,62,107,0.0
GA,2040,21,63,107,0.0
GA,2040,21,64,107,0.0
GA,2040,21,65,107,4.4486565478937697e-05
GA,2040,21,66,107,4.4488420051910814e-05
GA,2040,21,67,107,4.824980283987424e-05
GA,2040,21,68,107,4.825181429612846e-05
GA,2040,21,69,107,4.449398423472745e-05
GA,2040,21,70,107,4.44958391169757e-05
GA,2040,21,71,107,4.449769407655099e-05
GA,2040,21,72,107,4.449954911345757e-05
GA,2040,21,73,107,0.14514885822187376
GA,2040,21,74,107,0.15742082509260485
GA,2040,21,75,107,0.1574273877122354
GA,2040,21,76,107,0.15743395060543855
GA,2040,21,77,107,0.1574405137722426
GA,2040,21,78,107,0.15744707721265414
GA,2040,21,79,107,0.157453640926684
GA,2040,21,80,107,0.0
GA,2040,21,81,107,0.0
GA,2040,21,82,107,0.0
GA,2040,21,83,107,0.0
GA,2040,21,84,107,0.0
GA,2040,21,85,107,0.0
GA,2040,21,86,107,0.0
GA,2040,21,87,107,0.0
GA,2040,21,88,107,0.0
GA,2040,21,89,107,1.7329169651458656e-05
GA,2040,21,90,107,4.4488420051910814e-05
GA,2040,21,91,107,0.15991043022580712
GA,2040,21,92,107,0.1599170966330423
GA,2040,21,93,107,0.15248354940549003
GA,2040,21,94,107,0.15993043028125978
GA,2040,21,95,107,0.15993709752226612
GA,2040,21,96,107,0.15625605746644122
GA,2040,21,97,107,0.15864466067289693
GA,2040,21,98,107,0.15745035906966906
GA,2040,21,99,107,0.15996376926586298
GA,2040,21,100,107,0.15997043789671614
GA,2040,21,101,107,0.1599771068055744
GA,2040,21,102,107,0.1599837759924465
GA,2040,21,103,107,0.15999044545734992
GA,2040,21,104,107,0.15999711520028895
GA,2040,21,105,107,0.0
GA,2040,21,106,107,0.0
GA,2040,21,107,107,0.0
GA,2040,21,108,107,0.0
GA,2040,21,109,107,0.0
GA,2040,21,110,107,0.0
GA,2040,21,111,107,0.0
GA,2040,21,112,107,0.0
GA,2040,21,113,107,4.5023800952273803e-05
GA,2040,21,114,107,0.1596649216905359
GA,2040,21,115,107,0.159671577862921
GA,2040,21,116,107,0.15967823431278358
GA,2040,21,117,107,0.3028016716815961
GA,2040,21,118,107,0.15969154804501973
GA,2040,21,119,107,0.15969820532741072
GA,2040,21,120,107,0.1584532892982025
GA,2040,21,121,107,0.15745035906966906
GA,2040,21,122,107,0.15971817883981496
GA,2040,21,123,107,0.15972483723240588
GA,2040,21,124,107,0.15973149590256805
GA,2040,21,125,107,0.15973815485031456
GA,2040,21,126,107,0.15974481407566934
GA,2040,21,127,107,0.15975147357863465
GA,2040,21,128,107,0.0
GA,2040,21,129,107,0.0
GA,2040,21,130,107,0.0
GA,2040,21,131,107,0.0
GA,2040,21,132,107,0.0
GA,2040,21,133,107,0.0
GA,2040,21,134,107,0.0
GA,2040,21,135,107,0.0
GA,2040,21,136,107,0.0
GA,2040,21,137,107,4.448471098327564e-05
GA,2040,21,138,107,0.3547128649395664
GA,2040,21,139,107,0.3547276523452731
GA,2040,21,140,107,0.3547424403674453
GA,2040,21,141,107,0.3547572290061113
GA,2040,21,142,107,0.3547720182612908
GA,2040,21,143,107,0.3547868081330033
GA,2040,21,144,107,0.35112915642463516
GA,2040,21,145,107,0.35112915642463516
GA,2040,21,146,107,0.35112915642463516
GA,2040,21,147,107,0.35484597378578797
GA,2040,21,148,107,0.3548607667405888
GA,2040,21,149,107,0.354875560312084
GA,2040,21,150,107,0.354890354500302
GA,2040,21,151,107,0.35490514930526673
GA,2040,21,152,107,0.15915019221779528
GA,2040,21,153,107,0.14735087121316953
GA,2040,21,154,107,0.14511860656325676
GA,2040,21,155,107,0.14512465632328184
GA,2040,21,156,107,0.14513070633551475
GA,2040,21,157,107,0.14513675659996209
GA,2040,21,158,107,0.14514280711663471
GA,2040,21,159,107,0.1451488578855392
GA,2040,21,160,107,0.14515490890669733
GA,2040,21,161,107,0.32372263737600476
GA,2040,21,162,107,0.3510925631877059
GA,2040,21,163,107,0.3511071996688894
GA,2040,21,164,107,0.3511218367602461
GA,2040,21,165,107,0.3511364744617999
GA,2040,21,166,107,0.3511511127735792
GA,2040,21,167,107,0.35116575169559705
GA,2040,42,0,107,0.0
GA,2040,42,1,107,0.3149007181393381
GA,2040,42,2,107,0.1700753199818424
GA,2040,42,3,107,0.17008241014689496
GA,2040,42,4,107,0.17008950060752365
GA,2040,42,5,107,0.18447013537162615
GA,2040,42,6,107,0.18447782563325246
GA,2040,42,7,107,0.1844855162154738
GA,2040,42,8,107,0.0
GA,2040,42,9,107,0.0
GA,2040,42,10,107,0.1589791476170186
GA,2040,42,11,107,0.17242043028774462
GA,2040,42,12,107,0.15899240306044074
GA,2040,42,13,107,0.1589990311966129
GA,2040,42,14,107,0.15900565960908955
GA,2040,42,15,107,0.1590122882979056
GA,2040,42,16,107,0.17245637292893262
GA,2040,42,17,107,0.17246356235622728
GA,2040,42,18,107,0.17247075208323845
GA,2040,42,19,107,0.17247794210998793
GA,2040,42,20,107,0.17248513243646263
GA,2040,42,21,107,0.15906214922871614
GA,2040,42,22,107,0.16464529147739887
GA,2040,42,23,107,0.1570895854095805
GA,2040,42,24,107,0.1570961342203552
GA,2040,42,25,107,0.15745035906966906
GA,2040,42,26,107,0.15778493584855055
GA,2040,42,27,107,0.15711578229078757
GA,2040,42,28,107,0.15712233219366792
GA,2040,42,29,107,0.16223208956230833
GA,2040,42,30,107,0.1669567083909725
GA,2040,42,31,107,0.17042083409142234
GA,2040,42,32,107,0.15784201755219757
GA,2040,42,33,107,0.15715508580412324
GA,2040,42,34,107,0.0
GA,2040,42,35,107,0.0
GA,2040,42,36,107,0.0
GA,2040,42,37,107,0.0
GA,2040,42,38,107,0.0
GA,2040,42,39,107,0.0
GA,2040,42,40,107,0.0
GA,2040,42,41,107,0.16901318270549026
GA,2040,42,42,107,0.16902022859175403
GA,2040,42,43,107,0.1690272747717494
GA,2040,42,44,107,0.16384332202204305
GA,2040,42,45,107,0.1572337223293404
GA,2040,42,46,107,0.15724027714895283
GA,2040,42,47,107,0.0
GA,2040,42,48,107,0.15725338760796448
GA,2040,42,49,107,0.15745035906966906
GA,2040,42,50,107,0.0
GA,2040,42,51,107,0.0
GA,2040,42,52,107,0.07217645066280523
GA,2040,42,53,107,0.16355085743192524
GA,2040,42,54,107,0.16826968070787088
GA,2040,42,55,107,0.1691118518472319
GA,2040,42,56,107,0.15745035906966906
GA,2040,42,57,107,0.15731239820232898
GA,2040,42,58,107,0.1590639477162029
GA,2040,42,59,107,0.1601237089947165
GA,2040,42,60,107,0.0
GA,2040,42,61,107,0.0
GA,2040,42,62,107,0.0
GA,2040,42,63,107,0.056949475389918514
GA,2040,42,64,107,0.17651485321953944
GA,2040,42,65,107,0.17652221183831573
GA,2040,42,66,107,0.1765295707638596
GA,2040,42,67,107,0.1765369299961885
GA,2040,42,68,107,0.17654428953530676
GA,2040,42,69,107,0.16321768863956734
GA,2040,42,70,107,0.16581631980549139
GA,2040,42,71,107,0.1628358221950698
GA,2040,42,72,107,0.16466703407560362
GA,2040,42,73,107,0.16466703407560362
GA,2040,42,74,107,0.16282903411595925
GA,2040,42,75,107,0.1628358221950698
GA,2040,42,76,107,0.16878746159492186
GA,2040,42,77,107,0.17661053919527434
GA,2040,42,78,107,0.17661790180304518
GA,2040,42,79,107,0.17662526471774495
GA,2040,42,80,107,0.0
GA,2040,42,81,107,0.0
GA,2040,42,82,107,0.0
GA,2040,42,83,107,0.07167784616382541
GA,2040,42,84,107,0.07168083429731281
GA,2040,42,85,107,0.07168382255537792
GA,2040,42,86,107,0.0
GA,2040,42,87,107,0.0
GA,2040,42,88,107,0.11343742928241986
GA,2040,42,89,107,0.1134421583054001
GA,2040,42,90,107,0.1134468875255183
GA,2040,42,91,107,0.11345161694279626
GA,2040,42,92,107,0.11345634655724271
GA,2040,42,93,107,0.0
GA,2040,42,94,107,0.0
GA,2040,42,95,107,0.1624656269744348
GA,2040,42,96,107,0.16247239990368567
GA,2040,42,97,107,0.16247917311529567
GA,2040,42,98,107,0.16248594660926488
GA,2040,42,99,107,0.16249272038561285
GA,2040,42,100,107,0.16249949444434836
GA,2040,42,101,107,0.1762384134876163
GA,2040,42,102,107,0.17624576058206562
GA,2040,42,103,107,0.17625310798280722
GA,2040,42,104,107,0.13044836651302605
GA,2040,42,105,107,0.0
GA,2040,42,106,107,0.13351913649422598
GA,2040,42,107,107,0.0
GA,2040,42,108,107,0.0
GA,2040,42,109,107,0.0
GA,2040,42,110,107,0.0
GA,2040,42,111,107,0.0
GA,2040,42,112,107,0.1603005370309512
GA,2040,42,113,107,0.35750022518222696
GA,2040,42,114,107,0.35751512878848174
GA,2040,42,115,107,0.35753003301603575
GA,2040,42,116,107,0.35754493786492597
GA,2040,42,117,107,0.35755984333517865
GA,2040,42,118,107,0.3355211625227832
GA,2040,42,119,107,0.3488916111390954
GA,2040,42,120,107,0.3498793887154985
GA,2040,42,121,107,0.14786570676401767
GA,2040,42,122,107,0.14787187104620803
GA,2040,42,123,107,0.14787803558537893
GA,2040,42,124,107,0.151569523963668
GA,2040,42,125,107,0.16038743347630488
GA,2040,42,126,107,0.16039411976903653
GA,2040,42,127,107,0.16040080634050585
GA,2040,42,128,107,0.1604074931907303
GA,2040,42,129,107,0.0
GA,2040,42,130,107,0.0
GA,2040,42,131,107,0.0
GA,2040,42,132,107,0.0
GA,2040,42,133,107,0.0
GA,2040,42,134,107,0.0
GA,2040,42,135,107,0.0
GA,2040,42,136,107,0.15720740070617292
GA,2040,42,137,107,0.16154373493965404
GA,2040,42,138,107,0.16155046943671805
GA,2040,42,139,107,0.16155720421453873
GA,2040,42,140,107,0.16156393927311385
GA,2040,42,141,107,0.16157067461246746
GA,2040,42,142,107,0.15745035906966906
GA,2040,42,143,107,0.15856378497383078
GA,2040,42,144,107,0.15856378497383078
GA,2040,42,145,107,0.15856378497383078
GA,2040,42,146,107,0.15856378497383078
GA,2040,42,147,107,0.15745035906966906
GA,2040,42,148,107,0.16053132284228105
GA,2040,42,149,107,0.1616245674365482
GA,2040,42,150,107,0.16163130530339195
GA,2040,42,151,107,0.16163804345112534
GA,2040,42,152,107,0.16164478187976147
GA,2040,42,153,107,0.0
GA,2040,42,154,107,0.0
GA,2040,42,155,107,0.0
GA,2040,42,156,107,0.0
GA,2040,42,157,107,0.0
GA,2040,42,158,107,0.0
GA,2040,42,159,107,0.0
GA,2040,42,160,107,0.16169869942274642
GA,2040,42,161,107,0.16170544038003043
GA,2040,42,162,107,0.16171218161833273
GA,2040,42,163,107,0.16171892313767292
GA,2040,42,164,107,0.1617256649380532
GA,2040,42,165,107,0.16173240701948668
GA,2040,42,166,107,0.16173914938198858
GA,2040,42,167,107,0.1522197985200084
GA,2040,52,0,107,0.0
GA,2040,52,1,107,0.3156257323911071
GA,2040,52,2,107,0.16202764551439036
GA,2040,52,3,107,0.16203440018491774
GA,2040,52,4,107,0.16204115513700848
GA,2040,52,5,107,0.16204791037072144
GA,2040,52,6,107,0.16700515594705373
GA,2040,52,7,107,0.17575597580583746
GA,2040,52,8,107,0.17576330278823799
GA,2040,52,9,107,0.0
GA,2040,52,10,107,0.0
GA,2040,52,11,107,0.0
GA,2040,52,12,107,0.0
GA,2040,52,13,107,0.0
GA,2040,52,14,107,4.430694933419729e-05
GA,2040,52,15,107,4.430879641926271e-05
GA,2040,52,16,107,4.805499248584278e-05
GA,2040,52,17,107,4.805699582076767e-05
GA,2040,52,18,107,4.80589992392081e-05
GA,2040,52,19,107,4.430879641926271e-05
GA,2040,52,20,107,4.430879641926271e-05
GA,2040,52,21,107,4.389329712501913e-05
GA,2040,52,22,107,9.685288459369062e-05
GA,2040,52,23,107,9.685288459369062e-05
GA,2040,52,24,107,9.658852848834718e-05
GA,2040,52,25,107,9.658698550296084e-05
GA,2040,52,26,107,9.597428293230532e-05
GA,2040,52,27,107,9.597428293230532e-05
GA,2040,52,28,107,9.594943972284813e-05
GA,2040,52,29,107,9.594943972284813e-05
GA,2040,52,30,107,9.594943972284813e-05
GA,2040,52,31,107,9.597428293230532e-05
GA,2040,52,32,107,9.597594464952304e-05
GA,2040,52,33,107,9.597428293230532e-05
GA,2040,52,34,107,9.594943972284813e-05
GA,2040,52,35,107,9.594943972284813e-05
GA,2040,52,36,107,9.594943972284813e-05
GA,2040,52,37,107,9.594943972284813e-05
GA,2040,52,38,107,9.594943972284813e-05
GA,2040,52,39,107,9.594943972284813e-05
GA,2040,52,40,107,9.594943972284813e-05
GA,2040,52,41,107,9.594943972284813e-05
GA,2040,52,42,107,9.594943972284813e-05
GA,2040,52,43,107,9.594943972284813e-05
GA,2040,52,44,107,9.594943972284813e-05
GA,2040,52,45,107,9.594943972284813e-05
GA,2040,52,46,107,9.594943972284813e-05
GA,2040,52,47,107,9.594943972284813e-05
GA,2040,52,48,107,8.236086147773242e-05
GA,2040,52,49,107,8.236086147773242e-05
GA,2040,52,50,107,8.236086147773242e-05
GA,2040,52,51,107,8.236086147773242e-05
GA,2040,52,52,107,8.236086147773242e-05
GA,2040,52,53,107,8.236086147773242e-05
GA,2040,52,54,107,8.236086147773242e-05
GA,2040,52,55,107,8.236086147773242e-05
GA,2040,52,56,107,8.236086147773242e-05
GA,2040,52,57,107,8.236086147773242e-05
GA,2040,52,58,107,9.594943972284813e-05
GA,2040,52,59,107,9.594943972284813e-05
GA,2040,52,60,107,9.594943972284813e-05
GA,2040,52,61,107,8.236086147773242e-05
GA,2040,52,62,107,8.236086147773242e-05
GA,2040,52,63,107,8.236086147773242e-05
GA,2040,52,64,107,8.236086147773242e-05
GA,2040,52,65,107,9.594943972284813e-05
GA,2040,52,66,107,9.594943972284813e-05
GA,2040,52,67,107,9.594943972284813e-05
GA,2040,52,68,107,9.594943972284813e-05
GA,2040,52,69,107,9.594943972284813e-05
GA,2040,52,70,107,9.594943972284813e-05
GA,2040,52,71,107,9.594943972284813e-05
GA,2040,52,72,107,8.236086147773242e-05
GA,2040,52,73,107,8.236086147773242e-05
GA,2040,52,74,107,8.236086147773242e-05
GA,2040,52,75,107,8.236086147773242e-05
GA,2040,52,76,107,8.25693033919112e-05
GA,2040,52,77,107,9.557105525538101e-05
GA,2040,52,78,107,9.653439459509604e-05
GA,2040,52,79,107,8.940416488401611e-05
GA,2040,52,80,107,4.389329712501913e-05
GA,2040,52,81,107,4.37734921122171e-05
GA,2040,52,82,107,4.34951187543953e-05
GA,2040,52,83,107,4.338046843485911e-05
GA,2040,52,84,107,4.3382276896434423e-05
GA,2040,52,85,107,4.338408543340134e-05
GA,2040,52,86,107,4.34951187543953e-05
GA,2040,52,87,107,4.389329712501913e-05
GA,2040,52,88,107,4.389329712501913e-05
GA,2040,52,89,107,4.389329712501913e-05
GA,2040,52,90,107,4.389329712501913e-05
GA,2040,52,91,107,4.389329712501913e-05
GA,2040,52,92,107,4.389329712501913e-05
GA,2040,52,93,107,4.389329712501913e-05
GA,2040,52,94,107,8.940416488401611e-05
GA,2040,52,95,107,8.940416488401611e-05
GA,2040,52,96,107,9.658852848834718e-05
GA,2040,52,97,107,9.594943972284813e-05
GA,2040,52,98,107,9.594943972284813e-05
GA,2040,52,99,107,8.736586648273166e-05
GA,2040,52,100,107,9.594943972284813e-05
GA,2040,52,101,107,9.594943972284813e-05
GA,2040,52,102,107,9.658698550296084e-05
GA,2040,52,103,107,9.685288459369169e-05
GA,2040,52,104,107,9.685288459369062e-05
GA,2040,52,105,107,9.685288459369062e-05
GA,2040,52,106,107,9.685288459369062e-05
GA,2040,52,107,107,9.658698550296084e-05
GA,2040,52,108,107,9.658698550296084e-05
GA,2040,52,109,107,9.594943972284813e-05
GA,2040,52,110,107,9.594943972284813e-05
GA,2040,52,111,107,9.658698550296084e-05
GA,2040,52,112,107,9.685288459369169e-05
GA,2040,52,113,107,9.685288459369062e-05
GA,2040,52,114,107,9.685288459369062e-05
GA,2040,52,115,107,9.685288459369062e-05
GA,2040,52,116,107,9.685288459369062e-05
GA,2040,52,117,107,9.658852848834718e-05
GA,2040,52,118,107,9.658698550296084e-05
GA,2040,52,119,107,9.594943972284813e-05
GA,2040,52,120,107,9.594943972284813e-05
GA,2040,52,121,107,9.594943972284813e-05
GA,2040,52,122,107,9.594943972284813e-05
GA,2040,52,123,107,9.594943972284813e-05
GA,2040,52,124,107,9.594943972284813e-05
GA,2040,52,125,107,9.594943972284813e-05
GA,2040,52,126,107,9.594943972284813e-05
GA,2040,52,127,107,9.658698550296084e-05
GA,2040,52,128,107,9.658852848834718e-05
GA,2040,52,129,107,9.62641202353265e-05
GA,2040,52,130,107,9.383808033187461e-05
GA,2040,52,131,107,9.40470007127469e-05
GA,2040,52,132,107,9.405092138011711e-05
GA,2040,52,133,107,9.405484221093496e-05
GA,2040,52,134,107,9.405876320520365e-05
GA,2040,52,135,107,9.596544063129582e-05
GA,2040,52,136,107,9.685288459369062e-05
GA,2040,52,137,107,9.776970579032106e-05
GA,2040,52,138,107,9.776970579032106e-05
GA,2040,52,139,107,4.8157781322394566e-05
GA,2040,52,140,107,4.815978894241776e-05
GA,2040,52,141,107,4.8161796646137474e-05
GA,2040,52,142,107,4.8163804433554775e-05
GA,2040,52,143,107,4.8165812304673914e-05
GA,2040,52,144,107,4.443319927626797e-05
GA,2040,52,145,107,4.443319927626797e-05
GA,2040,52,146,107,4.443319927626797e-05
GA,2040,52,147,107,4.443319927626797e-05
GA,2040,52,148,107,4.8175852915907984e-05
GA,2040,52,149,107,4.817786128930632e-05
GA,2040,52,150,107,4.817986974643205e-05
GA,2040,52,151,107,4.81818782872873e-05
GA,2040,52,152,107,4.8183886911875264e-05
GA,2040,52,153,107,4.443319927626797e-05
GA,2040,52,154,107,4.443319927626797e-05
GA,2040,52,155,107,4.422148015439645e-05
GA,2040,52,156,107,4.422332367639163e-05
GA,2040,52,157,107,4.42251672752401e-05
GA,2040,52,158,107,4.4227010950943984e-05
GA,2040,52,159,107,4.4228854703507545e-05
GA,2040,52,160,107,0.16369268434097667
GA,2040,52,161,107,0.16369950842427736
GA,2040,52,162,107,0.1637063327920499
GA,2040,52,163,107,0.1637131574443227
GA,2040,52,164,107,0.16371998238110222
GA,2040,52,165,107,0.1637268076024147
GA,2040,52,166,107,0.16373363310824265
GA,2040,52,167,107,0.15116708503109985
DE,2040,11,0,107,9.542106118310327e-05
DE,2040,11,1,107,9.652660731304442e-05
DE,2040,11,2,107,9.653063135120282e-05
DE,2040,11,3,107,9.653465555711835e-05
DE,2040,11,4,107,9.65386799307974e-05
DE,2040,11,5,107,9.658852848834718e-05
DE,2040,11,6,107,9.685288459369062e-05
DE,2040,11,7,107,9.685288459369062e-05
DE,2040,11,8,107,9.685288459369062e-05
DE,2040,11,9,107,8.940416488401611e-05
DE,2040,11,10,107,9.658852848834718e-05
DE,2040,11,11,107,9.658852848834718e-05
DE,2040,11,12,107,9.657088096051284e-05
DE,2040,11,13,107,9.65749068443691e-05
DE,2040,11,14,107,9.657893289605809e-05
DE,2040,11,15,107,9.658295911558619e-05
DE,2040,11,16,107,9.658698550296084e-05
DE,2040,11,17,107,9.659101205819057e-05
DE,2040,11,18,107,9.685288459369062e-05
DE,2040,11,19,107,9.685288459369169e-05
DE,2040,11,20,107,9.76422277435828e-05
DE,2040,11,21,107,9.76422277435828e-05
DE,2040,11,22,107,9.699821865799692e-05
DE,2040,11,23,107,9.685288459369062e-05
DE,2040,11,24,107,8.940416488404804e-05
DE,2040,11,25,107,4.391216300341014e-05
DE,2040,11,26,107,4.425102393467633e-05
DE,2040,11,27,107,4.425102393467633e-05
DE,2040,11,28,107,4.463143987818304e-05
DE,2040,11,29,107,0.14992364378629688
DE,2040,11,30,107,0.36462117656686643
DE,2040,11,31,107,0.3646363770340635
DE,2040,11,32,107,0.36465157813494603
DE,2040,11,33,107,0.34140320311507666
DE,2040,11,34,107,0.36060556876372457
DE,2040,11,35,107,0.34165274408555013
DE,2040,11,36,107,0.352038994184732
DE,2040,11,37,107,0.15718071652367616
DE,2040,11,38,107,0.15731201988187452
DE,2040,11,39,107,0.3363367894630073
DE,2040,11,40,107,0.3363508107998476
DE,2040,11,41,107,0.3647884165629704
DE,2040,11,42,107,0.36480362400213334
DE,2040,11,43,107,0.3648188320752674
DE,2040,11,44,107,0.36483404078240733
DE,2040,11,45,107,0.3648492501235729
DE,2040,11,46,107,0.364864460098788
DE,2040,11,47,107,0.36487967070808536
DE,2040,11,48,107,9.76422277435828e-05
DE,2040,11,49,107,9.685288459369169e-05
DE,2040,11,50,107,9.685288459369062e-05
DE,2040,11,51,107,9.685288459369062e-05
DE,2040,11,52,107,9.658852848834718e-05
DE,2040,11,53,107,9.685288459369169e-05
DE,2040,11,54,107,9.685288459369062e-05
DE,2040,11,55,107,9.76422277435828e-05
DE,2040,11,56,107,9.685288459369169e-05
DE,2040,11,57,107,9.658852848834718e-05
DE,2040,11,58,107,9.658698550296084e-05
DE,2040,11,59,107,9.658698550296084e-05
DE,2040,11,60,107,9.659101205819057e-05
DE,2040,11,61,107,9.659503878127963e-05
DE,2040,11,62,107,9.659906567223654e-05
DE,2040,11,63,107,9.660309273106664e-05
DE,2040,11,64,107,9.660711995777947e-05
DE,2040,11,65,107,9.685288459369062e-05
DE,2040,11,66,107,9.797907754478742e-05
DE,2040,11,67,107,9.848163566887555e-05
DE,2040,11,68,107,0.00010548516451091598
DE,2040,11,69,107,9.848163566887555e-05
DE,2040,11,70,107,9.797907754478742e-05
DE,2040,11,71,107,9.797907754478742e-05
DE,2040,11,72,107,9.76422277435828e-05
DE,2040,11,73,107,9.729030316463581e-05
DE,2040,11,74,107,9.729030316463581e-05
DE,2040,11,75,107,9.729435904004105e-05
DE,2040,11,76,107,9.76422277435828e-05
DE,2040,11,77,107,9.848163566887555e-05
DE,2040,11,78,107,4.8141843246985956e-05
DE,2040,11,79,107,4.814385020257793e-05
DE,2040,11,80,107,4.814585724183662e-05
DE,2040,11,81,107,2.1760291776400192e-05
DE,2040,11,82,107,2.1760291776400192e-05
DE,2040,11,83,107,4.4399980764504454e-05
DE,2040,11,84,107,4.440183172790147e-05
DE,2040,11,85,107,4.44036827684605e-05
DE,2040,11,86,107,4.4405533886185816e-05
DE,2040,11,87,107,4.44073850810838e-05
DE,2040,11,88,107,4.440923635315338e-05
DE,2040,11,89,107,0.15409433631879194
DE,2040,11,90,107,0.3810969043185224
DE,2040,11,91,107,0.381112791632166
DE,2040,11,92,107,0.38112867960812885
DE,2040,11,93,107,0.3811445682464263
DE,2040,11,94,107,0.1709167404810281
DE,2040,11,95,107,0.16053789152805845
DE,2040,11,96,107,0.3514905013246306
DE,2040,11,97,107,0.35150515439520746
DE,2040,11,98,107,0.35151980807666167
DE,2040,11,99,107,0.3515344623689867
DE,2040,11,100,107,0.3515491172722371
DE,2040,11,101,107,0.35156377278642154
DE,2040,11,102,107,0.3812875958012153
DE,2040,11,103,107,0.381303491064478
DE,2040,11,104,107,0.38131938699039136
DE,2040,11,105,107,0.15767153559884856
DE,2040,11,106,107,0.1576781086701879
DE,2040,11,107,107,0.15768468201554459
DE,2040,11,108,107,0.15769125563494263
DE,2040,11,109,107,0.1576978295283755
DE,2040,11,110,107,0.15770440369586713
DE,2040,11,111,107,0.15771097813741536
DE,2040,11,112,107,0.15771755285305072
DE,2040,11,113,107,0.4095075016614629
DE,2040,11,114,107,0.4095245733669699
DE,2040,11,115,107,0.4095416457841603
DE,2040,11,116,107,0.4095587189130776
DE,2040,11,117,107,0.4095757927537568
DE,2040,11,118,107,0.40959286730619776
DE,2040,11,119,107,0.4096099425704529
DE,2040,11,120,107,0.3364453120439003
DE,2040,11,121,107,0.3364593379048734
DE,2040,11,122,107,0.15248823427459932
DE,2040,11,123,107,0.2509813412488303
DE,2040,11,124,107,0.34594730765631215
DE,2040,11,125,107,0.3538114697746806
DE,2040,11,126,107,0.352038994184732
DE,2040,11,127,107,0.352038994184732
DE,2040,11,128,107,0.3573564209545756
DE,2040,11,129,107,0.35551603677212407
DE,2040,11,130,107,0.1624942995739661
DE,2040,11,131,107,0.15254545670697725
DE,2040,11,132,107,0.15255181608037535
DE,2040,11,133,107,0.1525581757188843
DE,2040,11,134,107,0.15256453562252156
DE,2040,11,135,107,0.3366557613646903
DE,2040,11,136,107,0.3366697959989523
DE,2040,11,137,107,0.36513437114953223
DE,2040,11,138,107,0.3651495930109794
DE,2040,11,139,107,0.3651648155070081
DE,2040,11,140,107,0.3651800386376336
DE,2040,11,141,107,0.3651952624028908
DE,2040,11,142,107,0.36521048680279933
DE,2040,11,143,107,0.3652257118373897
DE,2040,11,144,107,0.3498793887154985
DE,2040,11,145,107,0.34771978324626074
DE,2040,11,146,107,0.35302739062501026
DE,2040,11,147,107,0.35302739062501026
DE,2040,11,148,107,0.3538114697746806
DE,2040,11,149,107,0.35611978346523193
DE,2040,11,150,107,0.35112915642463516
DE,2040,11,151,107,0.352038994184732
DE,2040,11,152,107,0.3525388640129284
DE,2040,11,153,107,0.36537799709653784
DE,2040,11,154,107,0.3653932291143684
DE,2040,11,155,107,0.16385336409591922
DE,2040,11,156,107,0.1566653807715975
DE,2040,11,157,107,0.3369646585098215
DE,2040,11,158,107,0.3369787060215062
DE,2040,11,159,107,0.33699275411880963
DE,2040,11,160,107,0.3370068028017579
DE,2040,11,161,107,0.3415893596228194
DE,2040,11,162,107,0.3655151081190988
DE,2040,11,163,107,0.3655303458528597
DE,2040,11,164,107,0.36554558422186056
DE,2040,11,165,107,0.3655608232261167
DE,2040,11,166,107,0.36557606286566297
DE,2040,11,167,107,9.776970579032106e-05
DE,2040,21,0,107,0.0
DE,2040,21,1,107,0.32367200225282355
DE,2040,21,2,107,0.16654744618488726
DE,2040,21,3,107,0.16655438927858532
DE,2040,21,4,107,0.16656133266172635
DE,2040,21,5,107,0.18064366979761645
DE,2040,21,6,107,0.18065120054008404
DE,2040,21,7,107,0.1806587315964924
DE,2040,21,8,107,0.16033910236760082
DE,2040,21,9,107,0.16034578664548213
DE,2040,21,10,107,0.16784949253410059
DE,2040,21,11,107,0.17118997486318627
DE,2040,21,12,107,0.16249272047974275
DE,2040,21,13,107,0.1646062287445038
DE,2040,21,14,107,0.1603792122149795
DE,2040,21,15,107,0.1620377778017546
DE,2040,21,16,107,0.3538114697746806
DE,2040,21,17,107,0.3536640051034395
DE,2040,21,18,107,0.37737449816227125
DE,2040,21,19,107,0.3835813876411832
DE,2040,21,20,107,0.38281053709982726
DE,2040,21,21,107,0.3538114697746806
DE,2040,21,22,107,0.3547236005543513
DE,2040,21,23,107,0.3537524764061943
DE,2040,21,24,107,0.35376722377485753
DE,2040,21,25,107,0.3537819717583183
DE,2040,21,26,107,0.3537967203565919
DE,2040,21,27,107,0.35381146956972187
DE,2040,21,28,107,0.353826219397717
DE,2040,21,29,107,0.3837413265204279
DE,2040,21,30,107,0.38375732407575425
DE,2040,21,31,107,0.38377332229800676
DE,2040,21,32,107,0.17209555322415326
DE,2040,21,33,107,0.1587891237662137
DE,2040,21,34,107,0.17210990229385198
DE,2040,21,35,107,0.1644294591218876
DE,2040,21,36,107,0.1578296707376096
DE,2040,21,37,107,0.15783625040134933
DE,2040,21,38,107,0.15784283033937896
DE,2040,21,39,107,0.33903050349752084
DE,2040,21,40,107,0.3103321437430993
DE,2040,21,41,107,0.351121837573843
DE,2040,21,42,107,0.3511364752754295
DE,2040,21,43,107,0.37779846924972377
DE,2040,21,44,107,0.3712959616544124
DE,2040,21,45,107,0.334529105572414
DE,2040,21,46,107,0.3511950321842505
DE,2040,21,47,107,0.3318548370312113
DE,2040,21,48,107,0.15906214922871614
DE,2040,21,49,107,0.16034578664548213
DE,2040,21,50,107,0.16070424961109755
DE,2040,21,51,107,0.15810516143503034
DE,2040,21,52,107,0.1589275649607802
DE,2040,21,53,107,0.17083714880364131
DE,2040,21,54,107,0.1708442707281037
DE,2040,21,55,107,0.17085139294947005
DE,2040,21,56,107,0.0
DE,2040,21,57,107,0.0
DE,2040,21,58,107,0.0
DE,2040,21,59,107,0.0
DE,2040,21,60,107,0.0
DE,2040,21,61,107,0.0
DE,2040,21,62,107,0.0
DE,2040,21,63,107,0.0
DE,2040,21,64,107,0.0
DE,2040,21,65,107,0.14899020099922175
DE,2040,21,66,107,0.16158694363381595
DE,2040,21,67,107,0.16159367993218782
DE,2040,21,68,107,0.35657987701607385
DE,2040,21,69,107,0.15641753139562214
DE,2040,21,70,107,0.15900897395349975
DE,2040,21,71,107,0.15692457185988748
DE,2040,21,72,107,0.1543331293020077
DE,2040,21,73,107,0.15900897395349975
DE,2040,21,74,107,0.15900897395349975
DE,2040,21,75,107,0.15371154424127006
DE,2040,21,76,107,0.16165431925604254
DE,2040,21,77,107,0.161661058363191
DE,2040,21,78,107,0.16166779775127924
DE,2040,21,79,107,0.16167453742032908
DE,2040,21,80,107,0.16168127737033836
DE,2040,21,81,107,0.0
DE,2040,21,82,107,0.0
DE,2040,21,83,107,0.0
DE,2040,21,84,107,0.0
DE,2040,21,85,107,0.0
DE,2040,21,86,107,0.0
DE,2040,21,87,107,0.0
DE,2040,21,88,107,0.0
DE,2040,21,89,107,0.1491393403395624
DE,2040,21,90,107,0.1617486923261492
DE,2040,21,91,107,0.16175543536755368
DE,2040,21,92,107,0.16176217869006804
DE,2040,21,93,107,0.15821871222462305
DE,2040,21,94,107,0.16177566617846123
DE,2040,21,95,107,0.1582052247362255
DE,2040,21,96,107,0.15745035906966906
DE,2040,21,97,107,0.15972148648895623
DE,2040,21,98,107,0.15887240612385334
DE,2040,21,99,107,0.15745035906966906
DE,2040,21,100,107,0.16181613539143086
DE,2040,21,101,107,0.16182288124443545
DE,2040,21,102,107,0.1618296273786589
DE,2040,21,103,107,0.1618363737941165
DE,2040,21,104,107,0.16184312049082789
DE,2040,21,105,107,0.0
DE,2040,21,106,107,0.16185661472802715
DE,2040,21,107,107,0.0
DE,2040,21,108,107,0.0
DE,2040,21,109,107,0.0
DE,2040,21,110,107,0.0
DE,2040,21,111,107,0.0
DE,2040,21,112,107,0.0
DE,2040,21,113,107,0.15820344892965313
DE,2040,21,114,107,0.16191060292907428
DE,2040,21,115,107,0.16191735272027472
DE,2040,21,116,107,0.3572941079378421
DE,2040,21,117,107,0.3567455981798291
DE,2040,21,118,107,0.1619376037822489
DE,2040,21,119,107,0.16000623014013815
DE,2040,21,120,107,0.15811806831729633
DE,2040,21,121,107,0.3528275522419086
DE,2040,21,122,107,0.2740361741125535
DE,2040,21,123,107,0.1609719169611957
DE,2040,21,124,107,0.15999044545734772
DE,2040,21,125,107,0.16198486611054355
DE,2040,21,126,107,0.16199161899765677
DE,2040,21,127,107,0.1619983721662832
DE,2040,21,128,107,0.1620051256164425
DE,2040,21,129,107,0.0
DE,2040,21,130,107,0.0
DE,2040,21,131,107,0.0
DE,2040,21,132,107,0.0
DE,2040,21,133,107,0.0
DE,2040,21,134,107,0.0
DE,2040,21,135,107,0.0
DE,2040,21,136,107,0.0
DE,2040,21,137,107,0.16035372697290218
DE,2040,21,138,107,0.3576188487163541
DE,2040,21,139,107,0.3576337572678222
DE,2040,21,140,107,0.3576486664408119
DE,2040,21,141,107,0.357663576235334
DE,2040,21,142,107,0.3576784866514301
DE,2040,21,143,107,0.356170056244447
DE,2040,21,144,107,0.352038994184732
DE,2040,21,145,107,0.3532253588948584
DE,2040,21,146,107,0.3532253588948584
DE,2040,21,147,107,0.35439758065450055
DE,2040,21,148,107,0.35705414426507426
DE,2040,21,149,107,0.35778287697007755
DE,2040,21,150,107,0.3577977923596261
DE,2040,21,151,107,0.35781270837097096
DE,2040,21,152,107,0.35782762500414483
DE,2040,21,153,107,0.1495364821870459
DE,2040,21,154,107,0.15954250858058283
DE,2040,21,155,107,0.16034578664548213
DE,2040,21,156,107,0.15046250073094608
DE,2040,21,157,107,0.1495614194828548
DE,2040,21,158,107,0.1495676544565662
DE,2040,21,159,107,0.33004270868814956
DE,2040,21,160,107,0.33005646763494045
DE,2040,21,161,107,0.3300702271553213
DE,2040,21,162,107,0.3579768255418878
DE,2040,21,163,107,0.3579917490168399
DE,2040,21,164,107,0.3580066731139218
DE,2040,21,165,107,0.35802159783317294
DE,2040,21,166,107,0.35803652317460405
DE,2040,21,167,107,0.35657669258700964
DE,2040,42,0,107,0.0
DE,2040,42,1,107,0.2746283203092489
DE,2040,42,2,107,0.19772275689976707
DE,2040,42,3,107,0.19773099964174545
DE,2040,42,4,107,0.19773924272736024
DE,2040,42,5,107,0.21445759287852373
DE,2040,42,6,107,0.21446653326875403
DE,2040,42,7,107,0.2144754740317015
DE,2040,42,8,107,0.0
DE,2040,42,9,107,0.0
DE,2040,42,10,107,0.0
DE,2040,42,11,107,0.0
DE,2040,42,12,107,0.0
DE,2040,42,13,107,0.0
DE,2040,42,14,107,0.0
DE,2040,42,15,107,0.0
DE,2040,42,16,107,0.0
DE,2040,42,17,107,0.0
DE,2040,42,18,107,0.0
DE,2040,42,19,107,0.0
DE,2040,42,20,107,0.0
DE,2040,42,21,107,0.1665802892809913
DE,2040,42,22,107,0.1617169559833425
DE,2040,42,23,107,0.15741754391958568
DE,2040,42,24,107,0.15745035906966906
DE,2040,42,25,107,0.15856378497383078
DE,2040,42,26,107,0.15856378497383078
DE,2040,42,27,107,0.15744379549244836
DE,2040,42,28,107,0.15745035906966906
DE,2040,42,29,107,0.16525100492594558
DE,2040,42,30,107,0.16826968070787088
DE,2040,42,31,107,0.17077662446846534
DE,2040,42,32,107,0.16576273694727858
DE,2040,42,33,107,0.08832936201757136
DE,2040,42,34,107,0.16342421679669594
DE,2040,42,35,107,0.0
DE,2040,42,36,107,0.0
DE,2040,42,37,107,0.0
DE,2040,42,38,107,0.0
DE,2040,42,39,107,0.0
DE,2040,42,40,107,0.050552049034728
DE,2040,42,41,107,0.17084783183878796
DE,2040,42,42,107,0.17085495420860844
DE,2040,42,43,107,0.17086207687535246
DE,2040,42,44,107,0.16999553485434105
DE,2040,42,45,107,0.1575619817563592
DE,2040,42,46,107,0.1575685502605768
DE,2040,42,47,107,0.15757511903862212
DE,2040,42,48,107,0.15758168809051037
DE,2040,42,49,107,0.15758825741625027
DE,2040,42,50,107,0.15759482701585928
DE,2040,42,51,107,0.1576013968893374
DE,2040,42,52,107,0.15760796703670857
DE,2040,42,53,107,0.16607750999448198
DE,2040,42,54,107,0.17046185142126194
DE,2040,42,55,107,0.17094757204050773
DE,2040,42,56,107,0.16145394883475614
DE,2040,42,57,107,0.15764082188226164
DE,2040,42,58,107,0.1621037100489851
DE,2040,42,59,107,0.1621037100489851
DE,2040,42,60,107,0.15766053807697808
DE,2040,42,61,107,0.0
DE,2040,42,62,107,0.0
DE,2040,42,63,107,0.0
DE,2040,42,64,107,0.18159262647960805
DE,2040,42,65,107,0.18160019678253925
DE,2040,42,66,107,0.18160776740107257
DE,2040,42,67,107,0.1816153383351993
DE,2040,42,68,107,0.18162290958495433
DE,2040,42,69,107,0.16747819732006766
DE,2040,42,70,107,0.16748517921527284
DE,2040,42,71,107,0.16749216140154527
DE,2040,42,72,107,0.16749914387888934
DE,2040,42,73,107,0.16750612664732464
DE,2040,42,74,107,0.16751310970686212
DE,2040,42,75,107,0.16752009305750828
DE,2040,42,76,107,0.16752707669928277
DE,2040,42,77,107,0.18169106503780236
DE,2040,42,78,107,0.18169863944448578
DE,2040,42,79,107,0.18170621416692395
DE,2040,42,80,107,0.0
DE,2040,42,81,107,0.0
DE,2040,42,82,107,0.0
DE,2040,42,83,107,0.0
DE,2040,42,84,107,0.0
DE,2040,42,85,107,0.0
DE,2040,42,86,107,0.0
DE,2040,42,87,107,0.0
DE,2040,42,88,107,0.19972330101568456
DE,2040,42,89,107,0.1997316271571105
DE,2040,42,90,107,0.19973995364565256
DE,2040,42,91,107,0.19974828048131077
DE,2040,42,92,107,0.19975660766409817
DE,2040,42,93,107,0.1968845803632426
DE,2040,42,94,107,0.0
DE,2040,42,95,107,0.0
DE,2040,42,96,107,0.1624893335209719
DE,2040,42,97,107,0.16249610743852452
DE,2040,42,98,107,0.16250288163844942
DE,2040,42,99,107,0.16250965612079454
DE,2040,42,100,107,0.16251643088555115
DE,2040,42,101,107,0.17547227997875992
DE,2040,42,102,107,0.17626412972205288
DE,2040,42,103,107,0.1762714778885666
DE,2040,42,104,107,0.155688828608586
DE,2040,42,105,107,0.15066784762908877
DE,2040,42,106,107,0.15067412872800273
DE,2040,42,107,107,0.15068041008876362
DE,2040,42,108,107,0.1506866917113889
DE,2040,42,109,107,0.15069297359588077
DE,2040,42,110,107,0.1506992557422523
DE,2040,42,111,107,0.1507055381505209
DE,2040,42,112,107,0.35797812295301484
DE,2040,42,113,107,0.3645181142985549
DE,2040,42,114,107,0.3645333104692551
DE,2040,42,115,107,0.36454850727345756
DE,2040,42,116,107,0.3645637047111907
DE,2040,42,117,107,0.3645789027824785
DE,2040,42,118,107,0.33618565828766134
DE,2040,42,119,107,0.33619967332408857
DE,2040,42,120,107,0.35112915642463516
DE,2040,42,121,107,0.35112915642463516
DE,2040,42,122,107,0.15651990941398147
DE,2040,42,123,107,0.15286601420994722
DE,2040,42,124,107,0.15078723329517074
DE,2040,42,125,107,0.16353591044080934
DE,2040,42,126,107,0.1635427279884453
DE,2040,42,127,107,0.16354954582030018
DE,2040,42,128,107,0.16355636393638276
DE,2040,42,129,107,0.15235747306936034
DE,2040,42,130,107,0.0
DE,2040,42,131,107,0.0
DE,2040,42,132,107,0.0
DE,2040,42,133,107,0.0
DE,2040,42,134,107,0.0
DE,2040,42,135,107,0.0
DE,2040,42,136,107,0.16319593471481897
DE,2040,42,137,107,0.16361773977314223
DE,2040,42,138,107,0.16362456073211867
DE,2040,42,139,107,0.1636313819754449
DE,2040,42,140,107,0.16363820350314273
DE,2040,42,141,107,0.16364502531521433
DE,2040,42,142,107,0.15745035906966906
DE,2040,42,143,107,0.15899122431548166
DE,2040,42,144,107,0.15856378497383078
DE,2040,42,145,107,0.15906214922871614
DE,2040,42,146,107,0.15906214922871614
DE,2040,42,147,107,0.15856378497383078
DE,2040,42,148,107,0.15870728893153882
DE,2040,42,149,107,0.16369961005085587
DE,2040,42,150,107,0.1637064344228713
DE,2040,42,151,107,0.1637132590793804
DE,2040,42,152,107,0.1637200840204006
DE,2040,42,153,107,0.15592152341385165
DE,2040,42,154,107,0.0
DE,2040,42,155,107,0.0
DE,2040,42,156,107,0.0
DE,2040,42,157,107,0.15099481222551725
DE,2040,42,158,107,0.15100110695505445
DE,2040,42,159,107,0.15100740194700984
DE,2040,42,160,107,0.1637746937923015
DE,2040,42,161,107,0.16378152129443635
DE,2040,42,162,107,0.1637883490811979
DE,2040,42,163,107,0.16379517715259706
DE,2040,42,164,107,0.1638020055086512
DE,2040,42,165,107,0.16380883414936473
DE,2040,42,166,107,0.15674509439641196
DE,2040,42,167,107,0.15663251914037393
DE,2040,52,0,107,0.0
DE,2040,52,1,107,0.32199236601275527
DE,2040,52,2,107,0.16209357363884558
DE,2040,52,3,107,0.16210033105779678
DE,2040,52,4,107,0.16210708875845745
DE,2040,52,5,107,0.1621138467408341
DE,2040,52,6,107,0.1621206050049398
DE,2040,52,7,107,0.17582748990955896
DE,2040,52,8,107,0.17583481987327376
DE,2040,52,9,107,0.16358789142229135
DE,2040,52,10,107,0.0
DE,2040,52,11,107,0.0
DE,2040,52,12,107,0.0
DE,2040,52,13,107,0.0
DE,2040,52,14,107,0.0
DE,2040,52,15,107,0.0
DE,2040,52,16,107,0.16007682712593807
DE,2040,52,17,107,0.16008350046998837
DE,2040,52,18,107,0.1600901740922422
DE,2040,52,19,107,0.16009684799270826
DE,2040,52,20,107,0.15699942560119579
DE,2040,52,21,107,4.430879641926271e-05
DE,2040,52,22,107,4.389329712501913e-05
DE,2040,52,23,107,9.685288459369062e-05
DE,2040,52,24,107,9.685288459369062e-05
DE,2040,52,25,107,9.658852848834718e-05
DE,2040,52,26,107,9.658698550296084e-05
DE,2040,52,27,107,9.658698550296084e-05
DE,2040,52,28,107,9.658698550296084e-05
DE,2040,52,29,107,9.658698550296084e-05
DE,2040,52,30,107,9.658698550296084e-05
DE,2040,52,31,107,9.658698550296084e-05
DE,2040,52,32,107,9.658698550296084e-05
DE,2040,52,33,107,9.658698550296084e-05
DE,2040,52,34,107,9.658698550296084e-05
DE,2040,52,35,107,9.597594464952304e-05
DE,2040,52,36,107,9.594943972284813e-05
DE,2040,52,37,107,9.594943972284813e-05
DE,2040,52,38,107,9.594943972284813e-05
DE,2040,52,39,107,9.594943972284813e-05
DE,2040,52,40,107,9.594943972284813e-05
DE,2040,52,41,107,9.658698550296084e-05
DE,2040,52,42,107,9.62641202353265e-05
DE,2040,52,43,107,9.594943972284813e-05
DE,2040,52,44,107,9.594943972284813e-05
DE,2040,52,45,107,9.594943972284813e-05
DE,2040,52,46,107,9.594943972284813e-05
DE,2040,52,47,107,9.594943972284813e-05
DE,2040,52,48,107,9.594943972284813e-05
DE,2040,52,49,107,8.236086147773242e-05
DE,2040,52,50,107,8.236086147773242e-05
DE,2040,52,51,107,8.25693033919112e-05
DE,2040,52,52,107,8.27777539956961e-05
DE,2040,52,53,107,8.298621328945014e-05
DE,2040,52,54,107,8.319468127353528e-05
DE,2040,52,55,107,9.594943972284813e-05
DE,2040,52,56,107,9.594943972284813e-05
DE,2040,52,57,107,9.594943972284813e-05
DE,2040,52,58,107,9.594943972284813e-05
DE,2040,52,59,107,9.594943972284813e-05
DE,2040,52,60,107,9.594943972284813e-05
DE,2040,52,61,107,9.594943972284813e-05
DE,2040,52,62,107,9.594943972284813e-05
DE,2040,52,63,107,8.507128425496557e-05
DE,2040,52,64,107,9.594943972284813e-05
DE,2040,52,65,107,9.594943972284813e-05
DE,2040,52,66,107,9.594943972284813e-05
DE,2040,52,67,107,9.658698550296084e-05
DE,2040,52,68,107,9.658698550296084e-05
DE,2040,52,69,107,9.658698550296084e-05
DE,2040,52,70,107,9.658852848834718e-05
DE,2040,52,71,107,9.594943972284813e-05
DE,2040,52,72,107,9.594943972284813e-05
DE,2040,52,73,107,9.557105525538101e-05
DE,2040,52,74,107,9.557105525538101e-05
DE,2040,52,75,107,9.578004788117355e-05
DE,2040,52,76,107,9.594943972284813e-05
DE,2040,52,77,107,9.594943972284813e-05
DE,2040,52,78,107,9.685288459369062e-05
DE,2040,52,79,107,4.389329712501913e-05
DE,2040,52,80,107,4.3895690793537626e-05
DE,2040,52,81,107,4.389329712501913e-05
DE,2040,52,82,107,4.389329712501913e-05
DE,2040,52,83,107,3.0080055962099548e-05
DE,2040,52,84,107,4.37734921122171e-05
DE,2040,52,85,107,4.37734921122171e-05
DE,2040,52,86,107,4.389329712501913e-05
DE,2040,52,87,107,4.389329712501913e-05
DE,2040,52,88,107,4.389329712501913e-05
DE,2040,52,89,107,4.3895690793537626e-05
DE,2040,52,90,107,4.430879641926271e-05
DE,2040,52,91,107,4.430879641926271e-05
DE,2040,52,92,107,4.425102393467633e-05
DE,2040,52,93,107,4.389329712501913e-05
DE,2040,52,94,107,4.389329712501913e-05
DE,2040,52,95,107,8.940416488401611e-05
DE,2040,52,96,107,9.685288459369169e-05
DE,2040,52,97,107,9.658852848834718e-05
DE,2040,52,98,107,9.658698550296084e-05
DE,2040,52,99,107,9.62641202353265e-05
DE,2040,52,100,107,9.62641202353265e-05
DE,2040,52,101,107,9.658698550296084e-05
DE,2040,52,102,107,9.685288459369169e-05
DE,2040,52,103,107,9.685288459369062e-05
DE,2040,52,104,107,9.685288459369062e-05
DE,2040,52,105,107,9.685288459369062e-05
DE,2040,52,106,107,8.940416488404804e-05
DE,2040,52,107,107,9.685288459369062e-05
DE,2040,52,108,107,9.685288459369062e-05
DE,2040,52,109,107,9.658852848834718e-05
DE,2040,52,110,107,9.658852848834718e-05
DE,2040,52,111,107,9.685288459369062e-05
DE,2040,52,112,107,9.685288459369062e-05
DE,2040,52,113,107,9.685288459369062e-05
DE,2040,52,114,107,9.685288459369062e-05
DE,2040,52,115,107,9.685288459369062e-05
DE,2040,52,116,107,9.685288459369062e-05
DE,2040,52,117,107,9.685288459369169e-05
DE,2040,52,118,107,9.685288459369062e-05
DE,2040,52,119,107,9.658698550296084e-05
DE,2040,52,120,107,9.62641202353265e-05
DE,2040,52,121,107,9.597302547267971e-05
DE,2040,52,122,107,9.59770264329072e-05
DE,2040,52,123,107,9.59810275599284e-05
DE,2040,52,124,107,9.598502885374963e-05
DE,2040,52,125,107,9.598903031437944e-05
DE,2040,52,126,107,9.658698550296084e-05
DE,2040,52,127,107,9.658852848834718e-05
DE,2040,52,128,107,9.685288459369169e-05
DE,2040,52,129,107,9.658852848834718e-05
DE,2040,52,130,107,9.658698550296084e-05
DE,2040,52,131,107,9.601304258150358e-05
DE,2040,52,132,107,9.60170452099808e-05
DE,2040,52,133,107,9.602104800531982e-05
DE,2040,52,134,107,9.602505096752704e-05
DE,2040,52,135,107,9.658698550296084e-05
DE,2040,52,136,107,9.685288459369062e-05
DE,2040,52,137,107,0.3520382317699754
DE,2040,52,138,107,0.3520529076745539
DE,2040,52,139,107,0.16000343869930517
DE,2040,52,140,107,0.1600101089839103
DE,2040,52,141,107,0.26498395265671704
DE,2040,52,142,107,0.35310021775094913
DE,2040,52,143,107,0.35311493792800885
DE,2040,52,144,107,0.2701026908147565
DE,2040,52,145,107,0.1550830879381166
DE,2040,52,146,107,0.15629593925791097
DE,2040,52,147,107,0.15606455944196018
DE,2040,52,148,107,0.15982435518602905
DE,2040,52,149,107,0.2814457540401189
DE,2040,52,150,107,0.1600768271259359
DE,2040,52,151,107,0.16008350046998837
DE,2040,52,152,107,0.1600901740922422
DE,2040,52,153,107,0.15979766180980826
DE,2040,52,154,107,0.1556276141535703
DE,2040,52,155,107,0.14763473032744046
DE,2040,52,156,107,0.14764088498059552
DE,2040,52,157,107,0.1476470398903299
DE,2040,52,158,107,0.1476531950566524
DE,2040,52,159,107,0.14765935047957823
DE,2040,52,160,107,0.3648917428820667
DE,2040,52,161,107,0.3649069546287501
DE,2040,52,162,107,0.36492216700956814
DE,2040,52,163,107,0.3649373800245665
DE,2040,52,164,107,0.36495259367378013
DE,2040,52,165,107,0.36496780795722433
DE,2040,52,166,107,0.364983022874923
DE,2040,52,167,107,0.15042931861031159
GA,2050,11,0,107,0.0
GA,2050,11,1,107,0.00014432998083693417
GA,2050,11,2,107,0.00014433599772042835
GA,2050,11,3,107,0.00014434201485475764
GA,2050,11,4,107,0.00014434803223993377
GA,2050,11,5,107,0.00014488047825444232
GA,2050,11,6,107,0.00014527932689053594
GA,2050,11,7,107,0.00014527932689053594
GA,2050,11,8,107,0.00014527932689053594
GA,2050,11,9,107,0.00011338638558164372
GA,2050,11,10,107,0.00014488279273252078
GA,2050,11,11,107,0.00014488047825444232
GA,2050,11,12,107,0.00014439618035299028
GA,2050,11,13,107,0.00014440219999623717
GA,2050,11,14,107,0.00014440821989043307
GA,2050,11,15,107,0.00014441424003558761
GA,2050,11,16,107,0.00014442026043171352
GA,2050,11,17,107,0.00014488047825444232
GA,2050,11,18,107,0.00014527932689053594
GA,2050,11,19,107,0.00014527932689053594
GA,2050,11,20,107,0.0001454973279869959
GA,2050,11,21,107,0.0001454973279869959
GA,2050,11,22,107,0.00014527932689053594
GA,2050,11,23,107,0.00014527932689053594
GA,2050,11,24,107,0.00013410624732602256
GA,2050,11,25,107,6.58435361903075e-05
GA,2050,11,26,107,6.58435361903075e-05
GA,2050,11,27,107,6.613729991785864e-05
GA,2050,11,28,107,6.637653590201343e-05
GA,2050,11,29,107,6.694715981727189e-05
GA,2050,11,30,107,0.5377783503108108
GA,2050,11,31,107,0.5378007694205603
GA,2050,11,32,107,0.5378231894649242
GA,2050,11,33,107,0.4736419723793236
GA,2050,11,34,107,0.5378680323576601
GA,2050,11,35,107,0.5117701337888289
GA,2050,11,36,107,0.5248190830732423
GA,2050,11,37,107,0.2247942697164222
GA,2050,11,38,107,0.22480364102600592
GA,2050,11,39,107,0.49606181815686057
GA,2050,11,40,107,0.49608249817184286
GA,2050,11,41,107,0.5380250119283742
GA,2050,11,42,107,0.5380474413210472
GA,2050,11,43,107,0.5380698716487661
GA,2050,11,44,107,0.5380923029115702
GA,2050,11,45,107,0.5381147351094898
GA,2050,11,46,107,0.538137168242582
GA,2050,11,47,107,0.508524612384424
GA,2050,11,48,107,0.0001454973279869959
GA,2050,11,49,107,0.00014527932689053594
GA,2050,11,50,107,0.00014488279273252078
GA,2050,11,51,107,0.00014488279273252078
GA,2050,11,52,107,0.00014488279273252078
GA,2050,11,53,107,0.00014488279273252078
GA,2050,11,54,107,0.00014527932689053594
GA,2050,11,55,107,0.00014527932689053594
GA,2050,11,56,107,0.00014527932689053594
GA,2050,11,57,107,0.00014488279273252078
GA,2050,11,58,107,0.00014488047825444232
GA,2050,11,59,107,0.00014487071362920517
GA,2050,11,60,107,0.00014487675305497593
GA,2050,11,61,107,0.00014488279273252184
GA,2050,11,62,107,0.00014488883266185036
GA,2050,11,63,107,0.0001448948728429743
GA,2050,11,64,107,0.00014490091327590528
GA,2050,11,65,107,0.00014527932689053594
GA,2050,11,66,107,0.00014646334161537314
GA,2050,11,67,107,0.00014706631092358669
GA,2050,11,68,107,0.00014706631092358669
GA,2050,11,69,107,0.00014696861631718008
GA,2050,11,70,107,0.00014696861631718008
GA,2050,11,71,107,0.00014646334161537314
GA,2050,11,72,107,0.0001454973279869959
GA,2050,11,73,107,0.00014528724952506502
GA,2050,11,74,107,0.0001454973279869959
GA,2050,11,75,107,0.00014593545474695478
GA,2050,11,76,107,0.00014593545474695478
GA,2050,11,77,107,0.00014696861631718008
GA,2050,11,78,107,7.139258043632194e-05
GA,2050,11,79,107,7.139555667754589e-05
GA,2050,11,80,107,7.139853304284547e-05
GA,2050,11,81,107,3.264043766460082e-05
GA,2050,11,82,107,6.660552415269075e-05
GA,2050,11,83,107,6.58435361903075e-05
GA,2050,11,84,107,6.584628110085157e-05
GA,2050,11,85,107,6.584902612582709e-05
GA,2050,11,86,107,6.585177126523724e-05
GA,2050,11,87,107,6.585451651908736e-05
GA,2050,11,88,107,6.660830082928032e-05
GA,2050,11,89,107,0.15846345459415945
GA,2050,11,90,107,0.394621978190411
GA,2050,11,91,107,0.39463842934250576
GA,2050,11,92,107,0.3946548811804255
GA,2050,11,93,107,0.3946713337042009
GA,2050,11,94,107,0.2559887957233389
GA,2050,11,95,107,0.5363790857042496
GA,2050,11,96,107,0.5135031411310423
GA,2050,11,97,107,0.5266937346369571
GA,2050,11,98,107,0.5157967021258777
GA,2050,11,99,107,0.35444678690868237
GA,2050,11,100,107,0.36402554446653057
GA,2050,11,101,107,0.5265510362663512
GA,2050,11,102,107,0.5676965338107549
GA,2050,11,103,107,0.5677202001611981
GA,2050,11,104,107,0.5671023564767288
GA,2050,11,105,107,0.23615092590815673
GA,2050,11,106,107,0.2361607706583639
GA,2050,11,107,107,0.2361706158189812
GA,2050,11,108,107,0.23618046139003038
GA,2050,11,109,107,0.23619030737152458
GA,2050,11,110,107,0.2362001537634812
GA,2050,11,111,107,0.23621000056591768
GA,2050,11,112,107,0.2362198477788515
GA,2050,11,113,107,0.5925882601237209
GA,2050,11,114,107,0.5926129641699782
GA,2050,11,115,107,0.5926376692461025
GA,2050,11,116,107,0.5926623753521416
GA,2050,11,117,107,0.5926870824881393
GA,2050,11,118,107,0.5927117906541347
GA,2050,11,119,107,0.5927364998501672
GA,2050,11,120,107,0.5015824950425661
GA,2050,11,121,107,0.5016034052056362
GA,2050,11,122,107,0.2378456774607451
GA,2050,11,123,107,0.5248190830732423
GA,2050,11,124,107,0.5215796748693899
GA,2050,11,125,107,0.528058491277099
GA,2050,11,126,107,0.5266937346369571
GA,2050,11,127,107,0.5294232479172366
GA,2050,11,128,107,0.533274055158186
GA,2050,11,129,107,0.41465531536386124
GA,2050,11,130,107,0.24248800784036
GA,2050,11,131,107,0.22741922102487067
GA,2050,11,132,107,0.22742870176442395
GA,2050,11,133,107,0.22743818289920814
GA,2050,11,134,107,0.22744766442924938
GA,2050,11,135,107,0.5018962390349048
GA,2050,11,136,107,0.501917162277463
GA,2050,11,137,107,0.5443529820474421
GA,2050,11,138,107,0.5443756752429654
GA,2050,11,139,107,0.5443983693845146
GA,2050,11,140,107,0.5444210644721594
GA,2050,11,141,107,0.5444437605059174
GA,2050,11,142,107,0.544466457485832
GA,2050,11,143,107,0.5444891554119512
GA,2050,11,144,107,0.5248190830732423
GA,2050,11,145,107,0.5215796748693899
GA,2050,11,146,107,0.5295410859375165
GA,2050,11,147,107,0.528058491277099
GA,2050,11,148,107,0.528058491277099
GA,2050,11,149,107,0.5307172046620166
GA,2050,11,150,107,0.5253997778921728
GA,2050,11,151,107,0.5266937346369571
GA,2050,11,152,107,0.5331655635036185
GA,2050,11,153,107,0.5447161867228634
GA,2050,11,154,107,0.5447388950597934
GA,2050,11,155,107,0.24427737953924716
GA,2050,11,156,107,0.23631339620277222
GA,2050,11,157,107,0.2240527863804825
GA,2050,11,158,107,0.49440494854865863
GA,2050,11,159,107,0.49442555949142974
GA,2050,11,160,107,0.4944461712934336
GA,2050,11,161,107,0.527254422767782
GA,2050,11,162,107,0.5362726931827139
GA,2050,11,163,107,0.5362950495240536
GA,2050,11,164,107,0.5363174067973911
GA,2050,11,165,107,0.5363397650027658
GA,2050,11,166,107,0.5362950485920165
GA,2050,11,167,107,0.00014646334161537314
GA,2050,21,0,107,0.0
GA,2050,21,1,107,0.4863111301469597
GA,2050,21,2,107,0.24773068201387052
GA,2050,21,3,107,0.2469943966352867
GA,2050,21,4,107,0.24700469343225098
GA,2050,21,5,107,0.26788831216581266
GA,2050,21,6,107,0.2678994799963264
GA,2050,21,7,107,0.267910648292416
GA,2050,21,8,107,0.23873431558106745
GA,2050,21,9,107,0.23874426802861132
GA,2050,21,10,107,0.2487338934106191
GA,2050,21,11,107,0.25240452106181066
GA,2050,21,12,107,0.240120245696947
GA,2050,21,13,107,0.24700055111340763
GA,2050,21,14,107,0.23960243699844322
GA,2050,21,15,107,0.24222341315682183
GA,2050,21,16,107,0.5269556206026601
GA,2050,21,17,107,0.5298380383422844
GA,2050,21,18,107,0.5483942337638245
GA,2050,21,19,107,0.5699558029161461
GA,2050,21,20,107,0.565007449560736
GA,2050,21,21,107,0.5270654693993579
GA,2050,21,22,107,0.5352733100287741
GA,2050,21,23,107,0.5271094153294934
GA,2050,21,24,107,0.5271313896685943
GA,2050,21,25,107,0.5271533649237682
GA,2050,21,26,107,0.5271753410950673
GA,2050,21,27,107,0.5271973181825048
GA,2050,21,28,107,0.527219296186133
GA,2050,21,29,107,0.5717943470385419
GA,2050,21,30,107,0.5718181842201842
GA,2050,21,31,107,0.5718420223955571
GA,2050,21,32,107,0.25643124074310486
GA,2050,21,33,107,0.238513460930254
GA,2050,21,34,107,0.2564526215962335
GA,2050,21,35,107,0.24552722790748988
GA,2050,21,36,107,0.2361755386045058
GA,2050,21,37,107,0.2361755386045058
GA,2050,21,38,107,0.2361755386045058
GA,2050,21,39,107,0.23617061581897683
GA,2050,21,40,107,0.23618046139003473
GA,2050,21,41,107,0.48427954985920707
GA,2050,21,42,107,0.5267486287639414
GA,2050,21,43,107,0.5569439424816154
GA,2050,21,44,107,0.5498946140870212
GA,2050,21,45,107,0.3397852834833909
GA,2050,21,46,107,0.526836471450756
GA,2050,21,47,107,0.4688718271672265
GA,2050,21,48,107,0.2379732243674338
GA,2050,21,49,107,0.240120245696947
GA,2050,21,50,107,0.24091711423949935
GA,2050,21,51,107,0.23823808345210412
GA,2050,21,52,107,0.2395775988458061
GA,2050,21,53,107,0.25627708942420396
GA,2050,21,54,107,0.25628777320161916
GA,2050,21,55,107,0.2562984574244295
GA,2050,21,56,107,0.0
GA,2050,21,57,107,0.0
GA,2050,21,58,107,0.0
GA,2050,21,59,107,0.0
GA,2050,21,60,107,0.0
GA,2050,21,61,107,0.0
GA,2050,21,62,107,0.0
GA,2050,21,63,107,0.0
GA,2050,21,64,107,0.0
GA,2050,21,65,107,6.754977987305723e-05
GA,2050,21,66,107,0.23845401545309455
GA,2050,21,67,107,0.23846395621539257
GA,2050,21,68,107,0.23847389739209063
GA,2050,21,69,107,0.233877179816934
GA,2050,21,70,107,0.23849378098878718
GA,2050,21,71,107,0.23385729622022003
GA,2050,21,72,107,0.22682384930151733
GA,2050,21,73,107,0.23849336870456345
GA,2050,21,74,107,0.23853355315594454
GA,2050,21,75,107,0.23847348013384537
GA,2050,21,76,107,0.23855344172665827
GA,2050,21,77,107,0.2385633866338681
GA,2050,21,78,107,0.2385733319556568
GA,2050,21,79,107,0.23858327769205048
GA,2050,21,80,107,0.23859322384307532
GA,2050,21,81,107,0.0
GA,2050,21,82,107,0.0
GA,2050,21,83,107,0.0
GA,2050,21,84,107,0.0
GA,2050,21,85,107,0.0
GA,2050,21,86,107,0.0
GA,2050,21,87,107,0.0
GA,2050,21,88,107,0.0
GA,2050,21,89,107,0.0
GA,2050,21,90,107,0.2402363802364356
GA,2050,21,91,107,0.2402463953026249
GA,2050,21,92,107,0.24025641078633206
GA,2050,21,93,107,0.238513460930254
GA,2050,21,94,107,0.24027644300633927
GA,2050,21,95,107,0.2402864597426829
GA,2050,21,96,107,0.2349774800417398
GA,2050,21,97,107,0.23737359716727177
GA,2050,21,98,107,0.2361755386045058
GA,2050,21,99,107,0.24016815826076546
GA,2050,21,100,107,0.24033654968845986
GA,2050,21,101,107,0.24034656893055173
GA,2050,21,102,107,0.24035658859033152
GA,2050,21,103,107,0.24036660866780798
GA,2050,21,104,107,0.24037662916302033
GA,2050,21,105,107,0.0
GA,2050,21,106,107,0.0
GA,2050,21,107,107,0.0
GA,2050,21,108,107,0.0
GA,2050,21,109,107,0.0
GA,2050,21,110,107,0.0
GA,2050,21,111,107,0.0
GA,2050,21,112,107,0.0
GA,2050,21,113,107,0.23645642875818237
GA,2050,21,114,107,0.24047685709352687
GA,2050,21,115,107,0.24048688218480654
GA,2050,21,116,107,0.5306691629859813
GA,2050,21,117,107,0.5306912857252047
GA,2050,21,118,107,0.2405169599663037
GA,2050,21,119,107,0.2405269867294078
GA,2050,21,120,107,0.5057325809221305
GA,2050,21,121,107,0.44588927874504664
GA,2050,21,122,107,0.238513460930254
GA,2050,21,123,107,0.24056709796200015
GA,2050,21,124,107,0.24057712681527507
GA,2050,21,125,107,0.24058715608664347
GA,2050,21,126,107,0.24059718577611405
GA,2050,21,127,107,0.2406072158837043
GA,2050,21,128,107,0.24061724640943594
GA,2050,21,129,107,0.0
GA,2050,21,130,107,0.0
GA,2050,21,131,107,0.0
GA,2050,21,132,107,0.0
GA,2050,21,133,107,0.0
GA,2050,21,134,107,0.0
GA,2050,21,135,107,0.0
GA,2050,21,136,107,0.0
GA,2050,21,137,107,0.23041146818032346
GA,2050,21,138,107,0.5344371003652674
GA,2050,21,139,107,0.534459380183707
GA,2050,21,140,107,0.5344816609309612
GA,2050,21,141,107,0.5345039426070648
GA,2050,21,142,107,0.5345262252120528
GA,2050,21,143,107,0.5345485087459602
GA,2050,21,144,107,0.5266937346369571
GA,2050,21,145,107,0.528058491277099
GA,2050,21,146,107,0.528058491277099
GA,2050,21,147,107,0.528058491277099
GA,2050,21,148,107,0.534659940350764
GA,2050,21,149,107,0.5346822294590503
GA,2050,21,150,107,0.5347045194965263
GA,2050,21,151,107,0.5347268104632398
GA,2050,21,152,107,0.5347491023592215
GA,2050,21,153,107,0.22347212465374156
GA,2050,21,154,107,0.23931376287087752
GA,2050,21,155,107,0.22835096334805124
GA,2050,21,156,107,0.22350007439335032
GA,2050,21,157,107,0.2235093917500127
GA,2050,21,158,107,0.22351870949510344
GA,2050,21,159,107,0.4932264304891367
GA,2050,21,160,107,0.4932469923013816
GA,2050,21,161,107,0.4932675549708314
GA,2050,21,162,107,0.5349720724377103
GA,2050,21,163,107,0.5349943745582662
GA,2050,21,164,107,0.5350166776085743
GA,2050,21,165,107,0.5350389815886564
GA,2050,21,166,107,0.5350612864985472
GA,2050,21,167,107,0.5350626309029244
GA,2050,42,0,107,0.0
GA,2050,42,1,107,0.43329693101684774
GA,2050,42,2,107,0.27623037567305825
GA,2050,42,3,107,0.27624189127071025
GA,2050,42,4,107,0.2762534073484241
GA,2050,42,5,107,0.2996099304684701
GA,2050,42,6,107,0.29962242072195744
GA,2050,42,7,107,0.2996349114961429
GA,2050,42,8,107,0.0
GA,2050,42,9,107,0.0
GA,2050,42,10,107,0.0
GA,2050,42,11,107,-8.721182071795201e-15
GA,2050,42,12,107,0.0
GA,2050,42,13,107,0.0
GA,2050,42,14,107,0.0
GA,2050,42,15,107,3.4884728287180805e-14
GA,2050,42,16,107,0.0
GA,2050,42,17,107,0.0
GA,2050,42,18,107,0.0
GA,2050,42,19,107,3.052413725128321e-14
GA,2050,42,20,107,0.0
GA,2050,42,21,107,0.24822050446882338
GA,2050,42,22,107,0.24465832757356196
GA,2050,42,23,107,0.2359295274087637
GA,2050,42,24,107,0.23593936292922615
GA,2050,42,25,107,0.2378456774607451
GA,2050,42,26,107,0.23743290573476694
GA,2050,42,27,107,0.23596887195083718
GA,2050,42,28,107,0.23597870911150978
GA,2050,42,29,107,0.2478745646863787
GA,2050,42,30,107,0.25240452106181066
GA,2050,42,31,107,0.255951447977688
GA,2050,42,32,107,0.242468145508356
GA,2050,42,33,107,0.2361755386045058
GA,2050,42,34,107,0.24221743322092862
GA,2050,42,35,107,-8.721182071795201e-15
GA,2050,42,36,107,0.0
GA,2050,42,37,107,0.0
GA,2050,42,38,107,0.0
GA,2050,42,39,107,0.0
GA,2050,42,40,107,0.0
GA,2050,42,41,107,0.2560581700164775
GA,2050,42,42,107,0.25606884466749397
GA,2050,42,43,107,0.2560795197635262
GA,2050,42,44,107,0.2487295223600864
GA,2050,42,45,107,0.23614600360145555
GA,2050,42,46,107,0.23615584814646204
GA,2050,42,47,107,0.23616569310185245
GA,2050,42,48,107,0.23617553846769224
GA,2050,42,49,107,0.23618538424395522
GA,2050,42,50,107,0.23619523043066754
GA,2050,42,51,107,0.236205077027851
GA,2050,42,52,107,0.23621492403552743
GA,2050,42,53,107,0.24641173312486286
GA,2050,42,54,107,0.25379052610563446
GA,2050,42,55,107,0.2562076556333211
GA,2050,42,56,107,0.2387454212936493
GA,2050,42,57,107,0.23626416523187088
GA,2050,42,58,107,0.24053920648754482
GA,2050,42,59,107,0.24294310233466015
GA,2050,42,60,107,0.23629371487661283
GA,2050,42,61,107,0.23630356557947155
GA,2050,42,62,107,0.23631341669296713
GA,2050,42,63,107,0.0
GA,2050,42,64,107,0.26775542512506373
GA,2050,42,65,107,0.26776658741573867
GA,2050,42,66,107,0.267777750171741
GA,2050,42,67,107,0.26778891339310124
GA,2050,42,68,107,0.2678000770798543
GA,2050,42,69,107,0.24702628934767568
GA,2050,42,70,107,0.247036587474206
GA,2050,42,71,107,0.24696451475260925
GA,2050,42,72,107,0.24701599594251863
GA,2050,42,73,107,0.24698510628428788
GA,2050,42,74,107,0.24699540269395756
GA,2050,42,75,107,0.24700569953286203
GA,2050,42,76,107,0.24701599680102743
GA,2050,42,77,107,0.2679005712056669
GA,2050,42,78,107,0.26791173954724185
GA,2050,42,79,107,0.26792290835441024
GA,2050,42,80,107,0.0
GA,2050,42,81,107,0.0
GA,2050,42,82,107,0.0
GA,2050,42,83,107,0.0
GA,2050,42,84,107,0.0
GA,2050,42,85,107,0.0
GA,2050,42,86,107,0.0
GA,2050,42,87,107,0.0
GA,2050,42,88,107,0.0
GA,2050,42,89,107,-8.721182071795201e-15
GA,2050,42,90,107,0.0
GA,2050,42,91,107,0.0
GA,2050,42,92,107,0.0
GA,2050,42,93,107,0.0
GA,2050,42,94,107,0.0
GA,2050,42,95,107,0.0
GA,2050,42,96,107,0.24480091353687397
GA,2050,42,97,107,0.24481111889107124
GA,2050,42,98,107,0.24482132467071394
GA,2050,42,99,107,0.24483153087581952
GA,2050,42,100,107,0.2448417375064141
GA,2050,42,101,107,0.26554248381651147
GA,2050,42,102,107,0.2655535538532317
GA,2050,42,103,107,0.2655646243514551
GA,2050,42,104,107,0.22609538498072776
GA,2050,42,105,107,0.2245619550757747
GA,2050,42,106,107,0.22457131670052932
GA,2050,42,107,107,0.2245806787155525
GA,2050,42,108,107,0.22459004112086167
GA,2050,42,109,107,0.2245994039164786
GA,2050,42,110,107,0.2246087671024164
GA,2050,42,111,107,0.22461813067868816
GA,2050,42,112,107,0.2434159559576958
GA,2050,42,113,107,0.543293753083483
GA,2050,42,114,107,0.5433164021214552
GA,2050,42,115,107,0.543339052103626
GA,2050,42,116,107,0.5433617030300436
GA,2050,42,117,107,0.5433843549007384
GA,2050,42,118,107,0.5010658204885495
GA,2050,42,119,107,0.5045173448163869
GA,2050,42,120,107,0.5266937346369571
GA,2050,42,121,107,0.2361755386045058
GA,2050,42,122,107,0.2361755386045058
GA,2050,42,123,107,0.22676086580539934
GA,2050,42,124,107,0.2304489691496693
GA,2050,42,125,107,0.24374107914576074
GA,2050,42,126,107,0.24375124031718942
GA,2050,42,127,107,0.2437614019122103
GA,2050,42,128,107,0.2437715639308495
GA,2050,42,129,107,0.2282467056861618
GA,2050,42,130,107,0.0
GA,2050,42,131,107,0.0
GA,2050,42,132,107,0.0
GA,2050,42,133,107,0.0
GA,2050,42,134,107,0.0
GA,2050,42,135,107,0.0
GA,2050,42,136,107,0.24385287533246025
GA,2050,42,137,107,0.24386304116447555
GA,2050,42,138,107,0.2438732074202967
GA,2050,42,139,107,0.24388337409993677
GA,2050,42,140,107,0.24389354120340015
GA,2050,42,141,107,0.24390370873071732
GA,2050,42,142,107,0.23643179247803456
GA,2050,42,143,107,0.2378456774607451
GA,2050,42,144,107,0.2378456774607451
GA,2050,42,145,107,0.2378456774607451
GA,2050,42,146,107,0.2378456774607451
GA,2050,42,147,107,0.2362076311631308
GA,2050,42,148,107,0.23948372375835936
GA,2050,42,149,107,0.24398506420997587
GA,2050,42,150,107,0.24399523555274044
GA,2050,42,151,107,0.24400540731952886
GA,2050,42,152,107,0.24401557951036296
GA,2050,42,153,107,0.0
GA,2050,42,154,107,0.0
GA,2050,42,155,107,0.0
GA,2050,42,156,107,0.0
GA,2050,42,157,107,0.0
GA,2050,42,158,107,0.0
GA,2050,42,159,107,0.0
GA,2050,42,160,107,0.2440969723047601
GA,2050,42,161,107,0.2441071483127902
GA,2050,42,162,107,0.24411732474503603
GA,2050,42,163,107,0.24412750160152813
GA,2050,42,164,107,0.2441376788822839
GA,2050,42,165,107,0.24414785658730342
GA,2050,42,166,107,0.23981362973941653
GA,2050,42,167,107,0.2295755460555153
GA,2050,52,0,107,0.0
GA,2050,52,1,107,0.47731926881925657
GA,2050,52,2,107,0.24304146827158446
GA,2050,52,3,107,0.24305160027735262
GA,2050,52,4,107,0.24306173270551382
GA,2050,52,5,107,0.24307186555608107
GA,2050,52,6,107,0.24355115855684106
GA,2050,52,7,107,0.2636339637087562
GA,2050,52,8,107,0.2636449541823635
GA,2050,52,9,107,0.0
GA,2050,52,10,107,0.0
GA,2050,52,11,107,0.0
GA,2050,52,12,107,0.0
GA,2050,52,13,107,0.0
GA,2050,52,14,107,0.0
GA,2050,52,15,107,0.20351580901291563
GA,2050,52,16,107,0.22072255315456457
GA,2050,52,17,107,0.2207317547208644
GA,2050,52,18,107,0.22074095667076107
GA,2050,52,19,107,0.22075015900426764
GA,2050,52,20,107,6.646319462889566e-05
GA,2050,52,21,107,6.646319462889566e-05
GA,2050,52,22,107,6.583994568752763e-05
GA,2050,52,23,107,0.00014527932689053594
GA,2050,52,24,107,0.00014527932689053594
GA,2050,52,25,107,0.00014488047825444232
GA,2050,52,26,107,0.00014488047825444232
GA,2050,52,27,107,0.00014439618035299028
GA,2050,52,28,107,0.00014396142439845799
GA,2050,52,29,107,0.00014396142439845799
GA,2050,52,30,107,0.00014488047825444232
GA,2050,52,31,107,0.00014488047825444232
GA,2050,52,32,107,0.00014488047825444232
GA,2050,52,33,107,0.00014488047825444232
GA,2050,52,34,107,0.00014396391697428455
GA,2050,52,35,107,0.00014392415958427272
GA,2050,52,36,107,0.00014392415958427272
GA,2050,52,37,107,0.00014392415958427272
GA,2050,52,38,107,0.00014392415958427272
GA,2050,52,39,107,0.00014392415958427272
GA,2050,52,40,107,0.00014392415958427272
GA,2050,52,41,107,0.00014392415958427272
GA,2050,52,42,107,0.00014392415958427272
GA,2050,52,43,107,0.00014392415958427272
GA,2050,52,44,107,0.00014392415958427272
GA,2050,52,45,107,0.00014392415958427272
GA,2050,52,46,107,0.00014392415958427272
GA,2050,52,47,107,0.00014392415958427272
GA,2050,52,48,107,0.00014392415958427272
GA,2050,52,49,107,0.00012354129221659862
GA,2050,52,50,107,0.00012354129221659862
GA,2050,52,51,107,0.00012354129221659862
GA,2050,52,52,107,0.00012354129221659862
GA,2050,52,53,107,0.00012354129221659862
GA,2050,52,54,107,0.00012354129221659862
GA,2050,52,55,107,0.00012354129221659862
GA,2050,52,56,107,0.00014392415958427272
GA,2050,52,57,107,0.00014392415958427272
GA,2050,52,58,107,0.00014392415958427272
GA,2050,52,59,107,0.00014392415958427272
GA,2050,52,60,107,0.00014392415958427272
GA,2050,52,61,107,0.00014392415958427272
GA,2050,52,62,107,0.00012451188108014694
GA,2050,52,63,107,0.00012482458441369544
GA,2050,52,64,107,0.00014392415958427272
GA,2050,52,65,107,0.00014392415958427272
GA,2050,52,66,107,0.00014392415958427272
GA,2050,52,67,107,0.00014439618035299028
GA,2050,52,68,107,0.00014488047825444232
GA,2050,52,69,107,0.00014439618035299028
GA,2050,52,70,107,0.00014439618035299028
GA,2050,52,71,107,0.00014392415958427272
GA,2050,52,72,107,0.000143356582883071
GA,2050,52,73,107,0.00014267023987152492
GA,2050,52,74,107,0.00012826518158465174
GA,2050,52,75,107,0.00012857804138722838
GA,2050,52,76,107,0.00014361066005351452
GA,2050,52,77,107,0.00014392415958427272
GA,2050,52,78,107,0.00014488279273252078
GA,2050,52,79,107,0.00013410624732602256
GA,2050,52,80,107,6.58435361903075e-05
GA,2050,52,81,107,6.583994568752763e-05
GA,2050,52,82,107,6.566023816832566e-05
GA,2050,52,83,107,3.1972286659237036e-05
GA,2050,52,84,107,6.524482636787952e-05
GA,2050,52,85,107,6.524754631917872e-05
GA,2050,52,86,107,6.566023816832566e-05
GA,2050,52,87,107,6.583994568752763e-05
GA,2050,52,88,107,6.583994568752763e-05
GA,2050,52,89,107,6.58399456875287e-05
GA,2050,52,90,107,6.58399456875287e-05
GA,2050,52,91,107,6.58399456875287e-05
GA,2050,52,92,107,6.58399456875287e-05
GA,2050,52,93,107,6.583994568752763e-05
GA,2050,52,94,107,0.00013410624732602256
GA,2050,52,95,107,0.00013410624732602256
GA,2050,52,96,107,0.00014488279273252078
GA,2050,52,97,107,0.00014488047825444232
GA,2050,52,98,107,0.00014392415958427272
GA,2050,52,99,107,0.00014392415958427272
GA,2050,52,100,107,0.00014392415958427272
GA,2050,52,101,107,0.00014488047825444232
GA,2050,52,102,107,0.00014488279273252078
GA,2050,52,103,107,0.00014527932689053594
GA,2050,52,104,107,0.00014527932689053594
GA,2050,52,105,107,0.00014527932689053594
GA,2050,52,106,107,0.00014527932689053594
GA,2050,52,107,107,0.00014527932689053594
GA,2050,52,108,107,0.00014488279273252078
GA,2050,52,109,107,0.00014488047825444232
GA,2050,52,110,107,0.00014488047825444232
GA,2050,52,111,107,0.00014488279273252078
GA,2050,52,112,107,0.00014527932689053594
GA,2050,52,113,107,0.00014527932689053594
GA,2050,52,114,107,0.00014527932689053594
GA,2050,52,115,107,0.00014527932689053594
GA,2050,52,116,107,0.00014527932689053594
GA,2050,52,117,107,0.00014527932689053594
GA,2050,52,118,107,0.00014527932689053594
GA,2050,52,119,107,0.00014488047825444232
GA,2050,52,120,107,0.00014392415958427272
GA,2050,52,121,107,0.00014392415958427272
GA,2050,52,122,107,0.00014392415958427272
GA,2050,52,123,107,0.00014392415958427272
GA,2050,52,124,107,0.00014392415958427272
GA,2050,52,125,107,0.00014393015954973615
GA,2050,52,126,107,0.00014393615976532887
GA,2050,52,127,107,0.00014488279273252078
GA,2050,52,128,107,0.00014527932689053594
GA,2050,52,129,107,0.00014488047825444232
GA,2050,52,130,107,0.0001439601631291971
GA,2050,52,131,107,0.00014396616459559172
GA,2050,52,132,107,0.00014397216631217632
GA,2050,52,133,107,0.0001439781682789626
GA,2050,52,134,107,0.0001439841704959623
GA,2050,52,135,107,0.00014399017296318493
GA,2050,52,136,107,0.000145279326890537
GA,2050,52,137,107,0.00014665455868548212
GA,2050,52,138,107,0.5267164687056128
GA,2050,52,139,107,0.23938574110671676
GA,2050,52,140,107,0.23939572071114076
GA,2050,52,141,107,0.2394057007316044
GA,2050,52,142,107,0.23941568116811202
GA,2050,52,143,107,0.23942566202067672
GA,2050,52,144,107,0.2369383283404285
GA,2050,52,145,107,0.2289224828887972
GA,2050,52,146,107,0.2291617716272699
GA,2050,52,147,107,0.2365792543910405
GA,2050,52,148,107,0.23947557252518914
GA,2050,52,149,107,0.23948555587452797
GA,2050,52,150,107,0.23949553964005468
GA,2050,52,151,107,0.23950552382180418
GA,2050,52,152,107,0.23951550841977645
GA,2050,52,153,107,0.23553727183934575
GA,2050,52,154,107,0.22087135342230357
GA,2050,52,155,107,0.2208805611918363
GA,2050,52,156,107,0.22088976934523624
GA,2050,52,157,107,0.220898977882499
GA,2050,52,158,107,0.2209081868036638
GA,2050,52,159,107,0.220917396108722
GA,2050,52,160,107,0.4069353861436972
GA,2050,52,161,107,0.40695235062186513
GA,2050,52,162,107,0.40696931580724244
GA,2050,52,163,107,0.4069862816998858
GA,2050,52,164,107,0.40700324829980394
GA,2050,52,165,107,0.40702021560703616
GA,2050,52,166,107,0.40703718362159547
GA,2050,52,167,107,0.22700621266697216
DE,2050,11,0,107,0.00014313159177465438
DE,2050,11,1,107,0.00014488047825444232
DE,2050,11,2,107,0.00014488047825444232
DE,2050,11,3,107,0.00014488047825444232
DE,2050,11,4,107,0.00014488047825444232
DE,2050,11,5,107,0.000145279326890537
DE,2050,11,6,107,0.00014527932689053594
DE,2050,11,7,107,0.000145279326890537
DE,2050,11,8,107,0.00013410624732602256
DE,2050,11,9,107,0.00013410624732602256
DE,2050,11,10,107,0.00013410624732602256
DE,2050,11,11,107,0.00013410624732602256
DE,2050,11,12,107,0.00014488047825444232
DE,2050,11,13,107,0.00014488047825444232
DE,2050,11,14,107,0.00014488651808728425
DE,2050,11,15,107,0.00014489255817191945
DE,2050,11,16,107,0.00014489859850835428
DE,2050,11,17,107,0.0001449046390966026
DE,2050,11,18,107,0.00014527932689053594
DE,2050,11,19,107,0.00014646334161537314
DE,2050,11,20,107,0.00014665455868548212
DE,2050,11,21,107,0.00014665455868548212
DE,2050,11,22,107,0.00014646334161537314
DE,2050,11,23,107,0.00014646334161537314
DE,2050,11,24,107,0.00014646334161537314
DE,2050,11,25,107,6.637653590201343e-05
DE,2050,11,26,107,6.637930303245481e-05
DE,2050,11,27,107,6.694715981727189e-05
DE,2050,11,28,107,0.1824377878167842
DE,2050,11,29,107,0.24959436808930124
DE,2050,11,30,107,0.556642195022161
DE,2050,11,31,107,0.5566654005350874
DE,2050,11,32,107,0.5566886070154153
DE,2050,11,33,107,0.5133339433038482
DE,2050,11,34,107,0.5438028290974913
DE,2050,11,35,107,0.522944431509532
DE,2050,11,36,107,0.5266937346369571
DE,2050,11,37,107,0.3216697089209322
DE,2050,11,38,107,0.24194253627858964
DE,2050,11,39,107,0.5134623570583069
DE,2050,11,40,107,0.5134837624736114
DE,2050,11,41,107,0.5531350843789443
DE,2050,11,42,107,0.5569207250345929
DE,2050,11,43,107,0.5569439421589882
DE,2050,11,44,107,0.5569671602512692
DE,2050,11,45,107,0.5569903793114706
DE,2050,11,46,107,0.5570135993396402
DE,2050,11,47,107,0.5570368203358131
DE,2050,11,48,107,0.34498351602690813
DE,2050,11,49,107,0.00014646334161537314
DE,2050,11,50,107,0.000145279326890537
DE,2050,11,51,107,0.00014527932689053594
DE,2050,11,52,107,0.00014527932689053594
DE,2050,11,53,107,0.00014527932689053594
DE,2050,11,54,107,0.00014646334161537314
DE,2050,11,55,107,0.00014665455868548212
DE,2050,11,56,107,0.00014646334161537314
DE,2050,11,57,107,0.00014527932689053594
DE,2050,11,58,107,0.0001452490483764404
DE,2050,11,59,107,0.0001452551035743763
DE,2050,11,60,107,0.00014526115902474104
DE,2050,11,61,107,0.00014526721472755055
DE,2050,11,62,107,0.00014527327068281234
DE,2050,11,63,107,0.00014527932689053485
DE,2050,11,64,107,0.00014528538335073198
DE,2050,11,65,107,0.00014529330631554393
DE,2050,11,66,107,0.00014772245350331333
DE,2050,11,67,107,0.0001601452368256207
DE,2050,11,68,107,0.00016015191302156247
DE,2050,11,69,107,0.00016015858949582404
DE,2050,11,70,107,0.0001601652662484182
DE,2050,11,71,107,0.00014769166580291313
DE,2050,11,72,107,0.00014769782282961788
DE,2050,11,73,107,0.0001477039801130024
DE,2050,11,74,107,0.00014771013765306989
DE,2050,11,75,107,6.69443690147872e-05
DE,2050,11,76,107,0.00014772245350331333
DE,2050,11,77,107,7.28960211952765e-05
DE,2050,11,78,107,7.289906011251565e-05
DE,2050,11,79,107,7.290209915644297e-05
DE,2050,11,80,107,7.290513832706272e-05
DE,2050,11,81,107,7.290817762437911e-05
DE,2050,11,82,107,3.203438505254506e-07
DE,2050,11,83,107,0.0
DE,2050,11,84,107,0.0
DE,2050,11,85,107,0.0
DE,2050,11,86,107,0.0
DE,2050,11,87,107,0.0
DE,2050,11,88,107,3.268310545642017e-05
DE,2050,11,89,107,0.2853604927634397
DE,2050,11,90,107,0.6364073527797283
DE,2050,11,91,107,0.6364338835730892
DE,2050,11,92,107,0.6364604154724836
DE,2050,11,93,107,0.6364869484779375
DE,2050,11,94,107,0.2520435865663779
DE,2050,11,95,107,0.5306729576374786
DE,2050,11,96,107,0.5306950805348911
DE,2050,11,97,107,0.5307172043545774
DE,2050,11,98,107,0.5307393290965766
DE,2050,11,99,107,0.5307614547609151
DE,2050,11,100,107,0.5307835813476318
DE,2050,11,101,107,0.5308057088567792
DE,2050,11,102,107,0.575683981780774
DE,2050,11,103,107,0.5757079811150012
DE,2050,11,104,107,0.5757319814497138
DE,2050,11,105,107,0.2391211989877706
DE,2050,11,106,107,0.2380690125734885
DE,2050,11,107,107,0.2380789372856239
DE,2050,11,108,107,0.23808886241150962
DE,2050,11,109,107,0.23809878795115874
DE,2050,11,110,107,0.23810871390457564
DE,2050,11,111,107,0.23811864027180826
DE,2050,11,112,107,0.23812856705284352
DE,2050,11,113,107,0.35788854539949244
DE,2050,11,114,107,0.7981584961612198
DE,2050,11,115,107,0.7981917700981758
DE,2050,11,116,107,0.7982250454222706
DE,2050,11,117,107,0.798258322133548
DE,2050,11,118,107,0.7982916002320775
DE,2050,11,119,107,0.28096278694209803
DE,2050,11,120,107,0.5095109400942476
DE,2050,11,121,107,0.23091772123896662
DE,2050,11,122,107,0.2309273478253289
DE,2050,11,123,107,0.23658934526551628
DE,2050,11,124,107,0.5095959081558548
DE,2050,11,125,107,0.5348217931705489
DE,2050,11,126,107,0.5317263171458276
DE,2050,11,127,107,0.5297080921782097
DE,2050,11,128,107,0.5314854794134477
DE,2050,11,129,107,0.5350626309029244
DE,2050,11,130,107,0.2475450674289003
DE,2050,11,131,107,0.5097446363607061
DE,2050,11,132,107,0.2601340917784405
DE,2050,11,133,107,0.23103326676595226
DE,2050,11,134,107,0.5098083903070795
DE,2050,11,135,107,0.5098296433944242
DE,2050,11,136,107,0.5098508973677843
DE,2050,11,137,107,0.5529574942653472
DE,2050,11,138,107,0.5529805461690632
DE,2050,11,139,107,0.5530035990337749
DE,2050,11,140,107,0.553026652859513
DE,2050,11,141,107,0.5530497076463383
DE,2050,11,142,107,0.5530727633942816
DE,2050,11,143,107,0.5530958201033777
DE,2050,11,144,107,0.5357016885020752
DE,2050,11,145,107,0.5148384294712753
DE,2050,11,146,107,0.5295410859375165
DE,2050,11,147,107,0.5291081707601316
DE,2050,11,148,107,0.5350626309029244
DE,2050,11,149,107,0.5363174067973911
DE,2050,11,150,107,0.5278533948656648
DE,2050,11,151,107,0.528058491277099
DE,2050,11,152,107,0.5360313009800175
DE,2050,11,153,107,0.5533264400667876
DE,2050,11,154,107,0.55334950735125
DE,2050,11,155,107,0.5433605609982238
DE,2050,11,156,107,0.5269691402486375
DE,2050,11,157,107,0.5102974355412486
DE,2050,11,158,107,0.510318709016105
DE,2050,11,159,107,0.5103399833778053
DE,2050,11,160,107,0.5103612586264106
DE,2050,11,161,107,0.5103825347619426
DE,2050,11,162,107,0.5485678690697531
DE,2050,11,163,107,0.553557156189964
DE,2050,11,164,107,0.5535802330926083
DE,2050,11,165,107,0.5536033109572949
DE,2050,11,166,107,0.5536263897840673
DE,2050,11,167,107,0.42987112461360333
DE,2050,21,0,107,0.0
DE,2050,21,1,107,0.46895554865160405
DE,2050,21,2,107,0.2643446652977324
DE,2050,21,3,107,0.26435568539934495
DE,2050,21,4,107,0.26436670596035455
DE,2050,21,5,107,0.28671823870415447
DE,2050,21,6,107,0.28673019152385354
DE,2050,21,7,107,0.2867421448418417
DE,2050,21,8,107,0.24372892005508778
DE,2050,21,9,107,0.24373908071961523
DE,2050,21,10,107,0.2502620215071957
DE,2050,21,11,107,0.2593827001278186
DE,2050,21,12,107,0.24376956525475055
DE,2050,21,13,107,0.24546527660343548
DE,2050,21,14,107,0.24614645938468813
DE,2050,21,15,107,0.24380005360261223
DE,2050,21,16,107,0.2438102172325814
DE,2050,21,17,107,0.5380025834707077
DE,2050,21,18,107,0.581855696352201
DE,2050,21,19,107,0.5835136585694627
DE,2050,21,20,107,0.5835379843102507
DE,2050,21,21,107,0.5364866080171121
DE,2050,21,22,107,0.5365984417717816
DE,2050,21,23,107,0.5365313394676794
DE,2050,21,24,107,0.5365537065915703
DE,2050,21,25,107,0.5365760746479082
DE,2050,21,26,107,0.5365984436367236
DE,2050,21,27,107,0.5366208135580732
DE,2050,21,28,107,0.5366431844119874
DE,2050,21,29,107,0.5820150010503449
DE,2050,21,30,107,0.582039264314525
DE,2050,21,31,107,0.5820635285902008
DE,2050,21,32,107,0.2610148729581316
DE,2050,21,33,107,0.24373908071961523
DE,2050,21,34,107,0.261036635987648
DE,2050,21,35,107,0.2511754456791114
DE,2050,21,36,107,0.23856835919110903
DE,2050,21,37,107,0.23857830472020458
DE,2050,21,38,107,0.2385882506639182
DE,2050,21,39,107,0.5166277591098637
DE,2050,21,40,107,0.5166492964856793
DE,2050,21,41,107,0.5267156916469995
DE,2050,21,42,107,0.5267376495723997
DE,2050,21,43,107,0.5710634793356573
DE,2050,21,44,107,0.5710872860486028
DE,2050,21,45,107,0.5268035288410959
DE,2050,21,46,107,0.5334199797725906
DE,2050,21,47,107,0.23859322384307532
DE,2050,21,48,107,0.2399809855198022
DE,2050,21,49,107,0.2410563744166485
DE,2050,21,50,107,0.2410563744166485
DE,2050,21,51,107,0.2395775988458061
DE,2050,21,52,107,0.23817351547575474
DE,2050,21,53,107,0.2562717477581765
DE,2050,21,54,107,0.4913534132199246
DE,2050,21,55,107,0.25629311531301996
DE,2050,21,56,107,0.24789454216877618
DE,2050,21,57,107,0.0
DE,2050,21,58,107,0.0
DE,2050,21,59,107,0.0
DE,2050,21,60,107,0.0
DE,2050,21,61,107,0.05597951775877957
DE,2050,21,62,107,0.2276806018937948
DE,2050,21,63,107,0.22769009352989822
DE,2050,21,64,107,0.22769958556168166
DE,2050,21,65,107,0.22770907798917567
DE,2050,21,66,107,0.5449331902645871
DE,2050,21,67,107,0.5449559076480386
DE,2050,21,68,107,0.544978625978545
DE,2050,21,69,107,0.516266159890525
DE,2050,21,70,107,0.24085138325599348
DE,2050,21,71,107,0.2361755386045058
DE,2050,21,72,107,0.5057325809221305
DE,2050,21,73,107,0.2361755386045058
DE,2050,21,74,107,0.2361755386045058
DE,2050,21,75,107,0.22780402403165853
DE,2050,21,76,107,0.24533762870866777
DE,2050,21,77,107,0.247074574701919
DE,2050,21,78,107,0.2470848748413766
DE,2050,21,79,107,0.2470951754102347
DE,2050,21,80,107,0.24710547640850636
DE,2050,21,81,107,0.22786101065876208
DE,2050,21,82,107,0.01782013287459586
DE,2050,21,83,107,0.0
DE,2050,21,84,107,0.0
DE,2050,21,85,107,0.0
DE,2050,21,86,107,0.0
DE,2050,21,87,107,0.22766820039454774
DE,2050,21,88,107,0.22767769151364642
DE,2050,21,89,107,0.22768718302840768
DE,2050,21,90,107,0.24652236993494236
DE,2050,21,91,107,0.24694784980621726
DE,2050,21,92,107,0.5449262245295644
DE,2050,21,93,107,0.23006730274055495
DE,2050,21,94,107,0.24697873566327283
DE,2050,21,95,107,0.238513460930254
DE,2050,21,96,107,0.238513460930254
DE,2050,21,97,107,0.238513460930254
DE,2050,21,98,107,0.2361755386045058
DE,2050,21,99,107,0.2353753585675231
DE,2050,21,100,107,0.24704051896658785
DE,2050,21,101,107,0.24705081768631115
DE,2050,21,102,107,0.24706111683538262
DE,2050,21,103,107,0.24707141641380662
DE,2050,21,104,107,0.24708171642160054
DE,2050,21,105,107,0.22783910108918123
DE,2050,21,106,107,0.24710231772538113
DE,2050,21,107,107,0.22695641132399566
DE,2050,21,108,107,0.0
DE,2050,21,109,107,0.0
DE,2050,21,110,107,0.22698479684458953
DE,2050,21,111,107,0.22699425947370996
DE,2050,21,112,107,0.22700372249729384
DE,2050,21,113,107,0.23879383115731798
DE,2050,21,114,107,0.24620657352381184
DE,2050,21,115,107,0.543290490967919
DE,2050,21,116,107,0.5433131398698974
DE,2050,21,117,107,0.5308428270055299
DE,2050,21,118,107,0.24624763190678242
DE,2050,21,119,107,0.23880016610560667
DE,2050,21,120,107,0.238513460930254
DE,2050,21,121,107,0.238513460930254
DE,2050,21,122,107,0.2399856681860194
DE,2050,21,123,107,0.24105169175042696
DE,2050,21,124,107,0.24051867996822318
DE,2050,21,125,107,0.24261824603714954
DE,2050,21,126,107,0.24632976921504934
DE,2050,21,127,107,0.24634003830477025
DE,2050,21,128,107,0.2421674282804348
DE,2050,21,129,107,0.22701906766956198
DE,2050,21,130,107,0.12012220776338324
DE,2050,21,131,107,0.0
DE,2050,21,132,107,0.0
DE,2050,21,133,107,0.0
DE,2050,21,134,107,0.22706639190416028
DE,2050,21,135,107,0.2270758579348426
DE,2050,21,136,107,0.22708532436013665
DE,2050,21,137,107,0.2337062220169335
DE,2050,21,138,107,0.24629507830612504
DE,2050,21,139,107,0.24630534594963846
DE,2050,21,140,107,0.5435084466421053
DE,2050,21,141,107,0.5411543522732188
DE,2050,21,142,107,0.5435537635630805
DE,2050,21,143,107,0.5307172046620166
DE,2050,21,144,107,0.5307172046620166
DE,2050,21,145,107,0.5360154120606844
DE,2050,21,146,107,0.5358809578120051
DE,2050,21,147,107,0.5364701263084286
DE,2050,21,148,107,0.5366011362717398
DE,2050,21,149,107,0.5363174067973911
DE,2050,21,150,107,0.5437350690346816
DE,2050,21,151,107,0.5437577364704058
DE,2050,21,152,107,0.5233400194745478
DE,2050,21,153,107,0.22724631398354897
DE,2050,21,154,107,0.240120245696947
DE,2050,21,155,107,0.24248800784036
DE,2050,21,156,107,0.24305666670263845
DE,2050,21,157,107,0.22728421047857794
DE,2050,21,158,107,0.2272936855897507
DE,2050,21,159,107,0.5015564624070452
DE,2050,21,160,107,0.5015773714848645
DE,2050,21,161,107,0.5015982814343485
DE,2050,21,162,107,0.5440071406399224
DE,2050,21,163,107,0.5440298194178623
DE,2050,21,164,107,0.5440524991412481
DE,2050,21,165,107,0.5437051829203601
DE,2050,21,166,107,0.5440978614245056
DE,2050,21,167,107,0.5285369521702854
DE,2050,42,0,107,0.0
DE,2050,42,1,107,0.0
DE,2050,42,2,107,8.721182071795201e-15
DE,2050,42,3,107,8.721182071795201e-15
DE,2050,42,4,107,0.0
DE,2050,42,5,107,0.0
DE,2050,42,6,107,0.0
DE,2050,42,7,107,8.721182071795201e-15
DE,2050,42,8,107,0.0
DE,2050,42,9,107,0.0
DE,2050,42,10,107,0.0
DE,2050,42,11,107,0.0
DE,2050,42,12,107,0.0
DE,2050,42,13,107,0.0
DE,2050,42,14,107,0.0
DE,2050,42,15,107,0.0
DE,2050,42,16,107,0.04930375952955467
DE,2050,42,17,107,0.04930581492356034
DE,2050,42,18,107,0.04930787040324727
DE,2050,42,19,107,0.04930992596862418
DE,2050,42,20,107,0.04931198161969542
DE,2050,42,21,107,0.0
DE,2050,42,22,107,0.238513460930254
DE,2050,42,23,107,0.18991245434350798
DE,2050,42,24,107,0.18992037148659868
DE,2050,42,25,107,0.23827991401441775
DE,2050,42,26,107,0.23828984751869078
DE,2050,42,27,107,0.1899441248962768
DE,2050,42,28,107,0.18995204335967597
DE,2050,42,29,107,0.24941051096466937
DE,2050,42,30,107,0.2580140756560212
DE,2050,42,31,107,0.20602918257873418
DE,2050,42,32,107,0.0
DE,2050,42,33,107,0.0
DE,2050,42,34,107,0.0
DE,2050,42,35,107,0.021044353585967367
DE,2050,42,36,107,0.021045230891036538
DE,2050,42,37,107,0.0
DE,2050,42,38,107,0.0
DE,2050,42,39,107,0.0
DE,2050,42,40,107,0.0
DE,2050,42,41,107,0.1512623547919241
DE,2050,42,42,107,0.15126866067488512
DE,2050,42,43,107,0.1512749668207331
DE,2050,42,44,107,0.2576888948481616
DE,2050,42,45,107,0.13949955425035002
DE,2050,42,46,107,0.1395053697611841
DE,2050,42,47,107,0.13951118551444092
DE,2050,42,48,107,0.23850848941364197
DE,2050,42,49,107,0.23851843244686166
DE,2050,42,50,107,0.13952863422896122
DE,2050,42,51,107,0.13953445095207886
DE,2050,42,52,107,0.139540267917689
DE,2050,42,53,107,0.2510360489807438
DE,2050,42,54,107,0.25779634133634616
DE,2050,42,55,107,0.0
DE,2050,42,56,107,0.0
DE,2050,42,57,107,0.08928244014888362
DE,2050,42,58,107,0.0
DE,2050,42,59,107,0.2432685294128769
DE,2050,42,60,107,0.0
DE,2050,42,61,107,0.0
DE,2050,42,62,107,0.0
DE,2050,42,63,107,0.0
DE,2050,42,64,107,0.3163661216091528
DE,2050,42,65,107,0.3163793104011328
DE,2050,42,66,107,0.31639249974293976
DE,2050,42,67,107,0.3164056896345867
DE,2050,42,68,107,0.31641888007611296
DE,2050,42,69,107,0.3133680353168959
DE,2050,42,70,107,0.29178848063690865
DE,2050,42,71,107,0.2918006448267913
DE,2050,42,72,107,0.29181280952378896
DE,2050,42,73,107,0.29182497472790586
DE,2050,42,74,107,0.29183714043916825
DE,2050,42,75,107,0.291849306657611
DE,2050,42,76,107,0.2943307868692008
DE,2050,42,77,107,0.3165376187975416
DE,2050,42,78,107,0.3165508147389766
DE,2050,42,79,107,0.316564011230522
DE,2050,42,80,107,0.31657720827222136
DE,2050,42,81,107,0.0
DE,2050,42,82,107,0.0
DE,2050,42,83,107,0.0
DE,2050,42,84,107,0.0
DE,2050,42,85,107,0.0
DE,2050,42,86,107,0.0
DE,2050,42,87,107,0.0
DE,2050,42,88,107,7.958467331958284
DE,2050,42,89,107,7.958799107591438
DE,2050,42,90,107,7.95913089705527
DE,2050,42,91,107,7.959462700351456
DE,2050,42,92,107,7.959794517479716
DE,2050,42,93,107,0.0
DE,2050,42,94,107,0.0
DE,2050,42,95,107,0.0
DE,2050,42,96,107,0.0
DE,2050,42,97,107,0.24423076365398738
DE,2050,42,98,107,0.24424094523956663
DE,2050,42,99,107,0.24425112724958833
DE,2050,42,100,107,0.2442613096840918
DE,2050,42,101,107,0.2649129822977625
DE,2050,42,102,107,0.2649240260915825
DE,2050,42,103,107,0.2649350703457981
DE,2050,42,104,107,0.24679385370676665
DE,2050,42,105,107,0.228599884244832
DE,2050,42,106,107,0.23301117901392984
DE,2050,42,107,107,0.22861894456109935
DE,2050,42,108,107,0.22862847531518848
DE,2050,42,109,107,0.22863800646659285
DE,2050,42,110,107,0.22864753801533866
DE,2050,42,111,107,0.22865706996144766
DE,2050,42,112,107,0.5390879556642736
DE,2050,42,113,107,0.5482978881382503
DE,2050,42,114,107,0.5483207457905168
DE,2050,42,115,107,0.5483436043956859
DE,2050,42,116,107,0.5483664639537923
DE,2050,42,117,107,0.5483893244648753
DE,2050,42,118,107,0.510075664972158
DE,2050,42,119,107,0.5100969292017546
DE,2050,42,120,107,0.5266628647965094
DE,2050,42,121,107,0.5235502405232874
DE,2050,42,122,107,0.23758511758099937
DE,2050,42,123,107,0.22877148431432828
DE,2050,42,124,107,0.22878102142755016
DE,2050,42,125,107,0.2481238750331962
DE,2050,42,126,107,0.24375813757922898
DE,2050,42,127,107,0.2481445632306008
DE,2050,42,128,107,0.2481549079761532
DE,2050,42,129,107,0.22882871295778384
DE,2050,42,130,107,0.24618894708729472
DE,2050,42,131,107,0.228847792353451
DE,2050,42,132,107,0.22885733264783306
DE,2050,42,133,107,0.22886687333993155
DE,2050,42,134,107,0.22887641442976392
DE,2050,42,135,107,0.2288859559173476
DE,2050,42,136,107,0.24162223970330993
DE,2050,42,137,107,0.24824803009477525
DE,2050,42,138,107,0.24825837915368912
DE,2050,42,139,107,0.24826872864404856
DE,2050,42,140,107,0.24827907856585363
DE,2050,42,141,107,0.24828942891913044
DE,2050,42,142,107,0.2378456774607451
DE,2050,42,143,107,0.23931376287087752
DE,2050,42,144,107,0.23931376287087752
DE,2050,42,145,107,0.23931376287087752
DE,2050,42,146,107,0.23951347027229206
DE,2050,42,147,107,0.23859322384307532
DE,2050,42,148,107,0.23859322384307532
DE,2050,42,149,107,0.24716411960217144
DE,2050,42,150,107,0.24838260151780758
DE,2050,42,151,107,0.24839295618679186
DE,2050,42,152,107,0.24840331128744414
DE,2050,42,153,107,0.23255951923397145
DE,2050,42,154,107,0.2290673197765562
DE,2050,42,155,107,0.0
DE,2050,42,156,107,0.22908641906690105
DE,2050,42,157,107,0.22909596930923462
DE,2050,42,158,107,0.2291055199497163
DE,2050,42,159,107,0.22911507098834177
DE,2050,42,160,107,0.24345161058506837
DE,2050,42,161,107,0.24849652662139168
DE,2050,42,162,107,0.24850688603973986
DE,2050,42,163,107,0.24851724588993046
DE,2050,42,164,107,0.24852760617202013
DE,2050,42,165,107,0.2485379668860133
DE,2050,42,166,107,0.2361755386045058
DE,2050,42,167,107,0.2361755386045058
DE,2050,52,0,107,0.0
DE,2050,52,1,107,0.48199937892598066
DE,2050,52,2,107,0.2445826190849122
DE,2050,52,3,107,0.24459281533877836
DE,2050,52,4,107,0.24460301201770188
DE,2050,52,5,107,0.2446132091217176
DE,2050,52,6,107,0.24729466042144102
DE,2050,52,7,107,0.2653056936422647
DE,2050,52,8,107,0.265316753807588
DE,2050,52,9,107,0.23949228831602465
DE,2050,52,10,107,0.22906254525253095
DE,2050,52,11,107,0.0
DE,2050,52,12,107,0.2290816441447887
DE,2050,52,13,107,0.22909119418806567
DE,2050,52,14,107,0.22910074462947766
DE,2050,52,15,107,0.22911029546902034
DE,2050,52,16,107,0.24848098835758692
DE,2050,52,17,107,0.24849134712815624
DE,2050,52,18,107,0.2485017063305636
DE,2050,52,19,107,0.2485120659648308
DE,2050,52,20,107,0.2485224260309753
DE,2050,52,21,107,6.646319462889566e-05
DE,2050,52,22,107,6.646319462889566e-05
DE,2050,52,23,107,0.00014527932689053594
DE,2050,52,24,107,0.00014527932689053594
DE,2050,52,25,107,0.00014527932689053594
DE,2050,52,26,107,0.00014488279273252078
DE,2050,52,27,107,0.00014488047825444232
DE,2050,52,28,107,0.00014488047825444232
DE,2050,52,29,107,0.00014488047825444232
DE,2050,52,30,107,0.00014488047825444232
DE,2050,52,31,107,0.00014488279273252078
DE,2050,52,32,107,0.00014488279273252078
DE,2050,52,33,107,0.00014488279273252078
DE,2050,52,34,107,0.00014488279273252078
DE,2050,52,35,107,0.00014488047825444232
DE,2050,52,36,107,0.00014488047825444232
DE,2050,52,37,107,0.00014488047825444232
DE,2050,52,38,107,0.00014488047825444232
DE,2050,52,39,107,0.00014392415958427272
DE,2050,52,40,107,0.00014488047825444232
DE,2050,52,41,107,0.00014488047825444232
DE,2050,52,42,107,0.00014488047825444232
DE,2050,52,43,107,0.00014488047825444232
DE,2050,52,44,107,0.00014392415958427272
DE,2050,52,45,107,0.00014392415958427272
DE,2050,52,46,107,0.00014392415958427272
DE,2050,52,47,107,0.00014392415958427272
DE,2050,52,48,107,0.00014392415958427272
DE,2050,52,49,107,0.00014392415958427272
DE,2050,52,50,107,0.0001398496848906309
DE,2050,52,51,107,0.00014016302763241644
DE,2050,52,52,107,0.0001404763834369539
DE,2050,52,53,107,0.0001407897523047884
DE,2050,52,54,107,0.00014392415958427272
DE,2050,52,55,107,0.00014392415958427272
DE,2050,52,56,107,0.00014392415958427272
DE,2050,52,57,107,0.00014392415958427272
DE,2050,52,58,107,0.00014392415958427272
DE,2050,52,59,107,0.00014392415958427272
DE,2050,52,60,107,0.00014392415958427272
DE,2050,52,61,107,0.00014392415958427272
DE,2050,52,62,107,0.00014392415958427272
DE,2050,52,63,107,0.00014392415958427272
DE,2050,52,64,107,0.00014393015954973615
DE,2050,52,65,107,0.00014393615976532887
DE,2050,52,66,107,0.00014488047825444232
DE,2050,52,67,107,0.00014488047825444232
DE,2050,52,68,107,0.00014488279273252078
DE,2050,52,69,107,0.00014488279273252078
DE,2050,52,70,107,0.00014488279273252078
DE,2050,52,71,107,0.00014439618035299028
DE,2050,52,72,107,0.00014397816827896366
DE,2050,52,73,107,0.00014398417049596123
DE,2050,52,74,107,0.00014399017296318388
DE,2050,52,75,107,0.00014399617568064017
DE,2050,52,76,107,0.0001440021786483386
DE,2050,52,77,107,0.00014480159189264512
DE,2050,52,78,107,0.00014527932689053594
DE,2050,52,79,107,6.583994568752763e-05
DE,2050,52,80,107,6.637653590201343e-05
DE,2050,52,81,107,6.58435361903075e-05
DE,2050,52,82,107,6.583994568752763e-05
DE,2050,52,83,107,4.512008394314879e-05
DE,2050,52,84,107,4.512008394314879e-05
DE,2050,52,85,107,6.583994568752763e-05
DE,2050,52,86,107,6.583994568752763e-05
DE,2050,52,87,107,6.583994568752763e-05
DE,2050,52,88,107,6.58399456875287e-05
DE,2050,52,89,107,6.664979891440302e-05
DE,2050,52,90,107,7.006961737221074e-05
DE,2050,52,91,107,7.007253846124456e-05
DE,2050,52,92,107,6.646319462889566e-05
DE,2050,52,93,107,6.646319462889566e-05
DE,2050,52,94,107,6.583994568752763e-05
DE,2050,52,95,107,0.00013410624732602256
DE,2050,52,96,107,0.00013410624732602256
DE,2050,52,97,107,0.00014488279273252078
DE,2050,52,98,107,0.00014488279273252078
DE,2050,52,99,107,0.00014488047825444232
DE,2050,52,100,107,0.00014488047825444232
DE,2050,52,101,107,0.00014488279273252078
DE,2050,52,102,107,0.00014527932689053594
DE,2050,52,103,107,0.00014527932689053594
DE,2050,52,104,107,0.000145279326890537
DE,2050,52,105,107,0.00013410624732602256
DE,2050,52,106,107,0.00013410624732602256
DE,2050,52,107,107,0.00014527932689053594
DE,2050,52,108,107,0.000145279326890537
DE,2050,52,109,107,0.00014527932689053594
DE,2050,52,110,107,0.00014527932689053594
DE,2050,52,111,107,0.00014527932689053594
DE,2050,52,112,107,0.00014527932689053594
DE,2050,52,113,107,0.0001454973279869959
DE,2050,52,114,107,0.0001454973279869959
DE,2050,52,115,107,0.0001454973279869959
DE,2050,52,116,107,0.000145279326890537
DE,2050,52,117,107,0.00014527932689053594
DE,2050,52,118,107,0.00014527932689053594
DE,2050,52,119,107,0.00014527932689053594
DE,2050,52,120,107,0.00014488047825444232
DE,2050,52,121,107,0.00014488047825444232
DE,2050,52,122,107,0.00014439618035299028
DE,2050,52,123,107,0.00014428460059723238
DE,2050,52,124,107,0.00014429061558889967
DE,2050,52,125,107,0.00014429663083132224
DE,2050,52,126,107,0.00014488279273252078
DE,2050,52,127,107,0.00014527932689053594
DE,2050,52,128,107,0.00014527932689053594
DE,2050,52,129,107,0.00014527932689053594
DE,2050,52,130,107,0.00014488279273252078
DE,2050,52,131,107,0.00014433272755230302
DE,2050,52,132,107,0.0001443387445503042
DE,2050,52,133,107,0.00014434476179914482
DE,2050,52,134,107,0.00014439618035299028
DE,2050,52,135,107,0.00014488047825444232
DE,2050,52,136,107,0.0001454973279869959
DE,2050,52,137,107,0.5389657414657156
DE,2050,52,138,107,0.24495287525179038
DE,2050,52,139,107,0.24496308694104124
DE,2050,52,140,107,0.24497329905599044
DE,2050,52,141,107,0.24498351159665976
DE,2050,52,142,107,0.24499372456307542
DE,2050,52,143,107,0.5266937346369571
DE,2050,52,144,107,0.2361755386045058
DE,2050,52,145,107,0.2361755386045058
DE,2050,52,146,107,0.5057325809221305
DE,2050,52,147,107,0.49110959508853136
DE,2050,52,148,107,0.4217813502284658
DE,2050,52,149,107,0.5266937346369571
DE,2050,52,150,107,0.5407719449827249
DE,2050,52,151,107,0.5407944888905928
DE,2050,52,152,107,0.24509587764712468
DE,2050,52,153,107,0.2297754664886687
DE,2050,52,154,107,0.24051867996822318
DE,2050,52,155,107,0.2260267627665262
DE,2050,52,156,107,0.22603618545674042
DE,2050,52,157,107,0.2260456085397785
DE,2050,52,158,107,0.22605503201564478
DE,2050,52,159,107,0.2260644558843567
DE,2050,52,160,107,0.5498269736070323
DE,2050,52,161,107,0.5498498950043939
DE,2050,52,162,107,0.549872817357318
DE,2050,52,163,107,0.5498957406658481
DE,2050,52,164,107,0.5499186649300062
DE,2050,52,165,107,0.5499415901498358
DE,2050,52,166,107,0.5499645163253848
DE,2050,52,167,107,0.22644987879451048
NT,2025,11,0,219,0.0
NT,2025,11,1,219,0.0
NT,2025,11,2,219,0.0
NT,2025,11,3,219,0.0
NT,2025,11,4,219,0.0
NT,2025,11,5,219,0.0
NT,2025,11,6,219,0.0
NT,2025,11,7,219,0.0
NT,2025,11,8,219,0.0
NT,2025,11,9,219,0.0
NT,2025,11,10,219,0.0
NT,2025,11,11,219,0.0
NT,2025,11,12,219,0.0
NT,2025,11,13,219,0.0
NT,2025,11,14,219,0.0
NT,2025,11,15,219,0.0
NT,2025,11,16,219,0.0
NT,2025,11,17,219,0.0
NT,2025,11,18,219,0.0
NT,2025,11,19,219,0.0
NT,2025,11,20,219,0.0
NT,2025,11,21,219,0.0
NT,2025,11,22,219,0.0
NT,2025,11,23,219,0.0
NT,2025,11,24,219,0.0
NT,2025,11,25,219,0.0
NT,2025,11,26,219,0.0
NT,2025,11,27,219,0.0
NT,2025,11,28,219,0.0
NT,2025,11,29,219,0.0
NT,2025,11,30,219,0.0
NT,2025,11,31,219,0.0
NT,2025,11,32,219,0.0
NT,2025,11,33,219,0.0
NT,2025,11,34,219,0.0
NT,2025,11,35,219,0.0
NT,2025,11,36,219,0.0
NT,2025,11,37,219,0.0
NT,2025,11,38,219,0.0
NT,2025,11,39,219,0.0
NT,2025,11,40,219,0.0
NT,2025,11,41,219,0.0
NT,2025,11,42,219,0.0
NT,2025,11,43,219,0.0
NT,2025,11,44,219,0.0
NT,2025,11,45,219,0.0
NT,2025,11,46,219,0.0
NT,2025,11,47,219,0.0
NT,2025,11,48,219,0.0
NT,2025,11,49,219,0.0
NT,2025,11,50,219,0.0
NT,2025,11,51,219,0.0
NT,2025,11,52,219,0.0
NT,2025,11,53,219,0.0
NT,2025,11,54,219,0.0
NT,2025,11,55,219,0.0
NT,2025,11,56,219,0.0
NT,2025,11,57,219,0.0
NT,2025,11,58,219,0.0
NT,2025,11,59,219,0.0
NT,2025,11,60,219,0.0
NT,2025,11,61,219,0.0
NT,2025,11,62,219,0.0
NT,2025,11,63,219,0.0
NT,2025,11,64,219,0.0
NT,2025,11,65,219,0.0
NT,2025,11,66,219,0.0
NT,2025,11,67,219,0.0
NT,2025,11,68,219,0.0
NT,2025,11,69,219,0.0
NT,2025,11,70,219,0.0
NT,2025,11,71,219,0.0
NT,2025,11,72,219,0.0
NT,2025,11,73,219,0.0
NT,2025,11,74,219,0.0
NT,2025,11,75,219,0.0
NT,2025,11,76,219,0.0
NT,2025,11,77,219,0.0
NT,2025,11,78,219,0.0
NT,2025,11,79,219,0.0
NT,2025,11,80,219,0.0
NT,2025,11,81,219,0.0
NT,2025,11,82,219,0.0
NT,2025,11,83,219,0.0
NT,2025,11,84,219,0.0
NT,2025,11,85,219,0.0
NT,2025,11,86,219,0.0
NT,2025,11,87,219,0.0
NT,2025,11,88,219,0.0
NT,2025,11,89,219,0.0
NT,2025,11,90,219,0.0
NT,2025,11,91,219,0.0
NT,2025,11,92,219,0.0
NT,2025,11,93,219,0.0
NT,2025,11,94,219,0.0
NT,2025,11,95,219,0.0
NT,2025,11,96,219,0.0
NT,2025,11,97,219,0.0
NT,2025,11,98,219,0.0
NT,2025,11,99,219,0.0
NT,2025,11,100,219,0.0
NT,2025,11,101,219,0.0
NT,2025,11,102,219,0.0
NT,2025,11,103,219,0.0
NT,2025,11,104,219,0.0
NT,2025,11,105,219,0.0
NT,2025,11,106,219,0.0
NT,2025,11,107,219,0.0
NT,2025,11,108,219,0.0
NT,2025,11,109,219,0.0
NT,2025,11,110,219,0.0
NT,2025,11,111,219,0.0
NT,2025,11,112,219,0.0
NT,2025,11,113,219,0.0
NT,2025,11,114,219,0.0
NT,2025,11,115,219,0.0
NT,2025,11,116,219,0.0
NT,2025,11,117,219,0.0
NT,2025,11,118,219,0.0
NT,2025,11,119,219,0.0
NT,2025,11,120,219,0.0
NT,2025,11,121,219,0.0
NT,2025,11,122,219,0.0
NT,2025,11,123,219,0.0
NT,2025,11,124,219,0.0
NT,2025,11,125,219,0.0
NT,2025,11,126,219,0.0
NT,2025,11,127,219,0.0
NT,2025,11,128,219,0.0
NT,2025,11,129,219,0.0
NT,2025,11,130,219,0.0
NT,2025,11,131,219,0.0
NT,2025,11,132,219,0.0
NT,2025,11,133,219,0.0
NT,2025,11,134,219,0.0
NT,2025,11,135,219,0.0
NT,2025,11,136,219,0.0
NT,2025,11,137,219,0.0
NT,2025,11,138,219,0.0
NT,2025,11,139,219,0.0
NT,2025,11,140,219,0.0
NT,2025,11,141,219,0.0
NT,2025,11,142,219,0.0
NT,2025,11,143,219,0.0
NT,2025,11,144,219,0.0
NT,2025,11,145,219,0.0
NT,2025,11,146,219,0.0
NT,2025,11,147,219,0.0
NT,2025,11,148,219,0.0
NT,2025,11,149,219,0.0
NT,2025,11,150,219,0.0
NT,2025,11,151,219,0.0
NT,2025,11,152,219,0.0
NT,2025,11,153,219,0.0
NT,2025,11,154,219,0.0
NT,2025,11,155,219,0.0
NT,2025,11,156,219,0.0
NT,2025,11,157,219,0.0
NT,2025,11,158,219,0.0
NT,2025,11,159,219,0.0
NT,2025,11,160,219,0.0
NT,2025,11,161,219,0.0
NT,2025,11,162,219,0.0
NT,2025,11,163,219,0.0
NT,2025,11,164,219,0.0
NT,2025,11,165,219,0.0
NT,2025,11,166,219,0.0
NT,2025,11,167,219,0.0
NT,2025,21,0,219,0.0
NT,2025,21,1,219,0.0
NT,2025,21,2,219,0.0
NT,2025,21,3,219,0.0
NT,2025,21,4,219,0.0
NT,2025,21,5,219,0.0
NT,2025,21,6,219,0.0
NT,2025,21,7,219,0.0
NT,2025,21,8,219,0.0
NT,2025,21,9,219,0.0
NT,2025,21,10,219,0.0
NT,2025,21,11,219,0.0
NT,2025,21,12,219,0.0
NT,2025,21,13,219,0.0
NT,2025,21,14,219,0.0
NT,2025,21,15,219,0.0
NT,2025,21,16,219,0.0
NT,2025,21,17,219,0.0
NT,2025,21,18,219,0.0
NT,2025,21,19,219,0.0
NT,2025,21,20,219,0.0
NT,2025,21,21,219,0.0
NT,2025,21,22,219,0.0
NT,2025,21,23,219,0.0
NT,2025,21,24,219,0.0
NT,2025,21,25,219,0.0
NT,2025,21,26,219,0.0
NT,2025,21,27,219,0.0
NT,2025,21,28,219,0.0
NT,2025,21,29,219,0.0
NT,2025,21,30,219,0.0
NT,2025,21,31,219,0.0
NT,2025,21,32,219,0.0
NT,2025,21,33,219,0.0
NT,2025,21,34,219,0.0
NT,2025,21,35,219,0.0
NT,2025,21,36,219,0.0
NT,2025,21,37,219,0.0
NT,2025,21,38,219,0.0
NT,2025,21,39,219,0.0
NT,2025,21,40,219,0.0
NT,2025,21,41,219,0.0
NT,2025,21,42,219,0.0
NT,2025,21,43,219,0.0
NT,2025,21,44,219,0.0
NT,2025,21,45,219,0.0
NT,2025,21,46,219,0.0
NT,2025,21,47,219,0.0
NT,2025,21,48,219,0.0
NT,2025,21,49,219,0.0
NT,2025,21,50,219,0.0
NT,2025,21,51,219,0.0
NT,2025,21,52,219,0.0
NT,2025,21,53,219,0.0
NT,2025,21,54,219,0.0
NT,2025,21,55,219,0.0
NT,2025,21,56,219,0.0
NT,2025,21,57,219,0.0
NT,2025,21,58,219,0.0
NT,2025,21,59,219,0.0
NT,2025,21,60,219,0.0
NT,2025,21,61,219,0.0
NT,2025,21,62,219,0.0
NT,2025,21,63,219,0.0
NT,2025,21,64,219,0.0
NT,2025,21,65,219,0.0
NT,2025,21,66,219,0.0
NT,2025,21,67,219,0.0
NT,2025,21,68,219,0.0
NT,2025,21,69,219,0.0
NT,2025,21,70,219,0.0
NT,2025,21,71,219,0.0
NT,2025,21,72,219,0.0
NT,2025,21,73,219,0.0
NT,2025,21,74,219,0.0
NT,2025,21,75,219,0.0
NT,2025,21,76,219,0.0
NT,2025,21,77,219,0.0
NT,2025,21,78,219,0.0
NT,2025,21,79,219,0.0
NT,2025,21,80,219,0.0
NT,2025,21,81,219,0.0
NT,2025,21,82,219,0.0
NT,2025,21,83,219,0.0
NT,2025,21,84,219,0.0
NT,2025,21,85,219,0.0
NT,2025,21,86,219,0.0
NT,2025,21,87,219,0.0
NT,2025,21,88,219,0.0
NT,2025,21,89,219,0.0
NT,2025,21,90,219,0.0
NT,2025,21,91,219,0.0
NT,2025,21,92,219,0.0
NT,2025,21,93,219,0.0
NT,2025,21,94,219,0.0
NT,2025,21,95,219,0.0
NT,2025,21,96,219,0.0
NT,2025,21,97,219,0.0
NT,2025,21,98,219,0.0
NT,2025,21,99,219,0.0
NT,2025,21,100,219,0.0
NT,2025,21,101,219,0.0
NT,2025,21,102,219,0.0
NT,2025,21,103,219,0.0
NT,2025,21,104,219,0.0
NT,2025,21,105,219,0.0
NT,2025,21,106,219,0.0
NT,2025,21,107,219,0.0
NT,2025,21,108,219,0.0
NT,2025,21,109,219,0.0
NT,2025,21,110,219,0.0
NT,2025,21,111,219,0.0
NT,2025,21,112,219,0.0
NT,2025,21,113,219,0.0
NT,2025,21,114,219,0.0
NT,2025,21,115,219,0.0
NT,2025,21,116,219,0.0
NT,2025,21,117,219,0.0
NT,2025,21,118,219,0.0
NT,2025,21,119,219,0.0
NT,2025,21,120,219,0.0
NT,2025,21,121,219,0.0
NT,2025,21,122,219,0.0
NT,2025,21,123,219,0.0
NT,2025,21,124,219,0.0
NT,2025,21,125,219,0.0
NT,2025,21,126,219,0.0
NT,2025,21,127,219,0.0
NT,2025,21,128,219,0.0
NT,2025,21,129,219,0.0
NT,2025,21,130,219,0.0
NT,2025,21,131,219,0.0
NT,2025,21,132,219,0.0
NT,2025,21,133,219,0.0
NT,2025,21,134,219,0.0
NT,2025,21,135,219,0.0
NT,2025,21,136,219,0.0
NT,2025,21,137,219,0.0
NT,2025,21,138,219,0.0
NT,2025,21,139,219,0.0
NT,2025,21,140,219,0.0
NT,2025,21,141,219,0.0
NT,2025,21,142,219,0.0
NT,2025,21,143,219,0.0
NT,2025,21,144,219,0.0
NT,2025,21,145,219,0.0
NT,2025,21,146,219,0.0
NT,2025,21,147,219,0.0
NT,2025,21,148,219,0.0
NT,2025,21,149,219,0.0
NT,2025,21,150,219,0.0
NT,2025,21,151,219,0.0
NT,2025,21,152,219,0.0
NT,2025,21,153,219,0.0
NT,2025,21,154,219,0.0
NT,2025,21,155,219,0.0
NT,2025,21,156,219,0.0
NT,2025,21,157,219,0.0
NT,2025,21,158,219,0.0
NT,2025,21,159,219,0.0
NT,2025,21,160,219,0.0
NT,2025,21,161,219,2.2474752575501183e-05
NT,2025,21,162,219,0.0
NT,2025,21,163,219,0.0
NT,2025,21,164,219,0.0
NT,2025,21,165,219,0.0
NT,2025,21,166,219,0.0
NT,2025,21,167,219,0.0
NT,2025,42,0,219,0.0
NT,2025,42,1,219,0.0
NT,2025,42,2,219,0.0
NT,2025,42,3,219,0.0
NT,2025,42,4,219,0.0
NT,2025,42,5,219,0.0
NT,2025,42,6,219,0.0
NT,2025,42,7,219,0.0
NT,2025,42,8,219,0.0
NT,2025,42,9,219,0.0
NT,2025,42,10,219,0.0
NT,2025,42,11,219,0.0
NT,2025,42,12,219,0.0
NT,2025,42,13,219,0.0
NT,2025,42,14,219,0.0
NT,2025,42,15,219,0.0
NT,2025,42,16,219,0.0
NT,2025,42,17,219,0.0
NT,2025,42,18,219,0.0
NT,2025,42,19,219,0.0
NT,2025,42,20,219,0.0
NT,2025,42,21,219,0.0
NT,2025,42,22,219,0.0
NT,2025,42,23,219,0.0
NT,2025,42,24,219,0.0
NT,2025,42,25,219,0.0
NT,2025,42,26,219,0.0
NT,2025,42,27,219,0.0
NT,2025,42,28,219,0.0
NT,2025,42,29,219,0.0
NT,2025,42,30,219,0.0
NT,2025,42,31,219,0.0
NT,2025,42,32,219,0.0
NT,2025,42,33,219,0.0
NT,2025,42,34,219,0.0
NT,2025,42,35,219,0.0
NT,2025,42,36,219,0.0
NT,2025,42,37,219,0.0
NT,2025,42,38,219,0.0
NT,2025,42,39,219,0.0
NT,2025,42,40,219,0.0
NT,2025,42,41,219,0.0
NT,2025,42,42,219,0.0
NT,2025,42,43,219,0.0
NT,2025,42,44,219,0.0
NT,2025,42,45,219,0.0
NT,2025,42,46,219,0.0
NT,2025,42,47,219,0.0
NT,2025,42,48,219,0.0
NT,2025,42,49,219,0.0
NT,2025,42,50,219,0.0
NT,2025,42,51,219,0.0
NT,2025,42,52,219,0.0
NT,2025,42,53,219,0.0
NT,2025,42,54,219,0.0
NT,2025,42,55,219,0.0
NT,2025,42,56,219,0.0
NT,2025,42,57,219,0.0
NT,2025,42,58,219,0.0
NT,2025,42,59,219,0.0
NT,2025,42,60,219,0.0
NT,2025,42,61,219,0.0
NT,2025,42,62,219,0.0
NT,2025,42,63,219,0.0
NT,2025,42,64,219,0.0
NT,2025,42,65,219,-1.7442364143590402e-14
NT,2025,42,66,219,-1.7442364143590402e-14
NT,2025,42,67,219,0.0
NT,2025,42,68,219,0.0
NT,2025,42,69,219,0.0
NT,2025,42,70,219,0.0
NT,2025,42,71,219,0.5026542639537395
NT,2025,42,72,219,0.0
NT,2025,42,73,219,0.0
NT,2025,42,74,219,0.0
NT,2025,42,75,219,0.0
NT,2025,42,76,219,0.0
NT,2025,42,77,219,0.0
NT,2025,42,78,219,0.0
NT,2025,42,79,219,0.0
NT,2025,42,80,219,0.0
NT,2025,42,81,219,0.0
NT,2025,42,82,219,0.0
NT,2025,42,83,219,0.0
NT,2025,42,84,219,0.0
NT,2025,42,85,219,0.0
NT,2025,42,86,219,0.0
NT,2025,42,87,219,0.0
NT,2025,42,88,219,0.0
NT,2025,42,89,219,0.0
NT,2025,42,90,219,-1.7442364143590402e-14
NT,2025,42,91,219,0.0
NT,2025,42,92,219,0.0
NT,2025,42,93,219,0.0
NT,2025,42,94,219,0.0
NT,2025,42,95,219,0.0
NT,2025,42,96,219,0.0
NT,2025,42,97,219,0.0
NT,2025,42,98,219,0.0
NT,2025,42,99,219,0.0
NT,2025,42,100,219,0.0
NT,2025,42,101,219,0.0
NT,2025,42,102,219,0.0
NT,2025,42,103,219,0.0
NT,2025,42,104,219,0.0
NT,2025,42,105,219,0.0
NT,2025,42,106,219,0.0
NT,2025,42,107,219,0.0
NT,2025,42,108,219,0.0
NT,2025,42,109,219,0.0
NT,2025,42,110,219,0.0
NT,2025,42,111,219,0.0
NT,2025,42,112,219,0.0
NT,2025,42,113,219,0.0
NT,2025,42,114,219,0.0
NT,2025,42,115,219,0.0
NT,2025,42,116,219,0.0
NT,2025,42,117,219,0.0
NT,2025,42,118,219,0.0
NT,2025,42,119,219,0.0
NT,2025,42,120,219,0.0
NT,2025,42,121,219,0.0
NT,2025,42,122,219,0.0
NT,2025,42,123,219,0.0
NT,2025,42,124,219,0.0
NT,2025,42,125,219,0.0
NT,2025,42,126,219,0.0
NT,2025,42,127,219,0.0
NT,2025,42,128,219,0.0
NT,2025,42,129,219,0.0
NT,2025,42,130,219,0.0
NT,2025,42,131,219,0.0
NT,2025,42,132,219,0.0
NT,2025,42,133,219,0.0
NT,2025,42,134,219,0.0
NT,2025,42,135,219,0.0
NT,2025,42,136,219,0.0
NT,2025,42,137,219,0.0
NT,2025,42,138,219,0.0
NT,2025,42,139,219,0.0
NT,2025,42,140,219,0.0
NT,2025,42,141,219,0.0
NT,2025,42,142,219,0.0
NT,2025,42,143,219,0.0
NT,2025,42,144,219,0.0
NT,2025,42,145,219,0.0
NT,2025,42,146,219,0.0
NT,2025,42,147,219,0.0
NT,2025,42,148,219,0.0
NT,2025,42,149,219,0.0
NT,2025,42,150,219,0.0
NT,2025,42,151,219,0.0
NT,2025,42,152,219,0.0
NT,2025,42,153,219,0.0
NT,2025,42,154,219,0.0
NT,2025,42,155,219,0.0
NT,2025,42,156,219,0.0
NT,2025,42,157,219,0.0
NT,2025,42,158,219,0.0
NT,2025,42,159,219,0.0
NT,2025,42,160,219,0.0
NT,2025,42,161,219,0.0
NT,2025,42,162,219,0.0
NT,2025,42,163,219,0.0
NT,2025,42,164,219,0.0
NT,2025,42,165,219,0.0
NT,2025,42,166,219,0.0
NT,2025,42,167,219,0.0
NT,2025,52,0,219,0.0
NT,2025,52,1,219,0.0
NT,2025,52,2,219,0.0
NT,2025,52,3,219,0.0
NT,2025,52,4,219,0.0
NT,2025,52,5,219,0.0
NT,2025,52,6,219,0.0
NT,2025,52,7,219,0.0
NT,2025,52,8,219,0.0
NT,2025,52,9,219,0.0
NT,2025,52,10,219,0.0
NT,2025,52,11,219,0.0
NT,2025,52,12,219,0.0
NT,2025,52,13,219,0.0
NT,2025,52,14,219,0.0
NT,2025,52,15,219,0.0
NT,2025,52,16,219,0.0
NT,2025,52,17,219,0.0
NT,2025,52,18,219,0.0
NT,2025,52,19,219,0.0
NT,2025,52,20,219,0.0
NT,2025,52,21,219,0.0
NT,2025,52,22,219,2.2474752575501183e-05
NT,2025,52,23,219,2.247475257540111e-05
NT,2025,52,24,219,6.35939237944718e-05
NT,2025,52,25,219,0.00015830249636294736
NT,2025,52,26,219,0.00015830249636294736
NT,2025,52,27,219,0.00015830249636294736
NT,2025,52,28,219,0.00015830249636294736
NT,2025,52,29,219,0.00015830249636294736
NT,2025,52,30,219,0.00015830249636294736
NT,2025,52,31,219,0.00015830249636294736
NT,2025,52,32,219,0.00015830249636294736
NT,2025,52,33,219,0.0
NT,2025,52,34,219,0.0
NT,2025,52,35,219,0.0
NT,2025,52,36,219,0.0
NT,2025,52,37,219,0.0
NT,2025,52,38,219,0.0
NT,2025,52,39,219,0.0
NT,2025,52,40,219,0.0
NT,2025,52,41,219,0.0
NT,2025,52,42,219,0.0
NT,2025,52,43,219,0.0
NT,2025,52,44,219,0.0
NT,2025,52,45,219,0.0
NT,2025,52,46,219,0.0
NT,2025,52,47,219,0.0
NT,2025,52,48,219,0.0
NT,2025,52,49,219,0.0
NT,2025,52,50,219,0.0
NT,2025,52,51,219,0.0
NT,2025,52,52,219,0.0
NT,2025,52,53,219,0.0
NT,2025,52,54,219,0.0
NT,2025,52,55,219,0.0
NT,2025,52,56,219,0.0
NT,2025,52,57,219,0.0
NT,2025,52,58,219,0.0
NT,2025,52,59,219,0.0
NT,2025,52,60,219,0.0
NT,2025,52,61,219,0.0
NT,2025,52,62,219,0.0
NT,2025,52,63,219,0.0
NT,2025,52,64,219,0.0
NT,2025,52,65,219,0.0
NT,2025,52,66,219,0.0
NT,2025,52,67,219,0.0
NT,2025,52,68,219,0.0
NT,2025,52,69,219,0.0
NT,2025,52,70,219,0.0
NT,2025,52,71,219,0.0
NT,2025,52,72,219,0.0
NT,2025,52,73,219,0.0
NT,2025,52,74,219,0.0
NT,2025,52,75,219,0.0
NT,2025,52,76,219,0.0
NT,2025,52,77,219,0.0
NT,2025,52,78,219,0.0
NT,2025,52,79,219,0.0
NT,2025,52,80,219,0.0
NT,2025,52,81,219,0.0
NT,2025,52,82,219,0.0
NT,2025,52,83,219,0.0
NT,2025,52,84,219,0.0
NT,2025,52,85,219,0.0
NT,2025,52,86,219,0.0
NT,2025,52,87,219,0.0
NT,2025,52,88,219,0.0
NT,2025,52,89,219,0.0
NT,2025,52,90,219,0.0
NT,2025,52,91,219,0.0
NT,2025,52,92,219,0.0
NT,2025,52,93,219,0.0
NT,2025,52,94,219,0.0
NT,2025,52,95,219,0.0
NT,2025,52,96,219,0.0
NT,2025,52,97,219,0.0
NT,2025,52,98,219,0.0
NT,2025,52,99,219,0.0
NT,2025,52,100,219,0.0
NT,2025,52,101,219,0.0
NT,2025,52,102,219,0.0
NT,2025,52,103,219,0.0
NT,2025,52,104,219,0.0
NT,2025,52,105,219,0.0
NT,2025,52,106,219,0.0
NT,2025,52,107,219,0.0
NT,2025,52,108,219,0.0
NT,2025,52,109,219,0.0
NT,2025,52,110,219,0.0
NT,2025,52,111,219,0.0
NT,2025,52,112,219,0.0
NT,2025,52,113,219,0.0
NT,2025,52,114,219,0.0
NT,2025,52,115,219,0.0
NT,2025,52,116,219,0.0
NT,2025,52,117,219,0.0
NT,2025,52,118,219,0.0
NT,2025,52,119,219,0.0
NT,2025,52,120,219,0.0
NT,2025,52,121,219,0.0
NT,2025,52,122,219,0.0
NT,2025,52,123,219,0.0
NT,2025,52,124,219,0.0
NT,2025,52,125,219,0.0
NT,2025,52,126,219,0.0
NT,2025,52,127,219,0.0
NT,2025,52,128,219,0.0
NT,2025,52,129,219,0.0
NT,2025,52,130,219,0.0
NT,2025,52,131,219,0.0
NT,2025,52,132,219,0.0
NT,2025,52,133,219,0.0
NT,2025,52,134,219,0.0
NT,2025,52,135,219,0.0
NT,2025,52,136,219,0.0
NT,2025,52,137,219,0.0
NT,2025,52,138,219,0.0
NT,2025,52,139,219,0.0
NT,2025,52,140,219,0.0
NT,2025,52,141,219,0.0
NT,2025,52,142,219,0.0
NT,2025,52,143,219,0.0
NT,2025,52,144,219,0.0
NT,2025,52,145,219,0.0
NT,2025,52,146,219,0.0
NT,2025,52,147,219,0.0
NT,2025,52,148,219,0.0
NT,2025,52,149,219,0.0
NT,2025,52,150,219,0.0
NT,2025,52,151,219,0.0
NT,2025,52,152,219,0.0
NT,2025,52,153,219,0.0
NT,2025,52,154,219,0.0
NT,2025,52,155,219,0.0
NT,2025,52,156,219,0.0
NT,2025,52,157,219,0.0
NT,2025,52,158,219,0.0
NT,2025,52,159,219,0.0
NT,2025,52,160,219,0.0
NT,2025,52,161,219,0.0
NT,2025,52,162,219,0.0
NT,2025,52,163,219,0.0
NT,2025,52,164,219,0.0
NT,2025,52,165,219,0.0
NT,2025,52,166,219,0.0
NT,2025,52,167,219,0.0
NT,2030,11,0,219,0.0
NT,2030,11,1,219,0.0
NT,2030,11,2,219,0.0
NT,2030,11,3,219,0.0
NT,2030,11,4,219,0.0
NT,2030,11,5,219,0.0
NT,2030,11,6,219,0.0
NT,2030,11,7,219,0.0
NT,2030,11,8,219,0.0
NT,2030,11,9,219,0.0
NT,2030,11,10,219,0.0
NT,2030,11,11,219,0.0
NT,2030,11,12,219,0.0
NT,2030,11,13,219,0.0
NT,2030,11,14,219,0.0
NT,2030,11,15,219,0.0
NT,2030,11,16,219,0.0
NT,2030,11,17,219,0.0
NT,2030,11,18,219,0.0
NT,2030,11,19,219,0.0
NT,2030,11,20,219,0.0
NT,2030,11,21,219,0.0
NT,2030,11,22,219,0.0
NT,2030,11,23,219,0.0
NT,2030,11,24,219,0.0
NT,2030,11,25,219,0.0
NT,2030,11,26,219,0.0
NT,2030,11,27,219,0.0
NT,2030,11,28,219,0.0
NT,2030,11,29,219,0.0
NT,2030,11,30,219,0.0
NT,2030,11,31,219,0.0
NT,2030,11,32,219,0.0
NT,2030,11,33,219,0.0
NT,2030,11,34,219,0.0
NT,2030,11,35,219,0.0
NT,2030,11,36,219,0.0
NT,2030,11,37,219,0.0
NT,2030,11,38,219,0.0
NT,2030,11,39,219,0.0
NT,2030,11,40,219,0.0
NT,2030,11,41,219,0.0
NT,2030,11,42,219,0.0
NT,2030,11,43,219,0.0
NT,2030,11,44,219,0.0
NT,2030,11,45,219,0.0
NT,2030,11,46,219,0.0
NT,2030,11,47,219,0.0
NT,2030,11,48,219,0.0
NT,2030,11,49,219,0.0
NT,2030,11,50,219,0.0
NT,2030,11,51,219,0.0
NT,2030,11,52,219,0.0
NT,2030,11,53,219,0.0
NT,2030,11,54,219,0.0
NT,2030,11,55,219,0.0
NT,2030,11,56,219,0.0
NT,2030,11,57,219,0.0
NT,2030,11,58,219,0.0
NT,2030,11,59,219,0.0
NT,2030,11,60,219,0.0
NT,2030,11,61,219,0.0
NT,2030,11,62,219,0.0
NT,2030,11,63,219,0.0
NT,2030,11,64,219,0.0
NT,2030,11,65,219,0.0
NT,2030,11,66,219,0.0
NT,2030,11,67,219,0.0
NT,2030,11,68,219,0.0
NT,2030,11,69,219,0.0
NT,2030,11,70,219,0.0
NT,2030,11,71,219,0.0
NT,2030,11,72,219,0.0
NT,2030,11,73,219,0.0
NT,2030,11,74,219,0.0
NT,2030,11,75,219,0.0
NT,2030,11,76,219,0.0
NT,2030,11,77,219,0.0
NT,2030,11,78,219,0.0
NT,2030,11,79,219,0.0
NT,2030,11,80,219,0.0
NT,2030,11,81,219,0.0
NT,2030,11,82,219,0.0
NT,2030,11,83,219,0.0
NT,2030,11,84,219,0.0
NT,2030,11,85,219,0.0
NT,2030,11,86,219,0.0
NT,2030,11,87,219,0.0
NT,2030,11,88,219,0.0
NT,2030,11,89,219,0.0
NT,2030,11,90,219,0.0
NT,2030,11,91,219,0.0
NT,2030,11,92,219,0.0
NT,2030,11,93,219,0.0
NT,2030,11,94,219,0.0
NT,2030,11,95,219,0.0
NT,2030,11,96,219,0.0
NT,2030,11,97,219,0.0
NT,2030,11,98,219,0.0
NT,2030,11,99,219,0.0
NT,2030,11,100,219,0.0
NT,2030,11,101,219,0.0
NT,2030,11,102,219,0.0
NT,2030,11,103,219,0.0
NT,2030,11,104,219,0.0
NT,2030,11,105,219,0.0
NT,2030,11,106,219,0.0
NT,2030,11,107,219,0.0
NT,2030,11,108,219,0.0
NT,2030,11,109,219,0.0
NT,2030,11,110,219,0.0
NT,2030,11,111,219,0.0
NT,2030,11,112,219,0.0
NT,2030,11,113,219,0.0
NT,2030,11,114,219,0.0
NT,2030,11,115,219,0.0
NT,2030,11,116,219,0.0
NT,2030,11,117,219,0.0
NT,2030,11,118,219,0.0
NT,2030,11,119,219,0.0
NT,2030,11,120,219,0.0
NT,2030,11,121,219,0.0
NT,2030,11,122,219,0.0
NT,2030,11,123,219,0.0
NT,2030,11,124,219,0.0
NT,2030,11,125,219,0.0
NT,2030,11,126,219,0.0
NT,2030,11,127,219,0.0
NT,2030,11,128,219,0.0
NT,2030,11,129,219,0.0
NT,2030,11,130,219,0.0
NT,2030,11,131,219,0.0
NT,2030,11,132,219,0.0
NT,2030,11,133,219,0.0
NT,2030,11,134,219,0.0
NT,2030,11,135,219,0.0
NT,2030,11,136,219,0.0
NT,2030,11,137,219,0.0
NT,2030,11,138,219,0.0
NT,2030,11,139,219,0.0
NT,2030,11,140,219,0.0
NT,2030,11,141,219,0.0
NT,2030,11,142,219,0.0
NT,2030,11,143,219,0.0
NT,2030,11,144,219,0.0
NT,2030,11,145,219,0.0
NT,2030,11,146,219,0.0
NT,2030,11,147,219,0.0
NT,2030,11,148,219,0.0
NT,2030,11,149,219,0.0
NT,2030,11,150,219,0.0
NT,2030,11,151,219,0.0
NT,2030,11,152,219,0.0
NT,2030,11,153,219,0.0
NT,2030,11,154,219,0.0
NT,2030,11,155,219,0.0
NT,2030,11,156,219,0.0
NT,2030,11,157,219,0.0
NT,2030,11,158,219,0.0
NT,2030,11,159,219,0.0
NT,2030,11,160,219,0.0
NT,2030,11,161,219,0.0
NT,2030,11,162,219,0.0
NT,2030,11,163,219,0.0
NT,2030,11,164,219,0.0
NT,2030,11,165,219,0.0
NT,2030,11,166,219,0.0
NT,2030,11,167,219,0.0
NT,2030,21,0,219,0.0
NT,2030,21,1,219,0.0
NT,2030,21,2,219,0.0
NT,2030,21,3,219,0.0
NT,2030,21,4,219,0.0
NT,2030,21,5,219,0.0
NT,2030,21,6,219,0.0
NT,2030,21,7,219,0.0
NT,2030,21,8,219,0.0
NT,2030,21,9,219,0.0
NT,2030,21,10,219,0.0
NT,2030,21,11,219,0.0
NT,2030,21,12,219,0.0
NT,2030,21,13,219,0.0
NT,2030,21,14,219,0.0
NT,2030,21,15,219,0.0
NT,2030,21,16,219,0.0
NT,2030,21,17,219,0.0
NT,2030,21,18,219,0.0
NT,2030,21,19,219,0.0
NT,2030,21,20,219,0.0
NT,2030,21,21,219,0.0
NT,2030,21,22,219,0.0
NT,2030,21,23,219,0.0
NT,2030,21,24,219,0.0419218986277497
NT,2030,21,25,219,0.5558520835915197
NT,2030,21,26,219,0.0
NT,2030,21,27,219,0.24635686017488406
NT,2030,21,28,219,0.0
NT,2030,21,29,219,0.0
NT,2030,21,30,219,0.6145855267228212
NT,2030,21,31,219,0.24645240046076078
NT,2030,21,32,219,0.0
NT,2030,21,33,219,0.0
NT,2030,21,34,219,0.0
NT,2030,21,35,219,0.0
NT,2030,21,36,219,0.0
NT,2030,21,37,219,0.0
NT,2030,21,38,219,0.0
NT,2030,21,39,219,0.0
NT,2030,21,40,219,0.0
NT,2030,21,41,219,0.06974363275075282
NT,2030,21,42,219,0.5706052581792291
NT,2030,21,43,219,0.6123157734818786
NT,2030,21,44,219,0.5909567333266563
NT,2030,21,45,219,0.570676623985616
NT,2030,21,46,219,0.5793115850222109
NT,2030,21,47,219,0.5793115850222109
NT,2030,21,48,219,0.08516492531706381
NT,2030,21,49,219,0.0
NT,2030,21,50,219,0.0
NT,2030,21,51,219,0.0
NT,2030,21,52,219,0.0
NT,2030,21,53,219,0.0
NT,2030,21,54,219,0.0
NT,2030,21,55,219,0.0
NT,2030,21,56,219,0.0
NT,2030,21,57,219,0.0
NT,2030,21,58,219,0.0
NT,2030,21,59,219,0.0
NT,2030,21,60,219,0.0
NT,2030,21,61,219,0.0
NT,2030,21,62,219,0.0
NT,2030,21,63,219,0.0
NT,2030,21,64,219,0.0
NT,2030,21,65,219,0.0
NT,2030,21,66,219,0.0
NT,2030,21,67,219,0.0
NT,2030,21,68,219,0.0
NT,2030,21,69,219,0.0
NT,2030,21,70,219,0.0
NT,2030,21,71,219,0.0
NT,2030,21,72,219,0.0
NT,2030,21,73,219,0.0
NT,2030,21,74,219,0.0
NT,2030,21,75,219,0.0
NT,2030,21,76,219,0.0
NT,2030,21,77,219,0.0
NT,2030,21,78,219,0.0
NT,2030,21,79,219,0.0
NT,2030,21,80,219,0.0
NT,2030,21,81,219,0.0
NT,2030,21,82,219,0.0
NT,2030,21,83,219,0.0
NT,2030,21,84,219,0.0
NT,2030,21,85,219,0.0
NT,2030,21,86,219,0.0
NT,2030,21,87,219,0.0
NT,2030,21,88,219,0.0
NT,2030,21,89,219,0.0
NT,2030,21,90,219,0.0
NT,2030,21,91,219,0.0
NT,2030,21,92,219,0.0
NT,2030,21,93,219,0.0
NT,2030,21,94,219,0.0
NT,2030,21,95,219,0.0
NT,2030,21,96,219,0.0
NT,2030,21,97,219,0.0
NT,2030,21,98,219,0.0
NT,2030,21,99,219,0.0
NT,2030,21,100,219,0.0
NT,2030,21,101,219,0.0
NT,2030,21,102,219,0.0
NT,2030,21,103,219,0.0
NT,2030,21,104,219,0.0
NT,2030,21,105,219,0.0
NT,2030,21,106,219,0.0
NT,2030,21,107,219,0.0
NT,2030,21,108,219,0.0
NT,2030,21,109,219,0.0
NT,2030,21,110,219,0.0
NT,2030,21,111,219,0.0
NT,2030,21,112,219,0.0
NT,2030,21,113,219,0.0
NT,2030,21,114,219,0.0
NT,2030,21,115,219,0.0
NT,2030,21,116,219,0.0
NT,2030,21,117,219,0.0
NT,2030,21,118,219,0.0
NT,2030,21,119,219,0.0
NT,2030,21,120,219,0.0
NT,2030,21,121,219,0.0
NT,2030,21,122,219,0.0
NT,2030,21,123,219,0.0
NT,2030,21,124,219,0.0
NT,2030,21,125,219,0.0
NT,2030,21,126,219,-8.721182071795201e-15
NT,2030,21,127,219,0.0
NT,2030,21,128,219,0.0
NT,2030,21,129,219,0.0
NT,2030,21,130,219,0.0
NT,2030,21,131,219,0.0
NT,2030,21,132,219,0.0
NT,2030,21,133,219,0.0
NT,2030,21,134,219,0.0
NT,2030,21,135,219,0.0
NT,2030,21,136,219,0.0
NT,2030,21,137,219,0.0
NT,2030,21,138,219,0.0
NT,2030,21,139,219,0.5792512115507845
NT,2030,21,140,219,0.579275359597078
NT,2030,21,141,219,0.5792995086500138
NT,2030,21,142,219,0.5793236587097229
NT,2030,21,143,219,0.5793478097761704
NT,2030,21,144,219,0.5233018169147228
NT,2030,21,145,219,0.5558520835915197
NT,2030,21,146,219,0.5198086331629396
NT,2030,21,147,219,0.5794444241106783
NT,2030,21,148,219,0.5794685802116637
NT,2030,21,149,219,0.5794927373196402
NT,2030,21,150,219,0.5795168954347477
NT,2030,21,151,219,0.5795410545569423
NT,2030,21,152,219,0.0
NT,2030,21,153,219,0.0
NT,2030,21,154,219,0.0
NT,2030,21,155,219,0.0
NT,2030,21,156,219,0.0
NT,2030,21,157,219,0.0
NT,2030,21,158,219,0.0
NT,2030,21,159,219,0.0
NT,2030,21,160,219,0.0
NT,2030,21,161,219,0.0
NT,2030,21,162,219,0.0
NT,2030,21,163,219,0.0001751812988952582
NT,2030,21,164,219,0.00017518860192031354
NT,2030,21,165,219,0.00017519590524981815
NT,2030,21,166,219,0.000175203208883787
NT,2030,21,167,219,0.00017521051282223498
NT,2030,42,0,219,0.0
NT,2030,42,1,219,0.0
NT,2030,42,2,219,0.0
NT,2030,42,3,219,0.0
NT,2030,42,4,219,0.0
NT,2030,42,5,219,0.0
NT,2030,42,6,219,0.0
NT,2030,42,7,219,0.0
NT,2030,42,8,219,0.0
NT,2030,42,9,219,0.0
NT,2030,42,10,219,0.0
NT,2030,42,11,219,0.0
NT,2030,42,12,219,0.0
NT,2030,42,13,219,0.0
NT,2030,42,14,219,0.0
NT,2030,42,15,219,0.0
NT,2030,42,16,219,0.0
NT,2030,42,17,219,0.0
NT,2030,42,18,219,0.0
NT,2030,42,19,219,0.0
NT,2030,42,20,219,0.0
NT,2030,42,21,219,0.0
NT,2030,42,22,219,0.0
NT,2030,42,23,219,0.0
NT,2030,42,24,219,0.0
NT,2030,42,25,219,0.0
NT,2030,42,26,219,0.0
NT,2030,42,27,219,0.0
NT,2030,42,28,219,0.0
NT,2030,42,29,219,0.0
NT,2030,42,30,219,0.0
NT,2030,42,31,219,0.0
NT,2030,42,32,219,0.0
NT,2030,42,33,219,0.0
NT,2030,42,34,219,0.0
NT,2030,42,35,219,0.0
NT,2030,42,36,219,0.0
NT,2030,42,37,219,0.0
NT,2030,42,38,219,0.0
NT,2030,42,39,219,0.0
NT,2030,42,40,219,0.0
NT,2030,42,41,219,0.0
NT,2030,42,42,219,0.0
NT,2030,42,43,219,0.0
NT,2030,42,44,219,0.0
NT,2030,42,45,219,0.0
NT,2030,42,46,219,0.0
NT,2030,42,47,219,0.0
NT,2030,42,48,219,0.0
NT,2030,42,49,219,0.0
NT,2030,42,50,219,0.0
NT,2030,42,51,219,0.0
NT,2030,42,52,219,0.0
NT,2030,42,53,219,0.0
NT,2030,42,54,219,0.0
NT,2030,42,55,219,0.0
NT,2030,42,56,219,0.0
NT,2030,42,57,219,0.0
NT,2030,42,58,219,0.0
NT,2030,42,59,219,0.0
NT,2030,42,60,219,0.0
NT,2030,42,61,219,0.0
NT,2030,42,62,219,0.0
NT,2030,42,63,219,0.0
NT,2030,42,64,219,0.0
NT,2030,42,65,219,0.0
NT,2030,42,66,219,0.0
NT,2030,42,67,219,0.0
NT,2030,42,68,219,0.0
NT,2030,42,69,219,0.0
NT,2030,42,70,219,0.0
NT,2030,42,71,219,0.0
NT,2030,42,72,219,0.0
NT,2030,42,73,219,0.0
NT,2030,42,74,219,0.0
NT,2030,42,75,219,0.0
NT,2030,42,76,219,0.0
NT,2030,42,77,219,0.0
NT,2030,42,78,219,0.0
NT,2030,42,79,219,0.0
NT,2030,42,80,219,0.0
NT,2030,42,81,219,0.0
NT,2030,42,82,219,0.0
NT,2030,42,83,219,0.0
NT,2030,42,84,219,0.0
NT,2030,42,85,219,0.0
NT,2030,42,86,219,0.0
NT,2030,42,87,219,0.0
NT,2030,42,88,219,0.0
NT,2030,42,89,219,0.0
NT,2030,42,90,219,0.0
NT,2030,42,91,219,0.0
NT,2030,42,92,219,0.0
NT,2030,42,93,219,0.0
NT,2030,42,94,219,0.0
NT,2030,42,95,219,0.0
NT,2030,42,96,219,0.0
NT,2030,42,97,219,0.0
NT,2030,42,98,219,0.0
NT,2030,42,99,219,0.0
NT,2030,42,100,219,0.0
NT,2030,42,101,219,0.0
NT,2030,42,102,219,0.0
NT,2030,42,103,219,0.0
NT,2030,42,104,219,0.0
NT,2030,42,105,219,0.0
NT,2030,42,106,219,0.0
NT,2030,42,107,219,0.0
NT,2030,42,108,219,0.0
NT,2030,42,109,219,0.0
NT,2030,42,110,219,0.0
NT,2030,42,111,219,0.0
NT,2030,42,112,219,0.0
NT,2030,42,113,219,0.5771894944395333
NT,2030,42,114,219,0.5772135565361441
NT,2030,42,115,219,0.5772376196358654
NT,2030,42,116,219,0.5772616837387319
NT,2030,42,117,219,0.577285748844796
NT,2030,42,118,219,0.0
NT,2030,42,119,219,0.0
NT,2030,42,120,219,0.0
NT,2030,42,121,219,0.0
NT,2030,42,122,219,0.0
NT,2030,42,123,219,0.0
NT,2030,42,124,219,0.0
NT,2030,42,125,219,0.0
NT,2030,42,126,219,0.0
NT,2030,42,127,219,0.0
NT,2030,42,128,219,0.0
NT,2030,42,129,219,0.0
NT,2030,42,130,219,0.0
NT,2030,42,131,219,0.0
NT,2030,42,132,219,0.0
NT,2030,42,133,219,0.0
NT,2030,42,134,219,0.0
NT,2030,42,135,219,0.0
NT,2030,42,136,219,0.0
NT,2030,42,137,219,-2.6163546215385607e-14
NT,2030,42,138,219,-1.7442364143590402e-14
NT,2030,42,139,219,0.0
NT,2030,42,140,219,0.0
NT,2030,42,141,219,0.0
NT,2030,42,142,219,0.0
NT,2030,42,143,219,0.0
NT,2030,42,144,219,0.0
NT,2030,42,145,219,0.0
NT,2030,42,146,219,0.0
NT,2030,42,147,219,0.0
NT,2030,42,148,219,0.0
NT,2030,42,149,219,0.0
NT,2030,42,150,219,0.0
NT,2030,42,151,219,0.0
NT,2030,42,152,219,0.0
NT,2030,42,153,219,0.0
NT,2030,42,154,219,0.0
NT,2030,42,155,219,0.0
NT,2030,42,156,219,0.0
NT,2030,42,157,219,0.0
NT,2030,42,158,219,0.0
NT,2030,42,159,219,0.0
NT,2030,42,160,219,0.0
NT,2030,42,161,219,-8.721182071795201e-15
NT,2030,42,162,219,8.721182071795201e-15
NT,2030,42,163,219,0.0
NT,2030,42,164,219,0.0
NT,2030,42,165,219,0.0
NT,2030,42,166,219,0.0
NT,2030,42,167,219,0.0
NT,2030,52,0,219,0.0
NT,2030,52,1,219,0.0
NT,2030,52,2,219,0.0
NT,2030,52,3,219,0.0
NT,2030,52,4,219,0.0
NT,2030,52,5,219,0.0
NT,2030,52,6,219,0.0
NT,2030,52,7,219,0.0
NT,2030,52,8,219,0.0
NT,2030,52,9,219,0.0
NT,2030,52,10,219,0.0
NT,2030,52,11,219,0.0
NT,2030,52,12,219,0.0
NT,2030,52,13,219,0.0
NT,2030,52,14,219,0.0
NT,2030,52,15,219,0.0
NT,2030,52,16,219,0.0
NT,2030,52,17,219,0.0
NT,2030,52,18,219,0.0
NT,2030,52,19,219,0.0
NT,2030,52,20,219,0.0
NT,2030,52,21,219,0.0
NT,2030,52,22,219,2.2474752575501183e-05
NT,2030,52,23,219,2.2474752575501183e-05
NT,2030,52,24,219,6.35939237944718e-05
NT,2030,52,25,219,0.00015834348401317464
NT,2030,52,26,219,0.00015830249636294736
NT,2030,52,27,219,0.00015830249636294736
NT,2030,52,28,219,0.00015830249636294736
NT,2030,52,29,219,0.00015830249636294736
NT,2030,52,30,219,0.00015830249636294736
NT,2030,52,31,219,0.00015830249636294736
NT,2030,52,32,219,0.00015830249636294736
NT,2030,52,33,219,0.00015830249636294736
NT,2030,52,34,219,0.00015830249636294736
NT,2030,52,35,219,0.00015830249636294736
NT,2030,52,36,219,0.00015830249636294736
NT,2030,52,37,219,0.0
NT,2030,52,38,219,0.0
NT,2030,52,39,219,0.0
NT,2030,52,40,219,0.0
NT,2030,52,41,219,0.0
NT,2030,52,42,219,0.0
NT,2030,52,43,219,0.0
NT,2030,52,44,219,0.0
NT,2030,52,45,219,0.0
NT,2030,52,46,219,0.0
NT,2030,52,47,219,0.0
NT,2030,52,48,219,0.0
NT,2030,52,49,219,0.0
NT,2030,52,50,219,0.0
NT,2030,52,51,219,0.0
NT,2030,52,52,219,0.0
NT,2030,52,53,219,0.0
NT,2030,52,54,219,0.0
NT,2030,52,55,219,0.0
NT,2030,52,56,219,0.0
NT,2030,52,57,219,0.0
NT,2030,52,58,219,0.0
NT,2030,52,59,219,0.0
NT,2030,52,60,219,0.0
NT,2030,52,61,219,0.0
NT,2030,52,62,219,0.0
NT,2030,52,63,219,0.0
NT,2030,52,64,219,0.0
NT,2030,52,65,219,0.0
NT,2030,52,66,219,0.0
NT,2030,52,67,219,0.0
NT,2030,52,68,219,0.0
NT,2030,52,69,219,0.0
NT,2030,52,70,219,0.0
NT,2030,52,71,219,0.0
NT,2030,52,72,219,0.0
NT,2030,52,73,219,0.0
NT,2030,52,74,219,0.0
NT,2030,52,75,219,0.0
NT,2030,52,76,219,0.0
NT,2030,52,77,219,0.0
NT,2030,52,78,219,0.0
NT,2030,52,79,219,0.0
NT,2030,52,80,219,0.0
NT,2030,52,81,219,0.0
NT,2030,52,82,219,0.0
NT,2030,52,83,219,0.0
NT,2030,52,84,219,0.0
NT,2030,52,85,219,0.0
NT,2030,52,86,219,0.0
NT,2030,52,87,219,0.0
NT,2030,52,88,219,0.0
NT,2030,52,89,219,0.0
NT,2030,52,90,219,0.0
NT,2030,52,91,219,0.0
NT,2030,52,92,219,0.0
NT,2030,52,93,219,0.0
NT,2030,52,94,219,0.0
NT,2030,52,95,219,0.0
NT,2030,52,96,219,0.0
NT,2030,52,97,219,0.0
NT,2030,52,98,219,0.0
NT,2030,52,99,219,0.0
NT,2030,52,100,219,0.0
NT,2030,52,101,219,0.0
NT,2030,52,102,219,0.0
NT,2030,52,103,219,0.0
NT,2030,52,104,219,0.0
NT,2030,52,105,219,0.0
NT,2030,52,106,219,0.0
NT,2030,52,107,219,0.0
NT,2030,52,108,219,0.0
NT,2030,52,109,219,0.0
NT,2030,52,110,219,0.0
NT,2030,52,111,219,0.0
NT,2030,52,112,219,0.0
NT,2030,52,113,219,0.0
NT,2030,52,114,219,0.0
NT,2030,52,115,219,0.0
NT,2030,52,116,219,0.0
NT,2030,52,117,219,0.0
NT,2030,52,118,219,0.0
NT,2030,52,119,219,0.0
NT,2030,52,120,219,0.0
NT,2030,52,121,219,0.0
NT,2030,52,122,219,0.0
NT,2030,52,123,219,0.0
NT,2030,52,124,219,0.0
NT,2030,52,125,219,0.0
NT,2030,52,126,219,0.0
NT,2030,52,127,219,0.0
NT,2030,52,128,219,0.0
NT,2030,52,129,219,0.0
NT,2030,52,130,219,0.0
NT,2030,52,131,219,0.0
NT,2030,52,132,219,0.0
NT,2030,52,133,219,0.0
NT,2030,52,134,219,0.0
NT,2030,52,135,219,0.0
NT,2030,52,136,219,0.0
NT,2030,52,137,219,0.0
NT,2030,52,138,219,0.0
NT,2030,52,139,219,0.0
NT,2030,52,140,219,0.0
NT,2030,52,141,219,0.0
NT,2030,52,142,219,0.0
NT,2030,52,143,219,0.0
NT,2030,52,144,219,0.0
NT,2030,52,145,219,0.0
NT,2030,52,146,219,0.0
NT,2030,52,147,219,0.0
NT,2030,52,148,219,0.0
NT,2030,52,149,219,0.0
NT,2030,52,150,219,0.0
NT,2030,52,151,219,0.0
NT,2030,52,152,219,0.0
NT,2030,52,153,219,0.0
NT,2030,52,154,219,0.0
NT,2030,52,155,219,0.0
NT,2030,52,156,219,0.0
NT,2030,52,157,219,0.0
NT,2030,52,158,219,0.0
NT,2030,52,159,219,0.0
NT,2030,52,160,219,0.0
NT,2030,52,161,219,0.0
NT,2030,52,162,219,0.0
NT,2030,52,163,219,0.0
NT,2030,52,164,219,0.0
NT,2030,52,165,219,0.0
NT,2030,52,166,219,0.0
NT,2030,52,167,219,0.0
NT,2040,11,0,219,0.0
NT,2040,11,1,219,0.0
NT,2040,11,2,219,0.0
NT,2040,11,3,219,0.0
NT,2040,11,4,219,0.0
NT,2040,11,5,219,0.0
NT,2040,11,6,219,0.0
NT,2040,11,7,219,0.0
NT,2040,11,8,219,0.0
NT,2040,11,9,219,0.0
NT,2040,11,10,219,0.0
NT,2040,11,11,219,0.0
NT,2040,11,12,219,0.0
NT,2040,11,13,219,0.0
NT,2040,11,14,219,0.0
NT,2040,11,15,219,0.0
NT,2040,11,16,219,0.0
NT,2040,11,17,219,0.0
NT,2040,11,18,219,0.0
NT,2040,11,19,219,0.0
NT,2040,11,20,219,0.0
NT,2040,11,21,219,0.0
NT,2040,11,22,219,0.0
NT,2040,11,23,219,0.0
NT,2040,11,24,219,0.0
NT,2040,11,25,219,0.0
NT,2040,11,26,219,0.0
NT,2040,11,27,219,0.0
NT,2040,11,28,219,0.0
NT,2040,11,29,219,0.0
NT,2040,11,30,219,0.0
NT,2040,11,31,219,0.0
NT,2040,11,32,219,0.0
NT,2040,11,33,219,0.0
NT,2040,11,34,219,0.0
NT,2040,11,35,219,0.0
NT,2040,11,36,219,0.0
NT,2040,11,37,219,0.0
NT,2040,11,38,219,0.0
NT,2040,11,39,219,0.0
NT,2040,11,40,219,0.0
NT,2040,11,41,219,0.0
NT,2040,11,42,219,0.0
NT,2040,11,43,219,0.0
NT,2040,11,44,219,0.0
NT,2040,11,45,219,0.0
NT,2040,11,46,219,0.0
NT,2040,11,47,219,0.0
NT,2040,11,48,219,0.0
NT,2040,11,49,219,0.0
NT,2040,11,50,219,0.0
NT,2040,11,51,219,0.0
NT,2040,11,52,219,0.0
NT,2040,11,53,219,0.0
NT,2040,11,54,219,0.0
NT,2040,11,55,219,0.0
NT,2040,11,56,219,0.0
NT,2040,11,57,219,0.0
NT,2040,11,58,219,0.0
NT,2040,11,59,219,0.0
NT,2040,11,60,219,0.0
NT,2040,11,61,219,0.0
NT,2040,11,62,219,0.0
NT,2040,11,63,219,0.0
NT,2040,11,64,219,0.0
NT,2040,11,65,219,0.0
NT,2040,11,66,219,0.0
NT,2040,11,67,219,0.0
NT,2040,11,68,219,0.0
NT,2040,11,69,219,0.0
NT,2040,11,70,219,0.0
NT,2040,11,71,219,0.0
NT,2040,11,72,219,0.0
NT,2040,11,73,219,0.0
NT,2040,11,74,219,0.0
NT,2040,11,75,219,0.0
NT,2040,11,76,219,0.0
NT,2040,11,77,219,0.0
NT,2040,11,78,219,0.0
NT,2040,11,79,219,0.0
NT,2040,11,80,219,0.0
NT,2040,11,81,219,0.0
NT,2040,11,82,219,0.0
NT,2040,11,83,219,0.0
NT,2040,11,84,219,0.0
NT,2040,11,85,219,0.0
NT,2040,11,86,219,0.0
NT,2040,11,87,219,0.0
NT,2040,11,88,219,0.0
NT,2040,11,89,219,0.0
NT,2040,11,90,219,0.0
NT,2040,11,91,219,0.0
NT,2040,11,92,219,0.0
NT,2040,11,93,219,0.0
NT,2040,11,94,219,0.0
NT,2040,11,95,219,0.0
NT,2040,11,96,219,0.0
NT,2040,11,97,219,0.0
NT,2040,11,98,219,0.0
NT,2040,11,99,219,0.0
NT,2040,11,100,219,0.0
NT,2040,11,101,219,0.0
NT,2040,11,102,219,0.0
NT,2040,11,103,219,0.0
NT,2040,11,104,219,0.0
NT,2040,11,105,219,0.0
NT,2040,11,106,219,0.0
NT,2040,11,107,219,0.0
NT,2040,11,108,219,0.0
NT,2040,11,109,219,0.0
NT,2040,11,110,219,0.0
NT,2040,11,111,219,0.0
NT,2040,11,112,219,0.0
NT,2040,11,113,219,0.0
NT,2040,11,114,219,0.0
NT,2040,11,115,219,0.0
NT,2040,11,116,219,0.0
NT,2040,11,117,219,0.0
NT,2040,11,118,219,0.0
NT,2040,11,119,219,0.0
NT,2040,11,120,219,0.0
NT,2040,11,121,219,0.0
NT,2040,11,122,219,0.0
NT,2040,11,123,219,0.0
NT,2040,11,124,219,0.0
NT,2040,11,125,219,0.0
NT,2040,11,126,219,0.0
NT,2040,11,127,219,0.0
NT,2040,11,128,219,0.0
NT,2040,11,129,219,0.0
NT,2040,11,130,219,0.0
NT,2040,11,131,219,0.0
NT,2040,11,132,219,0.0
NT,2040,11,133,219,0.0
NT,2040,11,134,219,0.0
NT,2040,11,135,219,0.0
NT,2040,11,136,219,0.0
NT,2040,11,137,219,0.0
NT,2040,11,138,219,0.0
NT,2040,11,139,219,0.0
NT,2040,11,140,219,0.0
NT,2040,11,141,219,0.0
NT,2040,11,142,219,0.0
NT,2040,11,143,219,0.0
NT,2040,11,144,219,0.0
NT,2040,11,145,219,0.0
NT,2040,11,146,219,0.0
NT,2040,11,147,219,0.0
NT,2040,11,148,219,0.0
NT,2040,11,149,219,0.0
NT,2040,11,150,219,0.0
NT,2040,11,151,219,0.0
NT,2040,11,152,219,0.0
NT,2040,11,153,219,0.0
NT,2040,11,154,219,0.0
NT,2040,11,155,219,0.0
NT,2040,11,156,219,0.0
NT,2040,11,157,219,0.0
NT,2040,11,158,219,0.0
NT,2040,11,159,219,0.0
NT,2040,11,160,219,0.0
NT,2040,11,161,219,0.0
NT,2040,11,162,219,0.0
NT,2040,11,163,219,0.0
NT,2040,11,164,219,0.0
NT,2040,11,165,219,0.0
NT,2040,11,166,219,0.0
NT,2040,11,167,219,0.0
NT,2040,21,0,219,0.0
NT,2040,21,1,219,0.0
NT,2040,21,2,219,0.0
NT,2040,21,3,219,0.0
NT,2040,21,4,219,0.0
NT,2040,21,5,219,0.0
NT,2040,21,6,219,0.0
NT,2040,21,7,219,0.0
NT,2040,21,8,219,0.0
NT,2040,21,9,219,0.0
NT,2040,21,10,219,0.0
NT,2040,21,11,219,0.0
NT,2040,21,12,219,0.0
NT,2040,21,13,219,0.0
NT,2040,21,14,219,0.0
NT,2040,21,15,219,0.0
NT,2040,21,16,219,0.0
NT,2040,21,17,219,0.0
NT,2040,21,18,219,0.0
NT,2040,21,19,219,0.0
NT,2040,21,20,219,0.0
NT,2040,21,21,219,0.0
NT,2040,21,22,219,0.0
NT,2040,21,23,219,0.02697255750255383
NT,2040,21,24,219,0.11408118435356206
NT,2040,21,25,219,0.11332366573761297
NT,2040,21,26,219,0.11256611554193874
NT,2040,21,27,219,0.19388776107994993
NT,2040,21,28,219,0.19389584394715903
NT,2040,21,29,219,0.210289244504652
NT,2040,21,30,219,0.2102980111231754
NT,2040,21,31,219,0.210306778107173
NT,2040,21,32,219,0.0
NT,2040,21,33,219,0.0
NT,2040,21,34,219,0.0
NT,2040,21,35,219,0.0
NT,2040,21,36,219,0.0
NT,2040,21,37,219,0.0
NT,2040,21,38,219,0.0
NT,2040,21,39,219,0.13100481862132204
NT,2040,21,40,219,0.0
NT,2040,21,41,219,0.1931038615622088
NT,2040,21,42,219,0.19311191174991899
NT,2040,21,43,219,0.20533712329748807
NT,2040,21,44,219,0.2016100942745605
NT,2040,21,45,219,0.17166673241009908
NT,2040,21,46,219,0.19314411585688
NT,2040,21,47,219,0.15689754821490648
NT,2040,21,48,219,0.0
NT,2040,21,49,219,0.0
NT,2040,21,50,219,0.0
NT,2040,21,51,219,0.0
NT,2040,21,52,219,0.0
NT,2040,21,53,219,0.0
NT,2040,21,54,219,0.0
NT,2040,21,55,219,0.0
NT,2040,21,56,219,0.0
NT,2040,21,57,219,0.0
NT,2040,21,58,219,0.0
NT,2040,21,59,219,0.0
NT,2040,21,60,219,0.0
NT,2040,21,61,219,0.0
NT,2040,21,62,219,0.0
NT,2040,21,63,219,0.0
NT,2040,21,64,219,0.0
NT,2040,21,65,219,0.0
NT,2040,21,66,219,0.0
NT,2040,21,67,219,0.0
NT,2040,21,68,219,0.0
NT,2040,21,69,219,0.0
NT,2040,21,70,219,0.0
NT,2040,21,71,219,0.0
NT,2040,21,72,219,0.0
NT,2040,21,73,219,0.0
NT,2040,21,74,219,0.0
NT,2040,21,75,219,0.0
NT,2040,21,76,219,0.0
NT,2040,21,77,219,0.0
NT,2040,21,78,219,0.0
NT,2040,21,79,219,0.0
NT,2040,21,80,219,0.0
NT,2040,21,81,219,0.0
NT,2040,21,82,219,0.0
NT,2040,21,83,219,0.0
NT,2040,21,84,219,0.0
NT,2040,21,85,219,0.0
NT,2040,21,86,219,0.0
NT,2040,21,87,219,0.0
NT,2040,21,88,219,0.0
NT,2040,21,89,219,0.0
NT,2040,21,90,219,0.0
NT,2040,21,91,219,0.0
NT,2040,21,92,219,0.0
NT,2040,21,93,219,0.0
NT,2040,21,94,219,0.0
NT,2040,21,95,219,0.0
NT,2040,21,96,219,0.0
NT,2040,21,97,219,0.0
NT,2040,21,98,219,0.0
NT,2040,21,99,219,0.0
NT,2040,21,100,219,0.0
NT,2040,21,101,219,0.0
NT,2040,21,102,219,0.0
NT,2040,21,103,219,0.0
NT,2040,21,104,219,0.0
NT,2040,21,105,219,0.0
NT,2040,21,106,219,0.0
NT,2040,21,107,219,0.0
NT,2040,21,108,219,0.0
NT,2040,21,109,219,0.0
NT,2040,21,110,219,0.0
NT,2040,21,111,219,0.0
NT,2040,21,112,219,0.0
NT,2040,21,113,219,0.0
NT,2040,21,114,219,0.0
NT,2040,21,115,219,0.0
NT,2040,21,116,219,0.0
NT,2040,21,117,219,0.0
NT,2040,21,118,219,0.0
NT,2040,21,119,219,0.0
NT,2040,21,120,219,0.0
NT,2040,21,121,219,0.0
NT,2040,21,122,219,0.0
NT,2040,21,123,219,0.0
NT,2040,21,124,219,0.0
NT,2040,21,125,219,0.0
NT,2040,21,126,219,0.0
NT,2040,21,127,219,0.0
NT,2040,21,128,219,0.0
NT,2040,21,129,219,0.0
NT,2040,21,130,219,0.0
NT,2040,21,131,219,0.0
NT,2040,21,132,219,0.0
NT,2040,21,133,219,0.0
NT,2040,21,134,219,0.0
NT,2040,21,135,219,0.0
NT,2040,21,136,219,0.0
NT,2040,21,137,219,0.0
NT,2040,21,138,219,0.19642740657642543
NT,2040,21,139,219,0.19643559531735244
NT,2040,21,140,219,0.1964437843996505
NT,2040,21,141,219,0.19645197382334578
NT,2040,21,142,219,0.19646016358843826
NT,2040,21,143,219,0.19646835369494978
NT,2040,21,144,219,0.19360422794032098
NT,2040,21,145,219,0.08316439799553971
NT,2040,21,146,219,0.021358012270123142
NT,2040,21,147,219,0.19425667050365442
NT,2040,21,148,219,0.0
NT,2040,21,149,219,0.0
NT,2040,21,150,219,0.19652569400142922
NT,2040,21,151,219,0.19653388683980302
NT,2040,21,152,219,0.1965420800197158
NT,2040,21,153,219,0.0
NT,2040,21,154,219,0.0
NT,2040,21,155,219,0.0
NT,2040,21,156,219,0.0
NT,2040,21,157,219,0.0
NT,2040,21,158,219,0.0
NT,2040,21,159,219,0.0
NT,2040,21,160,219,0.0
NT,2040,21,161,219,0.0
NT,2040,21,162,219,0.19662403060704067
NT,2040,21,163,219,0.19663222754489987
NT,2040,21,164,219,0.19664042482448116
NT,2040,21,165,219,0.19664862244578887
NT,2040,21,166,219,0.19665682040884921
NT,2040,21,167,219,0.19521110938456157
NT,2040,42,0,219,0.0
NT,2040,42,1,219,0.0
NT,2040,42,2,219,0.0
NT,2040,42,3,219,0.0
NT,2040,42,4,219,0.0
NT,2040,42,5,219,0.0
NT,2040,42,6,219,0.0
NT,2040,42,7,219,0.0
NT,2040,42,8,219,0.0
NT,2040,42,9,219,0.0
NT,2040,42,10,219,0.0
NT,2040,42,11,219,0.0
NT,2040,42,12,219,0.0
NT,2040,42,13,219,0.0
NT,2040,42,14,219,0.0
NT,2040,42,15,219,0.0
NT,2040,42,16,219,0.0
NT,2040,42,17,219,0.0
NT,2040,42,18,219,0.0
NT,2040,42,19,219,0.0
NT,2040,42,20,219,0.0
NT,2040,42,21,219,0.0
NT,2040,42,22,219,0.0
NT,2040,42,23,219,0.0
NT,2040,42,24,219,0.0
NT,2040,42,25,219,0.0
NT,2040,42,26,219,0.0
NT,2040,42,27,219,0.0
NT,2040,42,28,219,0.0
NT,2040,42,29,219,0.0
NT,2040,42,30,219,0.0
NT,2040,42,31,219,0.0
NT,2040,42,32,219,0.0
NT,2040,42,33,219,0.0
NT,2040,42,34,219,0.0
NT,2040,42,35,219,0.0
NT,2040,42,36,219,0.0
NT,2040,42,37,219,0.0
NT,2040,42,38,219,0.0
NT,2040,42,39,219,0.0
NT,2040,42,40,219,0.0
NT,2040,42,41,219,0.0
NT,2040,42,42,219,0.0
NT,2040,42,43,219,0.0
NT,2040,42,44,219,0.0
NT,2040,42,45,219,0.0
NT,2040,42,46,219,0.0
NT,2040,42,47,219,0.0
NT,2040,42,48,219,0.0
NT,2040,42,49,219,0.0
NT,2040,42,50,219,0.0
NT,2040,42,51,219,0.0
NT,2040,42,52,219,0.0
NT,2040,42,53,219,0.0
NT,2040,42,54,219,0.0
NT,2040,42,55,219,0.0
NT,2040,42,56,219,0.0
NT,2040,42,57,219,0.0
NT,2040,42,58,219,0.0
NT,2040,42,59,219,0.0
NT,2040,42,60,219,0.0
NT,2040,42,61,219,0.0
NT,2040,42,62,219,0.0
NT,2040,42,63,219,0.0
NT,2040,42,64,219,0.0
NT,2040,42,65,219,0.0
NT,2040,42,66,219,0.0
NT,2040,42,67,219,-8.721182071795201e-15
NT,2040,42,68,219,0.0
NT,2040,42,69,219,0.0
NT,2040,42,70,219,0.0
NT,2040,42,71,219,0.0
NT,2040,42,72,219,0.0
NT,2040,42,73,219,0.0
NT,2040,42,74,219,0.0
NT,2040,42,75,219,0.0
NT,2040,42,76,219,0.0
NT,2040,42,77,219,0.0
NT,2040,42,78,219,0.0
NT,2040,42,79,219,0.0
NT,2040,42,80,219,0.0
NT,2040,42,81,219,0.0
NT,2040,42,82,219,0.0
NT,2040,42,83,219,0.0
NT,2040,42,84,219,0.0
NT,2040,42,85,219,0.0
NT,2040,42,86,219,0.0
NT,2040,42,87,219,0.0
NT,2040,42,88,219,0.0
NT,2040,42,89,219,0.0
NT,2040,42,90,219,0.0
NT,2040,42,91,219,0.0
NT,2040,42,92,219,0.0
NT,2040,42,93,219,0.0
NT,2040,42,94,219,0.0
NT,2040,42,95,219,0.0
NT,2040,42,96,219,0.0
NT,2040,42,97,219,0.0
NT,2040,42,98,219,0.0
NT,2040,42,99,219,0.0
NT,2040,42,100,219,0.0
NT,2040,42,101,219,0.0
NT,2040,42,102,219,0.0
NT,2040,42,103,219,0.0
NT,2040,42,104,219,0.0
NT,2040,42,105,219,0.0
NT,2040,42,106,219,0.0
NT,2040,42,107,219,0.0
NT,2040,42,108,219,0.0
NT,2040,42,109,219,0.0
NT,2040,42,110,219,0.0
NT,2040,42,111,219,0.0
NT,2040,42,112,219,0.08879283607623695
NT,2040,42,113,219,0.20000554671914308
NT,2040,42,114,219,0.2000138846269393
NT,2040,42,115,219,0.2000222228823379
NT,2040,42,116,219,0.2000305614853388
NT,2040,42,117,219,0.2000389004359682
NT,2040,42,118,219,0.18445995890861636
NT,2040,42,119,219,0.18446764874600294
NT,2040,42,120,219,0.19310386167406665
NT,2040,42,121,219,0.1774641940536132
NT,2040,42,122,219,0.0
NT,2040,42,123,219,0.0
NT,2040,42,124,219,0.0
NT,2040,42,125,219,0.0
NT,2040,42,126,219,0.0
NT,2040,42,127,219,0.0
NT,2040,42,128,219,0.0
NT,2040,42,129,219,0.0
NT,2040,42,130,219,0.0
NT,2040,42,131,219,0.0
NT,2040,42,132,219,0.0
NT,2040,42,133,219,0.0
NT,2040,42,134,219,0.0
NT,2040,42,135,219,0.0
NT,2040,42,136,219,0.0
NT,2040,42,137,219,0.0
NT,2040,42,138,219,0.0
NT,2040,42,139,219,0.0
NT,2040,42,140,219,0.0
NT,2040,42,141,219,0.0
NT,2040,42,142,219,0.0
NT,2040,42,143,219,0.0
NT,2040,42,144,219,0.0
NT,2040,42,145,219,0.0
NT,2040,42,146,219,0.0
NT,2040,42,147,219,0.0
NT,2040,42,148,219,0.0
NT,2040,42,149,219,0.0
NT,2040,42,150,219,0.0
NT,2040,42,151,219,0.0
NT,2040,42,152,219,0.0
NT,2040,42,153,219,0.0
NT,2040,42,154,219,0.0
NT,2040,42,155,219,0.0
NT,2040,42,156,219,0.0
NT,2040,42,157,219,0.0
NT,2040,42,158,219,0.0
NT,2040,42,159,219,0.0
NT,2040,42,160,219,0.0
NT,2040,42,161,219,0.0
NT,2040,42,162,219,0.0
NT,2040,42,163,219,0.0
NT,2040,42,164,219,0.0
NT,2040,42,165,219,0.0
NT,2040,42,166,219,0.0
NT,2040,42,167,219,0.0
NT,2040,52,0,219,0.0
NT,2040,52,1,219,0.0
NT,2040,52,2,219,0.0
NT,2040,52,3,219,0.0
NT,2040,52,4,219,0.0
NT,2040,52,5,219,0.0
NT,2040,52,6,219,0.0
NT,2040,52,7,219,0.0
NT,2040,52,8,219,0.0
NT,2040,52,9,219,0.0
NT,2040,52,10,219,0.0
NT,2040,52,11,219,0.0
NT,2040,52,12,219,0.0
NT,2040,52,13,219,0.0
NT,2040,52,14,219,0.0
NT,2040,52,15,219,0.0
NT,2040,52,16,219,0.0
NT,2040,52,17,219,0.0
NT,2040,52,18,219,0.0
NT,2040,52,19,219,0.0
NT,2040,52,20,219,0.0
NT,2040,52,21,219,0.0
NT,2040,52,22,219,0.0
NT,2040,52,23,219,7.491584191801435e-06
NT,2040,52,24,219,7.4915841918323085e-06
NT,2040,52,25,219,2.1118437808362653e-05
NT,2040,52,26,219,2.1197974598157623e-05
NT,2040,52,27,219,2.1197974598157623e-05
NT,2040,52,28,219,5.278116133772453e-05
NT,2040,52,29,219,5.278116133772453e-05
NT,2040,52,30,219,2.1197974598157623e-05
NT,2040,52,31,219,2.1197974598157623e-05
NT,2040,52,32,219,2.1197974598157623e-05
NT,2040,52,33,219,2.1197974598157623e-05
NT,2040,52,34,219,5.269550423802197e-05
NT,2040,52,35,219,5.278116133772453e-05
NT,2040,52,36,219,5.2767498787649826e-05
NT,2040,52,37,219,5.2767498787649826e-05
NT,2040,52,38,219,0.0
NT,2040,52,39,219,0.0
NT,2040,52,40,219,0.0
NT,2040,52,41,219,0.0
NT,2040,52,42,219,0.0
NT,2040,52,43,219,0.0
NT,2040,52,44,219,0.0
NT,2040,52,45,219,0.0
NT,2040,52,46,219,0.0
NT,2040,52,47,219,0.0
NT,2040,52,48,219,0.0
NT,2040,52,49,219,0.0
NT,2040,52,50,219,0.0
NT,2040,52,51,219,0.0
NT,2040,52,52,219,0.0
NT,2040,52,53,219,0.0
NT,2040,52,54,219,0.0
NT,2040,52,55,219,0.0
NT,2040,52,56,219,0.0
NT,2040,52,57,219,0.0
NT,2040,52,58,219,0.0
NT,2040,52,59,219,0.0
NT,2040,52,60,219,0.0
NT,2040,52,61,219,0.0
NT,2040,52,62,219,0.0
NT,2040,52,63,219,0.0
NT,2040,52,64,219,0.0
NT,2040,52,65,219,0.0
NT,2040,52,66,219,0.0
NT,2040,52,67,219,0.0
NT,2040,52,68,219,0.0
NT,2040,52,69,219,0.0
NT,2040,52,70,219,0.0
NT,2040,52,71,219,0.0
NT,2040,52,72,219,0.0
NT,2040,52,73,219,0.0
NT,2040,52,74,219,0.0
NT,2040,52,75,219,0.0
NT,2040,52,76,219,0.0
NT,2040,52,77,219,0.0
NT,2040,52,78,219,0.0
NT,2040,52,79,219,0.0
NT,2040,52,80,219,0.0
NT,2040,52,81,219,0.0
NT,2040,52,82,219,0.0
NT,2040,52,83,219,0.0
NT,2040,52,84,219,0.0
NT,2040,52,85,219,0.0
NT,2040,52,86,219,0.0
NT,2040,52,87,219,0.0
NT,2040,52,88,219,0.0
NT,2040,52,89,219,0.0
NT,2040,52,90,219,0.0
NT,2040,52,91,219,0.0
NT,2040,52,92,219,0.0
NT,2040,52,93,219,0.0
NT,2040,52,94,219,0.0
NT,2040,52,95,219,0.0
NT,2040,52,96,219,0.0
NT,2040,52,97,219,0.0
NT,2040,52,98,219,0.0
NT,2040,52,99,219,0.0
NT,2040,52,100,219,0.0
NT,2040,52,101,219,0.0
NT,2040,52,102,219,0.0
NT,2040,52,103,219,0.0
NT,2040,52,104,219,0.0
NT,2040,52,105,219,0.0
NT,2040,52,106,219,0.0
NT,2040,52,107,219,0.0
NT,2040,52,108,219,0.0
NT,2040,52,109,219,0.0
NT,2040,52,110,219,0.0
NT,2040,52,111,219,0.0
NT,2040,52,112,219,0.0
NT,2040,52,113,219,0.0
NT,2040,52,114,219,0.0
NT,2040,52,115,219,0.0
NT,2040,52,116,219,0.0
NT,2040,52,117,219,0.0
NT,2040,52,118,219,0.0
NT,2040,52,119,219,0.0
NT,2040,52,120,219,0.0
NT,2040,52,121,219,0.0
NT,2040,52,122,219,0.0
NT,2040,52,123,219,0.0
NT,2040,52,124,219,0.0
NT,2040,52,125,219,0.0
NT,2040,52,126,219,0.0
NT,2040,52,127,219,0.0
NT,2040,52,128,219,0.0
NT,2040,52,129,219,0.0
NT,2040,52,130,219,0.0
NT,2040,52,131,219,0.0
NT,2040,52,132,219,0.0
NT,2040,52,133,219,0.0
NT,2040,52,134,219,0.0
NT,2040,52,135,219,0.0
NT,2040,52,136,219,0.0
NT,2040,52,137,219,0.0
NT,2040,52,138,219,0.0
NT,2040,52,139,219,0.0
NT,2040,52,140,219,0.0
NT,2040,52,141,219,0.0
NT,2040,52,142,219,0.0
NT,2040,52,143,219,0.0
NT,2040,52,144,219,0.0
NT,2040,52,145,219,0.0
NT,2040,52,146,219,0.0
NT,2040,52,147,219,0.0
NT,2040,52,148,219,0.0
NT,2040,52,149,219,0.0
NT,2040,52,150,219,0.0
NT,2040,52,151,219,0.0
NT,2040,52,152,219,0.0
NT,2040,52,153,219,0.0
NT,2040,52,154,219,0.0
NT,2040,52,155,219,0.0
NT,2040,52,156,219,0.0
NT,2040,52,157,219,0.0
NT,2040,52,158,219,0.0
NT,2040,52,159,219,0.0
NT,2040,52,160,219,0.0
NT,2040,52,161,219,0.0
NT,2040,52,162,219,0.0
NT,2040,52,163,219,0.0
NT,2040,52,164,219,0.0
NT,2040,52,165,219,0.0
NT,2040,52,166,219,0.0
NT,2040,52,167,219,0.0
GA,2040,11,0,219,0.0
GA,2040,11,1,219,0.0
GA,2040,11,2,219,0.0
GA,2040,11,3,219,0.0
GA,2040,11,4,219,0.0
GA,2040,11,5,219,0.0
GA,2040,11,6,219,0.0
GA,2040,11,7,219,0.0
GA,2040,11,8,219,0.0
GA,2040,11,9,219,0.0
GA,2040,11,10,219,0.0
GA,2040,11,11,219,0.0
GA,2040,11,12,219,0.0
GA,2040,11,13,219,0.0
GA,2040,11,14,219,0.0
GA,2040,11,15,219,0.0
GA,2040,11,16,219,0.0
GA,2040,11,17,219,0.0
GA,2040,11,18,219,0.0
GA,2040,11,19,219,0.0
GA,2040,11,20,219,0.0
GA,2040,11,21,219,0.0
GA,2040,11,22,219,0.0
GA,2040,11,23,219,0.0
GA,2040,11,24,219,0.0
GA,2040,11,25,219,0.0
GA,2040,11,26,219,0.0
GA,2040,11,27,219,0.0
GA,2040,11,28,219,0.0
GA,2040,11,29,219,0.0
GA,2040,11,30,219,0.0
GA,2040,11,31,219,0.0
GA,2040,11,32,219,0.0
GA,2040,11,33,219,0.0
GA,2040,11,34,219,0.0
GA,2040,11,35,219,0.0
GA,2040,11,36,219,0.0
GA,2040,11,37,219,0.0
GA,2040,11,38,219,0.0
GA,2040,11,39,219,0.0
GA,2040,11,40,219,0.0
GA,2040,11,41,219,0.0
GA,2040,11,42,219,0.0
GA,2040,11,43,219,0.0
GA,2040,11,44,219,0.0
GA,2040,11,45,219,0.0
GA,2040,11,46,219,0.0
GA,2040,11,47,219,0.0
GA,2040,11,48,219,0.0
GA,2040,11,49,219,0.0
GA,2040,11,50,219,0.0
GA,2040,11,51,219,0.0
GA,2040,11,52,219,0.0
GA,2040,11,53,219,0.0
GA,2040,11,54,219,0.0
GA,2040,11,55,219,0.0
GA,2040,11,56,219,0.0
GA,2040,11,57,219,0.0
GA,2040,11,58,219,0.0
GA,2040,11,59,219,0.0
GA,2040,11,60,219,0.0
GA,2040,11,61,219,0.0
GA,2040,11,62,219,0.0
GA,2040,11,63,219,0.0
GA,2040,11,64,219,0.0
GA,2040,11,65,219,0.0
GA,2040,11,66,219,0.0
GA,2040,11,67,219,0.0
GA,2040,11,68,219,0.0
GA,2040,11,69,219,0.0
GA,2040,11,70,219,0.0
GA,2040,11,71,219,0.0
GA,2040,11,72,219,0.0
GA,2040,11,73,219,0.0
GA,2040,11,74,219,0.0
GA,2040,11,75,219,0.0
GA,2040,11,76,219,0.0
GA,2040,11,77,219,0.0
GA,2040,11,78,219,0.0
GA,2040,11,79,219,0.0
GA,2040,11,80,219,0.0
GA,2040,11,81,219,0.0
GA,2040,11,82,219,0.0
GA,2040,11,83,219,0.0
GA,2040,11,84,219,0.0
GA,2040,11,85,219,0.0
GA,2040,11,86,219,0.0
GA,2040,11,87,219,0.0
GA,2040,11,88,219,0.0
GA,2040,11,89,219,0.0
GA,2040,11,90,219,0.0
GA,2040,11,91,219,0.0
GA,2040,11,92,219,0.0
GA,2040,11,93,219,0.0
GA,2040,11,94,219,0.0
GA,2040,11,95,219,0.0
GA,2040,11,96,219,0.0
GA,2040,11,97,219,0.0
GA,2040,11,98,219,0.0
GA,2040,11,99,219,0.0
GA,2040,11,100,219,0.0
GA,2040,11,101,219,0.0
GA,2040,11,102,219,0.0
GA,2040,11,103,219,0.0
GA,2040,11,104,219,0.0
GA,2040,11,105,219,0.0
GA,2040,11,106,219,0.0
GA,2040,11,107,219,0.0
GA,2040,11,108,219,0.0
GA,2040,11,109,219,0.0
GA,2040,11,110,219,0.0
GA,2040,11,111,219,0.0
GA,2040,11,112,219,0.0
GA,2040,11,113,219,0.0
GA,2040,11,114,219,0.0
GA,2040,11,115,219,0.0
GA,2040,11,116,219,0.0
GA,2040,11,117,219,0.0
GA,2040,11,118,219,0.0
GA,2040,11,119,219,0.0
GA,2040,11,120,219,0.0
GA,2040,11,121,219,0.0
GA,2040,11,122,219,0.0
GA,2040,11,123,219,0.0
GA,2040,11,124,219,0.0
GA,2040,11,125,219,0.0
GA,2040,11,126,219,0.0
GA,2040,11,127,219,0.0
GA,2040,11,128,219,0.0
GA,2040,11,129,219,0.0
GA,2040,11,130,219,0.0
GA,2040,11,131,219,0.0
GA,2040,11,132,219,0.0
GA,2040,11,133,219,0.0
GA,2040,11,134,219,0.0
GA,2040,11,135,219,0.0
GA,2040,11,136,219,0.0
GA,2040,11,137,219,0.0
GA,2040,11,138,219,0.0
GA,2040,11,139,219,0.0
GA,2040,11,140,219,0.0
GA,2040,11,141,219,0.0
GA,2040,11,142,219,0.0
GA,2040,11,143,219,0.0
GA,2040,11,144,219,0.0
GA,2040,11,145,219,0.0
GA,2040,11,146,219,0.0
GA,2040,11,147,219,0.0
GA,2040,11,148,219,0.0
GA,2040,11,149,219,0.0
GA,2040,11,150,219,0.0
GA,2040,11,151,219,0.0
GA,2040,11,152,219,0.0
GA,2040,11,153,219,0.0
GA,2040,11,154,219,0.0
GA,2040,11,155,219,0.0
GA,2040,11,156,219,0.0
GA,2040,11,157,219,0.0
GA,2040,11,158,219,0.0
GA,2040,11,159,219,0.0
GA,2040,11,160,219,0.0
GA,2040,11,161,219,0.0
GA,2040,11,162,219,0.0
GA,2040,11,163,219,0.0
GA,2040,11,164,219,0.0
GA,2040,11,165,219,0.0
GA,2040,11,166,219,0.0
GA,2040,11,167,219,0.0
GA,2040,21,0,219,0.0
GA,2040,21,1,219,0.0
GA,2040,21,2,219,0.0
GA,2040,21,3,219,0.0
GA,2040,21,4,219,0.0
GA,2040,21,5,219,0.0
GA,2040,21,6,219,0.0
GA,2040,21,7,219,0.0
GA,2040,21,8,219,0.0
GA,2040,21,9,219,0.0
GA,2040,21,10,219,0.0
GA,2040,21,11,219,0.0
GA,2040,21,12,219,0.0
GA,2040,21,13,219,0.0
GA,2040,21,14,219,0.0
GA,2040,21,15,219,0.0
GA,2040,21,16,219,0.0
GA,2040,21,17,219,0.0
GA,2040,21,18,219,0.0
GA,2040,21,19,219,0.0
GA,2040,21,20,219,0.0
GA,2040,21,21,219,0.0
GA,2040,21,22,219,0.0
GA,2040,21,23,219,0.0
GA,2040,21,24,219,0.18528402786383993
GA,2040,21,25,219,0.18528402786383993
GA,2040,21,26,219,0.19294874197663245
GA,2040,21,27,219,0.19295678569765373
GA,2040,21,28,219,0.19296482975400664
GA,2040,21,29,219,0.2088067099277894
GA,2040,21,30,219,0.2088154147418551
GA,2040,21,31,219,0.16450400169617702
GA,2040,21,32,219,0.0
GA,2040,21,33,219,0.0
GA,2040,21,34,219,0.0
GA,2040,21,35,219,0.0
GA,2040,21,36,219,0.0
GA,2040,21,37,219,0.0
GA,2040,21,38,219,0.0
GA,2040,21,39,219,0.0
GA,2040,21,40,219,0.0
GA,2040,21,41,219,0.0
GA,2040,21,42,219,0.19307748176039763
GA,2040,21,43,219,0.2016100942745605
GA,2040,21,44,219,0.19793890249920099
GA,2040,21,45,219,0.17938041495377197
GA,2040,21,46,219,0.19310968012568336
GA,2040,21,47,219,0.18398408690006132
GA,2040,21,48,219,0.0
GA,2040,21,49,219,0.0
GA,2040,21,50,219,0.0
GA,2040,21,51,219,0.0
GA,2040,21,52,219,0.0
GA,2040,21,53,219,0.0
GA,2040,21,54,219,0.0
GA,2040,21,55,219,0.0
GA,2040,21,56,219,0.0
GA,2040,21,57,219,0.0
GA,2040,21,58,219,0.0
GA,2040,21,59,219,0.0
GA,2040,21,60,219,0.0
GA,2040,21,61,219,0.0
GA,2040,21,62,219,0.0
GA,2040,21,63,219,0.0
GA,2040,21,64,219,0.0
GA,2040,21,65,219,0.0
GA,2040,21,66,219,0.0
GA,2040,21,67,219,0.0
GA,2040,21,68,219,0.0
GA,2040,21,69,219,0.0
GA,2040,21,70,219,0.0
GA,2040,21,71,219,0.0
GA,2040,21,72,219,0.0
GA,2040,21,73,219,0.0
GA,2040,21,74,219,0.0
GA,2040,21,75,219,0.0
GA,2040,21,76,219,0.0
GA,2040,21,77,219,0.0
GA,2040,21,78,219,0.0
GA,2040,21,79,219,0.0
GA,2040,21,80,219,0.0
GA,2040,21,81,219,0.0
GA,2040,21,82,219,0.0
GA,2040,21,83,219,0.0
GA,2040,21,84,219,0.0
GA,2040,21,85,219,0.0
GA,2040,21,86,219,0.0
GA,2040,21,87,219,0.0
GA,2040,21,88,219,0.0
GA,2040,21,89,219,0.0
GA,2040,21,90,219,0.0
GA,2040,21,91,219,0.0
GA,2040,21,92,219,0.0
GA,2040,21,93,219,0.0
GA,2040,21,94,219,0.0
GA,2040,21,95,219,0.0
GA,2040,21,96,219,0.0
GA,2040,21,97,219,0.0
GA,2040,21,98,219,0.0
GA,2040,21,99,219,0.0
GA,2040,21,100,219,0.0
GA,2040,21,101,219,0.0
GA,2040,21,102,219,0.0
GA,2040,21,103,219,0.0
GA,2040,21,104,219,0.0
GA,2040,21,105,219,0.0
GA,2040,21,106,219,0.0
GA,2040,21,107,219,0.0
GA,2040,21,108,219,0.0
GA,2040,21,109,219,0.0
GA,2040,21,110,219,0.0
GA,2040,21,111,219,0.0
GA,2040,21,112,219,0.0
GA,2040,21,113,219,0.0
GA,2040,21,114,219,0.0
GA,2040,21,115,219,0.0
GA,2040,21,116,219,0.0
GA,2040,21,117,219,0.0
GA,2040,21,118,219,0.0
GA,2040,21,119,219,0.0
GA,2040,21,120,219,0.0
GA,2040,21,121,219,0.0
GA,2040,21,122,219,0.0
GA,2040,21,123,219,0.0
GA,2040,21,124,219,0.0
GA,2040,21,125,219,0.0
GA,2040,21,126,219,0.0
GA,2040,21,127,219,0.0
GA,2040,21,128,219,0.0
GA,2040,21,129,219,0.0
GA,2040,21,130,219,0.0
GA,2040,21,131,219,0.0
GA,2040,21,132,219,0.0
GA,2040,21,133,219,0.0
GA,2040,21,134,219,0.0
GA,2040,21,135,219,0.0
GA,2040,21,136,219,0.0
GA,2040,21,137,219,0.0
GA,2040,21,138,219,0.195074726071646
GA,2040,21,139,219,0.1950828584215035
GA,2040,21,140,219,0.19509099111038822
GA,2040,21,141,219,0.1950991241383176
GA,2040,21,142,219,0.19510725750529603
GA,2040,21,143,219,0.19511539121133875
GA,2040,21,144,219,0.18528402786383993
GA,2040,21,145,219,0.18528402786383993
GA,2040,21,146,219,0.18528402786383993
GA,2040,21,147,219,0.19514792942647313
GA,2040,21,148,219,0.19515606482806191
GA,2040,21,149,219,0.1951642005688044
GA,2040,21,150,219,0.19517233664871364
GA,2040,21,151,219,0.19518047306780273
GA,2040,21,152,219,0.0
GA,2040,21,153,219,0.0
GA,2040,21,154,219,0.0
GA,2040,21,155,219,0.0
GA,2040,21,156,219,0.0
GA,2040,21,157,219,0.0
GA,2040,21,158,219,0.0
GA,2040,21,159,219,0.0
GA,2040,21,160,219,0.0
GA,2040,21,161,219,0.0
GA,2040,21,162,219,0.14616473432220242
GA,2040,21,163,219,0.19309178653234987
GA,2040,21,164,219,0.19309983621667562
GA,2040,21,165,219,0.19310788623657066
GA,2040,21,166,219,0.19311593659206552
GA,2040,21,167,219,0.193123987283158
GA,2040,42,0,219,0.0
GA,2040,42,1,219,0.0
GA,2040,42,2,219,0.0
GA,2040,42,3,219,0.0
GA,2040,42,4,219,0.0
GA,2040,42,5,219,0.0
GA,2040,42,6,219,0.0
GA,2040,42,7,219,0.0
GA,2040,42,8,219,0.0
GA,2040,42,9,219,0.0
GA,2040,42,10,219,0.0
GA,2040,42,11,219,0.0
GA,2040,42,12,219,0.0
GA,2040,42,13,219,0.0
GA,2040,42,14,219,0.0
GA,2040,42,15,219,0.0
GA,2040,42,16,219,0.0
GA,2040,42,17,219,0.0
GA,2040,42,18,219,0.0
GA,2040,42,19,219,0.0
GA,2040,42,20,219,0.0
GA,2040,42,21,219,0.0
GA,2040,42,22,219,0.0
GA,2040,42,23,219,0.0
GA,2040,42,24,219,0.0
GA,2040,42,25,219,0.0
GA,2040,42,26,219,0.0
GA,2040,42,27,219,0.0
GA,2040,42,28,219,0.0
GA,2040,42,29,219,0.0
GA,2040,42,30,219,0.0
GA,2040,42,31,219,0.0
GA,2040,42,32,219,0.0
GA,2040,42,33,219,0.0
GA,2040,42,34,219,0.0
GA,2040,42,35,219,0.0
GA,2040,42,36,219,0.0
GA,2040,42,37,219,0.0
GA,2040,42,38,219,0.0
GA,2040,42,39,219,0.0
GA,2040,42,40,219,0.0
GA,2040,42,41,219,0.0
GA,2040,42,42,219,0.0
GA,2040,42,43,219,0.0
GA,2040,42,44,219,0.0
GA,2040,42,45,219,0.0
GA,2040,42,46,219,0.0
GA,2040,42,47,219,0.0
GA,2040,42,48,219,0.0
GA,2040,42,49,219,0.0
GA,2040,42,50,219,0.0
GA,2040,42,51,219,0.0
GA,2040,42,52,219,0.0
GA,2040,42,53,219,0.0
GA,2040,42,54,219,0.0
GA,2040,42,55,219,0.0
GA,2040,42,56,219,0.0
GA,2040,42,57,219,0.0
GA,2040,42,58,219,0.0
GA,2040,42,59,219,0.0
GA,2040,42,60,219,0.0
GA,2040,42,61,219,0.0
GA,2040,42,62,219,0.0
GA,2040,42,63,219,0.0
GA,2040,42,64,219,0.0
GA,2040,42,65,219,0.0
GA,2040,42,66,219,0.0
GA,2040,42,67,219,0.0
GA,2040,42,68,219,0.0
GA,2040,42,69,219,0.0
GA,2040,42,70,219,0.0
GA,2040,42,71,219,0.0
GA,2040,42,72,219,0.0
GA,2040,42,73,219,0.0
GA,2040,42,74,219,0.0
GA,2040,42,75,219,0.0
GA,2040,42,76,219,0.0
GA,2040,42,77,219,0.0
GA,2040,42,78,219,0.0
GA,2040,42,79,219,0.0
GA,2040,42,80,219,0.0
GA,2040,42,81,219,0.0
GA,2040,42,82,219,0.0
GA,2040,42,83,219,0.0
GA,2040,42,84,219,0.0
GA,2040,42,85,219,0.0
GA,2040,42,86,219,0.0
GA,2040,42,87,219,0.0
GA,2040,42,88,219,0.0
GA,2040,42,89,219,0.0
GA,2040,42,90,219,0.0
GA,2040,42,91,219,0.0
GA,2040,42,92,219,0.0
GA,2040,42,93,219,0.0
GA,2040,42,94,219,0.0
GA,2040,42,95,219,0.0
GA,2040,42,96,219,0.0
GA,2040,42,97,219,0.0
GA,2040,42,98,219,0.0
GA,2040,42,99,219,0.0
GA,2040,42,100,219,0.0
GA,2040,42,101,219,0.0
GA,2040,42,102,219,0.0
GA,2040,42,103,219,0.0
GA,2040,42,104,219,0.0
GA,2040,42,105,219,0.0
GA,2040,42,106,219,0.0
GA,2040,42,107,219,0.0
GA,2040,42,108,219,0.0
GA,2040,42,109,219,0.0
GA,2040,42,110,219,0.0
GA,2040,42,111,219,0.0
GA,2040,42,112,219,0.0
GA,2040,42,113,219,0.19660763787029556
GA,2040,42,114,219,0.196615834124776
GA,2040,42,115,219,0.19662403072093712
GA,2040,42,116,219,0.19663222765880287
GA,2040,42,117,219,0.19664042493838851
GA,2040,42,118,219,0.18452022844314453
GA,2040,42,119,219,0.0
GA,2040,42,120,219,0.19241655056243434
GA,2040,42,121,219,0.0
GA,2040,42,122,219,0.0
GA,2040,42,123,219,0.0
GA,2040,42,124,219,0.0
GA,2040,42,125,219,0.0
GA,2040,42,126,219,0.0
GA,2040,42,127,219,0.0
GA,2040,42,128,219,0.0
GA,2040,42,129,219,0.0
GA,2040,42,130,219,0.0
GA,2040,42,131,219,0.0
GA,2040,42,132,219,0.0
GA,2040,42,133,219,0.0
GA,2040,42,134,219,0.0
GA,2040,42,135,219,0.0
GA,2040,42,136,219,0.0
GA,2040,42,137,219,0.0
GA,2040,42,138,219,0.0
GA,2040,42,139,219,0.0
GA,2040,42,140,219,0.0
GA,2040,42,141,219,0.0
GA,2040,42,142,219,0.0
GA,2040,42,143,219,0.0
GA,2040,42,144,219,0.0
GA,2040,42,145,219,0.0
GA,2040,42,146,219,0.0
GA,2040,42,147,219,0.0
GA,2040,42,148,219,0.0
GA,2040,42,149,219,0.0
GA,2040,42,150,219,0.0
GA,2040,42,151,219,0.0
GA,2040,42,152,219,0.0
GA,2040,42,153,219,0.0
GA,2040,42,154,219,0.0
GA,2040,42,155,219,0.0
GA,2040,42,156,219,0.0
GA,2040,42,157,219,0.0
GA,2040,42,158,219,0.0
GA,2040,42,159,219,0.0
GA,2040,42,160,219,0.0
GA,2040,42,161,219,0.0
GA,2040,42,162,219,0.0
GA,2040,42,163,219,0.0
GA,2040,42,164,219,0.0
GA,2040,42,165,219,0.0
GA,2040,42,166,219,0.0
GA,2040,42,167,219,0.0
GA,2040,52,0,219,0.0
GA,2040,52,1,219,0.0
GA,2040,52,2,219,0.0
GA,2040,52,3,219,0.0
GA,2040,52,4,219,0.0
GA,2040,52,5,219,0.0
GA,2040,52,6,219,0.0
GA,2040,52,7,219,0.0
GA,2040,52,8,219,0.0
GA,2040,52,9,219,0.0
GA,2040,52,10,219,0.0
GA,2040,52,11,219,0.0
GA,2040,52,12,219,0.0
GA,2040,52,13,219,0.0
GA,2040,52,14,219,0.0
GA,2040,52,15,219,0.0
GA,2040,52,16,219,0.0
GA,2040,52,17,219,0.0
GA,2040,52,18,219,0.0
GA,2040,52,19,219,0.0
GA,2040,52,20,219,0.0
GA,2040,52,21,219,0.0
GA,2040,52,22,219,7.4915841918323085e-06
GA,2040,52,23,219,7.4915841918323085e-06
GA,2040,52,24,219,2.1118437808362653e-05
GA,2040,52,25,219,2.1197974598157623e-05
GA,2040,52,26,219,5.278116133772453e-05
GA,2040,52,27,219,5.278116133772453e-05
GA,2040,52,28,219,5.2767498787649826e-05
GA,2040,52,29,219,5.2767498787649826e-05
GA,2040,52,30,219,5.2767498787649826e-05
GA,2040,52,31,219,5.278116133772453e-05
GA,2040,52,32,219,5.269550423802197e-05
GA,2040,52,33,219,5.278116133772453e-05
GA,2040,52,34,219,5.2767498787649826e-05
GA,2040,52,35,219,5.2767498787649826e-05
GA,2040,52,36,219,5.2767498787649826e-05
GA,2040,52,37,219,0.0
GA,2040,52,38,219,0.0
GA,2040,52,39,219,0.0
GA,2040,52,40,219,0.0
GA,2040,52,41,219,0.0
GA,2040,52,42,219,0.0
GA,2040,52,43,219,0.0
GA,2040,52,44,219,0.0
GA,2040,52,45,219,0.0
GA,2040,52,46,219,0.0
GA,2040,52,47,219,0.0
GA,2040,52,48,219,0.0
GA,2040,52,49,219,0.0
GA,2040,52,50,219,0.0
GA,2040,52,51,219,0.0
GA,2040,52,52,219,0.0
GA,2040,52,53,219,0.0
GA,2040,52,54,219,0.0
GA,2040,52,55,219,0.0
GA,2040,52,56,219,0.0
GA,2040,52,57,219,0.0
GA,2040,52,58,219,0.0
GA,2040,52,59,219,0.0
GA,2040,52,60,219,0.0
GA,2040,52,61,219,0.0
GA,2040,52,62,219,0.0
GA,2040,52,63,219,0.0
GA,2040,52,64,219,0.0
GA,2040,52,65,219,0.0
GA,2040,52,66,219,0.0
GA,2040,52,67,219,0.0
GA,2040,52,68,219,0.0
GA,2040,52,69,219,0.0
GA,2040,52,70,219,0.0
GA,2040,52,71,219,0.0
GA,2040,52,72,219,0.0
GA,2040,52,73,219,0.0
GA,2040,52,74,219,0.0
GA,2040,52,75,219,0.0
GA,2040,52,76,219,0.0
GA,2040,52,77,219,0.0
GA,2040,52,78,219,0.0
GA,2040,52,79,219,0.0
GA,2040,52,80,219,0.0
GA,2040,52,81,219,0.0
GA,2040,52,82,219,0.0
GA,2040,52,83,219,0.0
GA,2040,52,84,219,0.0
GA,2040,52,85,219,0.0
GA,2040,52,86,219,0.0
GA,2040,52,87,219,0.0
GA,2040,52,88,219,0.0
GA,2040,52,89,219,0.0
GA,2040,52,90,219,0.0
GA,2040,52,91,219,0.0
GA,2040,52,92,219,0.0
GA,2040,52,93,219,0.0
GA,2040,52,94,219,0.0
GA,2040,52,95,219,0.0
GA,2040,52,96,219,0.0
GA,2040,52,97,219,0.0
GA,2040,52,98,219,0.0
GA,2040,52,99,219,0.0
GA,2040,52,100,219,0.0
GA,2040,52,101,219,0.0
GA,2040,52,102,219,0.0
GA,2040,52,103,219,0.0
GA,2040,52,104,219,0.0
GA,2040,52,105,219,0.0
GA,2040,52,106,219,0.0
GA,2040,52,107,219,0.0
GA,2040,52,108,219,0.0
GA,2040,52,109,219,0.0
GA,2040,52,110,219,0.0
GA,2040,52,111,219,0.0
GA,2040,52,112,219,0.0
GA,2040,52,113,219,0.0
GA,2040,52,114,219,0.0
GA,2040,52,115,219,0.0
GA,2040,52,116,219,0.0
GA,2040,52,117,219,0.0
GA,2040,52,118,219,0.0
GA,2040,52,119,219,0.0
GA,2040,52,120,219,0.0
GA,2040,52,121,219,0.0
GA,2040,52,122,219,0.0
GA,2040,52,123,219,0.0
GA,2040,52,124,219,0.0
GA,2040,52,125,219,0.0
GA,2040,52,126,219,0.0
GA,2040,52,127,219,0.0
GA,2040,52,128,219,0.0
GA,2040,52,129,219,0.0
GA,2040,52,130,219,0.0
GA,2040,52,131,219,0.0
GA,2040,52,132,219,0.0
GA,2040,52,133,219,0.0
GA,2040,52,134,219,0.0
GA,2040,52,135,219,0.0
GA,2040,52,136,219,0.0
GA,2040,52,137,219,0.0
GA,2040,52,138,219,0.0
GA,2040,52,139,219,0.0
GA,2040,52,140,219,0.0
GA,2040,52,141,219,0.0
GA,2040,52,142,219,0.0
GA,2040,52,143,219,0.0
GA,2040,52,144,219,0.0
GA,2040,52,145,219,0.0
GA,2040,52,146,219,0.0
GA,2040,52,147,219,0.0
GA,2040,52,148,219,0.0
GA,2040,52,149,219,0.0
GA,2040,52,150,219,0.0
GA,2040,52,151,219,0.0
GA,2040,52,152,219,0.0
GA,2040,52,153,219,0.0
GA,2040,52,154,219,0.0
GA,2040,52,155,219,0.0
GA,2040,52,156,219,0.0
GA,2040,52,157,219,0.0
GA,2040,52,158,219,0.0
GA,2040,52,159,219,0.0
GA,2040,52,160,219,0.0
GA,2040,52,161,219,0.0
GA,2040,52,162,219,0.0
GA,2040,52,163,219,0.0
GA,2040,52,164,219,0.0
GA,2040,52,165,219,0.0
GA,2040,52,166,219,0.0
GA,2040,52,167,219,0.0
DE,2040,11,0,219,0.0
DE,2040,11,1,219,0.0
DE,2040,11,2,219,0.0
DE,2040,11,3,219,0.0
DE,2040,11,4,219,0.0
DE,2040,11,5,219,0.0
DE,2040,11,6,219,0.0
DE,2040,11,7,219,0.0
DE,2040,11,8,219,0.0
DE,2040,11,9,219,0.0
DE,2040,11,10,219,0.0
DE,2040,11,11,219,0.0
DE,2040,11,12,219,0.0
DE,2040,11,13,219,0.0
DE,2040,11,14,219,0.0
DE,2040,11,15,219,0.0
DE,2040,11,16,219,0.0
DE,2040,11,17,219,0.0
DE,2040,11,18,219,0.0
DE,2040,11,19,219,0.0
DE,2040,11,20,219,0.0
DE,2040,11,21,219,0.0
DE,2040,11,22,219,0.0
DE,2040,11,23,219,0.0
DE,2040,11,24,219,0.0
DE,2040,11,25,219,0.0
DE,2040,11,26,219,0.0
DE,2040,11,27,219,0.0
DE,2040,11,28,219,0.0
DE,2040,11,29,219,0.0
DE,2040,11,30,219,0.0
DE,2040,11,31,219,0.0
DE,2040,11,32,219,0.0
DE,2040,11,33,219,0.0
DE,2040,11,34,219,0.0
DE,2040,11,35,219,0.0
DE,2040,11,36,219,0.0
DE,2040,11,37,219,0.0
DE,2040,11,38,219,0.0
DE,2040,11,39,219,0.0
DE,2040,11,40,219,0.0
DE,2040,11,41,219,0.0
DE,2040,11,42,219,0.0
DE,2040,11,43,219,0.0
DE,2040,11,44,219,0.0
DE,2040,11,45,219,0.0
DE,2040,11,46,219,0.0
DE,2040,11,47,219,0.0
DE,2040,11,48,219,0.0
DE,2040,11,49,219,0.0
DE,2040,11,50,219,0.0
DE,2040,11,51,219,0.0
DE,2040,11,52,219,0.0
DE,2040,11,53,219,0.0
DE,2040,11,54,219,0.0
DE,2040,11,55,219,0.0
DE,2040,11,56,219,0.0
DE,2040,11,57,219,0.0
DE,2040,11,58,219,0.0
DE,2040,11,59,219,0.0
DE,2040,11,60,219,0.0
DE,2040,11,61,219,0.0
DE,2040,11,62,219,0.0
DE,2040,11,63,219,0.0
DE,2040,11,64,219,0.0
DE,2040,11,65,219,0.0
DE,2040,11,66,219,0.0
DE,2040,11,67,219,0.0
DE,2040,11,68,219,0.0
DE,2040,11,69,219,0.0
DE,2040,11,70,219,0.0
DE,2040,11,71,219,0.0
DE,2040,11,72,219,0.0
DE,2040,11,73,219,0.0
DE,2040,11,74,219,0.0
DE,2040,11,75,219,0.0
DE,2040,11,76,219,0.0
DE,2040,11,77,219,0.0
DE,2040,11,78,219,0.0
DE,2040,11,79,219,0.0
DE,2040,11,80,219,0.0
DE,2040,11,81,219,0.0
DE,2040,11,82,219,0.0
DE,2040,11,83,219,0.0
DE,2040,11,84,219,0.0
DE,2040,11,85,219,0.0
DE,2040,11,86,219,0.0
DE,2040,11,87,219,0.0
DE,2040,11,88,219,0.0
DE,2040,11,89,219,0.0
DE,2040,11,90,219,0.0
DE,2040,11,91,219,0.0
DE,2040,11,92,219,0.0
DE,2040,11,93,219,0.0
DE,2040,11,94,219,0.0
DE,2040,11,95,219,0.0
DE,2040,11,96,219,0.0
DE,2040,11,97,219,0.0
DE,2040,11,98,219,0.0
DE,2040,11,99,219,0.0
DE,2040,11,100,219,0.0
DE,2040,11,101,219,0.0
DE,2040,11,102,219,0.0
DE,2040,11,103,219,0.0
DE,2040,11,104,219,0.0
DE,2040,11,105,219,0.0
DE,2040,11,106,219,0.0
DE,2040,11,107,219,0.0
DE,2040,11,108,219,0.0
DE,2040,11,109,219,0.0
DE,2040,11,110,219,0.0
DE,2040,11,111,219,0.0
DE,2040,11,112,219,0.0
DE,2040,11,113,219,0.0
DE,2040,11,114,219,0.0
DE,2040,11,115,219,0.0
DE,2040,11,116,219,0.0
DE,2040,11,117,219,0.0
DE,2040,11,118,219,0.0
DE,2040,11,119,219,0.0
DE,2040,11,120,219,0.0
DE,2040,11,121,219,0.0
DE,2040,11,122,219,0.0
DE,2040,11,123,219,0.0
DE,2040,11,124,219,0.0
DE,2040,11,125,219,0.0
DE,2040,11,126,219,0.0
DE,2040,11,127,219,0.0
DE,2040,11,128,219,0.0
DE,2040,11,129,219,0.0
DE,2040,11,130,219,0.0
DE,2040,11,131,219,0.0
DE,2040,11,132,219,0.0
DE,2040,11,133,219,0.0
DE,2040,11,134,219,0.0
DE,2040,11,135,219,0.0
DE,2040,11,136,219,0.0
DE,2040,11,137,219,0.0
DE,2040,11,138,219,0.0
DE,2040,11,139,219,0.0
DE,2040,11,140,219,0.0
DE,2040,11,141,219,0.0
DE,2040,11,142,219,0.0
DE,2040,11,143,219,0.0
DE,2040,11,144,219,0.0
DE,2040,11,145,219,0.0
DE,2040,11,146,219,0.0
DE,2040,11,147,219,0.0
DE,2040,11,148,219,0.0
DE,2040,11,149,219,0.0
DE,2040,11,150,219,0.0
DE,2040,11,151,219,0.0
DE,2040,11,152,219,0.0
DE,2040,11,153,219,0.0
DE,2040,11,154,219,0.0
DE,2040,11,155,219,0.0
DE,2040,11,156,219,0.0
DE,2040,11,157,219,0.0
DE,2040,11,158,219,0.0
DE,2040,11,159,219,0.0
DE,2040,11,160,219,0.0
DE,2040,11,161,219,0.0
DE,2040,11,162,219,0.0
DE,2040,11,163,219,0.0
DE,2040,11,164,219,0.0
DE,2040,11,165,219,0.0
DE,2040,11,166,219,0.0
DE,2040,11,167,219,0.0
DE,2040,21,0,219,0.0
DE,2040,21,1,219,0.0
DE,2040,21,2,219,0.0
DE,2040,21,3,219,0.0
DE,2040,21,4,219,0.0
DE,2040,21,5,219,0.0
DE,2040,21,6,219,0.0
DE,2040,21,7,219,0.0
DE,2040,21,8,219,0.0
DE,2040,21,9,219,0.0
DE,2040,21,10,219,0.0
DE,2040,21,11,219,0.0
DE,2040,21,12,219,0.0
DE,2040,21,13,219,0.0
DE,2040,21,14,219,0.0
DE,2040,21,15,219,0.0
DE,2040,21,16,219,0.0
DE,2040,21,17,219,0.0
DE,2040,21,18,219,0.0
DE,2040,21,19,219,0.0
DE,2040,21,20,219,0.0
DE,2040,21,21,219,0.0
DE,2040,21,22,219,0.0
DE,2040,21,23,219,0.05005886507987899
DE,2040,21,24,219,0.0492986774769702
DE,2040,21,25,219,0.0485384581830736
DE,2040,21,26,219,0.04777820719686139
DE,2040,21,27,219,0.19457900270710013
DE,2040,21,28,219,0.19458711439105708
DE,2040,21,29,219,0.21103896010677775
DE,2040,21,30,219,0.21104775797974146
DE,2040,21,31,219,0.21105655621947883
DE,2040,21,32,219,0.0
DE,2040,21,33,219,0.0
DE,2040,21,34,219,0.0
DE,2040,21,35,219,0.0
DE,2040,21,36,219,0.0
DE,2040,21,37,219,0.0
DE,2040,21,38,219,0.0
DE,2040,21,39,219,0.1810574833645364
DE,2040,21,40,219,0.15243777103234218
DE,2040,21,41,219,0.1930998366641115
DE,2040,21,42,219,0.19310788668402618
DE,2040,21,43,219,0.2077706792837461
DE,2040,21,44,219,0.2041946181556777
DE,2040,21,45,219,0.17653018164675643
DE,2040,21,46,219,0.19314009011975702
DE,2040,21,47,219,0.1738507607592519
DE,2040,21,48,219,0.0
DE,2040,21,49,219,0.0
DE,2040,21,50,219,0.0
DE,2040,21,51,219,0.0
DE,2040,21,52,219,0.0
DE,2040,21,53,219,0.0
DE,2040,21,54,219,0.0
DE,2040,21,55,219,0.0
DE,2040,21,56,219,0.0
DE,2040,21,57,219,0.0
DE,2040,21,58,219,0.0
DE,2040,21,59,219,0.0
DE,2040,21,60,219,0.0
DE,2040,21,61,219,0.0
DE,2040,21,62,219,0.0
DE,2040,21,63,219,0.0
DE,2040,21,64,219,0.0
DE,2040,21,65,219,0.0
DE,2040,21,66,219,0.0
DE,2040,21,67,219,0.0
DE,2040,21,68,219,0.196101491394797
DE,2040,21,69,219,0.0
DE,2040,21,70,219,0.0
DE,2040,21,71,219,0.0
DE,2040,21,72,219,0.0
DE,2040,21,73,219,0.0
DE,2040,21,74,219,0.0
DE,2040,21,75,219,0.0
DE,2040,21,76,219,0.0
DE,2040,21,77,219,0.0
DE,2040,21,78,219,0.0
DE,2040,21,79,219,0.0
DE,2040,21,80,219,0.0
DE,2040,21,81,219,0.0
DE,2040,21,82,219,0.0
DE,2040,21,83,219,0.0
DE,2040,21,84,219,0.0
DE,2040,21,85,219,0.0
DE,2040,21,86,219,0.0
DE,2040,21,87,219,0.0
DE,2040,21,88,219,0.0
DE,2040,21,89,219,0.0
DE,2040,21,90,219,0.0
DE,2040,21,91,219,0.0
DE,2040,21,92,219,0.0
DE,2040,21,93,219,0.0
DE,2040,21,94,219,0.0
DE,2040,21,95,219,0.0
DE,2040,21,96,219,0.0
DE,2040,21,97,219,0.0
DE,2040,21,98,219,0.0
DE,2040,21,99,219,0.0
DE,2040,21,100,219,0.0
DE,2040,21,101,219,0.0
DE,2040,21,102,219,0.0
DE,2040,21,103,219,0.0
DE,2040,21,104,219,0.0
DE,2040,21,105,219,0.0
DE,2040,21,106,219,0.0
DE,2040,21,107,219,0.0
DE,2040,21,108,219,0.0
DE,2040,21,109,219,0.0
DE,2040,21,110,219,0.0
DE,2040,21,111,219,0.0
DE,2040,21,112,219,0.0
DE,2040,21,113,219,0.0
DE,2040,21,114,219,0.0
DE,2040,21,115,219,0.0
DE,2040,21,116,219,0.0
DE,2040,21,117,219,0.0
DE,2040,21,118,219,0.0
DE,2040,21,119,219,0.0
DE,2040,21,120,219,0.0
DE,2040,21,121,219,0.0
DE,2040,21,122,219,0.0
DE,2040,21,123,219,0.0
DE,2040,21,124,219,0.0
DE,2040,21,125,219,0.0
DE,2040,21,126,219,0.0
DE,2040,21,127,219,0.0
DE,2040,21,128,219,0.0
DE,2040,21,129,219,0.0
DE,2040,21,130,219,0.0
DE,2040,21,131,219,0.0
DE,2040,21,132,219,0.0
DE,2040,21,133,219,0.0
DE,2040,21,134,219,0.0
DE,2040,21,135,219,0.0
DE,2040,21,136,219,0.0
DE,2040,21,137,219,0.0
DE,2040,21,138,219,0.19667287501198058
DE,2040,21,139,219,0.19668107398608098
DE,2040,21,140,219,0.1966892733019907
DE,2040,21,141,219,0.19669747295971188
DE,2040,21,142,219,0.1967056729592685
DE,2040,21,143,219,0.19587611001547353
DE,2040,21,144,219,0.19360422794032098
DE,2040,21,145,219,0.02201045483345658
DE,2040,21,146,219,0.0
DE,2040,21,147,219,0.09403582790407436
DE,2040,21,148,219,0.0
DE,2040,21,149,219,0.0
DE,2040,21,150,219,0.1967712852633197
DE,2040,21,151,219,0.1967794883399928
DE,2040,21,152,219,0.19678769175863653
DE,2040,21,153,219,0.0
DE,2040,21,154,219,0.0
DE,2040,21,155,219,0.0
DE,2040,21,156,219,0.0
DE,2040,21,157,219,0.0
DE,2040,21,158,219,0.0
DE,2040,21,159,219,0.0
DE,2040,21,160,219,0.0
DE,2040,21,161,219,0.0
DE,2040,21,162,219,0.19686974475672903
DE,2040,21,163,219,0.19687795193801774
DE,2040,21,164,219,0.19688615946144936
DE,2040,21,165,219,0.19689436732704343
DE,2040,21,166,219,0.19690257553480658
DE,2040,21,167,219,0.19609974011456952
DE,2040,42,0,219,0.0
DE,2040,42,1,219,0.0
DE,2040,42,2,219,0.0
DE,2040,42,3,219,0.0
DE,2040,42,4,219,0.0
DE,2040,42,5,219,0.0
DE,2040,42,6,219,0.0
DE,2040,42,7,219,0.0
DE,2040,42,8,219,0.0
DE,2040,42,9,219,0.0
DE,2040,42,10,219,0.0
DE,2040,42,11,219,0.0
DE,2040,42,12,219,0.0
DE,2040,42,13,219,0.0
DE,2040,42,14,219,0.0
DE,2040,42,15,219,0.0
DE,2040,42,16,219,0.0
DE,2040,42,17,219,0.0
DE,2040,42,18,219,0.0
DE,2040,42,19,219,0.0
DE,2040,42,20,219,0.0
DE,2040,42,21,219,0.0
DE,2040,42,22,219,0.0
DE,2040,42,23,219,0.0
DE,2040,42,24,219,0.0
DE,2040,42,25,219,0.0
DE,2040,42,26,219,0.0
DE,2040,42,27,219,0.0
DE,2040,42,28,219,0.0
DE,2040,42,29,219,0.0
DE,2040,42,30,219,0.0
DE,2040,42,31,219,0.0
DE,2040,42,32,219,0.0
DE,2040,42,33,219,0.0
DE,2040,42,34,219,0.0
DE,2040,42,35,219,0.0
DE,2040,42,36,219,0.0
DE,2040,42,37,219,0.0
DE,2040,42,38,219,0.0
DE,2040,42,39,219,0.0
DE,2040,42,40,219,0.0
DE,2040,42,41,219,0.0
DE,2040,42,42,219,0.0
DE,2040,42,43,219,0.0
DE,2040,42,44,219,0.0
DE,2040,42,45,219,0.0
DE,2040,42,46,219,0.0
DE,2040,42,47,219,0.0
DE,2040,42,48,219,0.0
DE,2040,42,49,219,0.0
DE,2040,42,50,219,0.0
DE,2040,42,51,219,0.0
DE,2040,42,52,219,0.0
DE,2040,42,53,219,0.0
DE,2040,42,54,219,0.0
DE,2040,42,55,219,0.0
DE,2040,42,56,219,0.0
DE,2040,42,57,219,0.0
DE,2040,42,58,219,0.0
DE,2040,42,59,219,0.0
DE,2040,42,60,219,0.0
DE,2040,42,61,219,0.0
DE,2040,42,62,219,0.0
DE,2040,42,63,219,0.0
DE,2040,42,64,219,0.0
DE,2040,42,65,219,0.0
DE,2040,42,66,219,0.0
DE,2040,42,67,219,0.0
DE,2040,42,68,219,0.0
DE,2040,42,69,219,0.0
DE,2040,42,70,219,0.0
DE,2040,42,71,219,0.0
DE,2040,42,72,219,0.0
DE,2040,42,73,219,0.0
DE,2040,42,74,219,0.0
DE,2040,42,75,219,0.0
DE,2040,42,76,219,0.0
DE,2040,42,77,219,0.0
DE,2040,42,78,219,0.0
DE,2040,42,79,219,0.0
DE,2040,42,80,219,0.0
DE,2040,42,81,219,0.0
DE,2040,42,82,219,0.0
DE,2040,42,83,219,0.0
DE,2040,42,84,219,0.0
DE,2040,42,85,219,0.0
DE,2040,42,86,219,0.0
DE,2040,42,87,219,0.0
DE,2040,42,88,219,0.0
DE,2040,42,89,219,0.0
DE,2040,42,90,219,0.0
DE,2040,42,91,219,0.0
DE,2040,42,92,219,0.0
DE,2040,42,93,219,0.0
DE,2040,42,94,219,0.0
DE,2040,42,95,219,0.0
DE,2040,42,96,219,0.0
DE,2040,42,97,219,0.0
DE,2040,42,98,219,0.0
DE,2040,42,99,219,0.0
DE,2040,42,100,219,0.0
DE,2040,42,101,219,0.0
DE,2040,42,102,219,0.0
DE,2040,42,103,219,0.0
DE,2040,42,104,219,0.0
DE,2040,42,105,219,0.0
DE,2040,42,106,219,0.0
DE,2040,42,107,219,0.0
DE,2040,42,108,219,0.0
DE,2040,42,109,219,0.0
DE,2040,42,110,219,0.0
DE,2040,42,111,219,0.0
DE,2040,42,112,219,0.1968704582693889
DE,2040,42,113,219,0.20046713362668164
DE,2040,42,114,219,0.20047549077729082
DE,2040,42,115,219,0.2004838482763025
DE,2040,42,116,219,0.20049220612371885
DE,2040,42,117,219,0.2005005643195617
DE,2040,42,118,219,0.1848856686121436
DE,2040,42,119,219,0.0
DE,2040,42,120,219,0.19310386167406665
DE,2040,42,121,219,0.19310386167406665
DE,2040,42,122,219,0.0
DE,2040,42,123,219,0.0
DE,2040,42,124,219,0.0
DE,2040,42,125,219,0.0
DE,2040,42,126,219,0.0
DE,2040,42,127,219,0.0
DE,2040,42,128,219,0.0
DE,2040,42,129,219,0.0
DE,2040,42,130,219,0.0
DE,2040,42,131,219,0.0
DE,2040,42,132,219,0.0
DE,2040,42,133,219,0.0
DE,2040,42,134,219,0.0
DE,2040,42,135,219,0.0
DE,2040,42,136,219,0.0
DE,2040,42,137,219,0.0
DE,2040,42,138,219,0.0
DE,2040,42,139,219,0.0
DE,2040,42,140,219,0.0
DE,2040,42,141,219,0.0
DE,2040,42,142,219,0.0
DE,2040,42,143,219,0.0
DE,2040,42,144,219,0.0
DE,2040,42,145,219,0.0
DE,2040,42,146,219,0.0
DE,2040,42,147,219,0.0
DE,2040,42,148,219,0.0
DE,2040,42,149,219,0.0
DE,2040,42,150,219,0.0
DE,2040,42,151,219,0.0
DE,2040,42,152,219,0.0
DE,2040,42,153,219,0.0
DE,2040,42,154,219,0.0
DE,2040,42,155,219,0.0
DE,2040,42,156,219,0.0
DE,2040,42,157,219,0.0
DE,2040,42,158,219,0.0
DE,2040,42,159,219,0.0
DE,2040,42,160,219,0.0
DE,2040,42,161,219,0.0
DE,2040,42,162,219,0.0
DE,2040,42,163,219,0.0
DE,2040,42,164,219,0.0
DE,2040,42,165,219,0.0
DE,2040,42,166,219,0.0
DE,2040,42,167,219,0.0
DE,2040,52,0,219,0.0
DE,2040,52,1,219,0.0
DE,2040,52,2,219,0.0
DE,2040,52,3,219,0.0
DE,2040,52,4,219,0.0
DE,2040,52,5,219,0.0
DE,2040,52,6,219,0.0
DE,2040,52,7,219,0.0
DE,2040,52,8,219,0.0
DE,2040,52,9,219,0.0
DE,2040,52,10,219,0.0
DE,2040,52,11,219,0.0
DE,2040,52,12,219,0.0
DE,2040,52,13,219,0.0
DE,2040,52,14,219,0.0
DE,2040,52,15,219,0.0
DE,2040,52,16,219,0.0
DE,2040,52,17,219,0.0
DE,2040,52,18,219,0.0
DE,2040,52,19,219,0.0
DE,2040,52,20,219,0.0
DE,2040,52,21,219,0.0
DE,2040,52,22,219,0.0
DE,2040,52,23,219,7.4915841918323085e-06
DE,2040,52,24,219,7.4915841918323085e-06
DE,2040,52,25,219,2.1118437808362653e-05
DE,2040,52,26,219,2.1197974598157623e-05
DE,2040,52,27,219,2.1197974598157623e-05
DE,2040,52,28,219,2.1197974598157623e-05
DE,2040,52,29,219,2.1197974598157623e-05
DE,2040,52,30,219,2.1197974598157623e-05
DE,2040,52,31,219,2.1197974598157623e-05
DE,2040,52,32,219,2.1197974598157623e-05
DE,2040,52,33,219,2.1197974598157623e-05
DE,2040,52,34,219,2.1197974598157623e-05
DE,2040,52,35,219,5.269550423802197e-05
DE,2040,52,36,219,5.2767498787649826e-05
DE,2040,52,37,219,5.2767498787649826e-05
DE,2040,52,38,219,0.0
DE,2040,52,39,219,0.0
DE,2040,52,40,219,0.0
DE,2040,52,41,219,0.0
DE,2040,52,42,219,0.0
DE,2040,52,43,219,0.0
DE,2040,52,44,219,0.0
DE,2040,52,45,219,0.0
DE,2040,52,46,219,0.0
DE,2040,52,47,219,0.0
DE,2040,52,48,219,0.0
DE,2040,52,49,219,0.0
DE,2040,52,50,219,0.0
DE,2040,52,51,219,0.0
DE,2040,52,52,219,0.0
DE,2040,52,53,219,0.0
DE,2040,52,54,219,0.0
DE,2040,52,55,219,0.0
DE,2040,52,56,219,0.0
DE,2040,52,57,219,0.0
DE,2040,52,58,219,0.0
DE,2040,52,59,219,0.0
DE,2040,52,60,219,0.0
DE,2040,52,61,219,0.0
DE,2040,52,62,219,0.0
DE,2040,52,63,219,0.0
DE,2040,52,64,219,0.0
DE,2040,52,65,219,0.0
DE,2040,52,66,219,0.0
DE,2040,52,67,219,0.0
DE,2040,52,68,219,0.0
DE,2040,52,69,219,0.0
DE,2040,52,70,219,0.0
DE,2040,52,71,219,0.0
DE,2040,52,72,219,0.0
DE,2040,52,73,219,0.0
DE,2040,52,74,219,0.0
DE,2040,52,75,219,0.0
DE,2040,52,76,219,0.0
DE,2040,52,77,219,0.0
DE,2040,52,78,219,0.0
DE,2040,52,79,219,0.0
DE,2040,52,80,219,0.0
DE,2040,52,81,219,0.0
DE,2040,52,82,219,0.0
DE,2040,52,83,219,0.0
DE,2040,52,84,219,0.0
DE,2040,52,85,219,0.0
DE,2040,52,86,219,0.0
DE,2040,52,87,219,0.0
DE,2040,52,88,219,0.0
DE,2040,52,89,219,0.0
DE,2040,52,90,219,0.0
DE,2040,52,91,219,0.0
DE,2040,52,92,219,0.0
DE,2040,52,93,219,0.0
DE,2040,52,94,219,0.0
DE,2040,52,95,219,0.0
DE,2040,52,96,219,0.0
DE,2040,52,97,219,0.0
DE,2040,52,98,219,0.0
DE,2040,52,99,219,0.0
DE,2040,52,100,219,0.0
DE,2040,52,101,219,0.0
DE,2040,52,102,219,0.0
DE,2040,52,103,219,0.0
DE,2040,52,104,219,0.0
DE,2040,52,105,219,0.0
DE,2040,52,106,219,0.0
DE,2040,52,107,219,0.0
DE,2040,52,108,219,0.0
DE,2040,52,109,219,0.0
DE,2040,52,110,219,0.0
DE,2040,52,111,219,0.0
DE,2040,52,112,219,0.0
DE,2040,52,113,219,0.0
DE,2040,52,114,219,0.0
DE,2040,52,115,219,0.0
DE,2040,52,116,219,0.0
DE,2040,52,117,219,0.0
DE,2040,52,118,219,0.0
DE,2040,52,119,219,0.0
DE,2040,52,120,219,0.0
DE,2040,52,121,219,0.0
DE,2040,52,122,219,0.0
DE,2040,52,123,219,0.0
DE,2040,52,124,219,0.0
DE,2040,52,125,219,0.0
DE,2040,52,126,219,0.0
DE,2040,52,127,219,0.0
DE,2040,52,128,219,0.0
DE,2040,52,129,219,0.0
DE,2040,52,130,219,0.0
DE,2040,52,131,219,0.0
DE,2040,52,132,219,0.0
DE,2040,52,133,219,0.0
DE,2040,52,134,219,0.0
DE,2040,52,135,219,0.0
DE,2040,52,136,219,0.0
DE,2040,52,137,219,0.0
DE,2040,52,138,219,0.0
DE,2040,52,139,219,0.0
DE,2040,52,140,219,0.0
DE,2040,52,141,219,0.0
DE,2040,52,142,219,0.0
DE,2040,52,143,219,0.0
DE,2040,52,144,219,0.0
DE,2040,52,145,219,0.0
DE,2040,52,146,219,0.0
DE,2040,52,147,219,0.0
DE,2040,52,148,219,0.0
DE,2040,52,149,219,0.0
DE,2040,52,150,219,0.0
DE,2040,52,151,219,0.0
DE,2040,52,152,219,0.0
DE,2040,52,153,219,0.0
DE,2040,52,154,219,0.0
DE,2040,52,155,219,0.0
DE,2040,52,156,219,0.0
DE,2040,52,157,219,0.0
DE,2040,52,158,219,0.0
DE,2040,52,159,219,0.0
DE,2040,52,160,219,0.0
DE,2040,52,161,219,0.0
DE,2040,52,162,219,0.0
DE,2040,52,163,219,0.0
DE,2040,52,164,219,0.0
DE,2040,52,165,219,0.0
DE,2040,52,166,219,0.0
DE,2040,52,167,219,0.0
GA,2050,11,0,219,0.0
GA,2050,11,1,219,0.0
GA,2050,11,2,219,0.0
GA,2050,11,3,219,0.0
GA,2050,11,4,219,0.0
GA,2050,11,5,219,0.0
GA,2050,11,6,219,0.0
GA,2050,11,7,219,0.0
GA,2050,11,8,219,0.0
GA,2050,11,9,219,0.0
GA,2050,11,10,219,0.0
GA,2050,11,11,219,0.0
GA,2050,11,12,219,0.0
GA,2050,11,13,219,0.0
GA,2050,11,14,219,0.0
GA,2050,11,15,219,0.0
GA,2050,11,16,219,0.0
GA,2050,11,17,219,0.0
GA,2050,11,18,219,0.0
GA,2050,11,19,219,0.0
GA,2050,11,20,219,0.0
GA,2050,11,21,219,0.0
GA,2050,11,22,219,0.0
GA,2050,11,23,219,0.0
GA,2050,11,24,219,0.0
GA,2050,11,25,219,0.0
GA,2050,11,26,219,0.0
GA,2050,11,27,219,0.0
GA,2050,11,28,219,0.0
GA,2050,11,29,219,0.0
GA,2050,11,30,219,0.0
GA,2050,11,31,219,0.0
GA,2050,11,32,219,0.0
GA,2050,11,33,219,0.0
GA,2050,11,34,219,0.0
GA,2050,11,35,219,0.0
GA,2050,11,36,219,0.0
GA,2050,11,37,219,0.0
GA,2050,11,38,219,0.0
GA,2050,11,39,219,0.0
GA,2050,11,40,219,0.0
GA,2050,11,41,219,0.0
GA,2050,11,42,219,0.0
GA,2050,11,43,219,0.0
GA,2050,11,44,219,0.0
GA,2050,11,45,219,0.0
GA,2050,11,46,219,0.0
GA,2050,11,47,219,0.0
GA,2050,11,48,219,0.0
GA,2050,11,49,219,0.0
GA,2050,11,50,219,0.0
GA,2050,11,51,219,0.0
GA,2050,11,52,219,0.0
GA,2050,11,53,219,0.0
GA,2050,11,54,219,0.0
GA,2050,11,55,219,0.0
GA,2050,11,56,219,0.0
GA,2050,11,57,219,0.0
GA,2050,11,58,219,0.0
GA,2050,11,59,219,0.0
GA,2050,11,60,219,0.0
GA,2050,11,61,219,0.0
GA,2050,11,62,219,0.0
GA,2050,11,63,219,0.0
GA,2050,11,64,219,0.0
GA,2050,11,65,219,0.0
GA,2050,11,66,219,0.0
GA,2050,11,67,219,0.0
GA,2050,11,68,219,0.0
GA,2050,11,69,219,0.0
GA,2050,11,70,219,0.0
GA,2050,11,71,219,0.0
GA,2050,11,72,219,0.0
GA,2050,11,73,219,0.0
GA,2050,11,74,219,0.0
GA,2050,11,75,219,0.0
GA,2050,11,76,219,0.0
GA,2050,11,77,219,0.0
GA,2050,11,78,219,0.0
GA,2050,11,79,219,0.0
GA,2050,11,80,219,0.0
GA,2050,11,81,219,0.0
GA,2050,11,82,219,0.0
GA,2050,11,83,219,0.0
GA,2050,11,84,219,0.0
GA,2050,11,85,219,0.0
GA,2050,11,86,219,0.0
GA,2050,11,87,219,0.0
GA,2050,11,88,219,0.0
GA,2050,11,89,219,0.0
GA,2050,11,90,219,0.0
GA,2050,11,91,219,0.0
GA,2050,11,92,219,0.0
GA,2050,11,93,219,0.0
GA,2050,11,94,219,0.0
GA,2050,11,95,219,0.0
GA,2050,11,96,219,0.0
GA,2050,11,97,219,0.0
GA,2050,11,98,219,0.0
GA,2050,11,99,219,0.0
GA,2050,11,100,219,0.0
GA,2050,11,101,219,0.0
GA,2050,11,102,219,0.0
GA,2050,11,103,219,0.0
GA,2050,11,104,219,0.0
GA,2050,11,105,219,0.0
GA,2050,11,106,219,0.0
GA,2050,11,107,219,0.0
GA,2050,11,108,219,0.0
GA,2050,11,109,219,0.0
GA,2050,11,110,219,0.0
GA,2050,11,111,219,0.0
GA,2050,11,112,219,0.0
GA,2050,11,113,219,0.0
GA,2050,11,114,219,0.0
GA,2050,11,115,219,0.0
GA,2050,11,116,219,0.0
GA,2050,11,117,219,0.0
GA,2050,11,118,219,0.0
GA,2050,11,119,219,0.0
GA,2050,11,120,219,0.0
GA,2050,11,121,219,0.0
GA,2050,11,122,219,0.0
GA,2050,11,123,219,0.0
GA,2050,11,124,219,0.0
GA,2050,11,125,219,0.0
GA,2050,11,126,219,0.0
GA,2050,11,127,219,0.0
GA,2050,11,128,219,0.0
GA,2050,11,129,219,0.0
GA,2050,11,130,219,0.0
GA,2050,11,131,219,0.0
GA,2050,11,132,219,0.0
GA,2050,11,133,219,0.0
GA,2050,11,134,219,0.0
GA,2050,11,135,219,0.0
GA,2050,11,136,219,0.0
GA,2050,11,137,219,0.0
GA,2050,11,138,219,0.0
GA,2050,11,139,219,0.0
GA,2050,11,140,219,0.0
GA,2050,11,141,219,0.0
GA,2050,11,142,219,0.0
GA,2050,11,143,219,0.0
GA,2050,11,144,219,0.0
GA,2050,11,145,219,0.0
GA,2050,11,146,219,0.0
GA,2050,11,147,219,0.0
GA,2050,11,148,219,0.0
GA,2050,11,149,219,0.0
GA,2050,11,150,219,0.0
GA,2050,11,151,219,0.0
GA,2050,11,152,219,0.0
GA,2050,11,153,219,0.0
GA,2050,11,154,219,0.0
GA,2050,11,155,219,0.0
GA,2050,11,156,219,0.0
GA,2050,11,157,219,0.0
GA,2050,11,158,219,0.0
GA,2050,11,159,219,0.0
GA,2050,11,160,219,0.0
GA,2050,11,161,219,0.0
GA,2050,11,162,219,0.0
GA,2050,11,163,219,0.0
GA,2050,11,164,219,0.0
GA,2050,11,165,219,0.0
GA,2050,11,166,219,0.0
GA,2050,11,167,219,0.0
GA,2050,21,0,219,0.0
GA,2050,21,1,219,0.0
GA,2050,21,2,219,0.0
GA,2050,21,3,219,0.0
GA,2050,21,4,219,0.0
GA,2050,21,5,219,0.0
GA,2050,21,6,219,0.0
GA,2050,21,7,219,0.0
GA,2050,21,8,219,0.0
GA,2050,21,9,219,0.0
GA,2050,21,10,219,0.0
GA,2050,21,11,219,0.0
GA,2050,21,12,219,0.0
GA,2050,21,13,219,0.0
GA,2050,21,14,219,0.0
GA,2050,21,15,219,0.0
GA,2050,21,16,219,0.0
GA,2050,21,17,219,0.0
GA,2050,21,18,219,0.0
GA,2050,21,19,219,0.0
GA,2050,21,20,219,0.0
GA,2050,21,21,219,0.0
GA,2050,21,22,219,0.0
GA,2050,21,23,219,0.09217057434272571
GA,2050,21,24,219,0.25536608978357694
GA,2050,21,25,219,0.25423332386883646
GA,2050,21,26,219,0.2531005107309184
GA,2050,21,27,219,0.2899327388299827
GA,2050,21,28,219,0.289944825656989
GA,2050,21,29,219,0.31445892337979436
GA,2050,21,30,219,0.31447203266377494
GA,2050,21,31,219,0.3144851424942597
GA,2050,21,32,219,0.0
GA,2050,21,33,219,0.0
GA,2050,21,34,219,0.0
GA,2050,21,35,219,0.0
GA,2050,21,36,219,0.0
GA,2050,21,37,219,0.0
GA,2050,21,38,219,0.0
GA,2050,21,39,219,0.0
GA,2050,21,40,219,8.721182071795201e-15
GA,2050,21,41,219,0.24735278935238666
GA,2050,21,42,219,0.289685981595978
GA,2050,21,43,219,0.3062919272335165
GA,2050,21,44,219,0.30241514141183967
GA,2050,21,45,219,0.10324818322647432
GA,2050,21,46,219,0.28973429077718404
GA,2050,21,47,219,0.231931895381955
GA,2050,21,48,219,0.0
GA,2050,21,49,219,0.0
GA,2050,21,50,219,0.0
GA,2050,21,51,219,0.0
GA,2050,21,52,219,0.0
GA,2050,21,53,219,0.0
GA,2050,21,54,219,0.0
GA,2050,21,55,219,0.0
GA,2050,21,56,219,0.0
GA,2050,21,57,219,0.0
GA,2050,21,58,219,0.0
GA,2050,21,59,219,0.0
GA,2050,21,60,219,0.0
GA,2050,21,61,219,0.0
GA,2050,21,62,219,0.0
GA,2050,21,63,219,0.0
GA,2050,21,64,219,0.0
GA,2050,21,65,219,0.0
GA,2050,21,66,219,0.0
GA,2050,21,67,219,1.3081773107692803e-14
GA,2050,21,68,219,8.721182071795201e-15
GA,2050,21,69,219,0.0
GA,2050,21,70,219,0.0
GA,2050,21,71,219,0.0
GA,2050,21,72,219,0.0
GA,2050,21,73,219,0.0
GA,2050,21,74,219,0.0
GA,2050,21,75,219,0.0
GA,2050,21,76,219,0.0
GA,2050,21,77,219,0.0
GA,2050,21,78,219,0.0
GA,2050,21,79,219,0.0
GA,2050,21,80,219,0.0
GA,2050,21,81,219,0.0
GA,2050,21,82,219,0.0
GA,2050,21,83,219,0.0
GA,2050,21,84,219,0.0
GA,2050,21,85,219,0.0
GA,2050,21,86,219,0.0
GA,2050,21,87,219,0.0
GA,2050,21,88,219,0.0
GA,2050,21,89,219,0.0
GA,2050,21,90,219,0.0
GA,2050,21,91,219,0.0
GA,2050,21,92,219,0.0
GA,2050,21,93,219,0.0
GA,2050,21,94,219,0.0
GA,2050,21,95,219,0.0
GA,2050,21,96,219,0.0
GA,2050,21,97,219,0.0
GA,2050,21,98,219,0.0
GA,2050,21,99,219,0.0
GA,2050,21,100,219,0.0
GA,2050,21,101,219,0.0
GA,2050,21,102,219,0.0
GA,2050,21,103,219,-8.721182071795201e-15
GA,2050,21,104,219,0.0
GA,2050,21,105,219,0.0
GA,2050,21,106,219,0.0
GA,2050,21,107,219,0.0
GA,2050,21,108,219,0.0
GA,2050,21,109,219,0.0
GA,2050,21,110,219,0.0
GA,2050,21,111,219,0.0
GA,2050,21,112,219,0.0
GA,2050,21,113,219,0.0
GA,2050,21,114,219,0.0
GA,2050,21,115,219,0.0
GA,2050,21,116,219,0.0
GA,2050,21,117,219,0.0
GA,2050,21,118,219,0.0
GA,2050,21,119,219,0.0
GA,2050,21,120,219,0.0
GA,2050,21,121,219,0.0
GA,2050,21,122,219,0.0
GA,2050,21,123,219,0.0
GA,2050,21,124,219,0.0
GA,2050,21,125,219,0.0
GA,2050,21,126,219,0.0
GA,2050,21,127,219,0.0
GA,2050,21,128,219,0.0
GA,2050,21,129,219,0.0
GA,2050,21,130,219,0.0
GA,2050,21,131,219,0.0
GA,2050,21,132,219,0.0
GA,2050,21,133,219,0.0
GA,2050,21,134,219,0.0
GA,2050,21,135,219,0.0
GA,2050,21,136,219,0.0
GA,2050,21,137,219,0.0
GA,2050,21,138,219,0.29391426491971184
GA,2050,21,139,219,0.2939265177301086
GA,2050,21,140,219,0.2939387710513049
GA,2050,21,141,219,0.29395102488332703
GA,2050,21,142,219,0.29396327922618803
GA,2050,21,143,219,0.2939755340799054
GA,2050,21,144,219,0.28965579251110546
GA,2050,21,145,219,0.1958467187365554
GA,2050,21,146,219,0.12474659699332483
GA,2050,21,147,219,0.2904063419104771
GA,2050,21,148,219,0.0
GA,2050,21,149,219,0.18098843740207585
GA,2050,21,150,219,0.2940613323619576
GA,2050,21,151,219,0.294073591303354
GA,2050,21,152,219,0.2940858507558117
GA,2050,21,153,219,0.0
GA,2050,21,154,219,0.0
GA,2050,21,155,219,0.0
GA,2050,21,156,219,0.0
GA,2050,21,157,219,0.0
GA,2050,21,158,219,0.0
GA,2050,21,159,219,0.0
GA,2050,21,160,219,0.0
GA,2050,21,161,219,0.0
GA,2050,21,162,219,0.0
GA,2050,21,163,219,0.29422073846857627
GA,2050,21,164,219,0.2942330040553608
GA,2050,21,165,219,0.29424527015348567
GA,2050,21,166,219,0.2942575367629509
GA,2050,21,167,219,0.29425827611959765
GA,2050,42,0,219,0.0
GA,2050,42,1,219,0.0
GA,2050,42,2,219,0.0
GA,2050,42,3,219,0.0
GA,2050,42,4,219,0.0
GA,2050,42,5,219,0.0
GA,2050,42,6,219,0.0
GA,2050,42,7,219,0.0
GA,2050,42,8,219,0.0
GA,2050,42,9,219,0.0
GA,2050,42,10,219,0.0
GA,2050,42,11,219,0.0
GA,2050,42,12,219,0.0
GA,2050,42,13,219,0.0
GA,2050,42,14,219,0.0
GA,2050,42,15,219,0.0
GA,2050,42,16,219,0.0
GA,2050,42,17,219,0.0
GA,2050,42,18,219,0.0
GA,2050,42,19,219,0.0
GA,2050,42,20,219,0.0
GA,2050,42,21,219,0.0
GA,2050,42,22,219,0.0
GA,2050,42,23,219,0.0
GA,2050,42,24,219,0.0
GA,2050,42,25,219,0.0
GA,2050,42,26,219,0.0
GA,2050,42,27,219,0.0
GA,2050,42,28,219,0.0
GA,2050,42,29,219,0.0
GA,2050,42,30,219,0.0
GA,2050,42,31,219,0.0
GA,2050,42,32,219,0.0
GA,2050,42,33,219,0.0
GA,2050,42,34,219,0.0
GA,2050,42,35,219,0.0
GA,2050,42,36,219,0.0
GA,2050,42,37,219,0.0
GA,2050,42,38,219,0.0
GA,2050,42,39,219,0.0
GA,2050,42,40,219,0.0
GA,2050,42,41,219,0.0
GA,2050,42,42,219,0.0
GA,2050,42,43,219,0.0
GA,2050,42,44,219,0.0
GA,2050,42,45,219,0.0
GA,2050,42,46,219,0.0
GA,2050,42,47,219,0.0
GA,2050,42,48,219,0.0
GA,2050,42,49,219,0.0
GA,2050,42,50,219,0.0
GA,2050,42,51,219,0.0
GA,2050,42,52,219,0.0
GA,2050,42,53,219,0.0
GA,2050,42,54,219,0.0
GA,2050,42,55,219,0.0
GA,2050,42,56,219,0.0
GA,2050,42,57,219,0.0
GA,2050,42,58,219,0.0
GA,2050,42,59,219,0.0
GA,2050,42,60,219,0.0
GA,2050,42,61,219,0.0
GA,2050,42,62,219,0.0
GA,2050,42,63,219,0.0
GA,2050,42,64,219,0.0
GA,2050,42,65,219,0.0
GA,2050,42,66,219,0.0
GA,2050,42,67,219,-8.721182071795201e-15
GA,2050,42,68,219,0.0
GA,2050,42,69,219,0.0
GA,2050,42,70,219,0.0
GA,2050,42,71,219,0.0
GA,2050,42,72,219,0.0
GA,2050,42,73,219,0.0
GA,2050,42,74,219,0.0
GA,2050,42,75,219,0.0
GA,2050,42,76,219,0.0
GA,2050,42,77,219,0.0
GA,2050,42,78,219,0.0
GA,2050,42,79,219,0.0
GA,2050,42,80,219,0.0
GA,2050,42,81,219,0.0
GA,2050,42,82,219,0.0
GA,2050,42,83,219,0.0
GA,2050,42,84,219,0.0
GA,2050,42,85,219,0.0
GA,2050,42,86,219,0.0
GA,2050,42,87,219,0.0
GA,2050,42,88,219,0.0
GA,2050,42,89,219,0.0
GA,2050,42,90,219,0.0
GA,2050,42,91,219,0.0
GA,2050,42,92,219,0.0
GA,2050,42,93,219,0.0
GA,2050,42,94,219,0.0
GA,2050,42,95,219,0.0
GA,2050,42,96,219,0.0
GA,2050,42,97,219,0.0
GA,2050,42,98,219,0.0
GA,2050,42,99,219,0.0
GA,2050,42,100,219,0.0
GA,2050,42,101,219,0.0
GA,2050,42,102,219,0.0
GA,2050,42,103,219,0.0
GA,2050,42,104,219,0.0
GA,2050,42,105,219,0.0
GA,2050,42,106,219,0.0
GA,2050,42,107,219,0.0
GA,2050,42,108,219,0.0
GA,2050,42,109,219,0.0
GA,2050,42,110,219,0.0
GA,2050,42,111,219,0.0
GA,2050,42,112,219,0.0
GA,2050,42,113,219,0.29878499071989595
GA,2050,42,114,219,0.2987974465829715
GA,2050,42,115,219,0.29880990296531507
GA,2050,42,116,219,0.2988223598669483
GA,2050,42,117,219,0.2988348172878843
GA,2050,42,118,219,0.27556169323692153
GA,2050,42,119,219,0.1042177990460459
GA,2050,42,120,219,0.28965579251110546
GA,2050,42,121,219,0.0
GA,2050,42,122,219,0.0
GA,2050,42,123,219,0.0
GA,2050,42,124,219,0.0
GA,2050,42,125,219,0.0
GA,2050,42,126,219,0.0
GA,2050,42,127,219,0.0
GA,2050,42,128,219,0.0
GA,2050,42,129,219,0.0
GA,2050,42,130,219,0.0
GA,2050,42,131,219,0.0
GA,2050,42,132,219,0.0
GA,2050,42,133,219,0.0
GA,2050,42,134,219,0.0
GA,2050,42,135,219,0.0
GA,2050,42,136,219,0.0
GA,2050,42,137,219,0.0
GA,2050,42,138,219,0.0
GA,2050,42,139,219,0.0
GA,2050,42,140,219,0.0
GA,2050,42,141,219,0.0
GA,2050,42,142,219,0.0
GA,2050,42,143,219,0.0
GA,2050,42,144,219,0.0
GA,2050,42,145,219,0.0
GA,2050,42,146,219,0.0
GA,2050,42,147,219,0.0
GA,2050,42,148,219,0.0
GA,2050,42,149,219,0.0
GA,2050,42,150,219,0.0
GA,2050,42,151,219,0.0
GA,2050,42,152,219,0.0
GA,2050,42,153,219,0.0
GA,2050,42,154,219,0.0
GA,2050,42,155,219,0.0
GA,2050,42,156,219,0.0
GA,2050,42,157,219,0.0
GA,2050,42,158,219,0.0
GA,2050,42,159,219,0.0
GA,2050,42,160,219,0.0
GA,2050,42,161,219,0.0
GA,2050,42,162,219,-8.721182071795201e-15
GA,2050,42,163,219,0.0
GA,2050,42,164,219,0.0
GA,2050,42,165,219,0.0
GA,2050,42,166,219,0.0
GA,2050,42,167,219,0.0
GA,2050,52,0,219,0.0
GA,2050,52,1,219,0.0
GA,2050,52,2,219,0.0
GA,2050,52,3,219,0.0
GA,2050,52,4,219,0.0
GA,2050,52,5,219,0.0
GA,2050,52,6,219,0.0
GA,2050,52,7,219,0.0
GA,2050,52,8,219,0.0
GA,2050,52,9,219,0.0
GA,2050,52,10,219,0.0
GA,2050,52,11,219,0.0
GA,2050,52,12,219,0.0
GA,2050,52,13,219,0.0
GA,2050,52,14,219,0.0
GA,2050,52,15,219,0.0
GA,2050,52,16,219,0.0
GA,2050,52,17,219,0.0
GA,2050,52,18,219,0.0
GA,2050,52,19,219,0.0
GA,2050,52,20,219,0.0
GA,2050,52,21,219,0.0
GA,2050,52,22,219,0.0
GA,2050,52,23,219,1.1237376287750592e-05
GA,2050,52,24,219,1.1237376287750592e-05
GA,2050,52,25,219,3.17969618972359e-05
GA,2050,52,26,219,3.17969618972359e-05
GA,2050,52,27,219,5.676122970302737e-05
GA,2050,52,28,219,7.917174200658732e-05
GA,2050,52,29,219,7.917174200658732e-05
GA,2050,52,30,219,3.17969618972359e-05
GA,2050,52,31,219,3.17969618972359e-05
GA,2050,52,32,219,3.17969618972359e-05
GA,2050,52,33,219,3.17969618972359e-05
GA,2050,52,34,219,7.904325635703403e-05
GA,2050,52,35,219,7.915124818147368e-05
GA,2050,52,36,219,7.915124818147368e-05
GA,2050,52,37,219,0.0
GA,2050,52,38,219,0.0
GA,2050,52,39,219,0.0
GA,2050,52,40,219,0.0
GA,2050,52,41,219,0.0
GA,2050,52,42,219,0.0
GA,2050,52,43,219,0.0
GA,2050,52,44,219,0.0
GA,2050,52,45,219,0.0
GA,2050,52,46,219,0.0
GA,2050,52,47,219,0.0
GA,2050,52,48,219,0.0
GA,2050,52,49,219,0.0
GA,2050,52,50,219,0.0
GA,2050,52,51,219,0.0
GA,2050,52,52,219,0.0
GA,2050,52,53,219,0.0
GA,2050,52,54,219,0.0
GA,2050,52,55,219,0.0
GA,2050,52,56,219,0.0
GA,2050,52,57,219,0.0
GA,2050,52,58,219,0.0
GA,2050,52,59,219,0.0
GA,2050,52,60,219,0.0
GA,2050,52,61,219,0.0
GA,2050,52,62,219,0.0
GA,2050,52,63,219,0.0
GA,2050,52,64,219,0.0
GA,2050,52,65,219,0.0
GA,2050,52,66,219,0.0
GA,2050,52,67,219,0.0
GA,2050,52,68,219,0.0
GA,2050,52,69,219,0.0
GA,2050,52,70,219,0.0
GA,2050,52,71,219,0.0
GA,2050,52,72,219,0.0
GA,2050,52,73,219,0.0
GA,2050,52,74,219,0.0
GA,2050,52,75,219,0.0
GA,2050,52,76,219,0.0
GA,2050,52,77,219,0.0
GA,2050,52,78,219,0.0
GA,2050,52,79,219,0.0
GA,2050,52,80,219,0.0
GA,2050,52,81,219,0.0
GA,2050,52,82,219,0.0
GA,2050,52,83,219,0.0
GA,2050,52,84,219,0.0
GA,2050,52,85,219,0.0
GA,2050,52,86,219,0.0
GA,2050,52,87,219,0.0
GA,2050,52,88,219,0.0
GA,2050,52,89,219,0.0
GA,2050,52,90,219,0.0
GA,2050,52,91,219,0.0
GA,2050,52,92,219,0.0
GA,2050,52,93,219,0.0
GA,2050,52,94,219,0.0
GA,2050,52,95,219,0.0
GA,2050,52,96,219,0.0
GA,2050,52,97,219,0.0
GA,2050,52,98,219,0.0
GA,2050,52,99,219,0.0
GA,2050,52,100,219,0.0
GA,2050,52,101,219,0.0
GA,2050,52,102,219,0.0
GA,2050,52,103,219,0.0
GA,2050,52,104,219,0.0
GA,2050,52,105,219,0.0
GA,2050,52,106,219,0.0
GA,2050,52,107,219,0.0
GA,2050,52,108,219,0.0
GA,2050,52,109,219,0.0
GA,2050,52,110,219,0.0
GA,2050,52,111,219,0.0
GA,2050,52,112,219,0.0
GA,2050,52,113,219,0.0
GA,2050,52,114,219,0.0
GA,2050,52,115,219,0.0
GA,2050,52,116,219,0.0
GA,2050,52,117,219,0.0
GA,2050,52,118,219,0.0
GA,2050,52,119,219,0.0
GA,2050,52,120,219,0.0
GA,2050,52,121,219,0.0
GA,2050,52,122,219,0.0
GA,2050,52,123,219,0.0
GA,2050,52,124,219,0.0
GA,2050,52,125,219,0.0
GA,2050,52,126,219,0.0
GA,2050,52,127,219,0.0
GA,2050,52,128,219,0.0
GA,2050,52,129,219,0.0
GA,2050,52,130,219,0.0
GA,2050,52,131,219,0.0
GA,2050,52,132,219,0.0
GA,2050,52,133,219,0.0
GA,2050,52,134,219,0.0
GA,2050,52,135,219,0.0
GA,2050,52,136,219,0.0
GA,2050,52,137,219,0.0
GA,2050,52,138,219,0.0
GA,2050,52,139,219,0.0
GA,2050,52,140,219,0.0
GA,2050,52,141,219,0.0
GA,2050,52,142,219,0.0
GA,2050,52,143,219,0.0
GA,2050,52,144,219,0.0
GA,2050,52,145,219,0.0
GA,2050,52,146,219,0.0
GA,2050,52,147,219,0.0
GA,2050,52,148,219,0.0
GA,2050,52,149,219,0.0
GA,2050,52,150,219,0.0
GA,2050,52,151,219,0.0
GA,2050,52,152,219,0.0
GA,2050,52,153,219,0.0
GA,2050,52,154,219,0.0
GA,2050,52,155,219,0.0
GA,2050,52,156,219,0.0
GA,2050,52,157,219,0.0
GA,2050,52,158,219,0.0
GA,2050,52,159,219,0.0
GA,2050,52,160,219,0.0
GA,2050,52,161,219,0.0
GA,2050,52,162,219,0.0
GA,2050,52,163,219,0.0
GA,2050,52,164,219,0.0
GA,2050,52,165,219,0.0
GA,2050,52,166,219,0.0
GA,2050,52,167,219,0.0
DE,2050,11,0,219,0.0
DE,2050,11,1,219,0.0
DE,2050,11,2,219,0.0
DE,2050,11,3,219,0.0
DE,2050,11,4,219,0.0
DE,2050,11,5,219,0.0
DE,2050,11,6,219,0.0
DE,2050,11,7,219,0.0
DE,2050,11,8,219,0.0
DE,2050,11,9,219,0.0
DE,2050,11,10,219,0.0
DE,2050,11,11,219,0.0
DE,2050,11,12,219,0.0
DE,2050,11,13,219,0.0
DE,2050,11,14,219,0.0
DE,2050,11,15,219,0.0
DE,2050,11,16,219,0.0
DE,2050,11,17,219,0.0
DE,2050,11,18,219,0.0
DE,2050,11,19,219,0.0
DE,2050,11,20,219,0.0
DE,2050,11,21,219,0.0
DE,2050,11,22,219,0.0
DE,2050,11,23,219,0.0
DE,2050,11,24,219,0.0
DE,2050,11,25,219,0.0
DE,2050,11,26,219,0.0
DE,2050,11,27,219,0.0
DE,2050,11,28,219,0.0
DE,2050,11,29,219,0.0
DE,2050,11,30,219,0.0
DE,2050,11,31,219,0.0
DE,2050,11,32,219,0.0
DE,2050,11,33,219,0.0
DE,2050,11,34,219,0.0
DE,2050,11,35,219,0.0
DE,2050,11,36,219,0.0
DE,2050,11,37,219,0.0
DE,2050,11,38,219,0.0
DE,2050,11,39,219,0.0
DE,2050,11,40,219,0.0
DE,2050,11,41,219,0.0
DE,2050,11,42,219,0.0
DE,2050,11,43,219,0.0
DE,2050,11,44,219,0.0
DE,2050,11,45,219,0.0
DE,2050,11,46,219,0.0
DE,2050,11,47,219,0.0
DE,2050,11,48,219,0.0
DE,2050,11,49,219,0.0
DE,2050,11,50,219,0.0
DE,2050,11,51,219,0.0
DE,2050,11,52,219,0.0
DE,2050,11,53,219,0.0
DE,2050,11,54,219,0.0
DE,2050,11,55,219,0.0
DE,2050,11,56,219,0.0
DE,2050,11,57,219,0.0
DE,2050,11,58,219,0.0
DE,2050,11,59,219,0.0
DE,2050,11,60,219,0.0
DE,2050,11,61,219,0.0
DE,2050,11,62,219,0.0
DE,2050,11,63,219,0.0
DE,2050,11,64,219,0.0
DE,2050,11,65,219,0.0
DE,2050,11,66,219,0.0
DE,2050,11,67,219,0.0
DE,2050,11,68,219,0.0
DE,2050,11,69,219,0.0
DE,2050,11,70,219,0.0
DE,2050,11,71,219,0.0
DE,2050,11,72,219,0.0
DE,2050,11,73,219,0.0
DE,2050,11,74,219,0.0
DE,2050,11,75,219,0.0
DE,2050,11,76,219,0.0
DE,2050,11,77,219,0.0
DE,2050,11,78,219,0.0
DE,2050,11,79,219,0.0
DE,2050,11,80,219,0.0
DE,2050,11,81,219,0.0
DE,2050,11,82,219,0.0
DE,2050,11,83,219,0.0
DE,2050,11,84,219,0.0
DE,2050,11,85,219,0.0
DE,2050,11,86,219,0.0
DE,2050,11,87,219,0.0
DE,2050,11,88,219,0.0
DE,2050,11,89,219,0.0
DE,2050,11,90,219,0.0
DE,2050,11,91,219,0.0
DE,2050,11,92,219,0.0
DE,2050,11,93,219,0.0
DE,2050,11,94,219,0.0
DE,2050,11,95,219,0.0
DE,2050,11,96,219,0.0
DE,2050,11,97,219,0.0
DE,2050,11,98,219,0.0
DE,2050,11,99,219,0.0
DE,2050,11,100,219,0.0
DE,2050,11,101,219,0.0
DE,2050,11,102,219,0.0
DE,2050,11,103,219,0.0
DE,2050,11,104,219,0.0
DE,2050,11,105,219,0.0
DE,2050,11,106,219,0.0
DE,2050,11,107,219,0.0
DE,2050,11,108,219,0.0
DE,2050,11,109,219,0.0
DE,2050,11,110,219,0.0
DE,2050,11,111,219,0.0
DE,2050,11,112,219,0.0
DE,2050,11,113,219,0.0
DE,2050,11,114,219,0.0
DE,2050,11,115,219,0.0
DE,2050,11,116,219,0.0
DE,2050,11,117,219,0.0
DE,2050,11,118,219,0.0
DE,2050,11,119,219,0.0
DE,2050,11,120,219,0.0
DE,2050,11,121,219,0.0
DE,2050,11,122,219,0.0
DE,2050,11,123,219,0.0
DE,2050,11,124,219,0.0
DE,2050,11,125,219,0.0
DE,2050,11,126,219,0.0
DE,2050,11,127,219,0.0
DE,2050,11,128,219,0.0
DE,2050,11,129,219,0.0
DE,2050,11,130,219,0.0
DE,2050,11,131,219,0.0
DE,2050,11,132,219,0.0
DE,2050,11,133,219,0.0
DE,2050,11,134,219,0.0
DE,2050,11,135,219,0.0
DE,2050,11,136,219,0.0
DE,2050,11,137,219,0.0
DE,2050,11,138,219,0.0
DE,2050,11,139,219,0.0
DE,2050,11,140,219,0.0
DE,2050,11,141,219,0.0
DE,2050,11,142,219,0.0
DE,2050,11,143,219,0.0
DE,2050,11,144,219,0.0
DE,2050,11,145,219,0.0
DE,2050,11,146,219,0.0
DE,2050,11,147,219,0.0
DE,2050,11,148,219,0.0
DE,2050,11,149,219,0.0
DE,2050,11,150,219,0.0
DE,2050,11,151,219,0.0
DE,2050,11,152,219,0.0
DE,2050,11,153,219,0.0
DE,2050,11,154,219,0.0
DE,2050,11,155,219,0.0
DE,2050,11,156,219,0.0
DE,2050,11,157,219,0.0
DE,2050,11,158,219,0.0
DE,2050,11,159,219,0.0
DE,2050,11,160,219,0.0
DE,2050,11,161,219,0.0
DE,2050,11,162,219,0.0
DE,2050,11,163,219,0.0
DE,2050,11,164,219,0.0
DE,2050,11,165,219,0.0
DE,2050,11,166,219,0.0
DE,2050,11,167,219,0.0
DE,2050,21,0,219,0.0
DE,2050,21,1,219,0.0
DE,2050,21,2,219,0.0
DE,2050,21,3,219,0.0
DE,2050,21,4,219,0.0
DE,2050,21,5,219,0.0
DE,2050,21,6,219,0.0
DE,2050,21,7,219,0.0
DE,2050,21,8,219,0.0
DE,2050,21,9,219,0.0
DE,2050,21,10,219,0.0
DE,2050,21,11,219,0.0
DE,2050,21,12,219,0.0
DE,2050,21,13,219,0.0
DE,2050,21,14,219,0.0
DE,2050,21,15,219,0.0
DE,2050,21,16,219,0.0
DE,2050,21,17,219,0.0
DE,2050,21,18,219,0.0
DE,2050,21,19,219,0.0
DE,2050,21,20,219,0.0
DE,2050,21,21,219,0.0
DE,2050,21,22,219,0.2951028969781898
DE,2050,21,23,219,0.2950659939930275
DE,2050,21,24,219,0.2950782948171595
DE,2050,21,25,219,0.29509059615408395
DE,2050,21,26,219,0.2951028980038183
DE,2050,21,27,219,0.2951152003664104
DE,2050,21,28,219,0.2951275032418604
DE,2050,21,29,219,0.32007978317569036
DE,2050,21,30,219,0.3200931267842238
DE,2050,21,31,219,0.32010647094904227
DE,2050,21,32,219,0.0
DE,2050,21,33,219,0.0
DE,2050,21,34,219,0.0
DE,2050,21,35,219,0.0
DE,2050,21,36,219,0.0
DE,2050,21,37,219,0.0
DE,2050,21,38,219,0.0
DE,2050,21,39,219,0.27962951398110764
DE,2050,21,40,219,0.2796411712833429
DE,2050,21,41,219,0.28966786779267073
DE,2050,21,42,219,0.2896799435776445
DE,2050,21,43,219,0.3140569818912616
DE,2050,21,44,219,0.31407007441895163
DE,2050,21,45,219,0.28971617395315147
DE,2050,21,46,219,0.29335489834294304
DE,2050,21,47,219,0.0
DE,2050,21,48,219,0.0
DE,2050,21,49,219,0.0
DE,2050,21,50,219,0.0
DE,2050,21,51,219,0.0
DE,2050,21,52,219,0.0
DE,2050,21,53,219,0.0
DE,2050,21,54,219,0.23437317348973682
DE,2050,21,55,219,0.0
DE,2050,21,56,219,0.0
DE,2050,21,57,219,0.0
DE,2050,21,58,219,0.0
DE,2050,21,59,219,0.0
DE,2050,21,60,219,0.0
DE,2050,21,61,219,0.0
DE,2050,21,62,219,0.0
DE,2050,21,63,219,0.0
DE,2050,21,64,219,0.0
DE,2050,21,65,219,0.0
DE,2050,21,66,219,0.2996866009816791
DE,2050,21,67,219,0.2996990944314273
DE,2050,21,68,219,0.29971158840200884
DE,2050,21,69,219,0.2839211364320313
DE,2050,21,70,219,0.0
DE,2050,21,71,219,0.0
DE,2050,21,72,219,0.26875686199958004
DE,2050,21,73,219,0.0
DE,2050,21,74,219,0.0
DE,2050,21,75,219,0.0
DE,2050,21,76,219,0.0
DE,2050,21,77,219,0.0
DE,2050,21,78,219,0.0
DE,2050,21,79,219,0.0
DE,2050,21,80,219,0.0
DE,2050,21,81,219,0.0
DE,2050,21,82,219,0.0
DE,2050,21,83,219,0.0
DE,2050,21,84,219,0.0
DE,2050,21,85,219,0.0
DE,2050,21,86,219,0.0
DE,2050,21,87,219,0.0
DE,2050,21,88,219,0.0
DE,2050,21,89,219,0.0
DE,2050,21,90,219,0.0
DE,2050,21,91,219,0.0
DE,2050,21,92,219,0.0
DE,2050,21,93,219,0.0
DE,2050,21,94,219,0.0
DE,2050,21,95,219,0.0
DE,2050,21,96,219,0.0
DE,2050,21,97,219,0.0
DE,2050,21,98,219,0.0
DE,2050,21,99,219,0.0
DE,2050,21,100,219,0.0
DE,2050,21,101,219,0.0
DE,2050,21,102,219,0.0
DE,2050,21,103,219,0.0
DE,2050,21,104,219,0.0
DE,2050,21,105,219,0.0
DE,2050,21,106,219,0.0
DE,2050,21,107,219,0.0
DE,2050,21,108,219,0.0
DE,2050,21,109,219,0.0
DE,2050,21,110,219,0.0
DE,2050,21,111,219,0.0
DE,2050,21,112,219,0.0
DE,2050,21,113,219,0.0
DE,2050,21,114,219,0.0
DE,2050,21,115,219,0.0
DE,2050,21,116,219,0.0
DE,2050,21,117,219,0.0
DE,2050,21,118,219,0.0
DE,2050,21,119,219,0.0
DE,2050,21,120,219,0.0
DE,2050,21,121,219,0.0
DE,2050,21,122,219,0.0
DE,2050,21,123,219,0.0
DE,2050,21,124,219,0.0
DE,2050,21,125,219,0.0
DE,2050,21,126,219,0.0
DE,2050,21,127,219,0.0
DE,2050,21,128,219,0.0
DE,2050,21,129,219,0.0
DE,2050,21,130,219,0.0
DE,2050,21,131,219,0.0
DE,2050,21,132,219,0.0
DE,2050,21,133,219,0.0
DE,2050,21,134,219,0.0
DE,2050,21,135,219,0.0
DE,2050,21,136,219,0.0
DE,2050,21,137,219,0.0
DE,2050,21,138,219,0.0
DE,2050,21,139,219,0.0
DE,2050,21,140,219,0.2989030616760897
DE,2050,21,141,219,0.29760842491619355
DE,2050,21,142,219,0.29892798376609253
DE,2050,21,143,219,0.2918685042297212
DE,2050,21,144,219,0.2918685042297212
DE,2050,21,145,219,0.0
DE,2050,21,146,219,0.29470831589375085
DE,2050,21,147,219,0.2950323297494883
DE,2050,21,148,219,0.29510437882137597
DE,2050,21,149,219,0.0
DE,2050,21,150,219,0.2990276929074989
DE,2050,21,151,219,0.2990401588884365
DE,2050,21,152,219,0.2878114132080299
DE,2050,21,153,219,0.0
DE,2050,21,154,219,0.0
DE,2050,21,155,219,0.0
DE,2050,21,156,219,0.0
DE,2050,21,157,219,0.0
DE,2050,21,158,219,0.0
DE,2050,21,159,219,0.0
DE,2050,21,160,219,0.0
DE,2050,21,161,219,0.0
DE,2050,21,162,219,0.2991773189828694
DE,2050,21,163,219,0.2991897912014755
DE,2050,21,164,219,0.2992022639400297
DE,2050,21,165,219,0.29901125700640124
DE,2050,21,166,219,0.2992272109770697
DE,2050,21,167,219,0.2906694719993476
DE,2050,42,0,219,0.0
DE,2050,42,1,219,0.0
DE,2050,42,2,219,0.0
DE,2050,42,3,219,0.0
DE,2050,42,4,219,0.0
DE,2050,42,5,219,0.0
DE,2050,42,6,219,0.0
DE,2050,42,7,219,0.0
DE,2050,42,8,219,0.0
DE,2050,42,9,219,0.0
DE,2050,42,10,219,0.0
DE,2050,42,11,219,0.0
DE,2050,42,12,219,0.0
DE,2050,42,13,219,0.0
DE,2050,42,14,219,0.0
DE,2050,42,15,219,0.0
DE,2050,42,16,219,0.0
DE,2050,42,17,219,0.0
DE,2050,42,18,219,0.0
DE,2050,42,19,219,0.0
DE,2050,42,20,219,0.0
DE,2050,42,21,219,0.0
DE,2050,42,22,219,0.0
DE,2050,42,23,219,0.0
DE,2050,42,24,219,0.0
DE,2050,42,25,219,0.0
DE,2050,42,26,219,0.0
DE,2050,42,27,219,0.0
DE,2050,42,28,219,0.0
DE,2050,42,29,219,0.0
DE,2050,42,30,219,0.0
DE,2050,42,31,219,0.0
DE,2050,42,32,219,0.0
DE,2050,42,33,219,0.0
DE,2050,42,34,219,0.0
DE,2050,42,35,219,0.0
DE,2050,42,36,219,0.0
DE,2050,42,37,219,0.0
DE,2050,42,38,219,0.0
DE,2050,42,39,219,0.0
DE,2050,42,40,219,0.0
DE,2050,42,41,219,0.0
DE,2050,42,42,219,0.0
DE,2050,42,43,219,0.0
DE,2050,42,44,219,0.0
DE,2050,42,45,219,0.0
DE,2050,42,46,219,0.0
DE,2050,42,47,219,0.0
DE,2050,42,48,219,0.0
DE,2050,42,49,219,0.0
DE,2050,42,50,219,0.0
DE,2050,42,51,219,0.0
DE,2050,42,52,219,0.0
DE,2050,42,53,219,0.0
DE,2050,42,54,219,0.0
DE,2050,42,55,219,0.0
DE,2050,42,56,219,0.0
DE,2050,42,57,219,0.0
DE,2050,42,58,219,0.0
DE,2050,42,59,219,0.0
DE,2050,42,60,219,0.0
DE,2050,42,61,219,0.0
DE,2050,42,62,219,0.0
DE,2050,42,63,219,0.0
DE,2050,42,64,219,0.0
DE,2050,42,65,219,-1.7442364143590402e-14
DE,2050,42,66,219,0.0
DE,2050,42,67,219,0.0
DE,2050,42,68,219,-2.6163546215385607e-14
DE,2050,42,69,219,0.0
DE,2050,42,70,219,0.0
DE,2050,42,71,219,0.0
DE,2050,42,72,219,0.0
DE,2050,42,73,219,0.0
DE,2050,42,74,219,0.0
DE,2050,42,75,219,0.0
DE,2050,42,76,219,0.0
DE,2050,42,77,219,0.0
DE,2050,42,78,219,0.0
DE,2050,42,79,219,0.0
DE,2050,42,80,219,0.0
DE,2050,42,81,219,0.0
DE,2050,42,82,219,0.0
DE,2050,42,83,219,0.0
DE,2050,42,84,219,0.0
DE,2050,42,85,219,0.0
DE,2050,42,86,219,0.0
DE,2050,42,87,219,0.0
DE,2050,42,88,219,0.0
DE,2050,42,89,219,0.0
DE,2050,42,90,219,0.0
DE,2050,42,91,219,0.0
DE,2050,42,92,219,0.0
DE,2050,42,93,219,0.0
DE,2050,42,94,219,0.0
DE,2050,42,95,219,0.0
DE,2050,42,96,219,0.0
DE,2050,42,97,219,0.0
DE,2050,42,98,219,0.0
DE,2050,42,99,219,0.0
DE,2050,42,100,219,0.0
DE,2050,42,101,219,0.0
DE,2050,42,102,219,0.0
DE,2050,42,103,219,0.0
DE,2050,42,104,219,0.0
DE,2050,42,105,219,0.0
DE,2050,42,106,219,0.0
DE,2050,42,107,219,0.0
DE,2050,42,108,219,0.0
DE,2050,42,109,219,0.0
DE,2050,42,110,219,0.0
DE,2050,42,111,219,1.3081773107692803e-14
DE,2050,42,112,219,0.2964720078524588
DE,2050,42,113,219,0.3015370202387589
DE,2050,42,114,219,0.30154959082949484
DE,2050,42,115,219,0.30156216194428226
DE,2050,42,116,219,0.30157473358314296
DE,2050,42,117,219,0.30158730574608567
DE,2050,42,118,219,0.24296265528326216
DE,2050,42,119,219,0.0
DE,2050,42,120,219,0.289638815608759
DE,2050,42,121,219,0.28792702450254404
DE,2050,42,122,219,0.0
DE,2050,42,123,219,0.0
DE,2050,42,124,219,0.0
DE,2050,42,125,219,0.0
DE,2050,42,126,219,0.0
DE,2050,42,127,219,0.0
DE,2050,42,128,219,0.0
DE,2050,42,129,219,0.0
DE,2050,42,130,219,0.0
DE,2050,42,131,219,0.0
DE,2050,42,132,219,0.0
DE,2050,42,133,219,0.0
DE,2050,42,134,219,0.0
DE,2050,42,135,219,0.0
DE,2050,42,136,219,0.0
DE,2050,42,137,219,0.0
DE,2050,42,138,219,0.0
DE,2050,42,139,219,0.0
DE,2050,42,140,219,0.0
DE,2050,42,141,219,0.0
DE,2050,42,142,219,0.0
DE,2050,42,143,219,0.0
DE,2050,42,144,219,0.0
DE,2050,42,145,219,0.0
DE,2050,42,146,219,0.0
DE,2050,42,147,219,0.0
DE,2050,42,148,219,0.0
DE,2050,42,149,219,0.0
DE,2050,42,150,219,0.0
DE,2050,42,151,219,0.0
DE,2050,42,152,219,0.0
DE,2050,42,153,219,0.0
DE,2050,42,154,219,0.0
DE,2050,42,155,219,0.0
DE,2050,42,156,219,0.0
DE,2050,42,157,219,0.0
DE,2050,42,158,219,0.0
DE,2050,42,159,219,0.0
DE,2050,42,160,219,0.0
DE,2050,42,161,219,0.0
DE,2050,42,162,219,0.0
DE,2050,42,163,219,0.0
DE,2050,42,164,219,0.0
DE,2050,42,165,219,0.0
DE,2050,42,166,219,0.0
DE,2050,42,167,219,0.0
DE,2050,52,0,219,0.0
DE,2050,52,1,219,0.0
DE,2050,52,2,219,0.0
DE,2050,52,3,219,0.0
DE,2050,52,4,219,0.0
DE,2050,52,5,219,0.0
DE,2050,52,6,219,0.0
DE,2050,52,7,219,0.0
DE,2050,52,8,219,0.0
DE,2050,52,9,219,0.0
DE,2050,52,10,219,0.0
DE,2050,52,11,219,0.0
DE,2050,52,12,219,0.0
DE,2050,52,13,219,0.0
DE,2050,52,14,219,0.0
DE,2050,52,15,219,0.0
DE,2050,52,16,219,0.0
DE,2050,52,17,219,0.0
DE,2050,52,18,219,0.0
DE,2050,52,19,219,0.0
DE,2050,52,20,219,0.0
DE,2050,52,21,219,0.0
DE,2050,52,22,219,0.0
DE,2050,52,23,219,1.1237376287750592e-05
DE,2050,52,24,219,1.1237376287750592e-05
DE,2050,52,25,219,1.1237376287750592e-05
DE,2050,52,26,219,3.167765671254398e-05
DE,2050,52,27,219,3.17969618972359e-05
DE,2050,52,28,219,3.17969618972359e-05
DE,2050,52,29,219,3.17969618972359e-05
DE,2050,52,30,219,3.17969618972359e-05
DE,2050,52,31,219,3.167765671254398e-05
DE,2050,52,32,219,3.167765671254398e-05
DE,2050,52,33,219,3.167765671254398e-05
DE,2050,52,34,219,3.167765671254398e-05
DE,2050,52,35,219,3.17969618972359e-05
DE,2050,52,36,219,3.17969618972359e-05
DE,2050,52,37,219,3.17969618972359e-05
DE,2050,52,38,219,0.0
DE,2050,52,39,219,0.0
DE,2050,52,40,219,0.0
DE,2050,52,41,219,0.0
DE,2050,52,42,219,0.0
DE,2050,52,43,219,0.0
DE,2050,52,44,219,0.0
DE,2050,52,45,219,0.0
DE,2050,52,46,219,0.0
DE,2050,52,47,219,0.0
DE,2050,52,48,219,0.0
DE,2050,52,49,219,0.0
DE,2050,52,50,219,0.0
DE,2050,52,51,219,0.0
DE,2050,52,52,219,0.0
DE,2050,52,53,219,0.0
DE,2050,52,54,219,0.0
DE,2050,52,55,219,0.0
DE,2050,52,56,219,0.0
DE,2050,52,57,219,0.0
DE,2050,52,58,219,0.0
DE,2050,52,59,219,0.0
DE,2050,52,60,219,0.0
DE,2050,52,61,219,0.0
DE,2050,52,62,219,0.0
DE,2050,52,63,219,0.0
DE,2050,52,64,219,0.0
DE,2050,52,65,219,0.0
DE,2050,52,66,219,0.0
DE,2050,52,67,219,0.0
DE,2050,52,68,219,0.0
DE,2050,52,69,219,0.0
DE,2050,52,70,219,0.0
DE,2050,52,71,219,0.0
DE,2050,52,72,219,0.0
DE,2050,52,73,219,0.0
DE,2050,52,74,219,0.0
DE,2050,52,75,219,0.0
DE,2050,52,76,219,0.0
DE,2050,52,77,219,0.0
DE,2050,52,78,219,0.0
DE,2050,52,79,219,0.0
DE,2050,52,80,219,0.0
DE,2050,52,81,219,0.0
DE,2050,52,82,219,0.0
DE,2050,52,83,219,0.0
DE,2050,52,84,219,0.0
DE,2050,52,85,219,0.0
DE,2050,52,86,219,0.0
DE,2050,52,87,219,0.0
DE,2050,52,88,219,0.0
DE,2050,52,89,219,0.0
DE,2050,52,90,219,0.0
DE,2050,52,91,219,0.0
DE,2050,52,92,219,0.0
DE,2050,52,93,219,0.0
DE,2050,52,94,219,0.0
DE,2050,52,95,219,0.0
DE,2050,52,96,219,0.0
DE,2050,52,97,219,0.0
DE,2050,52,98,219,0.0
DE,2050,52,99,219,0.0
DE,2050,52,100,219,0.0
DE,2050,52,101,219,0.0
DE,2050,52,102,219,0.0
DE,2050,52,103,219,0.0
DE,2050,52,104,219,0.0
DE,2050,52,105,219,0.0
DE,2050,52,106,219,0.0
DE,2050,52,107,219,0.0
DE,2050,52,108,219,0.0
DE,2050,52,109,219,0.0
DE,2050,52,110,219,0.0
DE,2050,52,111,219,0.0
DE,2050,52,112,219,0.0
DE,2050,52,113,219,0.0
DE,2050,52,114,219,0.0
DE,2050,52,115,219,0.0
DE,2050,52,116,219,0.0
DE,2050,52,117,219,0.0
DE,2050,52,118,219,0.0
DE,2050,52,119,219,0.0
DE,2050,52,120,219,0.0
DE,2050,52,121,219,0.0
DE,2050,52,122,219,0.0
DE,2050,52,123,219,0.0
DE,2050,52,124,219,0.0
DE,2050,52,125,219,0.0
DE,2050,52,126,219,0.0
DE,2050,52,127,219,0.0
DE,2050,52,128,219,0.0
DE,2050,52,129,219,0.0
DE,2050,52,130,219,0.0
DE,2050,52,131,219,0.0
DE,2050,52,132,219,0.0
DE,2050,52,133,219,0.0
DE,2050,52,134,219,0.0
DE,2050,52,135,219,0.0
DE,2050,52,136,219,0.0
DE,2050,52,137,219,0.0
DE,2050,52,138,219,0.0
DE,2050,52,139,219,0.0
DE,2050,52,140,219,0.0
DE,2050,52,141,219,0.0
DE,2050,52,142,219,0.0
DE,2050,52,143,219,0.0
DE,2050,52,144,219,0.0
DE,2050,52,145,219,0.0
DE,2050,52,146,219,0.0
DE,2050,52,147,219,0.0
DE,2050,52,148,219,0.0
DE,2050,52,149,219,0.0
DE,2050,52,150,219,0.0
DE,2050,52,151,219,0.0
DE,2050,52,152,219,0.0
DE,2050,52,153,219,0.0
DE,2050,52,154,219,0.0
DE,2050,52,155,219,0.0
DE,2050,52,156,219,0.0
DE,2050,52,157,219,0.0
DE,2050,52,158,219,0.0
DE,2050,52,159,219,0.0
DE,2050,52,160,219,0.0
DE,2050,52,161,219,0.0
DE,2050,52,162,219,0.0
DE,2050,52,163,219,0.0
DE,2050,52,164,219,0.0
DE,2050,52,165,219,0.0
DE,2050,52,166,219,0.0
DE,2050,52,167,219,0.0
